# 178 angles,  1 tensor ranks for 0=projectile
@subtitle   "20O + d inelastic scattering;"                                                 
@legend ON
@legend x1 0.2
@legend y1 0.8
@g0 type LOGY
@yaxis ticklabel format power
@legend string   0 "Lab energy =   70.0000"
#legend string   0 "Partition=  1 Excit=  1 near/far= 1"
#  Theta       sigma       iT11        T20         T21         T22         Kyy for projectile
   3.000      0.2945E+05
   4.000      0.1220E+05
   5.000       8296.    
   6.000       6632.    
   7.000       5399.    
   8.000       4283.    
   9.000       3259.    
   10.00       2359.    
   11.00       1608.    
   12.00       1018.    
   13.00       585.7    
   14.00       294.1    
   15.00       119.7    
   16.00       35.23    
   17.00       13.61    
   18.00       30.49    
   19.00       65.92    
   20.00       105.1    
   21.00       138.2    
   22.00       160.1    
   23.00       169.2    
   24.00       166.5    
   25.00       154.4    
   26.00       136.1    
   27.00       114.9    
   28.00       93.55    
   29.00       74.04    
   30.00       57.69    
   31.00       45.05    
   32.00       36.12    
   33.00       30.44    
   34.00       27.34    
   35.00       26.03    
   36.00       25.77    
   37.00       25.93    
   38.00       26.03    
   39.00       25.76    
   40.00       24.96    
   41.00       23.62    
   42.00       21.79    
   43.00       19.62    
   44.00       17.25    
   45.00       14.83    
   46.00       12.51    
   47.00       10.38    
   48.00       8.505    
   49.00       6.927    
   50.00       5.644    
   51.00       4.639    
   52.00       3.877    
   53.00       3.313    
   54.00       2.903    
   55.00       2.604    
   56.00       2.379    
   57.00       2.197    
   58.00       2.036    
   59.00       1.882    
   60.00       1.727    
   61.00       1.568    
   62.00       1.405    
   63.00       1.241    
   64.00       1.081    
   65.00      0.9282    
   66.00      0.7867    
   67.00      0.6592    
   68.00      0.5473    
   69.00      0.4517    
   70.00      0.3719    
   71.00      0.3069    
   72.00      0.2551    
   73.00      0.2145    
   74.00      0.1831    
   75.00      0.1590    
   76.00      0.1404    
   77.00      0.1257    
   78.00      0.1138    
   79.00      0.1036    
   80.00      0.9461E-01
   81.00      0.8624E-01
   82.00      0.7826E-01
   83.00      0.7055E-01
   84.00      0.6309E-01
   85.00      0.5591E-01
   86.00      0.4909E-01
   87.00      0.4270E-01
   88.00      0.3682E-01
   89.00      0.3148E-01
   90.00      0.2673E-01
   91.00      0.2257E-01
   92.00      0.1898E-01
   93.00      0.1593E-01
   94.00      0.1337E-01
   95.00      0.1126E-01
   96.00      0.9535E-02
   97.00      0.8140E-02
   98.00      0.7020E-02
   99.00      0.6124E-02
   100.0      0.5407E-02
   101.0      0.4832E-02
   102.0      0.4364E-02
   103.0      0.3977E-02
   104.0      0.3650E-02
   105.0      0.3367E-02
   106.0      0.3115E-02
   107.0      0.2885E-02
   108.0      0.2671E-02
   109.0      0.2469E-02
   110.0      0.2276E-02
   111.0      0.2091E-02
   112.0      0.1913E-02
   113.0      0.1742E-02
   114.0      0.1580E-02
   115.0      0.1426E-02
   116.0      0.1281E-02
   117.0      0.1146E-02
   118.0      0.1021E-02
   119.0      0.9059E-03
   120.0      0.8019E-03
   121.0      0.7085E-03
   122.0      0.6256E-03
   123.0      0.5529E-03
   124.0      0.4898E-03
   125.0      0.4358E-03
   126.0      0.3900E-03
   127.0      0.3518E-03
   128.0      0.3203E-03
   129.0      0.2946E-03
   130.0      0.2738E-03
   131.0      0.2571E-03
   132.0      0.2437E-03
   133.0      0.2329E-03
   134.0      0.2239E-03
   135.0      0.2162E-03
   136.0      0.2093E-03
   137.0      0.2027E-03
   138.0      0.1962E-03
   139.0      0.1895E-03
   140.0      0.1823E-03
   141.0      0.1748E-03
   142.0      0.1667E-03
   143.0      0.1581E-03
   144.0      0.1491E-03
   145.0      0.1398E-03
   146.0      0.1303E-03
   147.0      0.1208E-03
   148.0      0.1113E-03
   149.0      0.1021E-03
   150.0      0.9322E-04
   151.0      0.8488E-04
   152.0      0.7717E-04
   153.0      0.7016E-04
   154.0      0.6392E-04
   155.0      0.5849E-04
   156.0      0.5387E-04
   157.0      0.5005E-04
   158.0      0.4698E-04
   159.0      0.4461E-04
   160.0      0.4285E-04
   161.0      0.4161E-04
   162.0      0.4079E-04
   163.0      0.4028E-04
   164.0      0.3999E-04
   165.0      0.3981E-04
   166.0      0.3966E-04
   167.0      0.3948E-04
   168.0      0.3921E-04
   169.0      0.3882E-04
   170.0      0.3829E-04
   171.0      0.3764E-04
   172.0      0.3686E-04
   173.0      0.3602E-04
   174.0      0.3514E-04
   175.0      0.3427E-04
   176.0      0.3348E-04
   177.0      0.3280E-04
   178.0      0.3228E-04
   179.0      0.3195E-04
   180.0      0.3184E-04
 END
