# 178 angles,  1 tensor ranks for 0=projectile
@subtitle   "20O + d inelastic scattering;"                                                 
@legend ON
@legend x1 0.2
@legend y1 0.8
@g0 type LOGY
@yaxis ticklabel format power
@legend string   0 "Lab energy =   70.0000"
#legend string   0 "Partition=  1 Excit=  2 near/far= 1"
#  Theta       sigma       iT11        T20         T21         T22         Kyy for projectile
   3.000       1.122    
   4.000       1.454    
   5.000       1.821    
   6.000       2.180    
   7.000       2.500    
   8.000       2.763    
   9.000       2.975    
   10.00       3.154    
   11.00       3.326    
   12.00       3.510    
   13.00       3.716    
   14.00       3.941    
   15.00       4.170    
   16.00       4.375    
   17.00       4.528    
   18.00       4.599    
   19.00       4.566    
   20.00       4.420    
   21.00       4.166    
   22.00       3.821    
   23.00       3.413    
   24.00       2.976    
   25.00       2.542    
   26.00       2.143    
   27.00       1.803    
   28.00       1.539    
   29.00       1.357    
   30.00       1.252    
   31.00       1.215    
   32.00       1.227    
   33.00       1.270    
   34.00       1.324    
   35.00       1.373    
   36.00       1.402    
   37.00       1.404    
   38.00       1.375    
   39.00       1.317    
   40.00       1.234    
   41.00       1.133    
   42.00       1.021    
   43.00      0.9057    
   44.00      0.7951    
   45.00      0.6945    
   46.00      0.6075    
   47.00      0.5359    
   48.00      0.4797    
   49.00      0.4374    
   50.00      0.4069    
   51.00      0.3853    
   52.00      0.3695    
   53.00      0.3567    
   54.00      0.3445    
   55.00      0.3310    
   56.00      0.3152    
   57.00      0.2966    
   58.00      0.2752    
   59.00      0.2516    
   60.00      0.2265    
   61.00      0.2007    
   62.00      0.1751    
   63.00      0.1506    
   64.00      0.1280    
   65.00      0.1076    
   66.00      0.8978E-01
   67.00      0.7463E-01
   68.00      0.6210E-01
   69.00      0.5198E-01
   70.00      0.4399E-01
   71.00      0.3780E-01
   72.00      0.3307E-01
   73.00      0.2945E-01
   74.00      0.2665E-01
   75.00      0.2441E-01
   76.00      0.2253E-01
   77.00      0.2085E-01
   78.00      0.1927E-01
   79.00      0.1774E-01
   80.00      0.1622E-01
   81.00      0.1470E-01
   82.00      0.1321E-01
   83.00      0.1176E-01
   84.00      0.1037E-01
   85.00      0.9057E-02
   86.00      0.7846E-02
   87.00      0.6747E-02
   88.00      0.5764E-02
   89.00      0.4896E-02
   90.00      0.4139E-02
   91.00      0.3490E-02
   92.00      0.2940E-02
   93.00      0.2480E-02
   94.00      0.2099E-02
   95.00      0.1785E-02
   96.00      0.1529E-02
   97.00      0.1324E-02
   98.00      0.1162E-02
   99.00      0.1037E-02
   100.0      0.9444E-03
   101.0      0.8766E-03
   102.0      0.8291E-03
   103.0      0.7977E-03
   104.0      0.7791E-03
   105.0      0.7697E-03
   106.0      0.7660E-03
   107.0      0.7646E-03
   108.0      0.7624E-03
   109.0      0.7572E-03
   110.0      0.7475E-03
   111.0      0.7323E-03
   112.0      0.7113E-03
   113.0      0.6842E-03
   114.0      0.6511E-03
   115.0      0.6123E-03
   116.0      0.5685E-03
   117.0      0.5209E-03
   118.0      0.4711E-03
   119.0      0.4206E-03
   120.0      0.3709E-03
   121.0      0.3230E-03
   122.0      0.2778E-03
   123.0      0.2362E-03
   124.0      0.1992E-03
   125.0      0.1673E-03
   126.0      0.1410E-03
   127.0      0.1201E-03
   128.0      0.1042E-03
   129.0      0.9288E-04
   130.0      0.8582E-04
   131.0      0.8278E-04
   132.0      0.8333E-04
   133.0      0.8671E-04
   134.0      0.9200E-04
   135.0      0.9836E-04
   136.0      0.1052E-03
   137.0      0.1122E-03
   138.0      0.1191E-03
   139.0      0.1254E-03
   140.0      0.1306E-03
   141.0      0.1345E-03
   142.0      0.1369E-03
   143.0      0.1380E-03
   144.0      0.1379E-03
   145.0      0.1365E-03
   146.0      0.1338E-03
   147.0      0.1296E-03
   148.0      0.1242E-03
   149.0      0.1179E-03
   150.0      0.1112E-03
   151.0      0.1044E-03
   152.0      0.9750E-04
   153.0      0.9046E-04
   154.0      0.8319E-04
   155.0      0.7584E-04
   156.0      0.6876E-04
   157.0      0.6222E-04
   158.0      0.5632E-04
   159.0      0.5103E-04
   160.0      0.4621E-04
   161.0      0.4181E-04
   162.0      0.3786E-04
   163.0      0.3446E-04
   164.0      0.3156E-04
   165.0      0.2905E-04
   166.0      0.2683E-04
   167.0      0.2488E-04
   168.0      0.2324E-04
   169.0      0.2199E-04
   170.0      0.2113E-04
   171.0      0.2049E-04
   172.0      0.1984E-04
   173.0      0.1906E-04
   174.0      0.1822E-04
   175.0      0.1750E-04
   176.0      0.1716E-04
   177.0      0.1731E-04
   178.0      0.1782E-04
   179.0      0.1834E-04
   180.0      0.1855E-04
 END
