# 178 angles,  1 tensor ranks for 0=projectile
@subtitle   "20O + d 2+2 inelastic;"                                                        
@legend ON
@legend x1 0.2
@legend y1 0.8
@g0 type LOGY
@yaxis ticklabel format power
@legend string   0 "Lab energy =   70.0000"
#legend string   0 "Partition=  1 Excit=  2 near/far= 1"
#  Theta       sigma       iT11        T20         T21         T22         Kyy for projectile
   3.000       11.55    
   4.000       10.54    
   5.000       9.933    
   6.000       10.14    
   7.000       11.42    
   8.000       13.73    
   9.000       16.73    
   10.00       19.95    
   11.00       22.87    
   12.00       25.10    
   13.00       26.37    
   14.00       26.52    
   15.00       25.53    
   16.00       23.53    
   17.00       20.75    
   18.00       17.55    
   19.00       14.31    
   20.00       11.35    
   21.00       8.901    
   22.00       7.093    
   23.00       5.943    
   24.00       5.394    
   25.00       5.331    
   26.00       5.603    
   27.00       6.044    
   28.00       6.505    
   29.00       6.871    
   30.00       7.069    
   31.00       7.067    
   32.00       6.868    
   33.00       6.498    
   34.00       6.000    
   35.00       5.430    
   36.00       4.841    
   37.00       4.279    
   38.00       3.777    
   39.00       3.353    
   40.00       3.012    
   41.00       2.751    
   42.00       2.559    
   43.00       2.421    
   44.00       2.316    
   45.00       2.227    
   46.00       2.137    
   47.00       2.037    
   48.00       1.923    
   49.00       1.793    
   50.00       1.649    
   51.00       1.496    
   52.00       1.337    
   53.00       1.180    
   54.00       1.030    
   55.00      0.8909    
   56.00      0.7666    
   57.00      0.6584    
   58.00      0.5667    
   59.00      0.4909    
   60.00      0.4297    
   61.00      0.3809    
   62.00      0.3418    
   63.00      0.3102    
   64.00      0.2837    
   65.00      0.2607    
   66.00      0.2398    
   67.00      0.2200    
   68.00      0.2007    
   69.00      0.1818    
   70.00      0.1633    
   71.00      0.1455    
   72.00      0.1287    
   73.00      0.1129    
   74.00      0.9839E-01
   75.00      0.8530E-01
   76.00      0.7383E-01
   77.00      0.6403E-01
   78.00      0.5580E-01
   79.00      0.4892E-01
   80.00      0.4319E-01
   81.00      0.3845E-01
   82.00      0.3456E-01
   83.00      0.3136E-01
   84.00      0.2863E-01
   85.00      0.2620E-01
   86.00      0.2393E-01
   87.00      0.2180E-01
   88.00      0.1980E-01
   89.00      0.1796E-01
   90.00      0.1622E-01
   91.00      0.1456E-01
   92.00      0.1297E-01
   93.00      0.1150E-01
   94.00      0.1019E-01
   95.00      0.9036E-02
   96.00      0.8032E-02
   97.00      0.7153E-02
   98.00      0.6390E-02
   99.00      0.5748E-02
   100.0      0.5228E-02
   101.0      0.4809E-02
   102.0      0.4458E-02
   103.0      0.4148E-02
   104.0      0.3868E-02
   105.0      0.3617E-02
   106.0      0.3393E-02
   107.0      0.3183E-02
   108.0      0.2974E-02
   109.0      0.2759E-02
   110.0      0.2545E-02
   111.0      0.2340E-02
   112.0      0.2145E-02
   113.0      0.1955E-02
   114.0      0.1767E-02
   115.0      0.1586E-02
   116.0      0.1423E-02
   117.0      0.1281E-02
   118.0      0.1158E-02
   119.0      0.1042E-02
   120.0      0.9300E-03
   121.0      0.8278E-03
   122.0      0.7454E-03
   123.0      0.6862E-03
   124.0      0.6429E-03
   125.0      0.6036E-03
   126.0      0.5609E-03
   127.0      0.5167E-03
   128.0      0.4783E-03
   129.0      0.4501E-03
   130.0      0.4282E-03
   131.0      0.4060E-03
   132.0      0.3810E-03
   133.0      0.3564E-03
   134.0      0.3362E-03
   135.0      0.3207E-03
   136.0      0.3051E-03
   137.0      0.2838E-03
   138.0      0.2565E-03
   139.0      0.2298E-03
   140.0      0.2104E-03
   141.0      0.1993E-03
   142.0      0.1919E-03
   143.0      0.1821E-03
   144.0      0.1674E-03
   145.0      0.1500E-03
   146.0      0.1350E-03
   147.0      0.1247E-03
   148.0      0.1169E-03
   149.0      0.1093E-03
   150.0      0.1016E-03
   151.0      0.9536E-04
   152.0      0.9143E-04
   153.0      0.8913E-04
   154.0      0.8602E-04
   155.0      0.7982E-04
   156.0      0.7153E-04
   157.0      0.6489E-04
   158.0      0.6209E-04
   159.0      0.6186E-04
   160.0      0.6178E-04
   161.0      0.6010E-04
   162.0      0.5625E-04
   163.0      0.5154E-04
   164.0      0.4822E-04
   165.0      0.4643E-04
   166.0      0.4431E-04
   167.0      0.4133E-04
   168.0      0.3889E-04
   169.0      0.3768E-04
   170.0      0.3724E-04
   171.0      0.3724E-04
   172.0      0.3711E-04
   173.0      0.3605E-04
   174.0      0.3489E-04
   175.0      0.3533E-04
   176.0      0.3697E-04
   177.0      0.3821E-04
   178.0      0.3932E-04
   179.0      0.4110E-04
   180.0      0.4215E-04
 END
