# 181 angles,  1 tensor ranks for 0=projectile
@subtitle   "p+O20 2nd ex with BG ;"                                                        
@legend ON
@legend x1 0.2
@legend y1 0.8
@g0 type LOGY
@yaxis ticklabel format power
@legend string   0 "Lab energy =   35.0000"
#legend string   0 "Partition=  1 Excit=  2 near/far= 1"
#  Theta       sigma       iT11        T20         T21         T22         Kyy for projectile
   0.000       13.76    
   1.000       13.82    
   2.000       13.97    
   3.000       14.14    
   4.000       14.23    
   5.000       14.19    
   6.000       13.98    
   7.000       13.62    
   8.000       13.15    
   9.000       12.64    
   10.00       12.13    
   11.00       11.64    
   12.00       11.19    
   13.00       10.77    
   14.00       10.39    
   15.00       10.07    
   16.00       9.799    
   17.00       9.590    
   18.00       9.440    
   19.00       9.341    
   20.00       9.285    
   21.00       9.260    
   22.00       9.256    
   23.00       9.259    
   24.00       9.260    
   25.00       9.249    
   26.00       9.215    
   27.00       9.152    
   28.00       9.052    
   29.00       8.910    
   30.00       8.723    
   31.00       8.490    
   32.00       8.210    
   33.00       7.887    
   34.00       7.527    
   35.00       7.134    
   36.00       6.716    
   37.00       6.280    
   38.00       5.831    
   39.00       5.379    
   40.00       4.930    
   41.00       4.493    
   42.00       4.073    
   43.00       3.678    
   44.00       3.311    
   45.00       2.976    
   46.00       2.676    
   47.00       2.413    
   48.00       2.186    
   49.00       1.997    
   50.00       1.843    
   51.00       1.722    
   52.00       1.632    
   53.00       1.571    
   54.00       1.533    
   55.00       1.517    
   56.00       1.517    
   57.00       1.529    
   58.00       1.550    
   59.00       1.577    
   60.00       1.606    
   61.00       1.634    
   62.00       1.659    
   63.00       1.679    
   64.00       1.691    
   65.00       1.695    
   66.00       1.689    
   67.00       1.674    
   68.00       1.649    
   69.00       1.614    
   70.00       1.570    
   71.00       1.518    
   72.00       1.457    
   73.00       1.391    
   74.00       1.319    
   75.00       1.243    
   76.00       1.164    
   77.00       1.083    
   78.00       1.002    
   79.00      0.9208    
   80.00      0.8415    
   81.00      0.7648    
   82.00      0.6912    
   83.00      0.6215    
   84.00      0.5561    
   85.00      0.4955    
   86.00      0.4398    
   87.00      0.3894    
   88.00      0.3441    
   89.00      0.3041    
   90.00      0.2690    
   91.00      0.2387    
   92.00      0.2130    
   93.00      0.1916    
   94.00      0.1740    
   95.00      0.1599    
   96.00      0.1489    
   97.00      0.1405    
   98.00      0.1345    
   99.00      0.1305    
   100.0      0.1280    
   101.0      0.1267    
   102.0      0.1263    
   103.0      0.1265    
   104.0      0.1271    
   105.0      0.1278    
   106.0      0.1285    
   107.0      0.1290    
   108.0      0.1292    
   109.0      0.1290    
   110.0      0.1283    
   111.0      0.1271    
   112.0      0.1253    
   113.0      0.1231    
   114.0      0.1202    
   115.0      0.1169    
   116.0      0.1132    
   117.0      0.1090    
   118.0      0.1045    
   119.0      0.9980E-01
   120.0      0.9482E-01
   121.0      0.8970E-01
   122.0      0.8448E-01
   123.0      0.7923E-01
   124.0      0.7403E-01
   125.0      0.6890E-01
   126.0      0.6391E-01
   127.0      0.5907E-01
   128.0      0.5444E-01
   129.0      0.5004E-01
   130.0      0.4590E-01
   131.0      0.4204E-01
   132.0      0.3846E-01
   133.0      0.3515E-01
   134.0      0.3214E-01
   135.0      0.2942E-01
   136.0      0.2698E-01
   137.0      0.2481E-01
   138.0      0.2290E-01
   139.0      0.2122E-01
   140.0      0.1976E-01
   141.0      0.1851E-01
   142.0      0.1745E-01
   143.0      0.1659E-01
   144.0      0.1588E-01
   145.0      0.1530E-01
   146.0      0.1484E-01
   147.0      0.1447E-01
   148.0      0.1420E-01
   149.0      0.1402E-01
   150.0      0.1392E-01
   151.0      0.1388E-01
   152.0      0.1389E-01
   153.0      0.1394E-01
   154.0      0.1402E-01
   155.0      0.1414E-01
   156.0      0.1430E-01
   157.0      0.1448E-01
   158.0      0.1470E-01
   159.0      0.1493E-01
   160.0      0.1519E-01
   161.0      0.1546E-01
   162.0      0.1574E-01
   163.0      0.1605E-01
   164.0      0.1636E-01
   165.0      0.1669E-01
   166.0      0.1702E-01
   167.0      0.1736E-01
   168.0      0.1769E-01
   169.0      0.1802E-01
   170.0      0.1835E-01
   171.0      0.1865E-01
   172.0      0.1894E-01
   173.0      0.1921E-01
   174.0      0.1945E-01
   175.0      0.1966E-01
   176.0      0.1985E-01
   177.0      0.1999E-01
   178.0      0.2009E-01
   179.0      0.2016E-01
   180.0      0.2018E-01
 END
