# 178 angles,  1 tensor ranks for 0=projectile
@subtitle   "p+O20 with CH89;"                                                              
@legend ON
@legend x1 0.2
@legend y1 0.8
@g0 type LOGY
@yaxis ticklabel format power
@legend string   0 "Lab energy =   35.0000"
#legend string   0 "Partition=  1 Excit=  1 near/far= 1"
#  Theta       sigma       iT11        T20         T21         T22         Kyy for projectile
   3.000      0.1334E+06
   4.000      0.3888E+05
   5.000      0.1517E+05
   6.000       7439.    
   7.000       4444.    
   8.000       3114.    
   9.000       2443.    
   10.00       2054.    
   11.00       1794.    
   12.00       1595.    
   13.00       1427.    
   14.00       1276.    
   15.00       1137.    
   16.00       1005.    
   17.00       881.3    
   18.00       765.4    
   19.00       657.7    
   20.00       558.7    
   21.00       468.7    
   22.00       388.0    
   23.00       316.6    
   24.00       254.4    
   25.00       201.2    
   26.00       156.5    
   27.00       119.8    
   28.00       90.51    
   29.00       67.89    
   30.00       51.20    
   31.00       39.69    
   32.00       32.60    
   33.00       29.17    
   34.00       28.69    
   35.00       30.50    
   36.00       33.99    
   37.00       38.61    
   38.00       43.88    
   39.00       49.39    
   40.00       54.79    
   41.00       59.82    
   42.00       64.27    
   43.00       67.97    
   44.00       70.84    
   45.00       72.83    
   46.00       73.92    
   47.00       74.14    
   48.00       73.54    
   49.00       72.19    
   50.00       70.18    
   51.00       67.61    
   52.00       64.58    
   53.00       61.20    
   54.00       57.56    
   55.00       53.76    
   56.00       49.89    
   57.00       46.04    
   58.00       42.26    
   59.00       38.62    
   60.00       35.17    
   61.00       31.93    
   62.00       28.95    
   63.00       26.23    
   64.00       23.78    
   65.00       21.61    
   66.00       19.70    
   67.00       18.04    
   68.00       16.63    
   69.00       15.44    
   70.00       14.45    
   71.00       13.63    
   72.00       12.96    
   73.00       12.43    
   74.00       12.00    
   75.00       11.65    
   76.00       11.37    
   77.00       11.14    
   78.00       10.94    
   79.00       10.76    
   80.00       10.59    
   81.00       10.41    
   82.00       10.23    
   83.00       10.03    
   84.00       9.810    
   85.00       9.571    
   86.00       9.312    
   87.00       9.033    
   88.00       8.734    
   89.00       8.420    
   90.00       8.091    
   91.00       7.752    
   92.00       7.405    
   93.00       7.054    
   94.00       6.702    
   95.00       6.352    
   96.00       6.008    
   97.00       5.670    
   98.00       5.343    
   99.00       5.027    
   100.0       4.725    
   101.0       4.437    
   102.0       4.164    
   103.0       3.906    
   104.0       3.665    
   105.0       3.439    
   106.0       3.229    
   107.0       3.035    
   108.0       2.855    
   109.0       2.690    
   110.0       2.538    
   111.0       2.399    
   112.0       2.273    
   113.0       2.159    
   114.0       2.056    
   115.0       1.963    
   116.0       1.881    
   117.0       1.808    
   118.0       1.743    
   119.0       1.687    
   120.0       1.639    
   121.0       1.598    
   122.0       1.564    
   123.0       1.536    
   124.0       1.513    
   125.0       1.496    
   126.0       1.482    
   127.0       1.472    
   128.0       1.464    
   129.0       1.459    
   130.0       1.454    
   131.0       1.449    
   132.0       1.444    
   133.0       1.437    
   134.0       1.429    
   135.0       1.417    
   136.0       1.402    
   137.0       1.383    
   138.0       1.360    
   139.0       1.333    
   140.0       1.301    
   141.0       1.265    
   142.0       1.226    
   143.0       1.183    
   144.0       1.137    
   145.0       1.089    
   146.0       1.040    
   147.0      0.9909    
   148.0      0.9432    
   149.0      0.8979    
   150.0      0.8564    
   151.0      0.8199    
   152.0      0.7896    
   153.0      0.7669    
   154.0      0.7527    
   155.0      0.7481    
   156.0      0.7540    
   157.0      0.7708    
   158.0      0.7992    
   159.0      0.8392    
   160.0      0.8909    
   161.0      0.9538    
   162.0       1.028    
   163.0       1.111    
   164.0       1.204    
   165.0       1.304    
   166.0       1.410    
   167.0       1.521    
   168.0       1.635    
   169.0       1.749    
   170.0       1.862    
   171.0       1.972    
   172.0       2.077    
   173.0       2.174    
   174.0       2.263    
   175.0       2.341    
   176.0       2.407    
   177.0       2.460    
   178.0       2.498    
   179.0       2.521    
   180.0       2.529    
 END
