# 181 angles,  1 tensor ranks for 0=projectile
@subtitle   "p+O20 2nd ex with BG ;"                                                        
@legend ON
@legend x1 0.2
@legend y1 0.8
@g0 type LOGY
@yaxis ticklabel format power
@legend string   0 "Lab energy =   35.0000"
#legend string   0 "Partition=  1 Excit=  1 near/far= 1"
#  Theta       sigma       iT11        T20         T21         T22         Kyy for projectile
  0.1000E-01  0.1288E+16
   1.000      0.1250E+08
   2.000      0.7229E+06
   3.000      0.1287E+06
   4.000      0.3672E+05
   5.000      0.1413E+05
   6.000       6989.    
   7.000       4327.    
   8.000       3198.    
   9.000       2653.    
   10.00       2343.    
   11.00       2132.    
   12.00       1962.    
   13.00       1808.    
   14.00       1662.    
   15.00       1518.    
   16.00       1377.    
   17.00       1240.    
   18.00       1108.    
   19.00       980.7    
   20.00       860.8    
   21.00       748.7    
   22.00       645.1    
   23.00       550.5    
   24.00       465.0    
   25.00       388.7    
   26.00       321.5    
   27.00       262.9    
   28.00       212.6    
   29.00       170.0    
   30.00       134.4    
   31.00       105.4    
   32.00       82.05    
   33.00       63.79    
   34.00       49.91    
   35.00       39.75    
   36.00       32.71    
   37.00       28.19    
   38.00       25.69    
   39.00       24.72    
   40.00       24.89    
   41.00       25.82    
   42.00       27.21    
   43.00       28.83    
   44.00       30.47    
   45.00       31.98    
   46.00       33.23    
   47.00       34.17    
   48.00       34.73    
   49.00       34.91    
   50.00       34.69    
   51.00       34.10    
   52.00       33.18    
   53.00       31.95    
   54.00       30.46    
   55.00       28.77    
   56.00       26.92    
   57.00       24.97    
   58.00       22.95    
   59.00       20.92    
   60.00       18.90    
   61.00       16.94    
   62.00       15.06    
   63.00       13.27    
   64.00       11.61    
   65.00       10.08    
   66.00       8.686    
   67.00       7.435    
   68.00       6.326    
   69.00       5.356    
   70.00       4.520    
   71.00       3.809    
   72.00       3.214    
   73.00       2.726    
   74.00       2.333    
   75.00       2.024    
   76.00       1.789    
   77.00       1.615    
   78.00       1.494    
   79.00       1.414    
   80.00       1.368    
   81.00       1.347    
   82.00       1.344    
   83.00       1.352    
   84.00       1.367    
   85.00       1.385    
   86.00       1.401    
   87.00       1.412    
   88.00       1.418    
   89.00       1.416    
   90.00       1.405    
   91.00       1.386    
   92.00       1.358    
   93.00       1.322    
   94.00       1.278    
   95.00       1.227    
   96.00       1.170    
   97.00       1.109    
   98.00       1.043    
   99.00      0.9751    
   100.0      0.9055    
   101.0      0.8353    
   102.0      0.7654    
   103.0      0.6968    
   104.0      0.6301    
   105.0      0.5660    
   106.0      0.5050    
   107.0      0.4475    
   108.0      0.3939    
   109.0      0.3444    
   110.0      0.2992    
   111.0      0.2582    
   112.0      0.2215    
   113.0      0.1890    
   114.0      0.1606    
   115.0      0.1360    
   116.0      0.1151    
   117.0      0.9759E-01
   118.0      0.8325E-01
   119.0      0.7178E-01
   120.0      0.6289E-01
   121.0      0.5629E-01
   122.0      0.5171E-01
   123.0      0.4885E-01
   124.0      0.4745E-01
   125.0      0.4726E-01
   126.0      0.4804E-01
   127.0      0.4957E-01
   128.0      0.5164E-01
   129.0      0.5407E-01
   130.0      0.5669E-01
   131.0      0.5936E-01
   132.0      0.6195E-01
   133.0      0.6436E-01
   134.0      0.6648E-01
   135.0      0.6827E-01
   136.0      0.6964E-01
   137.0      0.7057E-01
   138.0      0.7104E-01
   139.0      0.7101E-01
   140.0      0.7051E-01
   141.0      0.6953E-01
   142.0      0.6809E-01
   143.0      0.6623E-01
   144.0      0.6398E-01
   145.0      0.6138E-01
   146.0      0.5848E-01
   147.0      0.5533E-01
   148.0      0.5198E-01
   149.0      0.4849E-01
   150.0      0.4491E-01
   151.0      0.4130E-01
   152.0      0.3771E-01
   153.0      0.3419E-01
   154.0      0.3078E-01
   155.0      0.2753E-01
   156.0      0.2448E-01
   157.0      0.2165E-01
   158.0      0.1908E-01
   159.0      0.1679E-01
   160.0      0.1478E-01
   161.0      0.1308E-01
   162.0      0.1167E-01
   163.0      0.1055E-01
   164.0      0.9720E-02
   165.0      0.9155E-02
   166.0      0.8837E-02
   167.0      0.8741E-02
   168.0      0.8838E-02
   169.0      0.9097E-02
   170.0      0.9485E-02
   171.0      0.9968E-02
   172.0      0.1051E-01
   173.0      0.1109E-01
   174.0      0.1165E-01
   175.0      0.1219E-01
   176.0      0.1267E-01
   177.0      0.1306E-01
   178.0      0.1336E-01
   179.0      0.1354E-01
   180.0      0.1360E-01
 END
