# 178 angles,  1 tensor ranks for 0=projectile
@subtitle   "20O(d,t) @ 30AMeV Daeh (d) + Pang (t)"                                         
@legend ON
@legend x1 0.2
@legend y1 0.8
@g0 type LOGY
@yaxis ticklabel format power
@legend string   0 "Lab energy =   70.0000"
#legend string   0 "Partition=  2 Excit=  1 near/far= 1"
#  Theta       sigma       iT11        T20         T21         T22         Kyy for projectile
   3.000       29.45    
   4.000       21.26    
   5.000       13.49    
   6.000       7.216    
   7.000       3.015    
   8.000      0.9560    
   9.000      0.6753    
   10.00       1.558    
   11.00       2.933    
   12.00       4.235    
   13.00       5.097    
   14.00       5.376    
   15.00       5.116    
   16.00       4.481    
   17.00       3.683    
   18.00       2.916    
   19.00       2.318    
   20.00       1.955    
   21.00       1.826    
   22.00       1.882    
   23.00       2.046    
   24.00       2.239    
   25.00       2.395    
   26.00       2.470    
   27.00       2.444    
   28.00       2.320    
   29.00       2.116    
   30.00       1.859    
   31.00       1.578    
   32.00       1.299    
   33.00       1.041    
   34.00      0.8181    
   35.00      0.6349    
   36.00      0.4915    
   37.00      0.3841    
   38.00      0.3066    
   39.00      0.2525    
   40.00      0.2153    
   41.00      0.1900    
   42.00      0.1725    
   43.00      0.1599    
   44.00      0.1504    
   45.00      0.1427    
   46.00      0.1362    
   47.00      0.1304    
   48.00      0.1248    
   49.00      0.1192    
   50.00      0.1133    
   51.00      0.1071    
   52.00      0.1004    
   53.00      0.9321E-01
   54.00      0.8574E-01
   55.00      0.7816E-01
   56.00      0.7071E-01
   57.00      0.6363E-01
   58.00      0.5714E-01
   59.00      0.5139E-01
   60.00      0.4648E-01
   61.00      0.4240E-01
   62.00      0.3911E-01
   63.00      0.3649E-01
   64.00      0.3438E-01
   65.00      0.3262E-01
   66.00      0.3106E-01
   67.00      0.2957E-01
   68.00      0.2804E-01
   69.00      0.2642E-01
   70.00      0.2467E-01
   71.00      0.2280E-01
   72.00      0.2085E-01
   73.00      0.1886E-01
   74.00      0.1689E-01
   75.00      0.1500E-01
   76.00      0.1323E-01
   77.00      0.1162E-01
   78.00      0.1018E-01
   79.00      0.8943E-02
   80.00      0.7888E-02
   81.00      0.7006E-02
   82.00      0.6277E-02
   83.00      0.5677E-02
   84.00      0.5178E-02
   85.00      0.4756E-02
   86.00      0.4389E-02
   87.00      0.4058E-02
   88.00      0.3751E-02
   89.00      0.3457E-02
   90.00      0.3171E-02
   91.00      0.2892E-02
   92.00      0.2619E-02
   93.00      0.2354E-02
   94.00      0.2102E-02
   95.00      0.1863E-02
   96.00      0.1642E-02
   97.00      0.1441E-02
   98.00      0.1260E-02
   99.00      0.1100E-02
   100.0      0.9607E-03
   101.0      0.8406E-03
   102.0      0.7381E-03
   103.0      0.6513E-03
   104.0      0.5778E-03
   105.0      0.5156E-03
   106.0      0.4626E-03
   107.0      0.4172E-03
   108.0      0.3776E-03
   109.0      0.3428E-03
   110.0      0.3118E-03
   111.0      0.2839E-03
   112.0      0.2586E-03
   113.0      0.2356E-03
   114.0      0.2148E-03
   115.0      0.1960E-03
   116.0      0.1791E-03
   117.0      0.1640E-03
   118.0      0.1506E-03
   119.0      0.1388E-03
   120.0      0.1285E-03
   121.0      0.1194E-03
   122.0      0.1113E-03
   123.0      0.1041E-03
   124.0      0.9760E-04
   125.0      0.9153E-04
   126.0      0.8576E-04
   127.0      0.8016E-04
   128.0      0.7464E-04
   129.0      0.6914E-04
   130.0      0.6362E-04
   131.0      0.5810E-04
   132.0      0.5258E-04
   133.0      0.4714E-04
   134.0      0.4181E-04
   135.0      0.3666E-04
   136.0      0.3177E-04
   137.0      0.2719E-04
   138.0      0.2297E-04
   139.0      0.1915E-04
   140.0      0.1577E-04
   141.0      0.1283E-04
   142.0      0.1034E-04
   143.0      0.8296E-05
   144.0      0.6677E-05
   145.0      0.5460E-05
   146.0      0.4614E-05
   147.0      0.4103E-05
   148.0      0.3888E-05
   149.0      0.3927E-05
   150.0      0.4178E-05
   151.0      0.4597E-05
   152.0      0.5138E-05
   153.0      0.5756E-05
   154.0      0.6409E-05
   155.0      0.7056E-05
   156.0      0.7656E-05
   157.0      0.8176E-05
   158.0      0.8587E-05
   159.0      0.8866E-05
   160.0      0.8998E-05
   161.0      0.8976E-05
   162.0      0.8802E-05
   163.0      0.8483E-05
   164.0      0.8036E-05
   165.0      0.7484E-05
   166.0      0.6854E-05
   167.0      0.6173E-05
   168.0      0.5471E-05
   169.0      0.4776E-05
   170.0      0.4111E-05
   171.0      0.3498E-05
   172.0      0.2951E-05
   173.0      0.2478E-05
   174.0      0.2083E-05
   175.0      0.1764E-05
   176.0      0.1517E-05
   177.0      0.1336E-05
   178.0      0.1213E-05
   179.0      0.1142E-05
   180.0      0.1119E-05
 END
