# 178 angles,  1 tensor ranks for 0=projectile
@subtitle   "p+O20 3- E. Khan reanalysis;"                                                  
@legend ON
@legend x1 0.2
@legend y1 0.8
@g0 type LOGY
@yaxis ticklabel format power
@legend string   0 "Lab energy =   43.2700"
#legend string   0 "Partition=  1 Excit=  1 near/far= 1"
#  Theta       sigma       iT11        T20         T21         T22         Kyy for projectile
   3.000      0.7826E+05
   4.000      0.2163E+05
   5.000       8374.    
   6.000       4454.    
   7.000       3113.    
   8.000       2590.    
   9.000       2342.    
   10.00       2184.    
   11.00       2050.    
   12.00       1917.    
   13.00       1778.    
   14.00       1634.    
   15.00       1486.    
   16.00       1338.    
   17.00       1192.    
   18.00       1052.    
   19.00       918.4    
   20.00       793.8    
   21.00       679.1    
   22.00       574.8    
   23.00       481.4    
   24.00       398.8    
   25.00       326.7    
   26.00       264.7    
   27.00       212.2    
   28.00       168.4    
   29.00       132.5    
   30.00       103.6    
   31.00       80.89    
   32.00       63.42    
   33.00       50.42    
   34.00       41.10    
   35.00       34.76    
   36.00       30.75    
   37.00       28.52    
   38.00       27.58    
   39.00       27.51    
   40.00       27.98    
   41.00       28.72    
   42.00       29.50    
   43.00       30.18    
   44.00       30.65    
   45.00       30.83    
   46.00       30.69    
   47.00       30.22    
   48.00       29.43    
   49.00       28.35    
   50.00       27.03    
   51.00       25.50    
   52.00       23.81    
   53.00       22.01    
   54.00       20.15    
   55.00       18.27    
   56.00       16.41    
   57.00       14.60    
   58.00       12.87    
   59.00       11.25    
   60.00       9.744    
   61.00       8.369    
   62.00       7.130    
   63.00       6.028    
   64.00       5.062    
   65.00       4.226    
   66.00       3.515    
   67.00       2.919    
   68.00       2.427    
   69.00       2.029    
   70.00       1.713    
   71.00       1.469    
   72.00       1.285    
   73.00       1.151    
   74.00       1.058    
   75.00      0.9959    
   76.00      0.9582    
   77.00      0.9378    
   78.00      0.9288    
   79.00      0.9265    
   80.00      0.9269    
   81.00      0.9271    
   82.00      0.9247    
   83.00      0.9182    
   84.00      0.9064    
   85.00      0.8888    
   86.00      0.8654    
   87.00      0.8364    
   88.00      0.8022    
   89.00      0.7635    
   90.00      0.7211    
   91.00      0.6758    
   92.00      0.6285    
   93.00      0.5800    
   94.00      0.5312    
   95.00      0.4828    
   96.00      0.4355    
   97.00      0.3899    
   98.00      0.3465    
   99.00      0.3056    
   100.0      0.2676    
   101.0      0.2327    
   102.0      0.2010    
   103.0      0.1725    
   104.0      0.1472    
   105.0      0.1250    
   106.0      0.1059    
   107.0      0.8956E-01
   108.0      0.7589E-01
   109.0      0.6463E-01
   110.0      0.5556E-01
   111.0      0.4844E-01
   112.0      0.4303E-01
   113.0      0.3910E-01
   114.0      0.3642E-01
   115.0      0.3476E-01
   116.0      0.3395E-01
   117.0      0.3379E-01
   118.0      0.3412E-01
   119.0      0.3479E-01
   120.0      0.3567E-01
   121.0      0.3666E-01
   122.0      0.3766E-01
   123.0      0.3860E-01
   124.0      0.3941E-01
   125.0      0.4006E-01
   126.0      0.4050E-01
   127.0      0.4071E-01
   128.0      0.4069E-01
   129.0      0.4042E-01
   130.0      0.3991E-01
   131.0      0.3917E-01
   132.0      0.3822E-01
   133.0      0.3707E-01
   134.0      0.3574E-01
   135.0      0.3425E-01
   136.0      0.3264E-01
   137.0      0.3091E-01
   138.0      0.2910E-01
   139.0      0.2724E-01
   140.0      0.2534E-01
   141.0      0.2342E-01
   142.0      0.2151E-01
   143.0      0.1963E-01
   144.0      0.1780E-01
   145.0      0.1602E-01
   146.0      0.1433E-01
   147.0      0.1272E-01
   148.0      0.1121E-01
   149.0      0.9803E-02
   150.0      0.8517E-02
   151.0      0.7353E-02
   152.0      0.6315E-02
   153.0      0.5406E-02
   154.0      0.4626E-02
   155.0      0.3974E-02
   156.0      0.3449E-02
   157.0      0.3047E-02
   158.0      0.2764E-02
   159.0      0.2594E-02
   160.0      0.2529E-02
   161.0      0.2562E-02
   162.0      0.2683E-02
   163.0      0.2884E-02
   164.0      0.3154E-02
   165.0      0.3483E-02
   166.0      0.3859E-02
   167.0      0.4272E-02
   168.0      0.4710E-02
   169.0      0.5161E-02
   170.0      0.5616E-02
   171.0      0.6064E-02
   172.0      0.6494E-02
   173.0      0.6897E-02
   174.0      0.7265E-02
   175.0      0.7590E-02
   176.0      0.7865E-02
   177.0      0.8085E-02
   178.0      0.8245E-02
   179.0      0.8343E-02
   180.0      0.8376E-02
 END
