# 178 angles,  1 tensor ranks for 0=projectile
@subtitle   "p+O20 3- E. Khan reanalysis;"                                                  
@legend ON
@legend x1 0.2
@legend y1 0.8
@g0 type LOGY
@yaxis ticklabel format power
@legend string   0 "Lab energy =   43.2700"
#legend string   0 "Partition=  1 Excit=  2 near/far= 1"
#  Theta       sigma       iT11        T20         T21         T22         Kyy for projectile
   3.000       1.602    
   4.000       1.733    
   5.000       1.894    
   6.000       2.080    
   7.000       2.286    
   8.000       2.506    
   9.000       2.739    
   10.00       2.979    
   11.00       3.227    
   12.00       3.479    
   13.00       3.735    
   14.00       3.992    
   15.00       4.251    
   16.00       4.511    
   17.00       4.774    
   18.00       5.040    
   19.00       5.310    
   20.00       5.584    
   21.00       5.862    
   22.00       6.142    
   23.00       6.421    
   24.00       6.698    
   25.00       6.968    
   26.00       7.227    
   27.00       7.470    
   28.00       7.692    
   29.00       7.888    
   30.00       8.053    
   31.00       8.180    
   32.00       8.267    
   33.00       8.309    
   34.00       8.303    
   35.00       8.249    
   36.00       8.145    
   37.00       7.992    
   38.00       7.793    
   39.00       7.549    
   40.00       7.264    
   41.00       6.944    
   42.00       6.593    
   43.00       6.219    
   44.00       5.825    
   45.00       5.421    
   46.00       5.010    
   47.00       4.601    
   48.00       4.198    
   49.00       3.806    
   50.00       3.431    
   51.00       3.077    
   52.00       2.747    
   53.00       2.443    
   54.00       2.167    
   55.00       1.920    
   56.00       1.703    
   57.00       1.514    
   58.00       1.354    
   59.00       1.221    
   60.00       1.112    
   61.00       1.026    
   62.00      0.9609    
   63.00      0.9130    
   64.00      0.8802    
   65.00      0.8597    
   66.00      0.8490    
   67.00      0.8455    
   68.00      0.8472    
   69.00      0.8518    
   70.00      0.8576    
   71.00      0.8629    
   72.00      0.8665    
   73.00      0.8672    
   74.00      0.8643    
   75.00      0.8572    
   76.00      0.8456    
   77.00      0.8294    
   78.00      0.8086    
   79.00      0.7835    
   80.00      0.7543    
   81.00      0.7215    
   82.00      0.6857    
   83.00      0.6474    
   84.00      0.6072    
   85.00      0.5657    
   86.00      0.5235    
   87.00      0.4812    
   88.00      0.4393    
   89.00      0.3983    
   90.00      0.3586    
   91.00      0.3206    
   92.00      0.2847    
   93.00      0.2510    
   94.00      0.2197    
   95.00      0.1911    
   96.00      0.1650    
   97.00      0.1417    
   98.00      0.1209    
   99.00      0.1028    
   100.0      0.8707E-01
   101.0      0.7371E-01
   102.0      0.6253E-01
   103.0      0.5336E-01
   104.0      0.4601E-01
   105.0      0.4031E-01
   106.0      0.3606E-01
   107.0      0.3306E-01
   108.0      0.3114E-01
   109.0      0.3011E-01
   110.0      0.2981E-01
   111.0      0.3009E-01
   112.0      0.3080E-01
   113.0      0.3181E-01
   114.0      0.3302E-01
   115.0      0.3433E-01
   116.0      0.3564E-01
   117.0      0.3689E-01
   118.0      0.3802E-01
   119.0      0.3899E-01
   120.0      0.3977E-01
   121.0      0.4032E-01
   122.0      0.4065E-01
   123.0      0.4074E-01
   124.0      0.4059E-01
   125.0      0.4020E-01
   126.0      0.3960E-01
   127.0      0.3879E-01
   128.0      0.3780E-01
   129.0      0.3665E-01
   130.0      0.3535E-01
   131.0      0.3393E-01
   132.0      0.3241E-01
   133.0      0.3081E-01
   134.0      0.2916E-01
   135.0      0.2747E-01
   136.0      0.2576E-01
   137.0      0.2406E-01
   138.0      0.2237E-01
   139.0      0.2071E-01
   140.0      0.1910E-01
   141.0      0.1754E-01
   142.0      0.1604E-01
   143.0      0.1461E-01
   144.0      0.1326E-01
   145.0      0.1199E-01
   146.0      0.1081E-01
   147.0      0.9710E-02
   148.0      0.8702E-02
   149.0      0.7781E-02
   150.0      0.6948E-02
   151.0      0.6203E-02
   152.0      0.5543E-02
   153.0      0.4966E-02
   154.0      0.4469E-02
   155.0      0.4048E-02
   156.0      0.3700E-02
   157.0      0.3420E-02
   158.0      0.3204E-02
   159.0      0.3048E-02
   160.0      0.2946E-02
   161.0      0.2895E-02
   162.0      0.2889E-02
   163.0      0.2922E-02
   164.0      0.2989E-02
   165.0      0.3086E-02
   166.0      0.3205E-02
   167.0      0.3344E-02
   168.0      0.3496E-02
   169.0      0.3657E-02
   170.0      0.3823E-02
   171.0      0.3987E-02
   172.0      0.4147E-02
   173.0      0.4297E-02
   174.0      0.4435E-02
   175.0      0.4557E-02
   176.0      0.4662E-02
   177.0      0.4745E-02
   178.0      0.4807E-02
   179.0      0.4845E-02
   180.0      0.4857E-02
 END
