# 178 angles,  1 tensor ranks for 0=projectile
@subtitle   "p+O20 with CH89;"                                                              
@legend ON
@legend x1 0.2
@legend y1 0.8
@g0 type LOGY
@yaxis ticklabel format power
@legend string   0 "Lab energy =   35.0000"
#legend string   0 "Partition=  1 Excit=  1 near/far= 1"
#  Theta       sigma       iT11        T20         T21         T22         Kyy for projectile
   3.000      0.1330E+06
   4.000      0.3875E+05
   5.000      0.1514E+05
   6.000       7466.    
   7.000       4501.    
   8.000       3190.    
   9.000       2532.    
   10.00       2152.    
   11.00       1898.    
   12.00       1703.    
   13.00       1538.    
   14.00       1389.    
   15.00       1249.    
   16.00       1117.    
   17.00       991.9    
   18.00       873.6    
   19.00       762.8    
   20.00       660.1    
   21.00       565.8    
   22.00       480.4    
   23.00       404.0    
   24.00       336.5    
   25.00       277.8    
   26.00       227.6    
   27.00       185.5    
   28.00       150.8    
   29.00       122.9    
   30.00       101.3    
   31.00       85.15    
   32.00       73.76    
   33.00       66.41    
   34.00       62.42    
   35.00       61.13    
   36.00       61.92    
   37.00       64.25    
   38.00       67.61    
   39.00       71.56    
   40.00       75.74    
   41.00       79.84    
   42.00       83.61    
   43.00       86.86    
   44.00       89.45    
   45.00       91.29    
   46.00       92.34    
   47.00       92.59    
   48.00       92.05    
   49.00       90.77    
   50.00       88.82    
   51.00       86.26    
   52.00       83.20    
   53.00       79.72    
   54.00       75.91    
   55.00       71.86    
   56.00       67.67    
   57.00       63.41    
   58.00       59.15    
   59.00       54.97    
   60.00       50.91    
   61.00       47.02    
   62.00       43.34    
   63.00       39.89    
   64.00       36.69    
   65.00       33.75    
   66.00       31.07    
   67.00       28.66    
   68.00       26.51    
   69.00       24.59    
   70.00       22.91    
   71.00       21.43    
   72.00       20.14    
   73.00       19.03    
   74.00       18.07    
   75.00       17.23    
   76.00       16.51    
   77.00       15.88    
   78.00       15.33    
   79.00       14.84    
   80.00       14.40    
   81.00       13.99    
   82.00       13.61    
   83.00       13.25    
   84.00       12.89    
   85.00       12.55    
   86.00       12.20    
   87.00       11.85    
   88.00       11.50    
   89.00       11.14    
   90.00       10.78    
   91.00       10.42    
   92.00       10.05    
   93.00       9.681    
   94.00       9.310    
   95.00       8.940    
   96.00       8.571    
   97.00       8.205    
   98.00       7.844    
   99.00       7.489    
   100.0       7.141    
   101.0       6.801    
   102.0       6.470    
   103.0       6.148    
   104.0       5.838    
   105.0       5.538    
   106.0       5.250    
   107.0       4.974    
   108.0       4.710    
   109.0       4.459    
   110.0       4.222    
   111.0       3.998    
   112.0       3.787    
   113.0       3.591    
   114.0       3.409    
   115.0       3.241    
   116.0       3.087    
   117.0       2.947    
   118.0       2.822    
   119.0       2.711    
   120.0       2.613    
   121.0       2.529    
   122.0       2.457    
   123.0       2.396    
   124.0       2.347    
   125.0       2.307    
   126.0       2.276    
   127.0       2.253    
   128.0       2.235    
   129.0       2.223    
   130.0       2.214    
   131.0       2.207    
   132.0       2.200    
   133.0       2.193    
   134.0       2.184    
   135.0       2.172    
   136.0       2.156    
   137.0       2.135    
   138.0       2.109    
   139.0       2.078    
   140.0       2.041    
   141.0       2.000    
   142.0       1.953    
   143.0       1.903    
   144.0       1.850    
   145.0       1.795    
   146.0       1.740    
   147.0       1.687    
   148.0       1.636    
   149.0       1.590    
   150.0       1.551    
   151.0       1.521    
   152.0       1.501    
   153.0       1.493    
   154.0       1.498    
   155.0       1.518    
   156.0       1.554    
   157.0       1.607    
   158.0       1.676    
   159.0       1.763    
   160.0       1.866    
   161.0       1.986    
   162.0       2.121    
   163.0       2.269    
   164.0       2.430    
   165.0       2.600    
   166.0       2.779    
   167.0       2.962    
   168.0       3.149    
   169.0       3.334    
   170.0       3.517    
   171.0       3.693    
   172.0       3.860    
   173.0       4.014    
   174.0       4.155    
   175.0       4.278    
   176.0       4.381    
   177.0       4.464    
   178.0       4.524    
   179.0       4.561    
   180.0       4.573    
 END
