# 178 angles,  1 tensor ranks for 0=projectile
@subtitle   "20O + d Ex 7.639 3-;"                                                          
@legend ON
@legend x1 0.2
@legend y1 0.8
@g0 type LOGY
@yaxis ticklabel format power
@legend string   0 "Lab energy =   70.0000"
#legend string   0 "Partition=  1 Excit=  2 near/far= 1"
#  Theta       sigma       iT11        T20         T21         T22         Kyy for projectile
   3.000       4.291    
   4.000       4.964    
   5.000       5.688    
   6.000       6.389    
   7.000       7.013    
   8.000       7.546    
   9.000       8.008    
   10.00       8.443    
   11.00       8.899    
   12.00       9.408    
   13.00       9.974    
   14.00       10.57    
   15.00       11.14    
   16.00       11.61    
   17.00       11.91    
   18.00       11.98    
   19.00       11.77    
   20.00       11.29    
   21.00       10.55    
   22.00       9.608    
   23.00       8.547    
   24.00       7.444    
   25.00       6.379    
   26.00       5.420    
   27.00       4.617    
   28.00       4.000    
   29.00       3.572    
   30.00       3.322    
   31.00       3.217    
   32.00       3.220    
   33.00       3.287    
   34.00       3.376    
   35.00       3.452    
   36.00       3.489    
   37.00       3.470    
   38.00       3.390    
   39.00       3.252    
   40.00       3.063    
   41.00       2.839    
   42.00       2.593    
   43.00       2.341    
   44.00       2.098    
   45.00       1.873    
   46.00       1.672    
   47.00       1.500    
   48.00       1.357    
   49.00       1.240    
   50.00       1.145    
   51.00       1.067    
   52.00       1.001    
   53.00      0.9427    
   54.00      0.8870    
   55.00      0.8314    
   56.00      0.7740    
   57.00      0.7143    
   58.00      0.6524    
   59.00      0.5892    
   60.00      0.5261    
   61.00      0.4644    
   62.00      0.4058    
   63.00      0.3514    
   64.00      0.3022    
   65.00      0.2587    
   66.00      0.2212    
   67.00      0.1897    
   68.00      0.1636    
   69.00      0.1424    
   70.00      0.1254    
   71.00      0.1118    
   72.00      0.1008    
   73.00      0.9174E-01
   74.00      0.8407E-01
   75.00      0.7731E-01
   76.00      0.7110E-01
   77.00      0.6521E-01
   78.00      0.5950E-01
   79.00      0.5395E-01
   80.00      0.4856E-01
   81.00      0.4337E-01
   82.00      0.3846E-01
   83.00      0.3387E-01
   84.00      0.2967E-01
   85.00      0.2591E-01
   86.00      0.2260E-01
   87.00      0.1974E-01
   88.00      0.1731E-01
   89.00      0.1526E-01
   90.00      0.1356E-01
   91.00      0.1215E-01
   92.00      0.1098E-01
   93.00      0.9994E-02
   94.00      0.9149E-02
   95.00      0.8403E-02
   96.00      0.7729E-02
   97.00      0.7104E-02
   98.00      0.6514E-02
   99.00      0.5949E-02
   100.0      0.5406E-02
   101.0      0.4886E-02
   102.0      0.4392E-02
   103.0      0.3933E-02
   104.0      0.3511E-02
   105.0      0.3130E-02
   106.0      0.2791E-02
   107.0      0.2494E-02
   108.0      0.2241E-02
   109.0      0.2028E-02
   110.0      0.1852E-02
   111.0      0.1707E-02
   112.0      0.1589E-02
   113.0      0.1492E-02
   114.0      0.1412E-02
   115.0      0.1344E-02
   116.0      0.1283E-02
   117.0      0.1226E-02
   118.0      0.1169E-02
   119.0      0.1109E-02
   120.0      0.1048E-02
   121.0      0.9836E-03
   122.0      0.9170E-03
   123.0      0.8485E-03
   124.0      0.7790E-03
   125.0      0.7099E-03
   126.0      0.6424E-03
   127.0      0.5772E-03
   128.0      0.5150E-03
   129.0      0.4567E-03
   130.0      0.4030E-03
   131.0      0.3550E-03
   132.0      0.3132E-03
   133.0      0.2777E-03
   134.0      0.2480E-03
   135.0      0.2236E-03
   136.0      0.2039E-03
   137.0      0.1885E-03
   138.0      0.1766E-03
   139.0      0.1674E-03
   140.0      0.1602E-03
   141.0      0.1546E-03
   142.0      0.1506E-03
   143.0      0.1479E-03
   144.0      0.1460E-03
   145.0      0.1442E-03
   146.0      0.1417E-03
   147.0      0.1381E-03
   148.0      0.1335E-03
   149.0      0.1285E-03
   150.0      0.1235E-03
   151.0      0.1185E-03
   152.0      0.1134E-03
   153.0      0.1081E-03
   154.0      0.1025E-03
   155.0      0.9663E-04
   156.0      0.9070E-04
   157.0      0.8488E-04
   158.0      0.7929E-04
   159.0      0.7407E-04
   160.0      0.6935E-04
   161.0      0.6523E-04
   162.0      0.6167E-04
   163.0      0.5856E-04
   164.0      0.5577E-04
   165.0      0.5323E-04
   166.0      0.5099E-04
   167.0      0.4917E-04
   168.0      0.4783E-04
   169.0      0.4696E-04
   170.0      0.4651E-04
   171.0      0.4642E-04
   172.0      0.4669E-04
   173.0      0.4725E-04
   174.0      0.4797E-04
   175.0      0.4861E-04
   176.0      0.4894E-04
   177.0      0.4884E-04
   178.0      0.4845E-04
   179.0      0.4804E-04
   180.0      0.4786E-04
 END
