# 181 angles,  1 tensor ranks for 0=projectile
@subtitle   "p+O20 2nd ex with BG ;"                                                        
@legend ON
@legend x1 0.2
@legend y1 0.8
@g0 type LOGY
@yaxis ticklabel format power
@legend string   0 "Lab energy =   35.0000"
#legend string   0 "Partition=  1 Excit=  1 near/far= 1"
#  Theta       sigma       iT11        T20         T21         T22         Kyy for projectile
  0.1000E-01  0.1288E+16
   1.000      0.1251E+08
   2.000      0.7257E+06
   3.000      0.1298E+06
   4.000      0.3728E+05
   5.000      0.1442E+05
   6.000       7135.    
   7.000       4391.    
   8.000       3213.    
   9.000       2637.    
   10.00       2309.    
   11.00       2087.    
   12.00       1911.    
   13.00       1756.    
   14.00       1609.    
   15.00       1468.    
   16.00       1330.    
   17.00       1197.    
   18.00       1068.    
   19.00       945.3    
   20.00       829.5    
   21.00       721.2    
   22.00       621.3    
   23.00       529.9    
   24.00       447.3    
   25.00       373.5    
   26.00       308.3    
   27.00       251.5    
   28.00       202.5    
   29.00       160.9    
   30.00       126.1    
   31.00       97.43    
   32.00       74.34    
   33.00       56.14    
   34.00       42.18    
   35.00       31.86    
   36.00       24.58    
   37.00       19.81    
   38.00       17.04    
   39.00       15.84    
   40.00       15.81    
   41.00       16.60    
   42.00       17.93    
   43.00       19.55    
   44.00       21.26    
   45.00       22.91    
   46.00       24.39    
   47.00       25.61    
   48.00       26.52    
   49.00       27.09    
   50.00       27.31    
   51.00       27.19    
   52.00       26.75    
   53.00       26.03    
   54.00       25.05    
   55.00       23.86    
   56.00       22.50    
   57.00       21.01    
   58.00       19.44    
   59.00       17.83    
   60.00       16.20    
   61.00       14.59    
   62.00       13.02    
   63.00       11.52    
   64.00       10.11    
   65.00       8.795    
   66.00       7.587    
   67.00       6.491    
   68.00       5.511    
   69.00       4.645    
   70.00       3.891    
   71.00       3.244    
   72.00       2.698    
   73.00       2.245    
   74.00       1.876    
   75.00       1.584    
   76.00       1.359    
   77.00       1.192    
   78.00       1.075    
   79.00      0.9985    
   80.00      0.9554    
   81.00      0.9383    
   82.00      0.9409    
   83.00      0.9574    
   84.00      0.9828    
   85.00       1.013    
   86.00       1.044    
   87.00       1.073    
   88.00       1.098    
   89.00       1.117    
   90.00       1.129    
   91.00       1.133    
   92.00       1.129    
   93.00       1.117    
   94.00       1.097    
   95.00       1.070    
   96.00       1.036    
   97.00      0.9961    
   98.00      0.9511    
   99.00      0.9019    
   100.0      0.8494    
   101.0      0.7946    
   102.0      0.7383    
   103.0      0.6814    
   104.0      0.6246    
   105.0      0.5686    
   106.0      0.5140    
   107.0      0.4614    
   108.0      0.4112    
   109.0      0.3637    
   110.0      0.3193    
   111.0      0.2781    
   112.0      0.2403    
   113.0      0.2059    
   114.0      0.1749    
   115.0      0.1474    
   116.0      0.1232    
   117.0      0.1022    
   118.0      0.8433E-01
   119.0      0.6930E-01
   120.0      0.5697E-01
   121.0      0.4712E-01
   122.0      0.3954E-01
   123.0      0.3400E-01
   124.0      0.3029E-01
   125.0      0.2818E-01
   126.0      0.2744E-01
   127.0      0.2788E-01
   128.0      0.2928E-01
   129.0      0.3145E-01
   130.0      0.3421E-01
   131.0      0.3740E-01
   132.0      0.4084E-01
   133.0      0.4442E-01
   134.0      0.4798E-01
   135.0      0.5143E-01
   136.0      0.5466E-01
   137.0      0.5758E-01
   138.0      0.6013E-01
   139.0      0.6224E-01
   140.0      0.6388E-01
   141.0      0.6501E-01
   142.0      0.6562E-01
   143.0      0.6571E-01
   144.0      0.6527E-01
   145.0      0.6434E-01
   146.0      0.6292E-01
   147.0      0.6107E-01
   148.0      0.5882E-01
   149.0      0.5622E-01
   150.0      0.5334E-01
   151.0      0.5022E-01
   152.0      0.4693E-01
   153.0      0.4353E-01
   154.0      0.4008E-01
   155.0      0.3664E-01
   156.0      0.3327E-01
   157.0      0.3003E-01
   158.0      0.2695E-01
   159.0      0.2409E-01
   160.0      0.2147E-01
   161.0      0.1912E-01
   162.0      0.1707E-01
   163.0      0.1532E-01
   164.0      0.1388E-01
   165.0      0.1274E-01
   166.0      0.1189E-01
   167.0      0.1131E-01
   168.0      0.1098E-01
   169.0      0.1087E-01
   170.0      0.1095E-01
   171.0      0.1117E-01
   172.0      0.1150E-01
   173.0      0.1191E-01
   174.0      0.1235E-01
   175.0      0.1278E-01
   176.0      0.1319E-01
   177.0      0.1354E-01
   178.0      0.1380E-01
   179.0      0.1396E-01
   180.0      0.1402E-01
 END
