# 181 angles,  1 tensor ranks for 0=projectile
@subtitle   "p+O20 2nd ex with BG ;"                                                        
@legend ON
@legend x1 0.2
@legend y1 0.8
@g0 type LOGY
@yaxis ticklabel format power
@legend string   0 "Lab energy =   35.0000"
#legend string   0 "Partition=  1 Excit=  2 near/far= 1"
#  Theta       sigma       iT11        T20         T21         T22         Kyy for projectile
   0.000       29.12    
   1.000       29.17    
   2.000       29.29    
   3.000       29.36    
   4.000       29.28    
   5.000       28.95    
   6.000       28.35    
   7.000       27.51    
   8.000       26.53    
   9.000       25.48    
   10.00       24.45    
   11.00       23.48    
   12.00       22.59    
   13.00       21.80    
   14.00       21.12    
   15.00       20.56    
   16.00       20.14    
   17.00       19.85    
   18.00       19.68    
   19.00       19.63    
   20.00       19.66    
   21.00       19.76    
   22.00       19.89    
   23.00       20.04    
   24.00       20.17    
   25.00       20.26    
   26.00       20.29    
   27.00       20.25    
   28.00       20.10    
   29.00       19.86    
   30.00       19.50    
   31.00       19.03    
   32.00       18.45    
   33.00       17.76    
   34.00       16.98    
   35.00       16.13    
   36.00       15.21    
   37.00       14.24    
   38.00       13.24    
   39.00       12.23    
   40.00       11.23    
   41.00       10.25    
   42.00       9.310    
   43.00       8.420    
   44.00       7.593    
   45.00       6.837    
   46.00       6.158    
   47.00       5.560    
   48.00       5.045    
   49.00       4.611    
   50.00       4.256    
   51.00       3.975    
   52.00       3.763    
   53.00       3.613    
   54.00       3.517    
   55.00       3.467    
   56.00       3.453    
   57.00       3.467    
   58.00       3.501    
   59.00       3.547    
   60.00       3.599    
   61.00       3.650    
   62.00       3.694    
   63.00       3.726    
   64.00       3.742    
   65.00       3.740    
   66.00       3.719    
   67.00       3.677    
   68.00       3.615    
   69.00       3.533    
   70.00       3.431    
   71.00       3.311    
   72.00       3.176    
   73.00       3.027    
   74.00       2.868    
   75.00       2.701    
   76.00       2.528    
   77.00       2.352    
   78.00       2.175    
   79.00       2.000    
   80.00       1.829    
   81.00       1.664    
   82.00       1.506    
   83.00       1.357    
   84.00       1.217    
   85.00       1.088    
   86.00      0.9692    
   87.00      0.8617    
   88.00      0.7654    
   89.00      0.6800    
   90.00      0.6052    
   91.00      0.5405    
   92.00      0.4853    
   93.00      0.4390    
   94.00      0.4008    
   95.00      0.3697    
   96.00      0.3450    
   97.00      0.3258    
   98.00      0.3114    
   99.00      0.3009    
   100.0      0.2935    
   101.0      0.2887    
   102.0      0.2857    
   103.0      0.2838    
   104.0      0.2828    
   105.0      0.2821    
   106.0      0.2814    
   107.0      0.2803    
   108.0      0.2786    
   109.0      0.2761    
   110.0      0.2728    
   111.0      0.2685    
   112.0      0.2633    
   113.0      0.2571    
   114.0      0.2499    
   115.0      0.2419    
   116.0      0.2332    
   117.0      0.2237    
   118.0      0.2138    
   119.0      0.2034    
   120.0      0.1928    
   121.0      0.1819    
   122.0      0.1710    
   123.0      0.1602    
   124.0      0.1496    
   125.0      0.1392    
   126.0      0.1292    
   127.0      0.1196    
   128.0      0.1105    
   129.0      0.1019    
   130.0      0.9390E-01
   131.0      0.8650E-01
   132.0      0.7969E-01
   133.0      0.7348E-01
   134.0      0.6787E-01
   135.0      0.6284E-01
   136.0      0.5838E-01
   137.0      0.5446E-01
   138.0      0.5103E-01
   139.0      0.4803E-01
   140.0      0.4545E-01
   141.0      0.4324E-01
   142.0      0.4138E-01
   143.0      0.3982E-01
   144.0      0.3853E-01
   145.0      0.3744E-01
   146.0      0.3652E-01
   147.0      0.3574E-01
   148.0      0.3507E-01
   149.0      0.3450E-01
   150.0      0.3402E-01
   151.0      0.3359E-01
   152.0      0.3320E-01
   153.0      0.3283E-01
   154.0      0.3246E-01
   155.0      0.3212E-01
   156.0      0.3179E-01
   157.0      0.3147E-01
   158.0      0.3116E-01
   159.0      0.3087E-01
   160.0      0.3059E-01
   161.0      0.3032E-01
   162.0      0.3008E-01
   163.0      0.2987E-01
   164.0      0.2968E-01
   165.0      0.2951E-01
   166.0      0.2937E-01
   167.0      0.2927E-01
   168.0      0.2920E-01
   169.0      0.2916E-01
   170.0      0.2914E-01
   171.0      0.2914E-01
   172.0      0.2915E-01
   173.0      0.2917E-01
   174.0      0.2920E-01
   175.0      0.2924E-01
   176.0      0.2928E-01
   177.0      0.2932E-01
   178.0      0.2936E-01
   179.0      0.2938E-01
   180.0      0.2938E-01
 END
