# Fusion cross sections for ELAB=  70.000, ECM=  63.596
     0.0   1.736       1.754      0.1780E-01
     1.0   15.62       15.78      0.1614    
     2.0   26.11       26.36      0.2595    
     3.0   36.70       37.04      0.3372    
     4.0   47.45       47.84      0.3901    
     5.0   58.40       58.82      0.4155    
     6.0   69.48       69.90      0.4175    
     7.0   80.63       81.04      0.4060    
     8.0   91.18       91.61      0.4320    
     9.0   99.24       99.80      0.5559    
    10.0   102.0       102.7      0.7602    
    11.0   96.04       97.06       1.019    
    12.0   79.77       81.03       1.259    
    13.0   58.09       59.39       1.297    
    14.0   38.56       39.65       1.090    
    15.0   24.36       25.13      0.7739    
    16.0   15.03       15.51      0.4871    
    17.0   9.169       9.452      0.2829    
    18.0   5.560       5.716      0.1560    
    19.0   3.359       3.442      0.8326E-01
    20.0   2.022       2.065      0.4352E-01
    21.0   1.214       1.236      0.2246E-01
    22.0  0.7263      0.7378      0.1149E-01
    23.0  0.4335      0.4394      0.5849E-02
    24.0  0.2581      0.2611      0.2967E-02
    25.0  0.1533      0.1548      0.1503E-02
    26.0  0.9085E-01  0.9161E-01  0.7599E-03
    27.0  0.5372E-01  0.5410E-01  0.3840E-03
    28.0  0.3170E-01  0.3189E-01  0.1940E-03
    29.0  0.1867E-01  0.1877E-01  0.9796E-04
    30.0  0.1098E-01  0.1103E-01  0.4946E-04
    31.0  0.6444E-02  0.6469E-02  0.2497E-04
    32.0  0.3777E-02  0.3789E-02  0.1261E-04
    33.0  0.2210E-02  0.2217E-02  0.6367E-05
    34.0  0.1292E-02  0.1295E-02  0.3215E-05
    35.0  0.7541E-03  0.7557E-03  0.1624E-05
    36.0  0.4396E-03  0.4404E-03  0.8200E-06
    37.0  0.2560E-03  0.2564E-03  0.4141E-06
    38.0  0.1489E-03  0.1491E-03  0.2092E-06
    39.0  0.8654E-04  0.8665E-04  0.1056E-06
    40.0  0.5024E-04  0.5030E-04  0.5336E-07
    41.0  0.2914E-04  0.2917E-04  0.2695E-07
    42.0  0.1689E-04  0.1690E-04  0.1362E-07
    43.0  0.9780E-05  0.9786E-05  0.6878E-08
    44.0  0.5658E-05  0.5662E-05  0.3475E-08
    45.0  0.3271E-05  0.3273E-05  0.1755E-08
    46.0  0.1890E-05  0.1891E-05  0.8869E-09
    47.0  0.1091E-05  0.1092E-05  0.4481E-09
    48.0  0.6296E-06  0.6298E-06  0.2264E-09
    49.0  0.3630E-06  0.3631E-06  0.1144E-09
    50.0  0.2092E-06  0.2092E-06  0.5780E-10
    51.0  0.1205E-06  0.1205E-06  0.2921E-10
    52.0  0.6934E-07  0.6936E-07  0.1476E-10
    53.0  0.3989E-07  0.3990E-07  0.7458E-11
    54.0  0.2294E-07  0.2294E-07  0.3768E-11
    55.0  0.1318E-07  0.1318E-07  0.1904E-11
    56.0  0.7571E-08  0.7572E-08  0.9622E-12
    57.0  0.4346E-08  0.4347E-08  0.4862E-12
    58.0  0.2495E-08  0.2495E-08  0.2457E-12
    59.0  0.1430E-08  0.1430E-08  0.1242E-12
    60.0  0.8208E-09  0.8209E-09  0.6274E-13
 &
