# 178 angles,  1 tensor ranks for 0=projectile
@subtitle   "20O(d,t) @ 30AMeV Daeh (d) + Pang (t)"                                         
@legend ON
@legend x1 0.2
@legend y1 0.8
@g0 type LOGY
@yaxis ticklabel format power
@legend string   0 "Lab energy =   70.0000"
#legend string   0 "Partition=  2 Excit=  3 near/far= 1"
#  Theta       sigma       iT11        T20         T21         T22         Kyy for projectile
   3.000       12.34    
   4.000       12.07    
   5.000       11.76    
   6.000       11.39    
   7.000       10.93    
   8.000       10.33    
   9.000       9.572    
   10.00       8.636    
   11.00       7.549    
   12.00       6.367    
   13.00       5.167    
   14.00       4.030    
   15.00       3.032    
   16.00       2.225    
   17.00       1.633    
   18.00       1.251    
   19.00       1.052    
   20.00      0.9918    
   21.00       1.023    
   22.00       1.099    
   23.00       1.183    
   24.00       1.253    
   25.00       1.295    
   26.00       1.309    
   27.00       1.302    
   28.00       1.284    
   29.00       1.265    
   30.00       1.253    
   31.00       1.252    
   32.00       1.263    
   33.00       1.284    
   34.00       1.309    
   35.00       1.332    
   36.00       1.348    
   37.00       1.351    
   38.00       1.340    
   39.00       1.312    
   40.00       1.270    
   41.00       1.215    
   42.00       1.151    
   43.00       1.080    
   44.00       1.006    
   45.00      0.9332    
   46.00      0.8625    
   47.00      0.7956    
   48.00      0.7335    
   49.00      0.6762    
   50.00      0.6235    
   51.00      0.5749    
   52.00      0.5298    
   53.00      0.4874    
   54.00      0.4474    
   55.00      0.4094    
   56.00      0.3731    
   57.00      0.3386    
   58.00      0.3060    
   59.00      0.2752    
   60.00      0.2465    
   61.00      0.2200    
   62.00      0.1958    
   63.00      0.1739    
   64.00      0.1542    
   65.00      0.1366    
   66.00      0.1211    
   67.00      0.1073    
   68.00      0.9520E-01
   69.00      0.8451E-01
   70.00      0.7507E-01
   71.00      0.6669E-01
   72.00      0.5923E-01
   73.00      0.5256E-01
   74.00      0.4658E-01
   75.00      0.4122E-01
   76.00      0.3639E-01
   77.00      0.3207E-01
   78.00      0.2819E-01
   79.00      0.2473E-01
   80.00      0.2166E-01
   81.00      0.1895E-01
   82.00      0.1656E-01
   83.00      0.1447E-01
   84.00      0.1265E-01
   85.00      0.1106E-01
   86.00      0.9689E-02
   87.00      0.8497E-02
   88.00      0.7462E-02
   89.00      0.6562E-02
   90.00      0.5778E-02
   91.00      0.5091E-02
   92.00      0.4488E-02
   93.00      0.3957E-02
   94.00      0.3487E-02
   95.00      0.3071E-02
   96.00      0.2702E-02
   97.00      0.2375E-02
   98.00      0.2086E-02
   99.00      0.1831E-02
   100.0      0.1606E-02
   101.0      0.1409E-02
   102.0      0.1236E-02
   103.0      0.1086E-02
   104.0      0.9554E-03
   105.0      0.8420E-03
   106.0      0.7436E-03
   107.0      0.6582E-03
   108.0      0.5840E-03
   109.0      0.5194E-03
   110.0      0.4628E-03
   111.0      0.4130E-03
   112.0      0.3691E-03
   113.0      0.3301E-03
   114.0      0.2954E-03
   115.0      0.2643E-03
   116.0      0.2364E-03
   117.0      0.2114E-03
   118.0      0.1889E-03
   119.0      0.1688E-03
   120.0      0.1507E-03
   121.0      0.1346E-03
   122.0      0.1202E-03
   123.0      0.1074E-03
   124.0      0.9610E-04
   125.0      0.8607E-04
   126.0      0.7723E-04
   127.0      0.6942E-04
   128.0      0.6254E-04
   129.0      0.5646E-04
   130.0      0.5108E-04
   131.0      0.4630E-04
   132.0      0.4203E-04
   133.0      0.3821E-04
   134.0      0.3475E-04
   135.0      0.3162E-04
   136.0      0.2876E-04
   137.0      0.2613E-04
   138.0      0.2372E-04
   139.0      0.2149E-04
   140.0      0.1942E-04
   141.0      0.1752E-04
   142.0      0.1575E-04
   143.0      0.1413E-04
   144.0      0.1265E-04
   145.0      0.1130E-04
   146.0      0.1007E-04
   147.0      0.8979E-05
   148.0      0.8009E-05
   149.0      0.7159E-05
   150.0      0.6424E-05
   151.0      0.5798E-05
   152.0      0.5274E-05
   153.0      0.4845E-05
   154.0      0.4499E-05
   155.0      0.4228E-05
   156.0      0.4021E-05
   157.0      0.3866E-05
   158.0      0.3752E-05
   159.0      0.3668E-05
   160.0      0.3604E-05
   161.0      0.3549E-05
   162.0      0.3495E-05
   163.0      0.3434E-05
   164.0      0.3361E-05
   165.0      0.3270E-05
   166.0      0.3158E-05
   167.0      0.3025E-05
   168.0      0.2871E-05
   169.0      0.2698E-05
   170.0      0.2510E-05
   171.0      0.2312E-05
   172.0      0.2108E-05
   173.0      0.1906E-05
   174.0      0.1713E-05
   175.0      0.1536E-05
   176.0      0.1380E-05
   177.0      0.1252E-05
   178.0      0.1157E-05
   179.0      0.1099E-05
   180.0      0.1079E-05
 END
