# 178 angles,  1 tensor ranks for 0=projectile
@subtitle   "p+O20 1st with BG ;"                                                           
@legend ON
@legend x1 0.2
@legend y1 0.8
@g0 type LOGY
@yaxis ticklabel format power
@legend string   0 "Lab energy =   43.0000"
#legend string   0 "Partition=  1 Excit=  2 near/far= 1"
#  Theta       sigma       iT11        T20         T21         T22         Kyy for projectile
   3.000       4.421    
   4.000       4.436    
   5.000       4.378    
   6.000       4.248    
   7.000       4.067    
   8.000       3.868    
   9.000       3.673    
   10.00       3.494    
   11.00       3.334    
   12.00       3.196    
   13.00       3.081    
   14.00       2.992    
   15.00       2.930    
   16.00       2.893    
   17.00       2.875    
   18.00       2.873    
   19.00       2.884    
   20.00       2.907    
   21.00       2.938    
   22.00       2.969    
   23.00       2.993    
   24.00       3.001    
   25.00       2.990    
   26.00       2.960    
   27.00       2.913    
   28.00       2.849    
   29.00       2.766    
   30.00       2.663    
   31.00       2.539    
   32.00       2.397    
   33.00       2.243    
   34.00       2.081    
   35.00       1.915    
   36.00       1.749    
   37.00       1.583    
   38.00       1.421    
   39.00       1.265    
   40.00       1.119    
   41.00      0.9854    
   42.00      0.8658    
   43.00      0.7605    
   44.00      0.6695    
   45.00      0.5927    
   46.00      0.5300    
   47.00      0.4810    
   48.00      0.4444    
   49.00      0.4185    
   50.00      0.4017    
   51.00      0.3925    
   52.00      0.3898    
   53.00      0.3922    
   54.00      0.3981    
   55.00      0.4057    
   56.00      0.4135    
   57.00      0.4204    
   58.00      0.4257    
   59.00      0.4292    
   60.00      0.4306    
   61.00      0.4294    
   62.00      0.4248    
   63.00      0.4167    
   64.00      0.4053    
   65.00      0.3909    
   66.00      0.3742    
   67.00      0.3557    
   68.00      0.3355    
   69.00      0.3139    
   70.00      0.2911    
   71.00      0.2676    
   72.00      0.2441    
   73.00      0.2210    
   74.00      0.1988    
   75.00      0.1775    
   76.00      0.1573    
   77.00      0.1384    
   78.00      0.1210    
   79.00      0.1052    
   80.00      0.9110E-01
   81.00      0.7872E-01
   82.00      0.6797E-01
   83.00      0.5877E-01
   84.00      0.5103E-01
   85.00      0.4469E-01
   86.00      0.3963E-01
   87.00      0.3570E-01
   88.00      0.3274E-01
   89.00      0.3060E-01
   90.00      0.2915E-01
   91.00      0.2829E-01
   92.00      0.2791E-01
   93.00      0.2786E-01
   94.00      0.2802E-01
   95.00      0.2829E-01
   96.00      0.2860E-01
   97.00      0.2890E-01
   98.00      0.2916E-01
   99.00      0.2932E-01
   100.0      0.2935E-01
   101.0      0.2919E-01
   102.0      0.2885E-01
   103.0      0.2834E-01
   104.0      0.2767E-01
   105.0      0.2685E-01
   106.0      0.2588E-01
   107.0      0.2479E-01
   108.0      0.2357E-01
   109.0      0.2226E-01
   110.0      0.2088E-01
   111.0      0.1948E-01
   112.0      0.1805E-01
   113.0      0.1661E-01
   114.0      0.1519E-01
   115.0      0.1380E-01
   116.0      0.1246E-01
   117.0      0.1119E-01
   118.0      0.9984E-02
   119.0      0.8852E-02
   120.0      0.7800E-02
   121.0      0.6839E-02
   122.0      0.5977E-02
   123.0      0.5214E-02
   124.0      0.4543E-02
   125.0      0.3954E-02
   126.0      0.3440E-02
   127.0      0.3001E-02
   128.0      0.2642E-02
   129.0      0.2364E-02
   130.0      0.2155E-02
   131.0      0.2000E-02
   132.0      0.1887E-02
   133.0      0.1807E-02
   134.0      0.1762E-02
   135.0      0.1754E-02
   136.0      0.1780E-02
   137.0      0.1830E-02
   138.0      0.1891E-02
   139.0      0.1952E-02
   140.0      0.2011E-02
   141.0      0.2072E-02
   142.0      0.2137E-02
   143.0      0.2203E-02
   144.0      0.2264E-02
   145.0      0.2312E-02
   146.0      0.2346E-02
   147.0      0.2366E-02
   148.0      0.2376E-02
   149.0      0.2377E-02
   150.0      0.2368E-02
   151.0      0.2348E-02
   152.0      0.2317E-02
   153.0      0.2277E-02
   154.0      0.2231E-02
   155.0      0.2179E-02
   156.0      0.2122E-02
   157.0      0.2059E-02
   158.0      0.1991E-02
   159.0      0.1921E-02
   160.0      0.1854E-02
   161.0      0.1790E-02
   162.0      0.1728E-02
   163.0      0.1669E-02
   164.0      0.1608E-02
   165.0      0.1548E-02
   166.0      0.1492E-02
   167.0      0.1444E-02
   168.0      0.1404E-02
   169.0      0.1371E-02
   170.0      0.1341E-02
   171.0      0.1312E-02
   172.0      0.1283E-02
   173.0      0.1258E-02
   174.0      0.1240E-02
   175.0      0.1228E-02
   176.0      0.1221E-02
   177.0      0.1216E-02
   178.0      0.1212E-02
   179.0      0.1208E-02
   180.0      0.1206E-02
 END
