# 178 angles,  1 tensor ranks for 0=projectile
@subtitle   "20O(d,t) @ 30AMeV Daeh (d) + Pang (t)"                                         
@legend ON
@legend x1 0.2
@legend y1 0.8
@g0 type LOGY
@yaxis ticklabel format power
@legend string   0 "Lab energy =   70.0000"
#legend string   0 "Partition=  2 Excit=  2 near/far= 1"
#  Theta       sigma       iT11        T20         T21         T22         Kyy for projectile
   3.000       6.711    
   4.000       6.886    
   5.000       6.829    
   6.000       6.465    
   7.000       5.791    
   8.000       4.876    
   9.000       3.837    
   10.00       2.804    
   11.00       1.892    
   12.00       1.180    
   13.00      0.6959    
   14.00      0.4273    
   15.00      0.3289    
   16.00      0.3413    
   17.00      0.4052    
   18.00      0.4733    
   19.00      0.5157    
   20.00      0.5205    
   21.00      0.4906    
   22.00      0.4383    
   23.00      0.3794    
   24.00      0.3284    
   25.00      0.2956    
   26.00      0.2857    
   27.00      0.2979    
   28.00      0.3273    
   29.00      0.3668    
   30.00      0.4089    
   31.00      0.4470    
   32.00      0.4767    
   33.00      0.4956    
   34.00      0.5035    
   35.00      0.5018    
   36.00      0.4931    
   37.00      0.4800    
   38.00      0.4650    
   39.00      0.4501    
   40.00      0.4364    
   41.00      0.4243    
   42.00      0.4135    
   43.00      0.4035    
   44.00      0.3934    
   45.00      0.3824    
   46.00      0.3698    
   47.00      0.3554    
   48.00      0.3390    
   49.00      0.3209    
   50.00      0.3014    
   51.00      0.2812    
   52.00      0.2607    
   53.00      0.2406    
   54.00      0.2213    
   55.00      0.2032    
   56.00      0.1865    
   57.00      0.1712    
   58.00      0.1574    
   59.00      0.1448    
   60.00      0.1335    
   61.00      0.1232    
   62.00      0.1137    
   63.00      0.1048    
   64.00      0.9655E-01
   65.00      0.8874E-01
   66.00      0.8136E-01
   67.00      0.7437E-01
   68.00      0.6778E-01
   69.00      0.6159E-01
   70.00      0.5582E-01
   71.00      0.5048E-01
   72.00      0.4558E-01
   73.00      0.4112E-01
   74.00      0.3709E-01
   75.00      0.3347E-01
   76.00      0.3022E-01
   77.00      0.2733E-01
   78.00      0.2474E-01
   79.00      0.2242E-01
   80.00      0.2035E-01
   81.00      0.1847E-01
   82.00      0.1678E-01
   83.00      0.1523E-01
   84.00      0.1382E-01
   85.00      0.1252E-01
   86.00      0.1133E-01
   87.00      0.1023E-01
   88.00      0.9224E-02
   89.00      0.8301E-02
   90.00      0.7458E-02
   91.00      0.6691E-02
   92.00      0.5996E-02
   93.00      0.5370E-02
   94.00      0.4808E-02
   95.00      0.4305E-02
   96.00      0.3856E-02
   97.00      0.3458E-02
   98.00      0.3103E-02
   99.00      0.2789E-02
   100.0      0.2509E-02
   101.0      0.2260E-02
   102.0      0.2039E-02
   103.0      0.1840E-02
   104.0      0.1662E-02
   105.0      0.1501E-02
   106.0      0.1357E-02
   107.0      0.1226E-02
   108.0      0.1107E-02
   109.0      0.9996E-03
   110.0      0.9020E-03
   111.0      0.8135E-03
   112.0      0.7333E-03
   113.0      0.6607E-03
   114.0      0.5951E-03
   115.0      0.5358E-03
   116.0      0.4824E-03
   117.0      0.4343E-03
   118.0      0.3910E-03
   119.0      0.3521E-03
   120.0      0.3171E-03
   121.0      0.2855E-03
   122.0      0.2571E-03
   123.0      0.2315E-03
   124.0      0.2084E-03
   125.0      0.1876E-03
   126.0      0.1687E-03
   127.0      0.1517E-03
   128.0      0.1363E-03
   129.0      0.1224E-03
   130.0      0.1098E-03
   131.0      0.9855E-04
   132.0      0.8841E-04
   133.0      0.7931E-04
   134.0      0.7118E-04
   135.0      0.6392E-04
   136.0      0.5747E-04
   137.0      0.5174E-04
   138.0      0.4666E-04
   139.0      0.4217E-04
   140.0      0.3819E-04
   141.0      0.3467E-04
   142.0      0.3155E-04
   143.0      0.2878E-04
   144.0      0.2630E-04
   145.0      0.2409E-04
   146.0      0.2210E-04
   147.0      0.2030E-04
   148.0      0.1866E-04
   149.0      0.1716E-04
   150.0      0.1578E-04
   151.0      0.1451E-04
   152.0      0.1332E-04
   153.0      0.1222E-04
   154.0      0.1120E-04
   155.0      0.1025E-04
   156.0      0.9361E-05
   157.0      0.8545E-05
   158.0      0.7797E-05
   159.0      0.7121E-05
   160.0      0.6516E-05
   161.0      0.5985E-05
   162.0      0.5530E-05
   163.0      0.5150E-05
   164.0      0.4844E-05
   165.0      0.4610E-05
   166.0      0.4444E-05
   167.0      0.4340E-05
   168.0      0.4292E-05
   169.0      0.4292E-05
   170.0      0.4331E-05
   171.0      0.4400E-05
   172.0      0.4490E-05
   173.0      0.4593E-05
   174.0      0.4699E-05
   175.0      0.4803E-05
   176.0      0.4896E-05
   177.0      0.4974E-05
   178.0      0.5033E-05
   179.0      0.5070E-05
   180.0      0.5082E-05
 END
