# 181 angles,  1 tensor ranks for 0=projectile
@subtitle   "p+O20 1st ex with BG ;"                                                        
@legend ON
@legend x1 0.2
@legend y1 0.8
@g0 type LOGY
@yaxis ticklabel format power
@legend string   0 "Lab energy =   35.0000"
#legend string   0 "Partition=  1 Excit=  2 near/far= 1"
#  Theta       sigma       iT11        T20         T21         T22         Kyy for projectile
   0.000       15.02    
   1.000       15.05    
   2.000       15.11    
   3.000       15.14    
   4.000       15.05    
   5.000       14.81    
   6.000       14.40    
   7.000       13.87    
   8.000       13.28    
   9.000       12.69    
   10.00       12.12    
   11.00       11.58    
   12.00       11.09    
   13.00       10.64    
   14.00       10.25    
   15.00       9.928    
   16.00       9.671    
   17.00       9.477    
   18.00       9.339    
   19.00       9.253    
   20.00       9.214    
   21.00       9.211    
   22.00       9.231    
   23.00       9.255    
   24.00       9.269    
   25.00       9.259    
   26.00       9.221    
   27.00       9.150    
   28.00       9.042    
   29.00       8.890    
   30.00       8.687    
   31.00       8.431    
   32.00       8.123    
   33.00       7.769    
   34.00       7.381    
   35.00       6.963    
   36.00       6.524    
   37.00       6.068    
   38.00       5.601    
   39.00       5.133    
   40.00       4.673    
   41.00       4.231    
   42.00       3.813    
   43.00       3.423    
   44.00       3.066    
   45.00       2.743    
   46.00       2.458    
   47.00       2.213    
   48.00       2.007    
   49.00       1.839    
   50.00       1.707    
   51.00       1.607    
   52.00       1.538    
   53.00       1.495    
   54.00       1.475    
   55.00       1.473    
   56.00       1.485    
   57.00       1.506    
   58.00       1.532    
   59.00       1.562    
   60.00       1.592    
   61.00       1.619    
   62.00       1.641    
   63.00       1.654    
   64.00       1.658    
   65.00       1.652    
   66.00       1.636    
   67.00       1.611    
   68.00       1.576    
   69.00       1.532    
   70.00       1.478    
   71.00       1.416    
   72.00       1.348    
   73.00       1.274    
   74.00       1.197    
   75.00       1.118    
   76.00       1.036    
   77.00      0.9545    
   78.00      0.8733    
   79.00      0.7940    
   80.00      0.7177    
   81.00      0.6451    
   82.00      0.5767    
   83.00      0.5129    
   84.00      0.4539    
   85.00      0.4001    
   86.00      0.3518    
   87.00      0.3089    
   88.00      0.2712    
   89.00      0.2387    
   90.00      0.2109    
   91.00      0.1875    
   92.00      0.1683    
   93.00      0.1530    
   94.00      0.1409    
   95.00      0.1318    
   96.00      0.1252    
   97.00      0.1206    
   98.00      0.1178    
   99.00      0.1164    
   100.0      0.1160    
   101.0      0.1163    
   102.0      0.1170    
   103.0      0.1179    
   104.0      0.1188    
   105.0      0.1195    
   106.0      0.1200    
   107.0      0.1200    
   108.0      0.1195    
   109.0      0.1184    
   110.0      0.1168    
   111.0      0.1147    
   112.0      0.1120    
   113.0      0.1089    
   114.0      0.1052    
   115.0      0.1011    
   116.0      0.9670E-01
   117.0      0.9199E-01
   118.0      0.8707E-01
   119.0      0.8200E-01
   120.0      0.7684E-01
   121.0      0.7164E-01
   122.0      0.6648E-01
   123.0      0.6142E-01
   124.0      0.5650E-01
   125.0      0.5176E-01
   126.0      0.4723E-01
   127.0      0.4293E-01
   128.0      0.3891E-01
   129.0      0.3519E-01
   130.0      0.3179E-01
   131.0      0.2869E-01
   132.0      0.2588E-01
   133.0      0.2334E-01
   134.0      0.2109E-01
   135.0      0.1912E-01
   136.0      0.1745E-01
   137.0      0.1605E-01
   138.0      0.1488E-01
   139.0      0.1389E-01
   140.0      0.1307E-01
   141.0      0.1242E-01
   142.0      0.1192E-01
   143.0      0.1158E-01
   144.0      0.1136E-01
   145.0      0.1123E-01
   146.0      0.1117E-01
   147.0      0.1115E-01
   148.0      0.1118E-01
   149.0      0.1125E-01
   150.0      0.1137E-01
   151.0      0.1152E-01
   152.0      0.1168E-01
   153.0      0.1184E-01
   154.0      0.1200E-01
   155.0      0.1217E-01
   156.0      0.1235E-01
   157.0      0.1253E-01
   158.0      0.1270E-01
   159.0      0.1288E-01
   160.0      0.1306E-01
   161.0      0.1325E-01
   162.0      0.1346E-01
   163.0      0.1366E-01
   164.0      0.1386E-01
   165.0      0.1405E-01
   166.0      0.1424E-01
   167.0      0.1444E-01
   168.0      0.1466E-01
   169.0      0.1489E-01
   170.0      0.1511E-01
   171.0      0.1530E-01
   172.0      0.1547E-01
   173.0      0.1562E-01
   174.0      0.1577E-01
   175.0      0.1592E-01
   176.0      0.1605E-01
   177.0      0.1615E-01
   178.0      0.1622E-01
   179.0      0.1625E-01
   180.0      0.1626E-01
 END
