# 181 angles,  1 tensor ranks for 0=projectile
@subtitle   "p+O20 1st ex with BG ;"                                                        
@legend ON
@legend x1 0.2
@legend y1 0.8
@g0 type LOGY
@yaxis ticklabel format power
@legend string   0 "Lab energy =   35.0000"
#legend string   0 "Partition=  1 Excit=  1 near/far= 1"
#  Theta       sigma       iT11        T20         T21         T22         Kyy for projectile
  0.1000E-01  0.1288E+16
   1.000      0.1250E+08
   2.000      0.7236E+06
   3.000      0.1290E+06
   4.000      0.3687E+05
   5.000      0.1421E+05
   6.000       7028.    
   7.000       4344.    
   8.000       3202.    
   9.000       2648.    
   10.00       2334.    
   11.00       2120.    
   12.00       1948.    
   13.00       1794.    
   14.00       1648.    
   15.00       1505.    
   16.00       1365.    
   17.00       1229.    
   18.00       1098.    
   19.00       971.9    
   20.00       853.1    
   21.00       742.1    
   22.00       639.5    
   23.00       545.8    
   24.00       461.1    
   25.00       385.5    
   26.00       318.8    
   27.00       260.6    
   28.00       210.6    
   29.00       168.2    
   30.00       132.8    
   31.00       103.8    
   32.00       80.43    
   33.00       62.10    
   34.00       48.12    
   35.00       37.84    
   36.00       30.65    
   37.00       25.99    
   38.00       23.34    
   39.00       22.25    
   40.00       22.29    
   41.00       23.13    
   42.00       24.46    
   43.00       26.04    
   44.00       27.67    
   45.00       29.19    
   46.00       30.48    
   47.00       31.48    
   48.00       32.13    
   49.00       32.41    
   50.00       32.32    
   51.00       31.87    
   52.00       31.08    
   53.00       30.00    
   54.00       28.67    
   55.00       27.13    
   56.00       25.44    
   57.00       23.63    
   58.00       21.76    
   59.00       19.86    
   60.00       17.97    
   61.00       16.12    
   62.00       14.35    
   63.00       12.66    
   64.00       11.08    
   65.00       9.625    
   66.00       8.296    
   67.00       7.100    
   68.00       6.036    
   69.00       5.104    
   70.00       4.298    
   71.00       3.611    
   72.00       3.035    
   73.00       2.560    
   74.00       2.177    
   75.00       1.875    
   76.00       1.644    
   77.00       1.472    
   78.00       1.352    
   79.00       1.273    
   80.00       1.226    
   81.00       1.205    
   82.00       1.202    
   83.00       1.212    
   84.00       1.229    
   85.00       1.248    
   86.00       1.267    
   87.00       1.282    
   88.00       1.292    
   89.00       1.295    
   90.00       1.291    
   91.00       1.278    
   92.00       1.256    
   93.00       1.227    
   94.00       1.190    
   95.00       1.147    
   96.00       1.097    
   97.00       1.043    
   98.00      0.9841    
   99.00      0.9228    
   100.0      0.8594    
   101.0      0.7952    
   102.0      0.7308    
   103.0      0.6672    
   104.0      0.6051    
   105.0      0.5450    
   106.0      0.4876    
   107.0      0.4333    
   108.0      0.3824    
   109.0      0.3352    
   110.0      0.2917    
   111.0      0.2522    
   112.0      0.2166    
   113.0      0.1849    
   114.0      0.1569    
   115.0      0.1326    
   116.0      0.1117    
   117.0      0.9406E-01
   118.0      0.7940E-01
   119.0      0.6750E-01
   120.0      0.5809E-01
   121.0      0.5091E-01
   122.0      0.4569E-01
   123.0      0.4220E-01
   124.0      0.4017E-01
   125.0      0.3937E-01
   126.0      0.3957E-01
   127.0      0.4057E-01
   128.0      0.4218E-01
   129.0      0.4422E-01
   130.0      0.4653E-01
   131.0      0.4897E-01
   132.0      0.5142E-01
   133.0      0.5377E-01
   134.0      0.5592E-01
   135.0      0.5781E-01
   136.0      0.5938E-01
   137.0      0.6058E-01
   138.0      0.6138E-01
   139.0      0.6175E-01
   140.0      0.6170E-01
   141.0      0.6123E-01
   142.0      0.6034E-01
   143.0      0.5905E-01
   144.0      0.5740E-01
   145.0      0.5541E-01
   146.0      0.5312E-01
   147.0      0.5058E-01
   148.0      0.4783E-01
   149.0      0.4492E-01
   150.0      0.4189E-01
   151.0      0.3880E-01
   152.0      0.3568E-01
   153.0      0.3259E-01
   154.0      0.2957E-01
   155.0      0.2666E-01
   156.0      0.2389E-01
   157.0      0.2129E-01
   158.0      0.1890E-01
   159.0      0.1672E-01
   160.0      0.1479E-01
   161.0      0.1310E-01
   162.0      0.1167E-01
   163.0      0.1048E-01
   164.0      0.9542E-02
   165.0      0.8838E-02
   166.0      0.8352E-02
   167.0      0.8066E-02
   168.0      0.7956E-02
   169.0      0.7999E-02
   170.0      0.8165E-02
   171.0      0.8428E-02
   172.0      0.8759E-02
   173.0      0.9129E-02
   174.0      0.9511E-02
   175.0      0.9882E-02
   176.0      0.1022E-01
   177.0      0.1050E-01
   178.0      0.1071E-01
   179.0      0.1085E-01
   180.0      0.1089E-01
 END
