# 178 angles,  1 tensor ranks for 0=projectile
@subtitle   "p+O20 with CH89;"                                                              
@legend ON
@legend x1 0.2
@legend y1 0.8
@g0 type LOGY
@yaxis ticklabel format power
@legend string   0 "Lab energy =   35.0000"
#legend string   0 "Partition=  1 Excit=  1 near/far= 1"
#  Theta       sigma       iT11        T20         T21         T22         Kyy for projectile
   3.000      0.1319E+06
   4.000      0.3826E+05
   5.000      0.1492E+05
   6.000       7386.    
   7.000       4501.    
   8.000       3240.    
   9.000       2614.    
   10.00       2255.    
   11.00       2015.    
   12.00       1830.    
   13.00       1671.    
   14.00       1525.    
   15.00       1386.    
   16.00       1253.    
   17.00       1125.    
   18.00       1003.    
   19.00       887.4    
   20.00       778.6    
   21.00       677.5    
   22.00       584.5    
   23.00       499.9    
   24.00       423.9    
   25.00       356.3    
   26.00       297.1    
   27.00       245.9    
   28.00       202.3    
   29.00       165.7    
   30.00       135.6    
   31.00       111.4    
   32.00       92.46    
   33.00       78.07    
   34.00       67.61    
   35.00       60.46    
   36.00       56.04    
   37.00       53.80    
   38.00       53.23    
   39.00       53.89    
   40.00       55.38    
   41.00       57.36    
   42.00       59.56    
   43.00       61.72    
   44.00       63.67    
   45.00       65.28    
   46.00       66.43    
   47.00       67.07    
   48.00       67.17    
   49.00       66.72    
   50.00       65.75    
   51.00       64.28    
   52.00       62.37    
   53.00       60.08    
   54.00       57.46    
   55.00       54.59    
   56.00       51.52    
   57.00       48.33    
   58.00       45.08    
   59.00       41.81    
   60.00       38.58    
   61.00       35.44    
   62.00       32.42    
   63.00       29.54    
   64.00       26.84    
   65.00       24.33    
   66.00       22.01    
   67.00       19.90    
   68.00       18.00    
   69.00       16.30    
   70.00       14.79    
   71.00       13.46    
   72.00       12.31    
   73.00       11.32    
   74.00       10.47    
   75.00       9.749    
   76.00       9.144    
   77.00       8.638    
   78.00       8.217    
   79.00       7.867    
   80.00       7.575    
   81.00       7.330    
   82.00       7.121    
   83.00       6.939    
   84.00       6.776    
   85.00       6.626    
   86.00       6.482    
   87.00       6.339    
   88.00       6.195    
   89.00       6.047    
   90.00       5.892    
   91.00       5.730    
   92.00       5.560    
   93.00       5.382    
   94.00       5.197    
   95.00       5.004    
   96.00       4.806    
   97.00       4.603    
   98.00       4.396    
   99.00       4.188    
   100.0       3.979    
   101.0       3.771    
   102.0       3.564    
   103.0       3.362    
   104.0       3.163    
   105.0       2.971    
   106.0       2.785    
   107.0       2.606    
   108.0       2.436    
   109.0       2.275    
   110.0       2.124    
   111.0       1.982    
   112.0       1.850    
   113.0       1.728    
   114.0       1.617    
   115.0       1.516    
   116.0       1.425    
   117.0       1.344    
   118.0       1.273    
   119.0       1.211    
   120.0       1.157    
   121.0       1.112    
   122.0       1.073    
   123.0       1.042    
   124.0       1.017    
   125.0      0.9974    
   126.0      0.9822    
   127.0      0.9708    
   128.0      0.9625    
   129.0      0.9565    
   130.0      0.9519    
   131.0      0.9483    
   132.0      0.9447    
   133.0      0.9408    
   134.0      0.9359    
   135.0      0.9296    
   136.0      0.9215    
   137.0      0.9114    
   138.0      0.8992    
   139.0      0.8846    
   140.0      0.8679    
   141.0      0.8491    
   142.0      0.8284    
   143.0      0.8063    
   144.0      0.7830    
   145.0      0.7592    
   146.0      0.7353    
   147.0      0.7120    
   148.0      0.6898    
   149.0      0.6696    
   150.0      0.6518    
   151.0      0.6372    
   152.0      0.6264    
   153.0      0.6199    
   154.0      0.6182    
   155.0      0.6218    
   156.0      0.6310    
   157.0      0.6460    
   158.0      0.6670    
   159.0      0.6938    
   160.0      0.7265    
   161.0      0.7648    
   162.0      0.8082    
   163.0      0.8564    
   164.0      0.9086    
   165.0      0.9643    
   166.0       1.023    
   167.0       1.083    
   168.0       1.144    
   169.0       1.205    
   170.0       1.264    
   171.0       1.322    
   172.0       1.377    
   173.0       1.427    
   174.0       1.473    
   175.0       1.513    
   176.0       1.547    
   177.0       1.575    
   178.0       1.594    
   179.0       1.606    
   180.0       1.610    
 END
