# 178 angles,  1 tensor ranks for 0=projectile
@subtitle   "20O + d 2+1 inelastic;"                                                        
@legend ON
@legend x1 0.2
@legend y1 0.8
@g0 type LOGY
@yaxis ticklabel format power
@legend string   0 "Lab energy =   70.0000"
#legend string   0 "Partition=  1 Excit=  2 near/far= 1"
#  Theta       sigma       iT11        T20         T21         T22         Kyy for projectile
   3.000       9.940    
   4.000       8.973    
   5.000       8.292    
   6.000       8.230    
   7.000       8.983    
   8.000       10.51    
   9.000       12.54    
   10.00       14.70    
   11.00       16.65    
   12.00       18.12    
   13.00       18.92    
   14.00       18.96    
   15.00       18.20    
   16.00       16.71    
   17.00       14.66    
   18.00       12.33    
   19.00       9.980    
   20.00       7.858    
   21.00       6.115    
   22.00       4.829    
   23.00       4.015    
   24.00       3.634    
   25.00       3.605    
   26.00       3.815    
   27.00       4.140    
   28.00       4.469    
   29.00       4.724    
   30.00       4.856    
   31.00       4.850    
   32.00       4.704    
   33.00       4.438    
   34.00       4.081    
   35.00       3.672    
   36.00       3.253    
   37.00       2.858    
   38.00       2.508    
   39.00       2.216    
   40.00       1.983    
   41.00       1.808    
   42.00       1.683    
   43.00       1.597    
   44.00       1.534    
   45.00       1.481    
   46.00       1.426    
   47.00       1.362    
   48.00       1.287    
   49.00       1.201    
   50.00       1.104    
   51.00       1.000    
   52.00      0.8913    
   53.00      0.7832    
   54.00      0.6800    
   55.00      0.5849    
   56.00      0.5001    
   57.00      0.4266    
   58.00      0.3647    
   59.00      0.3142    
   60.00      0.2742    
   61.00      0.2429    
   62.00      0.2183    
   63.00      0.1986    
   64.00      0.1823    
   65.00      0.1683    
   66.00      0.1556    
   67.00      0.1435    
   68.00      0.1313    
   69.00      0.1192    
   70.00      0.1072    
   71.00      0.9559E-01
   72.00      0.8459E-01
   73.00      0.7418E-01
   74.00      0.6444E-01
   75.00      0.5556E-01
   76.00      0.4779E-01
   77.00      0.4125E-01
   78.00      0.3586E-01
   79.00      0.3140E-01
   80.00      0.2769E-01
   81.00      0.2461E-01
   82.00      0.2210E-01
   83.00      0.2008E-01
   84.00      0.1838E-01
   85.00      0.1685E-01
   86.00      0.1540E-01
   87.00      0.1403E-01
   88.00      0.1277E-01
   89.00      0.1161E-01
   90.00      0.1053E-01
   91.00      0.9463E-02
   92.00      0.8404E-02
   93.00      0.7404E-02
   94.00      0.6519E-02
   95.00      0.5769E-02
   96.00      0.5130E-02
   97.00      0.4572E-02
   98.00      0.4084E-02
   99.00      0.3673E-02
   100.0      0.3349E-02
   101.0      0.3098E-02
   102.0      0.2888E-02
   103.0      0.2694E-02
   104.0      0.2516E-02
   105.0      0.2362E-02
   106.0      0.2234E-02
   107.0      0.2119E-02
   108.0      0.1999E-02
   109.0      0.1865E-02
   110.0      0.1722E-02
   111.0      0.1583E-02
   112.0      0.1453E-02
   113.0      0.1323E-02
   114.0      0.1191E-02
   115.0      0.1062E-02
   116.0      0.9466E-03
   117.0      0.8508E-03
   118.0      0.7701E-03
   119.0      0.6914E-03
   120.0      0.6062E-03
   121.0      0.5221E-03
   122.0      0.4543E-03
   123.0      0.4093E-03
   124.0      0.3808E-03
   125.0      0.3572E-03
   126.0      0.3293E-03
   127.0      0.2972E-03
   128.0      0.2698E-03
   129.0      0.2532E-03
   130.0      0.2429E-03
   131.0      0.2307E-03
   132.0      0.2154E-03
   133.0      0.2018E-03
   134.0      0.1942E-03
   135.0      0.1941E-03
   136.0      0.1966E-03
   137.0      0.1927E-03
   138.0      0.1793E-03
   139.0      0.1641E-03
   140.0      0.1556E-03
   141.0      0.1547E-03
   142.0      0.1578E-03
   143.0      0.1597E-03
   144.0      0.1561E-03
   145.0      0.1476E-03
   146.0      0.1402E-03
   147.0      0.1368E-03
   148.0      0.1337E-03
   149.0      0.1283E-03
   150.0      0.1227E-03
   151.0      0.1181E-03
   152.0      0.1146E-03
   153.0      0.1131E-03
   154.0      0.1120E-03
   155.0      0.1070E-03
   156.0      0.9818E-04
   157.0      0.9117E-04
   158.0      0.8790E-04
   159.0      0.8579E-04
   160.0      0.8428E-04
   161.0      0.8355E-04
   162.0      0.8096E-04
   163.0      0.7646E-04
   164.0      0.7440E-04
   165.0      0.7500E-04
   166.0      0.7406E-04
   167.0      0.7223E-04
   168.0      0.7326E-04
   169.0      0.7522E-04
   170.0      0.7489E-04
   171.0      0.7508E-04
   172.0      0.7792E-04
   173.0      0.8077E-04
   174.0      0.8415E-04
   175.0      0.9074E-04
   176.0      0.9519E-04
   177.0      0.9119E-04
   178.0      0.8507E-04
   179.0      0.8538E-04
   180.0      0.8753E-04
 END
