# 178 angles,  1 tensor ranks for 0=projectile
@subtitle   "20O + d 2+1 inelastic;"                                                        
@legend ON
@legend x1 0.2
@legend y1 0.8
@g0 type LOGY
@yaxis ticklabel format power
@legend string   0 "Lab energy =   70.0000"
#legend string   0 "Partition=  1 Excit=  2 near/far= 1"
#  Theta       sigma       iT11        T20         T21         T22         Kyy for projectile
   3.000       50.17    
   4.000       47.00    
   5.000       46.50    
   6.000       50.21    
   7.000       58.75    
   8.000       71.52    
   9.000       86.85    
   10.00       102.5    
   11.00       116.2    
   12.00       126.0    
   13.00       130.7    
   14.00       129.6    
   15.00       122.9    
   16.00       111.4    
   17.00       96.45    
   18.00       79.98    
   19.00       63.77    
   20.00       49.36    
   21.00       37.78    
   22.00       29.54    
   23.00       24.70    
   24.00       22.90    
   25.00       23.50    
   26.00       25.69    
   27.00       28.61    
   28.00       31.50    
   29.00       33.80    
   30.00       35.16    
   31.00       35.43    
   32.00       34.63    
   33.00       32.89    
   34.00       30.45    
   35.00       27.60    
   36.00       24.61    
   37.00       21.71    
   38.00       19.09    
   39.00       16.84    
   40.00       15.00    
   41.00       13.56    
   42.00       12.47    
   43.00       11.65    
   44.00       11.02    
   45.00       10.48    
   46.00       9.978    
   47.00       9.451    
   48.00       8.876    
   49.00       8.244    
   50.00       7.560    
   51.00       6.837    
   52.00       6.097    
   53.00       5.366    
   54.00       4.670    
   55.00       4.028    
   56.00       3.454    
   57.00       2.954    
   58.00       2.532    
   59.00       2.183    
   60.00       1.902    
   61.00       1.679    
   62.00       1.502    
   63.00       1.359    
   64.00       1.241    
   65.00       1.141    
   66.00       1.051    
   67.00      0.9664    
   68.00      0.8846    
   69.00      0.8043    
   70.00      0.7255    
   71.00      0.6493    
   72.00      0.5765    
   73.00      0.5077    
   74.00      0.4438    
   75.00      0.3855    
   76.00      0.3338    
   77.00      0.2892    
   78.00      0.2514    
   79.00      0.2197    
   80.00      0.1931    
   81.00      0.1708    
   82.00      0.1522    
   83.00      0.1369    
   84.00      0.1239    
   85.00      0.1127    
   86.00      0.1026    
   87.00      0.9331E-01
   88.00      0.8482E-01
   89.00      0.7700E-01
   90.00      0.6972E-01
   91.00      0.6281E-01
   92.00      0.5622E-01
   93.00      0.5009E-01
   94.00      0.4458E-01
   95.00      0.3974E-01
   96.00      0.3553E-01
   97.00      0.3184E-01
   98.00      0.2861E-01
   99.00      0.2585E-01
   100.0      0.2356E-01
   101.0      0.2169E-01
   102.0      0.2013E-01
   103.0      0.1879E-01
   104.0      0.1761E-01
   105.0      0.1659E-01
   106.0      0.1571E-01
   107.0      0.1493E-01
   108.0      0.1419E-01
   109.0      0.1342E-01
   110.0      0.1263E-01
   111.0      0.1186E-01
   112.0      0.1110E-01
   113.0      0.1036E-01
   114.0      0.9616E-02
   115.0      0.8879E-02
   116.0      0.8175E-02
   117.0      0.7521E-02
   118.0      0.6912E-02
   119.0      0.6321E-02
   120.0      0.5732E-02
   121.0      0.5164E-02
   122.0      0.4658E-02
   123.0      0.4240E-02
   124.0      0.3900E-02
   125.0      0.3606E-02
   126.0      0.3331E-02
   127.0      0.3074E-02
   128.0      0.2857E-02
   129.0      0.2700E-02
   130.0      0.2595E-02
   131.0      0.2522E-02
   132.0      0.2468E-02
   133.0      0.2438E-02
   134.0      0.2441E-02
   135.0      0.2480E-02
   136.0      0.2539E-02
   137.0      0.2593E-02
   138.0      0.2631E-02
   139.0      0.2663E-02
   140.0      0.2707E-02
   141.0      0.2768E-02
   142.0      0.2835E-02
   143.0      0.2891E-02
   144.0      0.2924E-02
   145.0      0.2936E-02
   146.0      0.2939E-02
   147.0      0.2939E-02
   148.0      0.2932E-02
   149.0      0.2912E-02
   150.0      0.2883E-02
   151.0      0.2851E-02
   152.0      0.2823E-02
   153.0      0.2799E-02
   154.0      0.2772E-02
   155.0      0.2736E-02
   156.0      0.2692E-02
   157.0      0.2654E-02
   158.0      0.2630E-02
   159.0      0.2619E-02
   160.0      0.2617E-02
   161.0      0.2619E-02
   162.0      0.2619E-02
   163.0      0.2619E-02
   164.0      0.2627E-02
   165.0      0.2646E-02
   166.0      0.2669E-02
   167.0      0.2697E-02
   168.0      0.2729E-02
   169.0      0.2761E-02
   170.0      0.2786E-02
   171.0      0.2810E-02
   172.0      0.2837E-02
   173.0      0.2871E-02
   174.0      0.2911E-02
   175.0      0.2953E-02
   176.0      0.2979E-02
   177.0      0.2976E-02
   178.0      0.2953E-02
   179.0      0.2932E-02
   180.0      0.2925E-02
 END
