# 178 angles,  1 tensor ranks for 0=projectile
@subtitle   "p+O20 with CH89;"                                                              
@legend ON
@legend x1 0.2
@legend y1 0.8
@g0 type LOGY
@yaxis ticklabel format power
@legend string   0 "Lab energy =   35.0000"
#legend string   0 "Partition=  1 Excit=  1 near/far= 1"
#  Theta       sigma       iT11        T20         T21         T22         Kyy for projectile
   3.000      0.1316E+06
   4.000      0.3806E+05
   5.000      0.1478E+05
   6.000       7283.    
   7.000       4421.    
   8.000       3176.    
   9.000       2563.    
   10.00       2214.    
   11.00       1983.    
   12.00       1805.    
   13.00       1652.    
   14.00       1511.    
   15.00       1377.    
   16.00       1248.    
   17.00       1123.    
   18.00       1004.    
   19.00       889.8    
   20.00       782.3    
   21.00       681.7    
   22.00       588.7    
   23.00       503.6    
   24.00       426.6    
   25.00       357.6    
   26.00       296.5    
   27.00       243.1    
   28.00       197.1    
   29.00       157.9    
   30.00       125.1    
   31.00       98.04    
   32.00       76.25    
   33.00       59.09    
   34.00       45.96    
   35.00       36.29    
   36.00       29.54    
   37.00       25.18    
   38.00       22.74    
   39.00       21.80    
   40.00       21.96    
   41.00       22.90    
   42.00       24.33    
   43.00       26.02    
   44.00       27.76    
   45.00       29.40    
   46.00       30.84    
   47.00       31.98    
   48.00       32.78    
   49.00       33.20    
   50.00       33.24    
   51.00       32.92    
   52.00       32.25    
   53.00       31.28    
   54.00       30.03    
   55.00       28.56    
   56.00       26.91    
   57.00       25.14    
   58.00       23.27    
   59.00       21.37    
   60.00       19.46    
   61.00       17.57    
   62.00       15.75    
   63.00       14.01    
   64.00       12.37    
   65.00       10.85    
   66.00       9.453    
   67.00       8.189    
   68.00       7.060    
   69.00       6.064    
   70.00       5.197    
   71.00       4.455    
   72.00       3.828    
   73.00       3.308    
   74.00       2.885    
   75.00       2.549    
   76.00       2.288    
   77.00       2.093    
   78.00       1.953    
   79.00       1.859    
   80.00       1.800    
   81.00       1.770    
   82.00       1.760    
   83.00       1.764    
   84.00       1.776    
   85.00       1.792    
   86.00       1.807    
   87.00       1.819    
   88.00       1.824    
   89.00       1.822    
   90.00       1.811    
   91.00       1.790    
   92.00       1.759    
   93.00       1.719    
   94.00       1.670    
   95.00       1.612    
   96.00       1.548    
   97.00       1.477    
   98.00       1.402    
   99.00       1.323    
   100.0       1.241    
   101.0       1.158    
   102.0       1.074    
   103.0      0.9911    
   104.0      0.9098    
   105.0      0.8310    
   106.0      0.7552    
   107.0      0.6833    
   108.0      0.6155    
   109.0      0.5523    
   110.0      0.4939    
   111.0      0.4406    
   112.0      0.3923    
   113.0      0.3492    
   114.0      0.3110    
   115.0      0.2777    
   116.0      0.2491    
   117.0      0.2249    
   118.0      0.2049    
   119.0      0.1886    
   120.0      0.1759    
   121.0      0.1664    
   122.0      0.1596    
   123.0      0.1553    
   124.0      0.1530    
   125.0      0.1525    
   126.0      0.1534    
   127.0      0.1554    
   128.0      0.1581    
   129.0      0.1614    
   130.0      0.1649    
   131.0      0.1684    
   132.0      0.1717    
   133.0      0.1746    
   134.0      0.1771    
   135.0      0.1789    
   136.0      0.1800    
   137.0      0.1802    
   138.0      0.1797    
   139.0      0.1783    
   140.0      0.1761    
   141.0      0.1730    
   142.0      0.1693    
   143.0      0.1648    
   144.0      0.1598    
   145.0      0.1543    
   146.0      0.1484    
   147.0      0.1423    
   148.0      0.1360    
   149.0      0.1297    
   150.0      0.1236    
   151.0      0.1177    
   152.0      0.1122    
   153.0      0.1071    
   154.0      0.1027    
   155.0      0.9888E-01
   156.0      0.9581E-01
   157.0      0.9353E-01
   158.0      0.9208E-01
   159.0      0.9148E-01
   160.0      0.9173E-01
   161.0      0.9281E-01
   162.0      0.9470E-01
   163.0      0.9734E-01
   164.0      0.1007    
   165.0      0.1046    
   166.0      0.1091    
   167.0      0.1139    
   168.0      0.1191    
   169.0      0.1244    
   170.0      0.1299    
   171.0      0.1352    
   172.0      0.1404    
   173.0      0.1452    
   174.0      0.1497    
   175.0      0.1537    
   176.0      0.1570    
   177.0      0.1597    
   178.0      0.1617    
   179.0      0.1629    
   180.0      0.1633    
 END
