# 178 angles,  1 tensor ranks for 0=projectile
@subtitle   "p+O20 with CH89;"                                                              
@legend ON
@legend x1 0.2
@legend y1 0.8
@g0 type LOGY
@yaxis ticklabel format power
@legend string   0 "Lab energy =   35.0000"
#legend string   0 "Partition=  1 Excit=  1 near/far= 1"
#  Theta       sigma       iT11        T20         T21         T22         Kyy for projectile
   3.000      0.1299E+06
   4.000      0.3612E+05
   5.000      0.1300E+05
   6.000       5707.    
   7.000       3041.    
   8.000       1969.    
   9.000       1506.    
   10.00       1290.    
   11.00       1178.    
   12.00       1106.    
   13.00       1049.    
   14.00       995.8    
   15.00       940.8    
   16.00       883.3    
   17.00       823.3    
   18.00       761.5    
   19.00       699.1    
   20.00       636.9    
   21.00       575.8    
   22.00       516.6    
   23.00       460.0    
   24.00       406.5    
   25.00       356.4    
   26.00       310.0    
   27.00       267.4    
   28.00       228.8    
   29.00       194.0    
   30.00       163.0    
   31.00       135.6    
   32.00       111.7    
   33.00       90.96    
   34.00       73.24    
   35.00       58.25    
   36.00       45.72    
   37.00       35.39    
   38.00       27.00    
   39.00       20.31    
   40.00       15.07    
   41.00       11.07    
   42.00       8.113    
   43.00       6.008    
   44.00       4.593    
   45.00       3.722    
   46.00       3.271    
   47.00       3.129    
   48.00       3.206    
   49.00       3.426    
   50.00       3.728    
   51.00       4.061    
   52.00       4.390    
   53.00       4.686    
   54.00       4.930    
   55.00       5.110    
   56.00       5.220    
   57.00       5.258    
   58.00       5.227    
   59.00       5.131    
   60.00       4.976    
   61.00       4.772    
   62.00       4.527    
   63.00       4.250    
   64.00       3.949    
   65.00       3.634    
   66.00       3.311    
   67.00       2.989    
   68.00       2.671    
   69.00       2.365    
   70.00       2.074    
   71.00       1.801    
   72.00       1.549    
   73.00       1.319    
   74.00       1.112    
   75.00      0.9288    
   76.00      0.7682    
   77.00      0.6299    
   78.00      0.5127    
   79.00      0.4152    
   80.00      0.3359    
   81.00      0.2729    
   82.00      0.2246    
   83.00      0.1891    
   84.00      0.1646    
   85.00      0.1493    
   86.00      0.1417    
   87.00      0.1402    
   88.00      0.1434    
   89.00      0.1501    
   90.00      0.1591    
   91.00      0.1695    
   92.00      0.1804    
   93.00      0.1912    
   94.00      0.2012    
   95.00      0.2102    
   96.00      0.2177    
   97.00      0.2235    
   98.00      0.2274    
   99.00      0.2295    
   100.0      0.2297    
   101.0      0.2280    
   102.0      0.2246    
   103.0      0.2196    
   104.0      0.2132    
   105.0      0.2055    
   106.0      0.1966    
   107.0      0.1869    
   108.0      0.1765    
   109.0      0.1655    
   110.0      0.1542    
   111.0      0.1428    
   112.0      0.1312    
   113.0      0.1198    
   114.0      0.1086    
   115.0      0.9780E-01
   116.0      0.8738E-01
   117.0      0.7746E-01
   118.0      0.6810E-01
   119.0      0.5935E-01
   120.0      0.5124E-01
   121.0      0.4379E-01
   122.0      0.3701E-01
   123.0      0.3090E-01
   124.0      0.2545E-01
   125.0      0.2063E-01
   126.0      0.1644E-01
   127.0      0.1284E-01
   128.0      0.9801E-02
   129.0      0.7283E-02
   130.0      0.5251E-02
   131.0      0.3665E-02
   132.0      0.2486E-02
   133.0      0.1673E-02
   134.0      0.1189E-02
   135.0      0.9943E-03
   136.0      0.1052E-02
   137.0      0.1328E-02
   138.0      0.1789E-02
   139.0      0.2403E-02
   140.0      0.3143E-02
   141.0      0.3983E-02
   142.0      0.4897E-02
   143.0      0.5867E-02
   144.0      0.6871E-02
   145.0      0.7894E-02
   146.0      0.8922E-02
   147.0      0.9941E-02
   148.0      0.1094E-01
   149.0      0.1192E-01
   150.0      0.1286E-01
   151.0      0.1376E-01
   152.0      0.1462E-01
   153.0      0.1543E-01
   154.0      0.1619E-01
   155.0      0.1691E-01
   156.0      0.1758E-01
   157.0      0.1820E-01
   158.0      0.1877E-01
   159.0      0.1930E-01
   160.0      0.1978E-01
   161.0      0.2022E-01
   162.0      0.2063E-01
   163.0      0.2099E-01
   164.0      0.2133E-01
   165.0      0.2163E-01
   166.0      0.2189E-01
   167.0      0.2214E-01
   168.0      0.2235E-01
   169.0      0.2254E-01
   170.0      0.2271E-01
   171.0      0.2286E-01
   172.0      0.2299E-01
   173.0      0.2310E-01
   174.0      0.2319E-01
   175.0      0.2327E-01
   176.0      0.2334E-01
   177.0      0.2338E-01
   178.0      0.2342E-01
   179.0      0.2344E-01
   180.0      0.2345E-01
 END
