# 178 angles,  1 tensor ranks for 0=projectile
@subtitle   "p+O20 3- E. Khan reanalysis;"                                                  
@legend ON
@legend x1 0.2
@legend y1 0.8
@g0 type LOGY
@yaxis ticklabel format power
@legend string   0 "Lab energy =   43.2700"
#legend string   0 "Partition=  1 Excit=  2 near/far= 1"
#  Theta       sigma       iT11        T20         T21         T22         Kyy for projectile
   3.000       3.380    
   4.000       3.639    
   5.000       3.959    
   6.000       4.328    
   7.000       4.739    
   8.000       5.180    
   9.000       5.645    
   10.00       6.129    
   11.00       6.626    
   12.00       7.132    
   13.00       7.646    
   14.00       8.164    
   15.00       8.686    
   16.00       9.213    
   17.00       9.746    
   18.00       10.29    
   19.00       10.84    
   20.00       11.40    
   21.00       11.97    
   22.00       12.54    
   23.00       13.11    
   24.00       13.68    
   25.00       14.24    
   26.00       14.77    
   27.00       15.27    
   28.00       15.73    
   29.00       16.13    
   30.00       16.46    
   31.00       16.72    
   32.00       16.90    
   33.00       16.98    
   34.00       16.96    
   35.00       16.84    
   36.00       16.62    
   37.00       16.30    
   38.00       15.88    
   39.00       15.37    
   40.00       14.78    
   41.00       14.11    
   42.00       13.38    
   43.00       12.60    
   44.00       11.79    
   45.00       10.95    
   46.00       10.10    
   47.00       9.260    
   48.00       8.430    
   49.00       7.626    
   50.00       6.857    
   51.00       6.132    
   52.00       5.458    
   53.00       4.839    
   54.00       4.279    
   55.00       3.780    
   56.00       3.343    
   57.00       2.966    
   58.00       2.648    
   59.00       2.385    
   60.00       2.173    
   61.00       2.009    
   62.00       1.885    
   63.00       1.798    
   64.00       1.741    
   65.00       1.710    
   66.00       1.697    
   67.00       1.700    
   68.00       1.711    
   69.00       1.728    
   70.00       1.747    
   71.00       1.764    
   72.00       1.776    
   73.00       1.781    
   74.00       1.779    
   75.00       1.767    
   76.00       1.745    
   77.00       1.713    
   78.00       1.671    
   79.00       1.620    
   80.00       1.559    
   81.00       1.491    
   82.00       1.417    
   83.00       1.337    
   84.00       1.253    
   85.00       1.167    
   86.00       1.079    
   87.00      0.9903    
   88.00      0.9028    
   89.00      0.8172    
   90.00      0.7345    
   91.00      0.6554    
   92.00      0.5806    
   93.00      0.5105    
   94.00      0.4456    
   95.00      0.3862    
   96.00      0.3324    
   97.00      0.2842    
   98.00      0.2415    
   99.00      0.2043    
   100.0      0.1722    
   101.0      0.1451    
   102.0      0.1225    
   103.0      0.1041    
   104.0      0.8953E-01
   105.0      0.7839E-01
   106.0      0.7025E-01
   107.0      0.6473E-01
   108.0      0.6142E-01
   109.0      0.5994E-01
   110.0      0.5996E-01
   111.0      0.6113E-01
   112.0      0.6316E-01
   113.0      0.6579E-01
   114.0      0.6878E-01
   115.0      0.7192E-01
   116.0      0.7503E-01
   117.0      0.7797E-01
   118.0      0.8062E-01
   119.0      0.8288E-01
   120.0      0.8470E-01
   121.0      0.8603E-01
   122.0      0.8683E-01
   123.0      0.8710E-01
   124.0      0.8685E-01
   125.0      0.8609E-01
   126.0      0.8484E-01
   127.0      0.8315E-01
   128.0      0.8105E-01
   129.0      0.7860E-01
   130.0      0.7583E-01
   131.0      0.7280E-01
   132.0      0.6955E-01
   133.0      0.6614E-01
   134.0      0.6261E-01
   135.0      0.5900E-01
   136.0      0.5536E-01
   137.0      0.5172E-01
   138.0      0.4812E-01
   139.0      0.4458E-01
   140.0      0.4114E-01
   141.0      0.3781E-01
   142.0      0.3462E-01
   143.0      0.3159E-01
   144.0      0.2871E-01
   145.0      0.2601E-01
   146.0      0.2350E-01
   147.0      0.2117E-01
   148.0      0.1903E-01
   149.0      0.1707E-01
   150.0      0.1531E-01
   151.0      0.1372E-01
   152.0      0.1232E-01
   153.0      0.1109E-01
   154.0      0.1002E-01
   155.0      0.9117E-02
   156.0      0.8362E-02
   157.0      0.7748E-02
   158.0      0.7266E-02
   159.0      0.6906E-02
   160.0      0.6658E-02
   161.0      0.6512E-02
   162.0      0.6457E-02
   163.0      0.6483E-02
   164.0      0.6578E-02
   165.0      0.6732E-02
   166.0      0.6934E-02
   167.0      0.7174E-02
   168.0      0.7443E-02
   169.0      0.7731E-02
   170.0      0.8029E-02
   171.0      0.8327E-02
   172.0      0.8617E-02
   173.0      0.8891E-02
   174.0      0.9144E-02
   175.0      0.9368E-02
   176.0      0.9559E-02
   177.0      0.9712E-02
   178.0      0.9825E-02
   179.0      0.9894E-02
   180.0      0.9917E-02
 END
