# Fusion cross sections for ELAB=  70.000, ECM=  63.597
     0.0   1.741       1.743      0.2173E-02
     1.0   15.68       15.75      0.6941E-01
     2.0   26.30       26.62      0.3189    
     3.0   37.07       37.80      0.7270    
     4.0   47.97       49.17       1.200    
     5.0   58.77       60.45       1.683    
     6.0   69.68       71.70       2.022    
     7.0   80.61       83.02       2.410    
     8.0   90.66       93.71       3.049    
     9.0   97.97       101.8       3.854    
    10.0   99.79       104.5       4.753    
    11.0   93.05       98.54       5.481    
    12.0   77.08       82.32       5.240    
    13.0   56.70       60.63       3.923    
    14.0   38.20       40.70       2.497    
    15.0   24.53       25.91       1.381    
    16.0   15.33       15.99      0.6581    
    17.0   9.404       9.686      0.2825    
    18.0   5.704       5.819      0.1146    
    19.0   3.437       3.482      0.4521E-01
    20.0   2.062       2.079      0.1757E-01
    21.0   1.233       1.240      0.6773E-02
    22.0  0.7354      0.7380      0.2596E-02
    23.0  0.4377      0.4387      0.9899E-03
    24.0  0.2599      0.2603      0.3757E-03
    25.0  0.1540      0.1542      0.1418E-03
    26.0  0.9110E-01  0.9115E-01  0.5316E-04
    27.0  0.5378E-01  0.5380E-01  0.1975E-04
    28.0  0.3169E-01  0.3170E-01  0.7251E-05
    29.0  0.1864E-01  0.1865E-01  0.2615E-05
    30.0  0.1095E-01  0.1095E-01  0.9182E-06
    31.0  0.6422E-02  0.6422E-02  0.3094E-06
    32.0  0.3761E-02  0.3761E-02  0.9753E-07
    33.0  0.2199E-02  0.2199E-02  0.2744E-07
    34.0  0.1284E-02  0.1284E-02  0.6324E-08
    35.0  0.7492E-03  0.7492E-03  0.1168E-08
    36.0  0.4365E-03  0.4365E-03  0.6468E-09
    37.0  0.2541E-03  0.2541E-03  0.1123E-08
    38.0  0.1477E-03  0.1477E-03  0.1572E-08
    39.0  0.8581E-04  0.8581E-04  0.1802E-08
    40.0  0.4979E-04  0.4979E-04  0.1844E-08
    41.0  0.2887E-04  0.2887E-04  0.1769E-08
    42.0  0.1672E-04  0.1672E-04  0.1632E-08
    43.0  0.9680E-05  0.9681E-05  0.1471E-08
    44.0  0.5598E-05  0.5600E-05  0.1306E-08
    45.0  0.3235E-05  0.3237E-05  0.1149E-08
    46.0  0.1869E-05  0.1870E-05  0.1005E-08
    47.0  0.1078E-05  0.1079E-05  0.8766E-09
    48.0  0.6220E-06  0.6228E-06  0.7627E-09
    49.0  0.3585E-06  0.3592E-06  0.6630E-09
    50.0  0.2065E-06  0.2071E-06  0.5760E-09
 &
