           2           1           1
    0.0-     1 1   1.743       0.000      0.2173E-02   1.741    
    1.0+     0 1   5.218      0.1118E-04  0.1380E-01   5.204    
    1.0+     2 2   5.291      0.1118E-04  0.3727E-01   5.254    
    1.0-     1 1   5.241       0.000      0.1832E-01   5.222    
    2.0+     2 1   8.868       0.000      0.1083       8.760    
    2.0-     1 1   8.804      0.1752E-04  0.9090E-01   8.713    
    2.0-     3 2   8.947      0.1752E-04  0.1197       8.827    
    3.0+     2 1   12.52      0.2008E-04  0.2512       12.27    
    3.0+     4 2   12.68      0.2008E-04  0.2289       12.45    
    3.0-     3 1   12.60       0.000      0.2469       12.35    
    4.0+     4 1   16.36       0.000      0.3865       15.97    
    4.0-     3 1   16.30      0.1770E-04  0.4394       15.86    
    4.0-     5 2   16.50      0.1770E-04  0.3743       16.13    
    5.0+     4 1   20.06      0.1115E-04  0.6105       19.45    
    5.0+     6 2   20.23      0.1115E-04  0.5548       19.68    
    5.0-     5 1   20.16       0.000      0.5176       19.64    
    6.0+     6 1   23.92       0.000      0.6997       23.22    
    6.0-     5 1   23.80      0.5300E-05  0.7046       23.09    
    6.0-     7 2   23.98      0.5300E-05  0.6176       23.36    
    7.0+     6 1   27.56      0.3488E-05  0.8221       26.73    
    7.0+     8 2   27.89      0.3488E-05  0.8301       27.06    
    7.0-     7 1   27.57       0.000      0.7582       26.82    
    8.0+     8 1   31.52       0.000      0.7640       30.75    
    8.0-     7 1   31.21      0.2003E-05  0.9161       30.29    
    8.0-     9 2   30.98      0.2003E-05   1.368       29.62    
    9.0+     8 1   34.92      0.6346E-06  0.8063       34.11    
    9.0+    10 2   31.58      0.6346E-06   1.832       29.75    
    9.0-     9 1   35.32       0.000       1.216       34.11    
   10.0+    10 1   36.68       0.000       1.882       34.80    
   10.0-     9 1   39.21      0.1633E-06  0.9344       38.28    
   10.0-    11 2   28.65      0.1633E-06   1.937       26.72    
   11.0+    10 1   42.08      0.3698E-07   1.720       40.36    
   11.0+    12 2   23.02      0.3698E-07   1.661       21.36    
   11.0-    11 1   33.43       0.000       2.101       31.33    
   12.0+    12 1   26.46       0.000       1.803       24.66    
   12.0-    11 1   39.17      0.4030E-08   2.262       36.90    
   12.0-    13 2   16.69      0.4030E-08   1.174       15.52    
   13.0+    12 1   30.63      0.1827E-09   1.943       28.69    
   13.0+    14 2   11.24      0.1827E-09  0.6928       10.54    
   13.0-    13 1   18.76       0.000       1.287       17.47    
   14.0+    14 1   12.39       0.000      0.7659       11.62    
   14.0-    13 1   21.12      0.4386E-11   1.382       19.74    
   14.0-    15 2   7.189      0.4386E-11  0.3490       6.840    
   15.0+    14 1   13.64      0.7484E-13  0.8403       12.80    
   15.0+    16 2   4.460      0.7484E-13  0.1569       4.303    
   15.0-    15 1   7.813       0.000      0.3840       7.429    
   16.0+    16 1   4.795       0.000      0.1706       4.624    
   16.0-    15 1   8.470      0.1096E-14  0.4216       8.049    
   16.0-    17 2   2.720      0.1096E-14  0.6580E-01   2.654    
   17.0+    16 1   5.141      0.1521E-16  0.1852       4.956    
   17.0+    18 2   1.644      0.1521E-16  0.2653E-01   1.617    
   17.0-    17 1   2.901       0.000      0.7074E-01   2.831    
   18.0+    18 1   1.744       0.000      0.2827E-01   1.715    
   18.0-    17 1   3.086      0.2089E-18  0.7588E-01   3.010    
   18.0-    19 2  0.9890      0.2089E-18  0.1046E-01  0.9785    
   19.0+    18 1   1.844      0.2894E-20  0.3006E-01   1.814    
   19.0+    20 2  0.5931      0.2895E-20  0.4074E-02  0.5890    
   19.0-    19 1   1.044       0.000      0.1108E-01   1.033    
   20.0+    20 1  0.6242       0.000      0.4294E-02  0.6199    
   20.0-    19 1   1.100      0.4073E-22  0.1171E-01   1.088    
   20.0-    21 2  0.3549      0.4074E-22  0.1573E-02  0.3533    
   21.0+    20 1  0.6554      0.5780E-24  0.4516E-02  0.6509    
   21.0+    22 2  0.2119      0.5824E-24  0.6040E-03  0.2113    
   21.0-    21 1  0.3724       0.000      0.1653E-02  0.3708    
   22.0+    22 1  0.2218       0.000      0.6326E-03  0.2212    
   22.0-    21 1  0.3900      0.9102E-26  0.1732E-02  0.3882    
   22.0-    23 2  0.1262      0.8456E-26  0.2306E-03  0.1260    
   23.0+    22 1  0.2317      0.7692E-28  0.6613E-03  0.2311    
   23.0+    24 2  0.7505E-01  0.1243E-27  0.8755E-04  0.7496E-01
   23.0-    23 1  0.1319       0.000      0.2410E-03  0.1316    
   24.0+    24 1  0.7825E-01   0.000      0.9130E-04  0.7816E-01
   24.0-    23 1  0.1375      0.3933E-27  0.2513E-03  0.1373    
   24.0-    25 2  0.4453E-01  0.1866E-29  0.3303E-04  0.4449E-01
   25.0+    24 1  0.8145E-01  0.1008E-27  0.9506E-04  0.8136E-01
   25.0+    26 2  0.2637E-01  0.2807E-31  0.1236E-04  0.2635E-01
   25.0-    25 1  0.4635E-01   0.000      0.3438E-04  0.4631E-01
   26.0+    26 1  0.2740E-01   0.000      0.1285E-04  0.2739E-01
   26.0-    25 1  0.4817E-01  0.1705E-28  0.3574E-04  0.4813E-01
   26.0-    27 2  0.1558E-01  0.2736E-33  0.4578E-05  0.1558E-01
   27.0+    26 1  0.2844E-01  0.1381E-28  0.1333E-04  0.2842E-01
   27.0+    28 2  0.9192E-02  0.1105E-35  0.1670E-05  0.9191E-02
   27.0-    27 1  0.1617E-01   0.000      0.4751E-05  0.1617E-01
   28.0+    28 1  0.9527E-02   0.000      0.1731E-05  0.9525E-02
   28.0-    27 1  0.1676E-01  0.1706E-27  0.4924E-05  0.1675E-01
   28.0-    29 2  0.5413E-02  0.5244E-35  0.5962E-06  0.5413E-02
   29.0+    28 1  0.9861E-02  0.5159E-28  0.1792E-05  0.9859E-02
   29.0+    30 2  0.3182E-02  0.6355E-35  0.2058E-06  0.3182E-02
   29.0-    29 1  0.5603E-02   0.000      0.6171E-06  0.5602E-02
   30.0+    30 1  0.3290E-02   0.000      0.2128E-06  0.3290E-02
   30.0-    29 1  0.5793E-02  0.1350E-27  0.6381E-06  0.5792E-02
   30.0-    31 2  0.1868E-02  0.3357E-35  0.6734E-07  0.1868E-02
   31.0+    30 1  0.3398E-02  0.7159E-29  0.2198E-06  0.3398E-02
   31.0+    32 2  0.1095E-02  0.1060E-35  0.2010E-07  0.1095E-02
   31.0-    31 1  0.1929E-02   0.000      0.6954E-07  0.1929E-02
   32.0+    32 1  0.1130E-02   0.000      0.2074E-07  0.1129E-02
   32.0-    31 1  0.1990E-02  0.6966E-29  0.7175E-07  0.1990E-02
   32.0-    33 2  0.6407E-03  0.8357E-36  0.5046E-08  0.6407E-03
   33.0+    32 1  0.1164E-02  0.8321E-29  0.2137E-07  0.1164E-02
   33.0+    34 2  0.3745E-03  0.3623E-36  0.8660E-09  0.3745E-03
   33.0-    33 1  0.6604E-03   0.000      0.5201E-08  0.6604E-03
   34.0+    34 1  0.3857E-03   0.000      0.8919E-09  0.3857E-03
   34.0-    33 1  0.6801E-03  0.1643E-30  0.5356E-08  0.6801E-03
   34.0-    35 2  0.2186E-03  0.2212E-35  0.7559E-10  0.2186E-03
   35.0+    34 1  0.3968E-03  0.5096E-29  0.9177E-09  0.3968E-03
   35.0+    36 2  0.1275E-03  0.1629E-35  0.1721E-09  0.1275E-03
   35.0-    35 1  0.2249E-03   0.000      0.7778E-10  0.2249E-03
   36.0+    36 1  0.1310E-03   0.000      0.1769E-09  0.1310E-03
   36.0-    35 1  0.2313E-03  0.7207E-28  0.7996E-10  0.2313E-03
   36.0-    37 2  0.7423E-04  0.7075E-36  0.3899E-09  0.7423E-04
   37.0+    36 1  0.1346E-03  0.6683E-28  0.1818E-09  0.1346E-03
   37.0+    38 2  0.4318E-04  0.1072E-36  0.5403E-09  0.4318E-04
   37.0-    37 1  0.7626E-04   0.000      0.4006E-09  0.7626E-04
   38.0+    38 1  0.4433E-04   0.000      0.5547E-09  0.4433E-04
   38.0-    37 1  0.7830E-04  0.1830E-28  0.4113E-09  0.7830E-04
   38.0-    39 2  0.2510E-04  0.1454E-36  0.6058E-09  0.2510E-04
   39.0+    38 1  0.4549E-04  0.4247E-29  0.5691E-09  0.4549E-04
   39.0+    40 2  0.1457E-04  0.4530E-37  0.6110E-09  0.1457E-04
   39.0-    39 1  0.2575E-04   0.000      0.6216E-09  0.2575E-04
   40.0+    40 1  0.1494E-04   0.000      0.6265E-09  0.1494E-04
   40.0-    39 1  0.2640E-04  0.1386E-28  0.6373E-09  0.2640E-04
   40.0-    41 2  0.8453E-05  0.1754E-36  0.5805E-09  0.8452E-05
   41.0+    40 1  0.1531E-04  0.1598E-28  0.6419E-09  0.1531E-04
   41.0+    42 2  0.4899E-05  0.6380E-37  0.5323E-09  0.4899E-05
   41.0-    41 1  0.8662E-05   0.000      0.5948E-09  0.8661E-05
   42.0+    42 1  0.5017E-05   0.000      0.5451E-09  0.5017E-05
   42.0-    41 1  0.8870E-05  0.1524E-30  0.6092E-09  0.8870E-05
   42.0-    43 2  0.2837E-05  0.1766E-36  0.4781E-09  0.2837E-05
   43.0+    42 1  0.5135E-05  0.1627E-28  0.5580E-09  0.5135E-05
   43.0+    44 2  0.1642E-05  0.2109E-37  0.4234E-09  0.1641E-05
   43.0-    43 1  0.2904E-05   0.000      0.4894E-09  0.2903E-05
   44.0+    44 1  0.1680E-05   0.000      0.4332E-09  0.1679E-05
   44.0-    43 1  0.2971E-05  0.3590E-29  0.5006E-09  0.2970E-05
   44.0-    45 2  0.9494E-06  0.1083E-36  0.3722E-09  0.9490E-06
   45.0+    44 1  0.1717E-05  0.5205E-30  0.4429E-09  0.1717E-05
   45.0+    46 2  0.5486E-06  0.4586E-39  0.3255E-09  0.5483E-06
   45.0-    45 1  0.9707E-06   0.000      0.3806E-09  0.9703E-06
   46.0+    46 1  0.5607E-06   0.000      0.3327E-09  0.5604E-06
   46.0-    45 1  0.9921E-06  0.6534E-32  0.3890E-09  0.9917E-06
   46.0-    47 2  0.3168E-06  0.3189E-38  0.2836E-09  0.3166E-06
   47.0+    46 1  0.5727E-06  0.5164E-29  0.3398E-09  0.5724E-06
   47.0+    48 2  0.1829E-06  0.3657E-37  0.2470E-09  0.1826E-06
   47.0-    47 1  0.3237E-06   0.000      0.2897E-09  0.3234E-06
   48.0+    48 1  0.1867E-06   0.000      0.2522E-09  0.1865E-06
   48.0-    47 1  0.3305E-06  0.9912E-29  0.2958E-09  0.3302E-06
   48.0-    49 2  0.1055E-06  0.5367E-38  0.2146E-09  0.1053E-06
   49.0+    48 1  0.1906E-06  0.3842E-31  0.2574E-09  0.1903E-06
   49.0+    50 2  0.6087E-07  0.3846E-38  0.1866E-09  0.6068E-07
   49.0-    49 1  0.1077E-06   0.000      0.2191E-09  0.1075E-06
   50.0+    50 1  0.6210E-07   0.000      0.1903E-09  0.6191E-07
   50.0-    49 1  0.1099E-06  0.1870E-29  0.2235E-09  0.1097E-06
   50.0-    51 2  0.3511E-07  0.5427E-38  0.1622E-09  0.3494E-07
