# 178 angles,  1 tensor ranks for 0=projectile
@subtitle   "p+O20 1.with BG ;"                                                             
@legend ON
@legend x1 0.2
@legend y1 0.8
@g0 type LOGY
@yaxis ticklabel format power
@legend string   0 "Lab energy =   43.0000"
#legend string   0 "Partition=  1 Excit=  2 near/far= 1"
#  Theta       sigma       iT11        T20         T21         T22         Kyy for projectile
   3.000       27.75    
   4.000       27.08    
   5.000       26.26    
   6.000       25.34    
   7.000       24.36    
   8.000       23.36    
   9.000       22.40    
   10.00       21.51    
   11.00       20.72    
   12.00       20.07    
   13.00       19.58    
   14.00       19.27    
   15.00       19.12    
   16.00       19.13    
   17.00       19.29    
   18.00       19.56    
   19.00       19.91    
   20.00       20.30    
   21.00       20.69    
   22.00       21.04    
   23.00       21.31    
   24.00       21.47    
   25.00       21.50    
   26.00       21.38    
   27.00       21.10    
   28.00       20.66    
   29.00       20.05    
   30.00       19.30    
   31.00       18.42    
   32.00       17.42    
   33.00       16.34    
   34.00       15.19    
   35.00       14.01    
   36.00       12.81    
   37.00       11.62    
   38.00       10.45    
   39.00       9.339    
   40.00       8.292    
   41.00       7.324    
   42.00       6.447    
   43.00       5.667    
   44.00       4.988    
   45.00       4.412    
   46.00       3.937    
   47.00       3.558    
   48.00       3.267    
   49.00       3.057    
   50.00       2.915    
   51.00       2.832    
   52.00       2.796    
   53.00       2.794    
   54.00       2.816    
   55.00       2.853    
   56.00       2.895    
   57.00       2.935    
   58.00       2.967    
   59.00       2.986    
   60.00       2.989    
   61.00       2.973    
   62.00       2.937    
   63.00       2.882    
   64.00       2.808    
   65.00       2.715    
   66.00       2.606    
   67.00       2.482    
   68.00       2.346    
   69.00       2.200    
   70.00       2.048    
   71.00       1.890    
   72.00       1.731    
   73.00       1.573    
   74.00       1.418    
   75.00       1.269    
   76.00       1.128    
   77.00      0.9948    
   78.00      0.8722    
   79.00      0.7605    
   80.00      0.6603    
   81.00      0.5715    
   82.00      0.4940    
   83.00      0.4273    
   84.00      0.3708    
   85.00      0.3238    
   86.00      0.2854    
   87.00      0.2547    
   88.00      0.2308    
   89.00      0.2128    
   90.00      0.1999    
   91.00      0.1912    
   92.00      0.1860    
   93.00      0.1835    
   94.00      0.1831    
   95.00      0.1840    
   96.00      0.1857    
   97.00      0.1877    
   98.00      0.1895    
   99.00      0.1907    
   100.0      0.1911    
   101.0      0.1905    
   102.0      0.1888    
   103.0      0.1858    
   104.0      0.1817    
   105.0      0.1765    
   106.0      0.1703    
   107.0      0.1633    
   108.0      0.1556    
   109.0      0.1474    
   110.0      0.1388    
   111.0      0.1300    
   112.0      0.1210    
   113.0      0.1120    
   114.0      0.1030    
   115.0      0.9421E-01
   116.0      0.8561E-01
   117.0      0.7731E-01
   118.0      0.6937E-01
   119.0      0.6185E-01
   120.0      0.5483E-01
   121.0      0.4833E-01
   122.0      0.4242E-01
   123.0      0.3711E-01
   124.0      0.3242E-01
   125.0      0.2832E-01
   126.0      0.2482E-01
   127.0      0.2185E-01
   128.0      0.1939E-01
   129.0      0.1737E-01
   130.0      0.1575E-01
   131.0      0.1446E-01
   132.0      0.1346E-01
   133.0      0.1271E-01
   134.0      0.1219E-01
   135.0      0.1186E-01
   136.0      0.1171E-01
   137.0      0.1172E-01
   138.0      0.1186E-01
   139.0      0.1213E-01
   140.0      0.1249E-01
   141.0      0.1292E-01
   142.0      0.1339E-01
   143.0      0.1386E-01
   144.0      0.1432E-01
   145.0      0.1473E-01
   146.0      0.1507E-01
   147.0      0.1531E-01
   148.0      0.1546E-01
   149.0      0.1549E-01
   150.0      0.1542E-01
   151.0      0.1526E-01
   152.0      0.1501E-01
   153.0      0.1470E-01
   154.0      0.1435E-01
   155.0      0.1397E-01
   156.0      0.1357E-01
   157.0      0.1318E-01
   158.0      0.1278E-01
   159.0      0.1240E-01
   160.0      0.1202E-01
   161.0      0.1165E-01
   162.0      0.1129E-01
   163.0      0.1093E-01
   164.0      0.1058E-01
   165.0      0.1024E-01
   166.0      0.9911E-02
   167.0      0.9594E-02
   168.0      0.9291E-02
   169.0      0.9004E-02
   170.0      0.8734E-02
   171.0      0.8483E-02
   172.0      0.8254E-02
   173.0      0.8049E-02
   174.0      0.7869E-02
   175.0      0.7718E-02
   176.0      0.7595E-02
   177.0      0.7501E-02
   178.0      0.7435E-02
   179.0      0.7396E-02
   180.0      0.7383E-02
 END
