# 178 angles,  1 tensor ranks for 0=projectile
@subtitle   "p+O20 1st with BG ;"                                                           
@legend ON
@legend x1 0.2
@legend y1 0.8
@g0 type LOGY
@yaxis ticklabel format power
@legend string   0 "Lab energy =   43.2700"
#legend string   0 "Partition=  1 Excit=  1 near/far= 1"
#  Theta       sigma       iT11        T20         T21         T22         Kyy for projectile
   3.000      0.7975E+05
   4.000      0.2234E+05
   5.000       8731.    
   6.000       4623.    
   7.000       3175.    
   8.000       2588.    
   9.000       2302.    
   10.00       2123.    
   11.00       1977.    
   12.00       1838.    
   13.00       1699.    
   14.00       1557.    
   15.00       1414.    
   16.00       1271.    
   17.00       1132.    
   18.00       998.3    
   19.00       871.5    
   20.00       753.1    
   21.00       643.9    
   22.00       544.7    
   23.00       455.6    
   24.00       376.7    
   25.00       307.6    
   26.00       248.0    
   27.00       197.3    
   28.00       154.8    
   29.00       119.8    
   30.00       91.35    
   31.00       68.80    
   32.00       51.32    
   33.00       38.14    
   34.00       28.57    
   35.00       21.93    
   36.00       17.65    
   37.00       15.19    
   38.00       14.09    
   39.00       13.96    
   40.00       14.48    
   41.00       15.38    
   42.00       16.44    
   43.00       17.50    
   44.00       18.45    
   45.00       19.20    
   46.00       19.70    
   47.00       19.93    
   48.00       19.89    
   49.00       19.57    
   50.00       19.02    
   51.00       18.26    
   52.00       17.31    
   53.00       16.24    
   54.00       15.06    
   55.00       13.82    
   56.00       12.55    
   57.00       11.28    
   58.00       10.04    
   59.00       8.847    
   60.00       7.719    
   61.00       6.669    
   62.00       5.707    
   63.00       4.839    
   64.00       4.066    
   65.00       3.389    
   66.00       2.804    
   67.00       2.307    
   68.00       1.893    
   69.00       1.554    
   70.00       1.283    
   71.00       1.072    
   72.00      0.9124    
   73.00      0.7975    
   74.00      0.7193    
   75.00      0.6708    
   76.00      0.6456    
   77.00      0.6378    
   78.00      0.6425    
   79.00      0.6551    
   80.00      0.6719    
   81.00      0.6899    
   82.00      0.7066    
   83.00      0.7201    
   84.00      0.7290    
   85.00      0.7326    
   86.00      0.7302    
   87.00      0.7217    
   88.00      0.7073    
   89.00      0.6873    
   90.00      0.6621    
   91.00      0.6325    
   92.00      0.5992    
   93.00      0.5630    
   94.00      0.5245    
   95.00      0.4846    
   96.00      0.4441    
   97.00      0.4035    
   98.00      0.3636    
   99.00      0.3248    
   100.0      0.2876    
   101.0      0.2524    
   102.0      0.2195    
   103.0      0.1891    
   104.0      0.1614    
   105.0      0.1364    
   106.0      0.1142    
   107.0      0.9471E-01
   108.0      0.7785E-01
   109.0      0.6352E-01
   110.0      0.5157E-01
   111.0      0.4181E-01
   112.0      0.3405E-01
   113.0      0.2810E-01
   114.0      0.2375E-01
   115.0      0.2078E-01
   116.0      0.1899E-01
   117.0      0.1819E-01
   118.0      0.1819E-01
   119.0      0.1882E-01
   120.0      0.1993E-01
   121.0      0.2138E-01
   122.0      0.2303E-01
   123.0      0.2479E-01
   124.0      0.2656E-01
   125.0      0.2826E-01
   126.0      0.2984E-01
   127.0      0.3125E-01
   128.0      0.3244E-01
   129.0      0.3341E-01
   130.0      0.3412E-01
   131.0      0.3458E-01
   132.0      0.3478E-01
   133.0      0.3473E-01
   134.0      0.3444E-01
   135.0      0.3392E-01
   136.0      0.3319E-01
   137.0      0.3226E-01
   138.0      0.3115E-01
   139.0      0.2989E-01
   140.0      0.2849E-01
   141.0      0.2697E-01
   142.0      0.2535E-01
   143.0      0.2366E-01
   144.0      0.2191E-01
   145.0      0.2012E-01
   146.0      0.1831E-01
   147.0      0.1650E-01
   148.0      0.1471E-01
   149.0      0.1296E-01
   150.0      0.1127E-01
   151.0      0.9654E-02
   152.0      0.8133E-02
   153.0      0.6725E-02
   154.0      0.5445E-02
   155.0      0.4307E-02
   156.0      0.3325E-02
   157.0      0.2510E-02
   158.0      0.1869E-02
   159.0      0.1410E-02
   160.0      0.1135E-02
   161.0      0.1043E-02
   162.0      0.1131E-02
   163.0      0.1391E-02
   164.0      0.1813E-02
   165.0      0.2383E-02
   166.0      0.3084E-02
   167.0      0.3895E-02
   168.0      0.4795E-02
   169.0      0.5757E-02
   170.0      0.6758E-02
   171.0      0.7769E-02
   172.0      0.8764E-02
   173.0      0.9716E-02
   174.0      0.1060E-01
   175.0      0.1139E-01
   176.0      0.1207E-01
   177.0      0.1262E-01
   178.0      0.1302E-01
   179.0      0.1327E-01
   180.0      0.1335E-01
 END
