# 178 angles,  1 tensor ranks for 0=projectile
@subtitle   "p+O20 with CH89;"                                                              
@legend ON
@legend x1 0.2
@legend y1 0.8
@g0 type LOGY
@yaxis ticklabel format power
@legend string   0 "Lab energy =   35.0000"
#legend string   0 "Partition=  1 Excit=  1 near/far= 1"
#  Theta       sigma       iT11        T20         T21         T22         Kyy for projectile
   3.000      0.1325E+06
   4.000      0.3771E+05
   5.000      0.1402E+05
   6.000       6396.    
   7.000       3517.    
   8.000       2301.    
   9.000       1736.    
   10.00       1447.    
   11.00       1278.    
   12.00       1164.    
   13.00       1075.    
   14.00       995.6    
   15.00       921.1    
   16.00       848.5    
   17.00       777.1    
   18.00       707.0    
   19.00       638.6    
   20.00       572.5    
   21.00       509.4    
   22.00       449.6    
   23.00       393.6    
   24.00       341.6    
   25.00       293.9    
   26.00       250.5    
   27.00       211.5    
   28.00       176.7    
   29.00       146.0    
   30.00       119.2    
   31.00       96.05    
   32.00       76.33    
   33.00       59.71    
   34.00       45.91    
   35.00       34.62    
   36.00       25.54    
   37.00       18.38    
   38.00       12.88    
   39.00       8.764    
   40.00       5.813    
   41.00       3.807    
   42.00       2.555    
   43.00       1.890    
   44.00       1.665    
   45.00       1.757    
   46.00       2.060    
   47.00       2.490    
   48.00       2.979    
   49.00       3.474    
   50.00       3.935    
   51.00       4.335    
   52.00       4.655    
   53.00       4.885    
   54.00       5.023    
   55.00       5.069    
   56.00       5.030    
   57.00       4.915    
   58.00       4.733    
   59.00       4.496    
   60.00       4.215    
   61.00       3.903    
   62.00       3.570    
   63.00       3.226    
   64.00       2.880    
   65.00       2.541    
   66.00       2.213    
   67.00       1.904    
   68.00       1.616    
   69.00       1.353    
   70.00       1.116    
   71.00      0.9059    
   72.00      0.7234    
   73.00      0.5676    
   74.00      0.4373    
   75.00      0.3308    
   76.00      0.2463    
   77.00      0.1817    
   78.00      0.1346    
   79.00      0.1028    
   80.00      0.8393E-01
   81.00      0.7582E-01
   82.00      0.7637E-01
   83.00      0.8364E-01
   84.00      0.9585E-01
   85.00      0.1114    
   86.00      0.1290    
   87.00      0.1474    
   88.00      0.1657    
   89.00      0.1829    
   90.00      0.1986    
   91.00      0.2122    
   92.00      0.2234    
   93.00      0.2321    
   94.00      0.2380    
   95.00      0.2413    
   96.00      0.2421    
   97.00      0.2404    
   98.00      0.2365    
   99.00      0.2306    
   100.0      0.2229    
   101.0      0.2137    
   102.0      0.2033    
   103.0      0.1920    
   104.0      0.1799    
   105.0      0.1674    
   106.0      0.1546    
   107.0      0.1418    
   108.0      0.1291    
   109.0      0.1167    
   110.0      0.1048    
   111.0      0.9336E-01
   112.0      0.8258E-01
   113.0      0.7250E-01
   114.0      0.6317E-01
   115.0      0.5460E-01
   116.0      0.4683E-01
   117.0      0.3985E-01
   118.0      0.3365E-01
   119.0      0.2821E-01
   120.0      0.2349E-01
   121.0      0.1945E-01
   122.0      0.1607E-01
   123.0      0.1328E-01
   124.0      0.1103E-01
   125.0      0.9288E-02
   126.0      0.7987E-02
   127.0      0.7080E-02
   128.0      0.6517E-02
   129.0      0.6251E-02
   130.0      0.6235E-02
   131.0      0.6427E-02
   132.0      0.6788E-02
   133.0      0.7280E-02
   134.0      0.7870E-02
   135.0      0.8529E-02
   136.0      0.9230E-02
   137.0      0.9950E-02
   138.0      0.1067E-01
   139.0      0.1137E-01
   140.0      0.1204E-01
   141.0      0.1266E-01
   142.0      0.1323E-01
   143.0      0.1374E-01
   144.0      0.1419E-01
   145.0      0.1457E-01
   146.0      0.1488E-01
   147.0      0.1512E-01
   148.0      0.1530E-01
   149.0      0.1541E-01
   150.0      0.1545E-01
   151.0      0.1544E-01
   152.0      0.1537E-01
   153.0      0.1526E-01
   154.0      0.1510E-01
   155.0      0.1490E-01
   156.0      0.1467E-01
   157.0      0.1440E-01
   158.0      0.1411E-01
   159.0      0.1381E-01
   160.0      0.1349E-01
   161.0      0.1316E-01
   162.0      0.1282E-01
   163.0      0.1248E-01
   164.0      0.1215E-01
   165.0      0.1181E-01
   166.0      0.1149E-01
   167.0      0.1118E-01
   168.0      0.1089E-01
   169.0      0.1060E-01
   170.0      0.1034E-01
   171.0      0.1010E-01
   172.0      0.9880E-02
   173.0      0.9683E-02
   174.0      0.9509E-02
   175.0      0.9361E-02
   176.0      0.9239E-02
   177.0      0.9144E-02
   178.0      0.9075E-02
   179.0      0.9034E-02
   180.0      0.9020E-02
 END
