# 181 angles,  1 tensor ranks for 0=projectile
@subtitle   "p+O20 1st ex with BG ;"                                                        
@legend ON
@legend x1 0.2
@legend y1 0.8
@g0 type LOGY
@yaxis ticklabel format power
@legend string   0 "Lab energy =   35.0000"
#legend string   0 "Partition=  1 Excit=  1 near/far= 1"
#  Theta       sigma       iT11        T20         T21         T22         Kyy for projectile
  0.1000E-01  0.1288E+16
   1.000      0.1251E+08
   2.000      0.7266E+06
   3.000      0.1302E+06
   4.000      0.3747E+05
   5.000      0.1452E+05
   6.000       7188.    
   7.000       4416.    
   8.000       3222.    
   9.000       2637.    
   10.00       2303.    
   11.00       2078.    
   12.00       1900.    
   13.00       1744.    
   14.00       1598.    
   15.00       1457.    
   16.00       1320.    
   17.00       1188.    
   18.00       1060.    
   19.00       938.7    
   20.00       824.1    
   21.00       717.0    
   22.00       618.1    
   23.00       527.6    
   24.00       445.8    
   25.00       372.6    
   26.00       308.0    
   27.00       251.4    
   28.00       202.7    
   29.00       161.2    
   30.00       126.3    
   31.00       97.62    
   32.00       74.37    
   33.00       55.95    
   34.00       41.73    
   35.00       31.13    
   36.00       23.55    
   37.00       18.49    
   38.00       15.44    
   39.00       13.97    
   40.00       13.70    
   41.00       14.28    
   42.00       15.43    
   43.00       16.90    
   44.00       18.52    
   45.00       20.11    
   46.00       21.56    
   47.00       22.78    
   48.00       23.73    
   49.00       24.36    
   50.00       24.67    
   51.00       24.66    
   52.00       24.35    
   53.00       23.76    
   54.00       22.93    
   55.00       21.89    
   56.00       20.69    
   57.00       19.36    
   58.00       17.94    
   59.00       16.47    
   60.00       14.98    
   61.00       13.50    
   62.00       12.06    
   63.00       10.68    
   64.00       9.364    
   65.00       8.140    
   66.00       7.013    
   67.00       5.989    
   68.00       5.071    
   69.00       4.258    
   70.00       3.549    
   71.00       2.940    
   72.00       2.425    
   73.00       1.997    
   74.00       1.649    
   75.00       1.373    
   76.00       1.161    
   77.00       1.003    
   78.00      0.8932    
   79.00      0.8223    
   80.00      0.7835    
   81.00      0.7700    
   82.00      0.7756    
   83.00      0.7949    
   84.00      0.8231    
   85.00      0.8560    
   86.00      0.8903    
   87.00      0.9230    
   88.00      0.9520    
   89.00      0.9755    
   90.00      0.9925    
   91.00       1.002    
   92.00       1.004    
   93.00      0.9975    
   94.00      0.9837    
   95.00      0.9627    
   96.00      0.9351    
   97.00      0.9015    
   98.00      0.8628    
   99.00      0.8199    
   100.0      0.7735    
   101.0      0.7246    
   102.0      0.6741    
   103.0      0.6226    
   104.0      0.5710    
   105.0      0.5200    
   106.0      0.4700    
   107.0      0.4217    
   108.0      0.3754    
   109.0      0.3316    
   110.0      0.2905    
   111.0      0.2523    
   112.0      0.2171    
   113.0      0.1852    
   114.0      0.1563    
   115.0      0.1307    
   116.0      0.1081    
   117.0      0.8851E-01
   118.0      0.7176E-01
   119.0      0.5770E-01
   120.0      0.4614E-01
   121.0      0.3690E-01
   122.0      0.2978E-01
   123.0      0.2457E-01
   124.0      0.2107E-01
   125.0      0.1906E-01
   126.0      0.1835E-01
   127.0      0.1874E-01
   128.0      0.2004E-01
   129.0      0.2208E-01
   130.0      0.2468E-01
   131.0      0.2770E-01
   132.0      0.3099E-01
   133.0      0.3441E-01
   134.0      0.3786E-01
   135.0      0.4122E-01
   136.0      0.4441E-01
   137.0      0.4734E-01
   138.0      0.4996E-01
   139.0      0.5220E-01
   140.0      0.5403E-01
   141.0      0.5542E-01
   142.0      0.5635E-01
   143.0      0.5681E-01
   144.0      0.5680E-01
   145.0      0.5634E-01
   146.0      0.5544E-01
   147.0      0.5414E-01
   148.0      0.5246E-01
   149.0      0.5045E-01
   150.0      0.4815E-01
   151.0      0.4561E-01
   152.0      0.4288E-01
   153.0      0.4000E-01
   154.0      0.3704E-01
   155.0      0.3404E-01
   156.0      0.3105E-01
   157.0      0.2812E-01
   158.0      0.2529E-01
   159.0      0.2259E-01
   160.0      0.2007E-01
   161.0      0.1774E-01
   162.0      0.1563E-01
   163.0      0.1374E-01
   164.0      0.1210E-01
   165.0      0.1070E-01
   166.0      0.9531E-02
   167.0      0.8590E-02
   168.0      0.7861E-02
   169.0      0.7324E-02
   170.0      0.6958E-02
   171.0      0.6737E-02
   172.0      0.6635E-02
   173.0      0.6625E-02
   174.0      0.6680E-02
   175.0      0.6776E-02
   176.0      0.6888E-02
   177.0      0.6998E-02
   178.0      0.7089E-02
   179.0      0.7148E-02
   180.0      0.7169E-02
 END
