# 178 angles,  1 tensor ranks for 0=projectile
@subtitle   "p+O20 with CH89;"                                                              
@legend ON
@legend x1 0.2
@legend y1 0.8
@g0 type LOGY
@yaxis ticklabel format power
@legend string   0 "Lab energy =   35.0000"
#legend string   0 "Partition=  1 Excit=  1 near/far= 1"
#  Theta       sigma       iT11        T20         T21         T22         Kyy for projectile
   3.000      0.1324E+06
   4.000      0.3852E+05
   5.000      0.1507E+05
   6.000       7469.    
   7.000       4543.    
   8.000       3256.    
   9.000       2611.    
   10.00       2240.    
   11.00       1991.    
   12.00       1800.    
   13.00       1636.    
   14.00       1487.    
   15.00       1346.    
   16.00       1212.    
   17.00       1084.    
   18.00       961.8    
   19.00       846.4    
   20.00       738.2    
   21.00       637.9    
   22.00       545.7    
   23.00       461.9    
   24.00       386.7    
   25.00       319.9    
   26.00       261.3    
   27.00       210.7    
   28.00       167.5    
   29.00       131.2    
   30.00       101.3    
   31.00       77.17    
   32.00       58.17    
   33.00       43.66    
   34.00       33.01    
   35.00       25.63    
   36.00       20.94    
   37.00       18.43    
   38.00       17.60    
   39.00       18.04    
   40.00       19.36    
   41.00       21.25    
   42.00       23.43    
   43.00       25.67    
   44.00       27.81    
   45.00       29.71    
   46.00       31.27    
   47.00       32.44    
   48.00       33.17    
   49.00       33.47    
   50.00       33.34    
   51.00       32.81    
   52.00       31.91    
   53.00       30.71    
   54.00       29.24    
   55.00       27.55    
   56.00       25.72    
   57.00       23.77    
   58.00       21.77    
   59.00       19.76    
   60.00       17.78    
   61.00       15.86    
   62.00       14.02    
   63.00       12.29    
   64.00       10.70    
   65.00       9.235    
   66.00       7.918    
   67.00       6.749    
   68.00       5.725    
   69.00       4.842    
   70.00       4.093    
   71.00       3.470    
   72.00       2.962    
   73.00       2.557    
   74.00       2.244    
   75.00       2.011    
   76.00       1.846    
   77.00       1.737    
   78.00       1.673    
   79.00       1.645    
   80.00       1.644    
   81.00       1.661    
   82.00       1.689    
   83.00       1.722    
   84.00       1.756    
   85.00       1.786    
   86.00       1.809    
   87.00       1.822    
   88.00       1.825    
   89.00       1.816    
   90.00       1.796    
   91.00       1.763    
   92.00       1.719    
   93.00       1.666    
   94.00       1.602    
   95.00       1.532    
   96.00       1.454    
   97.00       1.372    
   98.00       1.286    
   99.00       1.197    
   100.0       1.108    
   101.0       1.019    
   102.0      0.9320    
   103.0      0.8471    
   104.0      0.7655    
   105.0      0.6879    
   106.0      0.6149    
   107.0      0.5470    
   108.0      0.4844    
   109.0      0.4273    
   110.0      0.3759    
   111.0      0.3301    
   112.0      0.2899    
   113.0      0.2550    
   114.0      0.2253    
   115.0      0.2004    
   116.0      0.1801    
   117.0      0.1639    
   118.0      0.1515    
   119.0      0.1426    
   120.0      0.1366    
   121.0      0.1333    
   122.0      0.1322    
   123.0      0.1330    
   124.0      0.1352    
   125.0      0.1386    
   126.0      0.1429    
   127.0      0.1476    
   128.0      0.1526    
   129.0      0.1575    
   130.0      0.1623    
   131.0      0.1666    
   132.0      0.1704    
   133.0      0.1735    
   134.0      0.1757    
   135.0      0.1771    
   136.0      0.1774    
   137.0      0.1769    
   138.0      0.1753    
   139.0      0.1727    
   140.0      0.1693    
   141.0      0.1649    
   142.0      0.1598    
   143.0      0.1540    
   144.0      0.1475    
   145.0      0.1406    
   146.0      0.1333    
   147.0      0.1258    
   148.0      0.1182    
   149.0      0.1106    
   150.0      0.1032    
   151.0      0.9599E-01
   152.0      0.8922E-01
   153.0      0.8296E-01
   154.0      0.7730E-01
   155.0      0.7233E-01
   156.0      0.6812E-01
   157.0      0.6473E-01
   158.0      0.6219E-01
   159.0      0.6053E-01
   160.0      0.5974E-01
   161.0      0.5982E-01
   162.0      0.6072E-01
   163.0      0.6241E-01
   164.0      0.6482E-01
   165.0      0.6787E-01
   166.0      0.7148E-01
   167.0      0.7553E-01
   168.0      0.7993E-01
   169.0      0.8456E-01
   170.0      0.8930E-01
   171.0      0.9403E-01
   172.0      0.9863E-01
   173.0      0.1030    
   174.0      0.1070    
   175.0      0.1106    
   176.0      0.1137    
   177.0      0.1161    
   178.0      0.1179    
   179.0      0.1190    
   180.0      0.1194    
 END
