# Fusion cross sections for ELAB=  70.000, ECM=  63.597
     0.0   1.758      1
     1.0   5.270      1
     1.0   15.82     -1
     2.0   17.62      1
     2.0   26.42     -1
     3.0   12.36      1
     3.0   37.10     -1
     4.0   31.94      1
     4.0   47.89     -1
     5.0   19.59      1
     5.0   58.81     -1
     6.0   46.58      1
     6.0   69.88     -1
     7.0   27.04      1
     7.0   81.00     -1
     8.0   60.53      1
     8.0   91.46     -1
     9.0   34.51      1
     9.0   99.38     -1
    10.0   66.27      1
    10.0   102.0     -1
    11.0   32.48      1
    11.0   96.05     -1
    12.0   54.37      1
    12.0   80.02     -1
    13.0   18.13      1
    13.0   58.71     -1
    14.0   27.41      1
    14.0   39.34     -1
    15.0   7.535      1
    15.0   25.02     -1
    16.0   10.83      1
    16.0   15.47     -1
    17.0   2.832      1
    17.0   9.430     -1
    18.0   3.989      1
    18.0   5.702     -1
    19.0   1.031      1
    19.0   3.431     -1
    20.0   1.439      1
    20.0   2.058     -1
    21.0  0.3702      1
    21.0   1.231     -1
    22.0  0.5135      1
    22.0  0.7344     -1
    23.0  0.1315      1
    23.0  0.4372     -1
    24.0  0.1816      1
    24.0  0.2597     -1
    25.0  0.4629E-01  1
    25.0  0.1539     -1
    26.0  0.6368E-01  1
    26.0  0.9105E-01 -1
    27.0  0.1616E-01  1
    27.0  0.5376E-01 -1
    28.0  0.2216E-01  1
    28.0  0.3168E-01 -1
    29.0  0.5601E-02  1
    29.0  0.1864E-01 -1
    30.0  0.7658E-02  1
    30.0  0.1095E-01 -1
    31.0  0.1929E-02  1
    31.0  0.6420E-02 -1
    32.0  0.2631E-02  1
    32.0  0.3760E-02 -1
    33.0  0.6603E-03  1
    33.0  0.2199E-02 -1
    34.0  0.8986E-03  1
    34.0  0.1284E-02 -1
    35.0  0.2249E-03  1
    35.0  0.7491E-03 -1
    36.0  0.3055E-03  1
    36.0  0.4365E-03 -1
    37.0  0.7625E-04  1
    37.0  0.2540E-03 -1
    38.0  0.1034E-03  1
    38.0  0.1477E-03 -1
    39.0  0.2574E-04  1
    39.0  0.8579E-04 -1
    40.0  0.3485E-04  1
    40.0  0.4979E-04 -1
    41.0  0.8660E-05  1
    41.0  0.2886E-04 -1
    42.0  0.1170E-04  1
    42.0  0.1672E-04 -1
    43.0  0.2903E-05  1
    43.0  0.9677E-05 -1
    44.0  0.3918E-05  1
    44.0  0.5596E-05 -1
    45.0  0.9698E-06  1
    45.0  0.3234E-05 -1
    46.0  0.1307E-05  1
    46.0  0.1867E-05 -1
    47.0  0.3229E-06  1
    47.0  0.1077E-05 -1
    48.0  0.4347E-06  1
    48.0  0.6208E-06 -1
    49.0  0.1071E-06  1
    49.0  0.3574E-06 -1
    50.0  0.1439E-06  1
    50.0  0.2054E-06 -1
 &
