           2           1           1
    0.0+     1 1   1.754       0.000      0.2790E-01   1.726    
    1.0+     1 1   5.258       0.000      0.8273E-01   5.175    
    1.0-     0 1   5.247       0.000      0.8483E-01   5.163    
    1.0-     2 2   5.278       0.000      0.7408E-01   5.204    
    2.0+     1 1   8.749       0.000      0.1316       8.618    
    2.0+     3 2   8.837       0.000      0.1042       8.733    
    2.0-     2 1   8.783       0.000      0.1191       8.663    
    3.0+     3 1   12.34       0.000      0.1370       12.20    
    3.0-     2 1   12.27       0.000      0.1565       12.11    
    3.0-     4 2   12.44       0.000      0.1158       12.33    
    4.0+     3 1   15.80       0.000      0.1638       15.64    
    4.0+     5 2   16.11       0.000      0.1164       16.00    
    4.0-     4 1   15.94       0.000      0.1417       15.79    
    5.0+     5 1   19.58       0.000      0.1346       19.45    
    5.0-     4 1   19.39       0.000      0.1618       19.22    
    5.0-     6 2   19.85       0.000      0.1147       19.74    
    6.0+     5 1   23.00       0.000      0.1519       22.85    
    6.0+     7 2   23.59       0.000      0.1224       23.47    
    6.0-     6 1   23.32       0.000      0.1348       23.18    
    7.0+     7 1   27.07       0.000      0.1334       26.94    
    7.0-     6 1   26.71       0.000      0.1522       26.56    
    7.0-     8 2   27.28       0.000      0.2082       27.07    
    8.0+     7 1   30.47       0.000      0.1603       30.31    
    8.0+     9 2   30.23       0.000      0.3736       29.85    
    8.0-     8 1   30.93       0.000      0.1759       30.75    
    9.0+     9 1   34.60       0.000      0.3290       34.27    
    9.0-     8 1   34.29       0.000      0.1629       34.13    
    9.0-    10 2   30.91       0.000      0.5265       30.39    
   10.0+     9 1   38.55       0.000      0.2499       38.30    
   10.0+    11 2   28.13       0.000      0.5568       27.57    
   10.0-    10 1   36.03       0.000      0.5211       35.51    
   11.0+    11 1   32.91       0.000      0.5973       32.31    
   11.0-    10 1   41.56       0.000      0.4679       41.09    
   11.0-    12 2   22.54       0.000      0.4489       22.09    
   12.0+    11 1   38.73       0.000      0.6042       38.13    
   12.0+    13 2   16.22       0.000      0.2828       15.94    
   12.0-    12 1   25.98       0.000      0.5048       25.47    
   13.0+    13 1   18.28       0.000      0.3224       17.96    
   13.0-    12 1   30.16       0.000      0.5513       29.61    
   13.0-    14 2   10.85       0.000      0.1447       10.70    
   14.0+    13 1   20.65       0.000      0.3657       20.29    
   14.0+    15 2   6.933       0.000      0.6353E-01   6.870    
   14.0-    14 1   11.97       0.000      0.1632       11.81    
   15.0+    15 1   7.535       0.000      0.7030E-01   7.465    
   15.0-    14 1   13.21       0.000      0.1842       13.02    
   15.0-    16 2   4.320       0.000      0.2507E-01   4.295    
   16.0+    15 1   8.171       0.000      0.7777E-01   8.094    
   16.0+    17 2   2.652       0.000      0.9113E-02   2.643    
   16.0-    16 1   4.644       0.000      0.2728E-01   4.616    
   17.0+    17 1   2.829       0.000      0.9797E-02   2.819    
   17.0-    16 1   4.978       0.000      0.2964E-01   4.948    
   17.0-    18 2   1.614       0.000      0.3050E-02   1.611    
   18.0+    17 1   3.008       0.000      0.1051E-01   2.998    
   18.0+    19 2  0.9760       0.000      0.9147E-03  0.9751    
   18.0-    18 1   1.711       0.000      0.3251E-02   1.708    
   19.0+    19 1   1.031       0.000      0.9690E-03   1.030    
   19.0-    18 1   1.810       0.000      0.3457E-02   1.807    
   19.0-    20 2  0.5877       0.000      0.2322E-03  0.5875    
   20.0+    19 1   1.086       0.000      0.1024E-02   1.085    
   20.0+    21 2  0.3527       0.000      0.5072E-04  0.3526    
   20.0-    20 1  0.6185       0.000      0.2449E-03  0.6183    
   21.0+    21 1  0.3701       0.000      0.5329E-04  0.3701    
   21.0-    20 1  0.6494       0.000      0.2577E-03  0.6491    
   21.0-    22 2  0.2110       0.000      0.2452E-04  0.2110    
   22.0+    21 1  0.3876       0.000      0.5587E-04  0.3875    
   22.0+    23 2  0.1259       0.000      0.3622E-04  0.1258    
   22.0-    22 1  0.2209       0.000      0.2566E-04  0.2209    
   23.0+    23 1  0.1315       0.000      0.3782E-04  0.1315    
   23.0-    22 1  0.2308       0.000      0.2680E-04  0.2308    
   23.0-    24 2  0.7491E-01   0.000      0.5028E-04  0.7486E-01
   24.0+    23 1  0.1371       0.000      0.3943E-04  0.1371    
   24.0+    25 2  0.4447E-01   0.000      0.5855E-04  0.4442E-01
   24.0-    24 1  0.7811E-01   0.000      0.5242E-04  0.7805E-01
   25.0+    25 1  0.4629E-01   0.000      0.6094E-04  0.4623E-01
   25.0-    24 1  0.8130E-01   0.000      0.5456E-04  0.8125E-01
   25.0-    26 2  0.2635E-01   0.000      0.6117E-04  0.2629E-01
   26.0+    25 1  0.4811E-01   0.000      0.6333E-04  0.4805E-01
   26.0+    27 2  0.1557E-01   0.000      0.5986E-04  0.1552E-01
   26.0-    26 1  0.2738E-01   0.000      0.6357E-04  0.2732E-01
   27.0+    27 1  0.1616E-01   0.000      0.6212E-04  0.1610E-01
   27.0-    26 1  0.2841E-01   0.000      0.6597E-04  0.2835E-01
   27.0-    28 2  0.9189E-02   0.000      0.5634E-04  0.9133E-02
   28.0+    27 1  0.1675E-01   0.000      0.6438E-04  0.1669E-01
   28.0+    29 2  0.5412E-02   0.000      0.5176E-04  0.5360E-02
   28.0-    28 1  0.9524E-02   0.000      0.5839E-04  0.9465E-02
   29.0+    29 1  0.5602E-02   0.000      0.5358E-04  0.5548E-02
   29.0-    28 1  0.9858E-02   0.000      0.6044E-04  0.9798E-02
   29.0-    30 2  0.3182E-02   0.000      0.4683E-04  0.3135E-02
   30.0+    29 1  0.5792E-02   0.000      0.5539E-04  0.5737E-02
   30.0+    31 2  0.1868E-02   0.000      0.4201E-04  0.1826E-02
   30.0-    30 1  0.3290E-02   0.000      0.4841E-04  0.3241E-02
   31.0+    31 1  0.1929E-02   0.000      0.4338E-04  0.1886E-02
   31.0-    30 1  0.3398E-02   0.000      0.5000E-04  0.3348E-02
   31.0-    32 2  0.1095E-02   0.000      0.3742E-04  0.1057E-02
   32.0+    31 1  0.1990E-02   0.000      0.4476E-04  0.1946E-02
   32.0+    33 2  0.6407E-03   0.000      0.3327E-04  0.6074E-03
   32.0-    32 1  0.1129E-02   0.000      0.3861E-04  0.1091E-02
   33.0+    33 1  0.6604E-03   0.000      0.3429E-04  0.6261E-03
   33.0-    32 1  0.1164E-02   0.000      0.3980E-04  0.1124E-02
   33.0-    34 2  0.3745E-03   0.000      0.2949E-04  0.3450E-03
   34.0+    33 1  0.6801E-03   0.000      0.3532E-04  0.6448E-03
   34.0+    35 2  0.2186E-03   0.000      0.2612E-04  0.1925E-03
   34.0-    34 1  0.3857E-03   0.000      0.3037E-04  0.3553E-03
   35.0+    35 1  0.2249E-03   0.000      0.2688E-04  0.1981E-03
   35.0-    34 1  0.3968E-03   0.000      0.3125E-04  0.3656E-03
   35.0-    36 2  0.1275E-03   0.000      0.2314E-04  0.1043E-03
   36.0+    35 1  0.2313E-03   0.000      0.2764E-04  0.2036E-03
   36.0+    37 2  0.7423E-04   0.000      0.2047E-04  0.5376E-04
   36.0-    36 1  0.1310E-03   0.000      0.2379E-04  0.1073E-03
   37.0+    37 1  0.7626E-04   0.000      0.2103E-04  0.5523E-04
   37.0-    36 1  0.1346E-03   0.000      0.2444E-04  0.1102E-03
   37.0-    38 2  0.4318E-04   0.000      0.1814E-04  0.2504E-04
   38.0+    37 1  0.7830E-04   0.000      0.2159E-04  0.5671E-04
   38.0+    39 2  0.2510E-04   0.000      0.1605E-04  0.9046E-05
   38.0-    38 1  0.4433E-04   0.000      0.1863E-04  0.2571E-04
   39.0+    39 1  0.2575E-04   0.000      0.1647E-04  0.9281E-05
   39.0-    38 1  0.4549E-04   0.000      0.1911E-04  0.2638E-04
   39.0-    40 2  0.1457E-04   0.000      0.1423E-04  0.3428E-06
   40.0+    39 1  0.2640E-04   0.000      0.1688E-04  0.9516E-05
   40.0+    41 2  0.8452E-05   0.000      0.1261E-04 -0.4158E-05
   40.0-    40 1  0.1494E-04   0.000      0.1459E-04  0.3515E-06
   41.0+    41 1  0.8661E-05   0.000      0.1292E-04 -0.4261E-05
   41.0-    40 1  0.1531E-04   0.000      0.1495E-04  0.3602E-06
   41.0-    42 2  0.4899E-05   0.000      0.1117E-04 -0.6269E-05
   42.0+    41 1  0.8870E-05   0.000      0.1323E-04 -0.4364E-05
   42.0+    43 2  0.2837E-05   0.000      0.9919E-05 -0.7083E-05
   42.0-    42 1  0.5017E-05   0.000      0.1144E-04 -0.6420E-05
   43.0+    43 1  0.2903E-05   0.000      0.1015E-04 -0.7249E-05
   43.0-    42 1  0.5135E-05   0.000      0.1171E-04 -0.6571E-05
   43.0-    44 2  0.1641E-05   0.000      0.8783E-05 -0.7142E-05
   44.0+    43 1  0.2970E-05   0.000      0.1039E-04 -0.7416E-05
   44.0+    45 2  0.9490E-06   0.000      0.7801E-05 -0.6852E-05
   44.0-    44 1  0.1679E-05   0.000      0.8985E-05 -0.7306E-05
   45.0+    45 1  0.9703E-06   0.000      0.7976E-05 -0.7006E-05
   45.0-    44 1  0.1717E-05   0.000      0.9187E-05 -0.7470E-05
   45.0-    46 2  0.5483E-06   0.000      0.6925E-05 -0.6377E-05
   46.0+    45 1  0.9917E-06   0.000      0.8151E-05 -0.7160E-05
   46.0+    47 2  0.3166E-06   0.000      0.6136E-05 -0.5819E-05
   46.0-    46 1  0.5603E-06   0.000      0.7077E-05 -0.6517E-05
   47.0+    47 1  0.3234E-06   0.000      0.6268E-05 -0.5944E-05
   47.0-    46 1  0.5724E-06   0.000      0.7229E-05 -0.6657E-05
   47.0-    48 2  0.1827E-06   0.000      0.5461E-05 -0.5278E-05
   48.0+    47 1  0.3302E-06   0.000      0.6400E-05 -0.6069E-05
   48.0+    49 2  0.1053E-06   0.000      0.4838E-05 -0.4733E-05
   48.0-    48 1  0.1865E-06   0.000      0.5576E-05 -0.5390E-05
   49.0+    49 1  0.1075E-06   0.000      0.4938E-05 -0.4831E-05
   49.0-    48 1  0.1903E-06   0.000      0.5691E-05 -0.5501E-05
   49.0-    50 2  0.6069E-07   0.000      0.4298E-05 -0.4238E-05
   50.0+    49 1  0.1097E-06   0.000      0.5038E-05 -0.4928E-05
   50.0+    51 2  0.3495E-07   0.000      0.3824E-05 -0.3789E-05
   50.0-    50 1  0.6192E-07   0.000      0.4385E-05 -0.4323E-05
