# 178 angles,  1 tensor ranks for 0=projectile
@subtitle   "20O(d,t) @ 30AMeV Daeh (d) + Pang (t)"                                         
@legend ON
@legend x1 0.2
@legend y1 0.8
@g0 type LOGY
@yaxis ticklabel format power
@legend string   0 "Lab energy =   70.0000"
#legend string   0 "Partition=  2 Excit=  1 near/far= 1"
#  Theta       sigma       iT11        T20         T21         T22         Kyy for projectile
   3.000       17.29    
   4.000       12.63    
   5.000       8.195    
   6.000       4.591    
   7.000       2.157    
   8.000      0.9408    
   9.000      0.7470    
   10.00       1.235    
   11.00       2.029    
   12.00       2.805    
   13.00       3.350    
   14.00       3.575    
   15.00       3.496    
   16.00       3.198    
   17.00       2.796    
   18.00       2.398    
   19.00       2.083    
   20.00       1.889    
   21.00       1.818    
   22.00       1.842    
   23.00       1.921    
   24.00       2.008    
   25.00       2.067    
   26.00       2.073    
   27.00       2.014    
   28.00       1.893    
   29.00       1.722    
   30.00       1.517    
   31.00       1.297    
   32.00       1.080    
   33.00      0.8781    
   34.00      0.7005    
   35.00      0.5514    
   36.00      0.4313    
   37.00      0.3380    
   38.00      0.2677    
   39.00      0.2158    
   40.00      0.1780    
   41.00      0.1504    
   42.00      0.1301    
   43.00      0.1148    
   44.00      0.1029    
   45.00      0.9362E-01
   46.00      0.8616E-01
   47.00      0.8015E-01
   48.00      0.7524E-01
   49.00      0.7117E-01
   50.00      0.6766E-01
   51.00      0.6446E-01
   52.00      0.6136E-01
   53.00      0.5820E-01
   54.00      0.5489E-01
   55.00      0.5139E-01
   56.00      0.4775E-01
   57.00      0.4405E-01
   58.00      0.4038E-01
   59.00      0.3686E-01
   60.00      0.3359E-01
   61.00      0.3064E-01
   62.00      0.2804E-01
   63.00      0.2580E-01
   64.00      0.2390E-01
   65.00      0.2228E-01
   66.00      0.2089E-01
   67.00      0.1965E-01
   68.00      0.1850E-01
   69.00      0.1740E-01
   70.00      0.1630E-01
   71.00      0.1519E-01
   72.00      0.1404E-01
   73.00      0.1288E-01
   74.00      0.1171E-01
   75.00      0.1055E-01
   76.00      0.9429E-02
   77.00      0.8368E-02
   78.00      0.7385E-02
   79.00      0.6493E-02
   80.00      0.5699E-02
   81.00      0.5006E-02
   82.00      0.4410E-02
   83.00      0.3904E-02
   84.00      0.3479E-02
   85.00      0.3122E-02
   86.00      0.2822E-02
   87.00      0.2566E-02
   88.00      0.2344E-02
   89.00      0.2147E-02
   90.00      0.1969E-02
   91.00      0.1803E-02
   92.00      0.1647E-02
   93.00      0.1498E-02
   94.00      0.1355E-02
   95.00      0.1219E-02
   96.00      0.1090E-02
   97.00      0.9692E-03
   98.00      0.8566E-03
   99.00      0.7533E-03
   100.0      0.6595E-03
   101.0      0.5755E-03
   102.0      0.5011E-03
   103.0      0.4358E-03
   104.0      0.3792E-03
   105.0      0.3303E-03
   106.0      0.2885E-03
   107.0      0.2528E-03
   108.0      0.2223E-03
   109.0      0.1964E-03
   110.0      0.1742E-03
   111.0      0.1553E-03
   112.0      0.1390E-03
   113.0      0.1250E-03
   114.0      0.1129E-03
   115.0      0.1024E-03
   116.0      0.9337E-04
   117.0      0.8558E-04
   118.0      0.7889E-04
   119.0      0.7314E-04
   120.0      0.6823E-04
   121.0      0.6402E-04
   122.0      0.6038E-04
   123.0      0.5721E-04
   124.0      0.5439E-04
   125.0      0.5181E-04
   126.0      0.4938E-04
   127.0      0.4702E-04
   128.0      0.4466E-04
   129.0      0.4225E-04
   130.0      0.3977E-04
   131.0      0.3718E-04
   132.0      0.3451E-04
   133.0      0.3175E-04
   134.0      0.2894E-04
   135.0      0.2610E-04
   136.0      0.2327E-04
   137.0      0.2050E-04
   138.0      0.1782E-04
   139.0      0.1527E-04
   140.0      0.1289E-04
   141.0      0.1071E-04
   142.0      0.8748E-05
   143.0      0.7027E-05
   144.0      0.5557E-05
   145.0      0.4344E-05
   146.0      0.3386E-05
   147.0      0.2676E-05
   148.0      0.2201E-05
   149.0      0.1943E-05
   150.0      0.1880E-05
   151.0      0.1985E-05
   152.0      0.2229E-05
   153.0      0.2582E-05
   154.0      0.3012E-05
   155.0      0.3488E-05
   156.0      0.3980E-05
   157.0      0.4461E-05
   158.0      0.4907E-05
   159.0      0.5298E-05
   160.0      0.5619E-05
   161.0      0.5862E-05
   162.0      0.6021E-05
   163.0      0.6097E-05
   164.0      0.6095E-05
   165.0      0.6025E-05
   166.0      0.5896E-05
   167.0      0.5724E-05
   168.0      0.5521E-05
   169.0      0.5301E-05
   170.0      0.5078E-05
   171.0      0.4861E-05
   172.0      0.4659E-05
   173.0      0.4479E-05
   174.0      0.4324E-05
   175.0      0.4195E-05
   176.0      0.4092E-05
   177.0      0.4015E-05
   178.0      0.3962E-05
   179.0      0.3931E-05
   180.0      0.3921E-05
 END
