           2           1           1
    0.0-     1 1   1.754       0.000      0.1685E-01   1.737    
    1.0+     0 1   5.247       0.000      0.4618E-01   5.201    
    1.0+     2 2   5.278       0.000      0.5256E-01   5.226    
    1.0-     1 1   5.258       0.000      0.5029E-01   5.208    
    2.0+     2 1   8.783       0.000      0.7966E-01   8.703    
    2.0-     1 1   8.749       0.000      0.7317E-01   8.676    
    2.0-     3 2   8.837       0.000      0.7101E-01   8.766    
    3.0+     2 1   12.27       0.000      0.9505E-01   12.17    
    3.0+     4 2   12.44       0.000      0.7318E-01   12.37    
    3.0-     3 1   12.34       0.000      0.8559E-01   12.25    
    4.0+     4 1   15.94       0.000      0.8031E-01   15.86    
    4.0-     3 1   15.80       0.000      0.9256E-01   15.71    
    4.0-     5 2   16.11       0.000      0.7055E-01   16.04    
    5.0+     4 1   19.39       0.000      0.8690E-01   19.30    
    5.0+     6 2   19.85       0.000      0.7597E-01   19.78    
    5.0-     5 1   19.58       0.000      0.7565E-01   19.51    
    6.0+     6 1   23.32       0.000      0.8732E-01   23.23    
    6.0-     5 1   23.00       0.000      0.8653E-01   22.92    
    6.0-     7 2   23.59       0.000      0.8276E-01   23.51    
    7.0+     6 1   26.71       0.000      0.1053       26.60    
    7.0+     8 2   27.28       0.000      0.1243       27.15    
    7.0-     7 1   27.07       0.000      0.1018       26.97    
    8.0+     8 1   30.93       0.000      0.1219       30.81    
    8.0-     7 1   30.47       0.000      0.1348       30.33    
    8.0-     9 2   30.23       0.000      0.2212       30.01    
    9.0+     8 1   34.29       0.000      0.1403       34.15    
    9.0+    10 2   30.91       0.000      0.3108       30.60    
    9.0-     9 1   34.60       0.000      0.2008       34.40    
   10.0+    10 1   36.03       0.000      0.3155       35.72    
   10.0-     9 1   38.55       0.000      0.1654       38.38    
   10.0-    11 2   28.13       0.000      0.3117       27.82    
   11.0+    10 1   41.56       0.000      0.2816       41.28    
   11.0+    12 2   22.54       0.000      0.2429       22.29    
   11.0-    11 1   32.91       0.000      0.3510       32.56    
   12.0+    12 1   25.98       0.000      0.2784       25.70    
   12.0-    11 1   38.73       0.000      0.3716       38.36    
   12.0-    13 2   16.22       0.000      0.1609       16.06    
   13.0+    12 1   30.16       0.000      0.3221       29.83    
   13.0+    14 2   10.85       0.000      0.9556E-01   10.75    
   13.0-    13 1   18.28       0.000      0.1778       18.10    
   14.0+    14 1   11.97       0.000      0.1034       11.87    
   14.0-    13 1   20.65       0.000      0.1993       20.46    
   14.0-    15 2   6.933       0.000      0.5141E-01   6.882    
   15.0+    14 1   13.21       0.000      0.1106       13.10    
   15.0+    16 2   4.320       0.000      0.2502E-01   4.295    
   15.0-    15 1   7.535       0.000      0.5566E-01   7.480    
   16.0+    16 1   4.644       0.000      0.2704E-01   4.617    
   16.0-    15 1   8.171       0.000      0.5969E-01   8.112    
   16.0-    17 2   2.652       0.000      0.1120E-01   2.641    
   17.0+    16 1   4.978       0.000      0.2911E-01   4.949    
   17.0+    18 2   1.614       0.000      0.4740E-02   1.609    
   17.0-    17 1   2.829       0.000      0.1203E-01   2.817    
   18.0+    18 1   1.711       0.000      0.5053E-02   1.706    
   18.0-    17 1   3.008       0.000      0.1288E-01   2.996    
   18.0-    19 2  0.9760       0.000      0.1938E-02  0.9740    
   19.0+    18 1   1.810       0.000      0.5374E-02   1.805    
   19.0+    20 2  0.5877       0.000      0.7757E-03  0.5870    
   19.0-    19 1   1.031       0.000      0.2053E-02   1.029    
   20.0+    20 1  0.6185       0.000      0.8180E-03  0.6177    
   20.0-    19 1   1.086       0.000      0.2170E-02   1.083    
   20.0-    21 2  0.3527       0.000      0.3064E-03  0.3524    
   21.0+    20 1  0.6494       0.000      0.8607E-03  0.6485    
   21.0+    22 2  0.2110       0.000      0.1199E-03  0.2109    
   21.0-    21 1  0.3701       0.000      0.3219E-03  0.3698    
   22.0+    22 1  0.2209       0.000      0.1256E-03  0.2208    
   22.0-    21 1  0.3876       0.000      0.3376E-03  0.3872    
   22.0-    23 2  0.1259       0.000      0.4658E-04  0.1258    
   23.0+    22 1  0.2308       0.000      0.1313E-03  0.2306    
   23.0+    24 2  0.7491E-01   0.000      0.1798E-04  0.7489E-01
   23.0-    23 1  0.1315       0.000      0.4868E-04  0.1315    
   24.0+    24 1  0.7811E-01   0.000      0.1875E-04  0.7809E-01
   24.0-    23 1  0.1371       0.000      0.5078E-04  0.1371    
   24.0-    25 2  0.4447E-01   0.000      0.6894E-05  0.4447E-01
   25.0+    24 1  0.8130E-01   0.000      0.1952E-04  0.8129E-01
   25.0+    26 2  0.2635E-01   0.000      0.2625E-05  0.2634E-01
   25.0-    25 1  0.4629E-01   0.000      0.7176E-05  0.4629E-01
   26.0+    26 1  0.2738E-01   0.000      0.2729E-05  0.2738E-01
   26.0-    25 1  0.4811E-01   0.000      0.7459E-05  0.4810E-01
   26.0-    27 2  0.1557E-01   0.000      0.9919E-06  0.1557E-01
   27.0+    26 1  0.2841E-01   0.000      0.2832E-05  0.2841E-01
   27.0+    28 2  0.9189E-02   0.000      0.3711E-06  0.9189E-02
   27.0-    27 1  0.1616E-01   0.000      0.1029E-05  0.1616E-01
   28.0+    28 1  0.9524E-02   0.000      0.3846E-06  0.9523E-02
   28.0-    27 1  0.1675E-01   0.000      0.1067E-05  0.1675E-01
   28.0-    29 2  0.5412E-02   0.000      0.1370E-06  0.5412E-02
   29.0+    28 1  0.9858E-02   0.000      0.3981E-06  0.9858E-02
   29.0+    30 2  0.3182E-02   0.000      0.4971E-07  0.3182E-02
   29.0-    29 1  0.5602E-02   0.000      0.1418E-06  0.5602E-02
   30.0+    30 1  0.3290E-02   0.000      0.5140E-07  0.3290E-02
   30.0-    29 1  0.5792E-02   0.000      0.1467E-06  0.5792E-02
   30.0-    31 2  0.1868E-02   0.000      0.1757E-07  0.1868E-02
   31.0+    30 1  0.3398E-02   0.000      0.5308E-07  0.3398E-02
   31.0+    32 2  0.1095E-02   0.000      0.5971E-08  0.1095E-02
   31.0-    31 1  0.1929E-02   0.000      0.1815E-07  0.1929E-02
   32.0+    32 1  0.1129E-02   0.000      0.6161E-08  0.1129E-02
   32.0-    31 1  0.1990E-02   0.000      0.1872E-07  0.1990E-02
   32.0-    33 2  0.6407E-03   0.000      0.1905E-08  0.6407E-03
   33.0+    32 1  0.1164E-02   0.000      0.6350E-08  0.1164E-02
   33.0+    34 2  0.3745E-03   0.000      0.5445E-09  0.3745E-03
   33.0-    33 1  0.6604E-03   0.000      0.1963E-08  0.6604E-03
   34.0+    34 1  0.3857E-03   0.000      0.5607E-09  0.3857E-03
   34.0-    33 1  0.6801E-03   0.000      0.2022E-08  0.6801E-03
   34.0-    35 2  0.2186E-03   0.000      0.1259E-09  0.2186E-03
   35.0+    34 1  0.3968E-03   0.000      0.5770E-09  0.3968E-03
   35.0+    36 2  0.1275E-03   0.000      0.1779E-10  0.1275E-03
   35.0-    35 1  0.2249E-03   0.000      0.1296E-09  0.2249E-03
   36.0+    36 1  0.1310E-03   0.000      0.1831E-10  0.1310E-03
   36.0-    35 1  0.2313E-03   0.000      0.1333E-09  0.2313E-03
   36.0-    37 2  0.7423E-04   0.000      0.2197E-11  0.7423E-04
   37.0+    36 1  0.1346E-03   0.000      0.1880E-10  0.1346E-03
   37.0+    38 2  0.4318E-04   0.000      0.8295E-11  0.4318E-04
   37.0-    37 1  0.7626E-04   0.000      0.2263E-11  0.7626E-04
   38.0+    38 1  0.4433E-04   0.000      0.8516E-11  0.4433E-04
   38.0-    37 1  0.7830E-04   0.000      0.2317E-11  0.7830E-04
   38.0-    39 2  0.2510E-04   0.000      0.1557E-10  0.2510E-04
   39.0+    38 1  0.4549E-04   0.000      0.8732E-11  0.4549E-04
   39.0+    40 2  0.1457E-04   0.000      0.1974E-10  0.1457E-04
   39.0-    39 1  0.2575E-04   0.000      0.1598E-10  0.2575E-04
   40.0+    40 1  0.1494E-04   0.000      0.2023E-10  0.1494E-04
   40.0-    39 1  0.2640E-04   0.000      0.1638E-10  0.2640E-04
   40.0-    41 2  0.8452E-05   0.000      0.2097E-10  0.8452E-05
   41.0+    40 1  0.1531E-04   0.000      0.2073E-10  0.1531E-04
   41.0+    42 2  0.4899E-05   0.000      0.2031E-10  0.4899E-05
   41.0-    41 1  0.8661E-05   0.000      0.2149E-10  0.8661E-05
   42.0+    42 1  0.5017E-05   0.000      0.2080E-10  0.5017E-05
   42.0-    41 1  0.8870E-05   0.000      0.2200E-10  0.8870E-05
   42.0-    43 2  0.2837E-05   0.000      0.1868E-10  0.2837E-05
   43.0+    42 1  0.5135E-05   0.000      0.2129E-10  0.5135E-05
   43.0+    44 2  0.1641E-05   0.000      0.1663E-10  0.1641E-05
   43.0-    43 1  0.2903E-05   0.000      0.1911E-10  0.2903E-05
   44.0+    44 1  0.1679E-05   0.000      0.1702E-10  0.1679E-05
   44.0-    43 1  0.2970E-05   0.000      0.1955E-10  0.2970E-05
   44.0-    45 2  0.9490E-06   0.000      0.1454E-10  0.9490E-06
   45.0+    44 1  0.1717E-05   0.000      0.1740E-10  0.1717E-05
   45.0+    46 2  0.5483E-06   0.000      0.1255E-10  0.5483E-06
   45.0-    45 1  0.9703E-06   0.000      0.1486E-10  0.9703E-06
   46.0+    46 1  0.5603E-06   0.000      0.1283E-10  0.5603E-06
   46.0-    45 1  0.9917E-06   0.000      0.1519E-10  0.9917E-06
   46.0-    47 2  0.3166E-06   0.000      0.1076E-10  0.3166E-06
   47.0+    46 1  0.5724E-06   0.000      0.1310E-10  0.5724E-06
   47.0+    48 2  0.1827E-06   0.000      0.9186E-11  0.1826E-06
   47.0-    47 1  0.3234E-06   0.000      0.1099E-10  0.3234E-06
   48.0+    48 1  0.1865E-06   0.000      0.9383E-11  0.1865E-06
   48.0-    47 1  0.3302E-06   0.000      0.1122E-10  0.3302E-06
   48.0-    49 2  0.1053E-06   0.000      0.7824E-11  0.1053E-06
   49.0+    48 1  0.1903E-06   0.000      0.9573E-11  0.1903E-06
   49.0+    50 2  0.6069E-07   0.000      0.6648E-11  0.6068E-07
   49.0-    49 1  0.1075E-06   0.000      0.7981E-11  0.1075E-06
   50.0+    50 1  0.6192E-07   0.000      0.6786E-11  0.6191E-07
   50.0-    49 1  0.1097E-06   0.000      0.8147E-11  0.1096E-06
   50.0-    51 2  0.3495E-07   0.000      0.5652E-11  0.3495E-07
