# 178 angles,  1 tensor ranks for 0=projectile
@subtitle   "20O + d Ex 8.57 4+3?;"                                                         
@legend ON
@legend x1 0.2
@legend y1 0.8
@g0 type LOGY
@yaxis ticklabel format power
@legend string   0 "Lab energy =   70.0000"
#legend string   0 "Partition=  1 Excit=  2 near/far= 1"
#  Theta       sigma       iT11        T20         T21         T22         Kyy for projectile
   3.000       4.090    
   4.000       3.921    
   5.000       3.736    
   6.000       3.551    
   7.000       3.382    
   8.000       3.241    
   9.000       3.138    
   10.00       3.080    
   11.00       3.074    
   12.00       3.126    
   13.00       3.240    
   14.00       3.415    
   15.00       3.649    
   16.00       3.932    
   17.00       4.246    
   18.00       4.571    
   19.00       4.879    
   20.00       5.143    
   21.00       5.336    
   22.00       5.436    
   23.00       5.431    
   24.00       5.315    
   25.00       5.093    
   26.00       4.780    
   27.00       4.396    
   28.00       3.968    
   29.00       3.523    
   30.00       3.089    
   31.00       2.689    
   32.00       2.339    
   33.00       2.053    
   34.00       1.834    
   35.00       1.680    
   36.00       1.584    
   37.00       1.536    
   38.00       1.522    
   39.00       1.528    
   40.00       1.542    
   41.00       1.553    
   42.00       1.552    
   43.00       1.534    
   44.00       1.496    
   45.00       1.438    
   46.00       1.362    
   47.00       1.271    
   48.00       1.171    
   49.00       1.066    
   50.00      0.9607    
   51.00      0.8586    
   52.00      0.7629    
   53.00      0.6759    
   54.00      0.5986    
   55.00      0.5315    
   56.00      0.4739    
   57.00      0.4251    
   58.00      0.3838    
   59.00      0.3485    
   60.00      0.3180    
   61.00      0.2909    
   62.00      0.2662    
   63.00      0.2432    
   64.00      0.2213    
   65.00      0.2003    
   66.00      0.1799    
   67.00      0.1604    
   68.00      0.1418    
   69.00      0.1243    
   70.00      0.1081    
   71.00      0.9332E-01
   72.00      0.8016E-01
   73.00      0.6863E-01
   74.00      0.5872E-01
   75.00      0.5035E-01
   76.00      0.4340E-01
   77.00      0.3772E-01
   78.00      0.3312E-01
   79.00      0.2942E-01
   80.00      0.2644E-01
   81.00      0.2400E-01
   82.00      0.2198E-01
   83.00      0.2023E-01
   84.00      0.1867E-01
   85.00      0.1723E-01
   86.00      0.1587E-01
   87.00      0.1455E-01
   88.00      0.1327E-01
   89.00      0.1202E-01
   90.00      0.1082E-01
   91.00      0.9671E-02
   92.00      0.8591E-02
   93.00      0.7591E-02
   94.00      0.6678E-02
   95.00      0.5857E-02
   96.00      0.5131E-02
   97.00      0.4496E-02
   98.00      0.3949E-02
   99.00      0.3482E-02
   100.0      0.3086E-02
   101.0      0.2752E-02
   102.0      0.2471E-02
   103.0      0.2232E-02
   104.0      0.2028E-02
   105.0      0.1852E-02
   106.0      0.1697E-02
   107.0      0.1559E-02
   108.0      0.1434E-02
   109.0      0.1319E-02
   110.0      0.1213E-02
   111.0      0.1115E-02
   112.0      0.1025E-02
   113.0      0.9412E-03
   114.0      0.8647E-03
   115.0      0.7953E-03
   116.0      0.7328E-03
   117.0      0.6772E-03
   118.0      0.6281E-03
   119.0      0.5851E-03
   120.0      0.5476E-03
   121.0      0.5149E-03
   122.0      0.4863E-03
   123.0      0.4611E-03
   124.0      0.4384E-03
   125.0      0.4176E-03
   126.0      0.3981E-03
   127.0      0.3794E-03
   128.0      0.3610E-03
   129.0      0.3427E-03
   130.0      0.3242E-03
   131.0      0.3055E-03
   132.0      0.2866E-03
   133.0      0.2675E-03
   134.0      0.2484E-03
   135.0      0.2294E-03
   136.0      0.2108E-03
   137.0      0.1928E-03
   138.0      0.1755E-03
   139.0      0.1592E-03
   140.0      0.1440E-03
   141.0      0.1300E-03
   142.0      0.1174E-03
   143.0      0.1061E-03
   144.0      0.9631E-04
   145.0      0.8792E-04
   146.0      0.8092E-04
   147.0      0.7526E-04
   148.0      0.7085E-04
   149.0      0.6760E-04
   150.0      0.6539E-04
   151.0      0.6407E-04
   152.0      0.6353E-04
   153.0      0.6360E-04
   154.0      0.6414E-04
   155.0      0.6501E-04
   156.0      0.6607E-04
   157.0      0.6718E-04
   158.0      0.6822E-04
   159.0      0.6908E-04
   160.0      0.6969E-04
   161.0      0.6999E-04
   162.0      0.6991E-04
   163.0      0.6945E-04
   164.0      0.6860E-04
   165.0      0.6738E-04
   166.0      0.6582E-04
   167.0      0.6396E-04
   168.0      0.6188E-04
   169.0      0.5964E-04
   170.0      0.5731E-04
   171.0      0.5496E-04
   172.0      0.5266E-04
   173.0      0.5047E-04
   174.0      0.4845E-04
   175.0      0.4666E-04
   176.0      0.4514E-04
   177.0      0.4392E-04
   178.0      0.4304E-04
   179.0      0.4250E-04
   180.0      0.4232E-04
 END
