# Fusion cross sections for ELAB=  70.000, ECM=  63.597
     0.0   1.756     -1
     1.0   10.54      1
     1.0   15.80     -1
     2.0   8.788      1
     2.0   26.39     -1
     3.0   24.72      1
     3.0   37.06     -1
     4.0   15.95      1
     4.0   47.89     -1
     5.0   39.26      1
     5.0   58.86     -1
     6.0   23.33      1
     6.0   69.94     -1
     7.0   53.99      1
     7.0   81.04     -1
     8.0   30.92      1
     8.0   91.51     -1
     9.0   64.98      1
     9.0   99.52     -1
    10.0   35.83      1
    10.0   102.3     -1
    11.0   63.75      1
    11.0   96.40     -1
    12.0   25.78      1
    12.0   80.33     -1
    13.0   40.70      1
    13.0   58.87     -1
    14.0   11.91      1
    14.0   39.34     -1
    15.0   17.45      1
    15.0   24.96     -1
    16.0   4.633      1
    16.0   15.42     -1
    17.0   6.579      1
    17.0   9.405     -1
    18.0   1.711      1
    18.0   5.692     -1
    19.0   2.397      1
    19.0   3.428     -1
    20.0  0.6186      1
    20.0   2.057     -1
    21.0  0.8605      1
    21.0   1.231     -1
    22.0  0.2209      1
    22.0  0.7344     -1
    23.0  0.3057      1
    23.0  0.4372     -1
    24.0  0.7811E-01  1
    24.0  0.2597     -1
    25.0  0.1077      1
    25.0  0.1540     -1
    26.0  0.2738E-01  1
    26.0  0.9107E-01 -1
    27.0  0.3761E-01  1
    27.0  0.5377E-01 -1
    28.0  0.9524E-02  1
    28.0  0.3169E-01 -1
    29.0  0.1304E-01  1
    29.0  0.1864E-01 -1
    30.0  0.3290E-02  1
    30.0  0.1095E-01 -1
    31.0  0.4492E-02  1
    31.0  0.6421E-02 -1
    32.0  0.1129E-02  1
    32.0  0.3760E-02 -1
    33.0  0.1539E-02  1
    33.0  0.2199E-02 -1
    34.0  0.3857E-03  1
    34.0  0.1284E-02 -1
    35.0  0.5243E-03  1
    35.0  0.7492E-03 -1
    36.0  0.1310E-03  1
    36.0  0.4365E-03 -1
    37.0  0.1778E-03  1
    37.0  0.2541E-03 -1
    38.0  0.4433E-04  1
    38.0  0.1477E-03 -1
    39.0  0.6006E-04  1
    39.0  0.8581E-04 -1
    40.0  0.1494E-04  1
    40.0  0.4979E-04 -1
    41.0  0.2021E-04  1
    41.0  0.2887E-04 -1
    42.0  0.5017E-05  1
    42.0  0.1672E-04 -1
    43.0  0.6776E-05  1
    43.0  0.9680E-05 -1
    44.0  0.1679E-05  1
    44.0  0.5598E-05 -1
    45.0  0.2265E-05  1
    45.0  0.3236E-05 -1
    46.0  0.5603E-06  1
    46.0  0.1869E-05 -1
    47.0  0.7550E-06  1
    47.0  0.1078E-05 -1
    48.0  0.1865E-06  1
    48.0  0.6220E-06 -1
    49.0  0.2510E-06  1
    49.0  0.3585E-06 -1
    50.0  0.6191E-07  1
    50.0  0.2065E-06 -1
 &
