# Fusion cross sections for ELAB=  70.000, ECM=  63.597
     0.0   1.751       1.763      0.1201E-01
     1.0   15.76       15.87      0.1136    
     2.0   26.33       26.54      0.2095    
     3.0   37.02       37.30      0.2862    
     4.0   47.85       48.17      0.3173    
     5.0   58.83       59.15      0.3264    
     6.0   69.90       70.23      0.3303    
     7.0   81.00       81.38      0.3789    
     8.0   91.46       91.96      0.4995    
     9.0   99.45       100.1      0.6640    
    10.0   102.2       103.0      0.8082    
    11.0   96.32       97.20      0.8836    
    12.0   80.26       81.06      0.7963    
    13.0   58.83       59.39      0.5681    
    14.0   39.32       39.66      0.3333    
    15.0   24.95       25.12      0.1720    
    16.0   15.42       15.50      0.8452E-01
    17.0   9.400       9.440      0.4005E-01
    18.0   5.688       5.706      0.1802E-01
    19.0   3.426       3.434      0.7753E-02
    20.0   2.056       2.059      0.3237E-02
    21.0   1.230       1.232      0.1327E-02
    22.0  0.7343      0.7348      0.5376E-03
    23.0  0.4372      0.4374      0.2161E-03
    24.0  0.2597      0.2598      0.8632E-04
    25.0  0.1539      0.1540      0.3431E-04
    26.0  0.9107E-01  0.9108E-01  0.1357E-04
    27.0  0.5377E-01  0.5377E-01  0.5339E-05
    28.0  0.3169E-01  0.3169E-01  0.2089E-05
    29.0  0.1864E-01  0.1864E-01  0.8123E-06
    30.0  0.1095E-01  0.1095E-01  0.3132E-06
    31.0  0.6421E-02  0.6422E-02  0.1195E-06
    32.0  0.3760E-02  0.3760E-02  0.4498E-07
    33.0  0.2199E-02  0.2199E-02  0.1661E-07
    34.0  0.1284E-02  0.1284E-02  0.5977E-08
    35.0  0.7492E-03  0.7492E-03  0.2081E-08
    36.0  0.4365E-03  0.4365E-03  0.7003E-09
    37.0  0.2541E-03  0.2541E-03  0.2358E-09
    38.0  0.1477E-03  0.1477E-03  0.9246E-10
    39.0  0.8581E-04  0.8581E-04  0.5459E-10
    40.0  0.4979E-04  0.4979E-04  0.4725E-10
    41.0  0.2887E-04  0.2887E-04  0.4632E-10
    42.0  0.1672E-04  0.1672E-04  0.4516E-10
    43.0  0.9680E-05  0.9680E-05  0.4267E-10
    44.0  0.5598E-05  0.5598E-05  0.3921E-10
    45.0  0.3236E-05  0.3236E-05  0.3533E-10
    46.0  0.1869E-05  0.1869E-05  0.3142E-10
    47.0  0.1078E-05  0.1078E-05  0.2772E-10
    48.0  0.6220E-06  0.6220E-06  0.2435E-10
    49.0  0.3585E-06  0.3585E-06  0.2134E-10
    50.0  0.2065E-06  0.2065E-06  0.1870E-10
 &
