# Fusion cross sections for ELAB=  70.000, ECM=  63.596
     0.0   1.744       1.753      0.9918E-02
     1.0   15.70       15.78      0.8276E-01
     2.0   26.23       26.36      0.1305    
     3.0   36.85       37.02      0.1674    
     4.0   47.62       47.81      0.1902    
     5.0   58.59       58.79      0.1972    
     6.0   69.74       69.93      0.1879    
     7.0   81.25       81.41      0.1603    
     8.0   92.62       92.77      0.1544    
     9.0   101.4       101.6      0.2107    
    10.0   103.8       104.0      0.2886    
    11.0   96.48       96.80      0.3193    
    12.0   79.69       79.97      0.2841    
    13.0   58.63       58.85      0.2110    
    14.0   39.46       39.59      0.1356    
    15.0   25.07       25.15      0.7842E-01
    16.0   15.41       15.45      0.4251E-01
    17.0   9.295       9.317      0.2210E-01
    18.0   5.546       5.558      0.1115E-01
    19.0   3.288       3.293      0.5500E-02
    20.0   1.940       1.943      0.2674E-02
    21.0   1.141       1.142      0.1288E-02
    22.0  0.6690      0.6696      0.6172E-03
    23.0  0.3913      0.3916      0.2947E-03
    24.0  0.2284      0.2285      0.1405E-03
    25.0  0.1330      0.1331      0.6696E-04
    26.0  0.7731E-01  0.7735E-01  0.3190E-04
    27.0  0.4486E-01  0.4488E-01  0.1520E-04
    28.0  0.2599E-01  0.2599E-01  0.7248E-05
    29.0  0.1503E-01  0.1503E-01  0.3457E-05
    30.0  0.8678E-02  0.8680E-02  0.1649E-05
    31.0  0.5004E-02  0.5005E-02  0.7873E-06
    32.0  0.2882E-02  0.2882E-02  0.3760E-06
    33.0  0.1657E-02  0.1658E-02  0.1797E-06
    34.0  0.9521E-03  0.9522E-03  0.8590E-07
    35.0  0.5463E-03  0.5463E-03  0.4108E-07
    36.0  0.3131E-03  0.3131E-03  0.1965E-07
    37.0  0.1793E-03  0.1793E-03  0.9404E-08
    38.0  0.1025E-03  0.1025E-03  0.4502E-08
    39.0  0.5860E-04  0.5860E-04  0.2156E-08
    40.0  0.3346E-04  0.3346E-04  0.1033E-08
    41.0  0.1909E-04  0.1909E-04  0.4947E-09
    42.0  0.1088E-04  0.1088E-04  0.2371E-09
    43.0  0.6197E-05  0.6197E-05  0.1136E-09
    44.0  0.3527E-05  0.3527E-05  0.5448E-10
    45.0  0.2006E-05  0.2006E-05  0.2612E-10
    46.0  0.1140E-05  0.1140E-05  0.1253E-10
    47.0  0.6474E-06  0.6475E-06  0.6010E-11
    48.0  0.3675E-06  0.3675E-06  0.2883E-11
    49.0  0.2085E-06  0.2085E-06  0.1383E-11
    50.0  0.1182E-06  0.1182E-06  0.6638E-12
    51.0  0.6696E-07  0.6696E-07  0.3186E-12
    52.0  0.3792E-07  0.3792E-07  0.1529E-12
    53.0  0.2146E-07  0.2146E-07  0.7341E-13
    54.0  0.1214E-07  0.1214E-07  0.3524E-13
    55.0  0.6865E-08  0.6865E-08  0.1692E-13
    56.0  0.3880E-08  0.3880E-08  0.8126E-14
    57.0  0.2192E-08  0.2192E-08  0.3902E-14
    58.0  0.1238E-08  0.1238E-08  0.1874E-14
    59.0  0.6991E-09  0.6991E-09  0.9002E-15
    60.0  0.3943E-09  0.3943E-09  0.4324E-15
 &
