# 181 angles,  1 tensor ranks for 0=projectile
@subtitle   "p+O20 2nd ex with BG ;"                                                        
@legend ON
@legend x1 0.2
@legend y1 0.8
@g0 type LOGY
@yaxis ticklabel format power
@legend string   0 "Lab energy =   35.0000"
#legend string   0 "Partition=  1 Excit=  2 near/far= 1"
#  Theta       sigma       iT11        T20         T21         T22         Kyy for projectile
   0.000       23.00    
   1.000       23.06    
   2.000       23.19    
   3.000       23.32    
   4.000       23.31    
   5.000       23.10    
   6.000       22.67    
   7.000       22.03    
   8.000       21.25    
   9.000       20.42    
   10.00       19.59    
   11.00       18.81    
   12.00       18.08    
   13.00       17.43    
   14.00       16.87    
   15.00       16.39    
   16.00       16.01    
   17.00       15.74    
   18.00       15.56    
   19.00       15.47    
   20.00       15.45    
   21.00       15.48    
   22.00       15.55    
   23.00       15.62    
   24.00       15.68    
   25.00       15.72    
   26.00       15.71    
   27.00       15.65    
   28.00       15.52    
   29.00       15.31    
   30.00       15.02    
   31.00       14.64    
   32.00       14.18    
   33.00       13.64    
   34.00       13.04    
   35.00       12.37    
   36.00       11.66    
   37.00       10.91    
   38.00       10.15    
   39.00       9.370    
   40.00       8.599    
   41.00       7.847    
   42.00       7.124    
   43.00       6.442    
   44.00       5.808    
   45.00       5.228    
   46.00       4.708    
   47.00       4.250    
   48.00       3.856    
   49.00       3.524    
   50.00       3.253    
   51.00       3.040    
   52.00       2.879    
   53.00       2.766    
   54.00       2.695    
   55.00       2.659    
   56.00       2.652    
   57.00       2.665    
   58.00       2.694    
   59.00       2.733    
   60.00       2.775    
   61.00       2.817    
   62.00       2.854    
   63.00       2.881    
   64.00       2.896    
   65.00       2.897    
   66.00       2.882    
   67.00       2.852    
   68.00       2.806    
   69.00       2.743    
   70.00       2.666    
   71.00       2.574    
   72.00       2.470    
   73.00       2.355    
   74.00       2.232    
   75.00       2.102    
   76.00       1.968    
   77.00       1.831    
   78.00       1.694    
   79.00       1.558    
   80.00       1.424    
   81.00       1.295    
   82.00       1.172    
   83.00       1.055    
   84.00      0.9456    
   85.00      0.8442    
   86.00      0.7512    
   87.00      0.6669    
   88.00      0.5914    
   89.00      0.5244    
   90.00      0.4657    
   91.00      0.4151    
   92.00      0.3719    
   93.00      0.3357    
   94.00      0.3059    
   95.00      0.2818    
   96.00      0.2628    
   97.00      0.2481    
   98.00      0.2372    
   99.00      0.2295    
   100.0      0.2243    
   101.0      0.2211    
   102.0      0.2193    
   103.0      0.2185    
   104.0      0.2183    
   105.0      0.2184    
   106.0      0.2185    
   107.0      0.2183    
   108.0      0.2176    
   109.0      0.2163    
   110.0      0.2142    
   111.0      0.2113    
   112.0      0.2077    
   113.0      0.2032    
   114.0      0.1979    
   115.0      0.1919    
   116.0      0.1853    
   117.0      0.1780    
   118.0      0.1704    
   119.0      0.1623    
   120.0      0.1539    
   121.0      0.1454    
   122.0      0.1368    
   123.0      0.1282    
   124.0      0.1197    
   125.0      0.1114    
   126.0      0.1034    
   127.0      0.9564E-01
   128.0      0.8826E-01
   129.0      0.8130E-01
   130.0      0.7478E-01
   131.0      0.6872E-01
   132.0      0.6313E-01
   133.0      0.5800E-01
   134.0      0.5335E-01
   135.0      0.4918E-01
   136.0      0.4546E-01
   137.0      0.4217E-01
   138.0      0.3928E-01
   139.0      0.3676E-01
   140.0      0.3457E-01
   141.0      0.3269E-01
   142.0      0.3112E-01
   143.0      0.2981E-01
   144.0      0.2873E-01
   145.0      0.2783E-01
   146.0      0.2709E-01
   147.0      0.2647E-01
   148.0      0.2597E-01
   149.0      0.2558E-01
   150.0      0.2527E-01
   151.0      0.2504E-01
   152.0      0.2485E-01
   153.0      0.2469E-01
   154.0      0.2457E-01
   155.0      0.2447E-01
   156.0      0.2440E-01
   157.0      0.2435E-01
   158.0      0.2433E-01
   159.0      0.2433E-01
   160.0      0.2434E-01
   161.0      0.2438E-01
   162.0      0.2443E-01
   163.0      0.2450E-01
   164.0      0.2460E-01
   165.0      0.2471E-01
   166.0      0.2484E-01
   167.0      0.2499E-01
   168.0      0.2515E-01
   169.0      0.2533E-01
   170.0      0.2552E-01
   171.0      0.2570E-01
   172.0      0.2587E-01
   173.0      0.2604E-01
   174.0      0.2620E-01
   175.0      0.2634E-01
   176.0      0.2647E-01
   177.0      0.2658E-01
   178.0      0.2666E-01
   179.0      0.2670E-01
   180.0      0.2672E-01
 END
