# 178 angles,  1 tensor ranks for 0=projectile
@subtitle   "p+O20 with CH89;"                                                              
@legend ON
@legend x1 0.2
@legend y1 0.8
@g0 type LOGY
@yaxis ticklabel format power
@legend string   0 "Lab energy =   35.0000"
#legend string   0 "Partition=  1 Excit=  1 near/far= 1"
#  Theta       sigma       iT11        T20         T21         T22         Kyy for projectile
   3.000      0.1333E+06
   4.000      0.3883E+05
   5.000      0.1512E+05
   6.000       7397.    
   7.000       4407.    
   8.000       3082.    
   9.000       2416.    
   10.00       2032.    
   11.00       1776.    
   12.00       1580.    
   13.00       1415.    
   14.00       1268.    
   15.00       1130.    
   16.00       1001.    
   17.00       879.3    
   18.00       765.2    
   19.00       659.1    
   20.00       561.6    
   21.00       472.9    
   22.00       393.3    
   23.00       323.0    
   24.00       261.7    
   25.00       209.4    
   26.00       165.4    
   27.00       129.5    
   28.00       100.8    
   29.00       78.80    
   30.00       62.69    
   31.00       51.72    
   32.00       45.13    
   33.00       42.19    
   34.00       42.17    
   35.00       44.41    
   36.00       48.30    
   37.00       53.29    
   38.00       58.90    
   39.00       64.70    
   40.00       70.36    
   41.00       75.60    
   42.00       80.20    
   43.00       84.01    
   44.00       86.93    
   45.00       88.91    
   46.00       89.94    
   47.00       90.04    
   48.00       89.28    
   49.00       87.71    
   50.00       85.43    
   51.00       82.55    
   52.00       79.18    
   53.00       75.41    
   54.00       71.36    
   55.00       67.13    
   56.00       62.81    
   57.00       58.49    
   58.00       54.24    
   59.00       50.13    
   60.00       46.20    
   61.00       42.50    
   62.00       39.05    
   63.00       35.88    
   64.00       33.00    
   65.00       30.40    
   66.00       28.09    
   67.00       26.05    
   68.00       24.27    
   69.00       22.73    
   70.00       21.41    
   71.00       20.28    
   72.00       19.32    
   73.00       18.51    
   74.00       17.82    
   75.00       17.24    
   76.00       16.73    
   77.00       16.28    
   78.00       15.88    
   79.00       15.51    
   80.00       15.15    
   81.00       14.81    
   82.00       14.46    
   83.00       14.11    
   84.00       13.74    
   85.00       13.37    
   86.00       12.98    
   87.00       12.58    
   88.00       12.16    
   89.00       11.74    
   90.00       11.30    
   91.00       10.86    
   92.00       10.42    
   93.00       9.980    
   94.00       9.542    
   95.00       9.109    
   96.00       8.685    
   97.00       8.271    
   98.00       7.868    
   99.00       7.479    
   100.0       7.105    
   101.0       6.746    
   102.0       6.402    
   103.0       6.075    
   104.0       5.763    
   105.0       5.468    
   106.0       5.188    
   107.0       4.923    
   108.0       4.673    
   109.0       4.438    
   110.0       4.217    
   111.0       4.010    
   112.0       3.816    
   113.0       3.636    
   114.0       3.469    
   115.0       3.315    
   116.0       3.174    
   117.0       3.045    
   118.0       2.929    
   119.0       2.825    
   120.0       2.734    
   121.0       2.654    
   122.0       2.586    
   123.0       2.528    
   124.0       2.481    
   125.0       2.443    
   126.0       2.413    
   127.0       2.391    
   128.0       2.374    
   129.0       2.362    
   130.0       2.354    
   131.0       2.348    
   132.0       2.342    
   133.0       2.335    
   134.0       2.326    
   135.0       2.313    
   136.0       2.296    
   137.0       2.274    
   138.0       2.246    
   139.0       2.211    
   140.0       2.169    
   141.0       2.122    
   142.0       2.068    
   143.0       2.009    
   144.0       1.945    
   145.0       1.879    
   146.0       1.812    
   147.0       1.745    
   148.0       1.680    
   149.0       1.620    
   150.0       1.567    
   151.0       1.523    
   152.0       1.489    
   153.0       1.469    
   154.0       1.463    
   155.0       1.474    
   156.0       1.503    
   157.0       1.551    
   158.0       1.619    
   159.0       1.706    
   160.0       1.814    
   161.0       1.941    
   162.0       2.085    
   163.0       2.247    
   164.0       2.423    
   165.0       2.612    
   166.0       2.811    
   167.0       3.017    
   168.0       3.227    
   169.0       3.437    
   170.0       3.645    
   171.0       3.845    
   172.0       4.036    
   173.0       4.213    
   174.0       4.374    
   175.0       4.516    
   176.0       4.635    
   177.0       4.731    
   178.0       4.800    
   179.0       4.842    
   180.0       4.856    
 END
