# 178 angles,  1 tensor ranks for 0=projectile
@subtitle   "20O + d inelastic scattering;"                                                 
@legend ON
@legend x1 0.2
@legend y1 0.8
@g0 type LOGY
@yaxis ticklabel format power
@legend string   0 "Lab energy =   70.0000"
#legend string   0 "Partition=  1 Excit=  1 near/far= 1"
#  Theta       sigma       iT11        T20         T21         T22         Kyy for projectile
   3.000      0.2953E+05
   4.000      0.1221E+05
   5.000       8285.    
   6.000       6618.    
   7.000       5390.    
   8.000       4281.    
   9.000       3264.    
   10.00       2369.    
   11.00       1621.    
   12.00       1033.    
   13.00       598.8    
   14.00       304.3    
   15.00       125.9    
   16.00       37.13    
   17.00       11.28    
   18.00       24.47    
   19.00       57.04    
   20.00       94.30    
   21.00       126.5    
   22.00       148.4    
   23.00       158.2    
   24.00       156.6    
   25.00       145.9    
   26.00       129.1    
   27.00       109.3    
   28.00       89.11    
   29.00       70.50    
   30.00       54.76    
   31.00       42.48    
   32.00       33.68    
   33.00       27.99    
   34.00       24.79    
   35.00       23.35    
   36.00       22.99    
   37.00       23.09    
   38.00       23.21    
   39.00       23.03    
   40.00       22.39    
   41.00       21.26    
   42.00       19.69    
   43.00       17.79    
   44.00       15.68    
   45.00       13.51    
   46.00       11.41    
   47.00       9.457    
   48.00       7.730    
   49.00       6.261    
   50.00       5.057    
   51.00       4.106    
   52.00       3.379    
   53.00       2.840    
   54.00       2.449    
   55.00       2.167    
   56.00       1.961    
   57.00       1.802    
   58.00       1.668    
   59.00       1.545    
   60.00       1.424    
   61.00       1.301    
   62.00       1.174    
   63.00       1.045    
   64.00      0.9169    
   65.00      0.7933    
   66.00      0.6771    
   67.00      0.5708    
   68.00      0.4761    
   69.00      0.3940    
   70.00      0.3245    
   71.00      0.2670    
   72.00      0.2205    
   73.00      0.1836    
   74.00      0.1549    
   75.00      0.1327    
   76.00      0.1156    
   77.00      0.1023    
   78.00      0.9184E-01
   79.00      0.8322E-01
   80.00      0.7583E-01
   81.00      0.6920E-01
   82.00      0.6303E-01
   83.00      0.5715E-01
   84.00      0.5147E-01
   85.00      0.4599E-01
   86.00      0.4074E-01
   87.00      0.3576E-01
   88.00      0.3110E-01
   89.00      0.2681E-01
   90.00      0.2292E-01
   91.00      0.1946E-01
   92.00      0.1641E-01
   93.00      0.1378E-01
   94.00      0.1153E-01
   95.00      0.9637E-02
   96.00      0.8065E-02
   97.00      0.6773E-02
   98.00      0.5722E-02
   99.00      0.4873E-02
   100.0      0.4192E-02
   101.0      0.3647E-02
   102.0      0.3210E-02
   103.0      0.2858E-02
   104.0      0.2572E-02
   105.0      0.2336E-02
   106.0      0.2137E-02
   107.0      0.1966E-02
   108.0      0.1815E-02
   109.0      0.1679E-02
   110.0      0.1554E-02
   111.0      0.1437E-02
   112.0      0.1325E-02
   113.0      0.1219E-02
   114.0      0.1117E-02
   115.0      0.1020E-02
   116.0      0.9262E-03
   117.0      0.8370E-03
   118.0      0.7523E-03
   119.0      0.6724E-03
   120.0      0.5978E-03
   121.0      0.5287E-03
   122.0      0.4654E-03
   123.0      0.4079E-03
   124.0      0.3565E-03
   125.0      0.3110E-03
   126.0      0.2714E-03
   127.0      0.2374E-03
   128.0      0.2087E-03
   129.0      0.1849E-03
   130.0      0.1657E-03
   131.0      0.1505E-03
   132.0      0.1388E-03
   133.0      0.1301E-03
   134.0      0.1238E-03
   135.0      0.1194E-03
   136.0      0.1165E-03
   137.0      0.1146E-03
   138.0      0.1133E-03
   139.0      0.1122E-03
   140.0      0.1111E-03
   141.0      0.1098E-03
   142.0      0.1081E-03
   143.0      0.1059E-03
   144.0      0.1031E-03
   145.0      0.9969E-04
   146.0      0.9578E-04
   147.0      0.9140E-04
   148.0      0.8662E-04
   149.0      0.8155E-04
   150.0      0.7631E-04
   151.0      0.7100E-04
   152.0      0.6572E-04
   153.0      0.6058E-04
   154.0      0.5567E-04
   155.0      0.5104E-04
   156.0      0.4676E-04
   157.0      0.4284E-04
   158.0      0.3932E-04
   159.0      0.3618E-04
   160.0      0.3340E-04
   161.0      0.3096E-04
   162.0      0.2883E-04
   163.0      0.2694E-04
   164.0      0.2527E-04
   165.0      0.2376E-04
   166.0      0.2238E-04
   167.0      0.2109E-04
   168.0      0.1985E-04
   169.0      0.1866E-04
   170.0      0.1750E-04
   171.0      0.1637E-04
   172.0      0.1528E-04
   173.0      0.1424E-04
   174.0      0.1327E-04
   175.0      0.1240E-04
   176.0      0.1165E-04
   177.0      0.1103E-04
   178.0      0.1057E-04
   179.0      0.1029E-04
   180.0      0.1020E-04
 END
