# 178 angles,  1 tensor ranks for 0=projectile
@subtitle   "p+O20 with CH89;"                                                              
@legend ON
@legend x1 0.2
@legend y1 0.8
@g0 type LOGY
@yaxis ticklabel format power
@legend string   0 "Lab energy =   35.0000"
#legend string   0 "Partition=  1 Excit=  1 near/far= 1"
#  Theta       sigma       iT11        T20         T21         T22         Kyy for projectile
   3.000      0.1332E+06
   4.000      0.3897E+05
   5.000      0.1535E+05
   6.000       7645.    
   7.000       4655.    
   8.000       3323.    
   9.000       2647.    
   10.00       2252.    
   11.00       1985.    
   12.00       1779.    
   13.00       1604.    
   14.00       1446.    
   15.00       1299.    
   16.00       1160.    
   17.00       1028.    
   18.00       903.5    
   19.00       787.0    
   20.00       678.7    
   21.00       579.2    
   22.00       488.7    
   23.00       407.4    
   24.00       335.1    
   25.00       271.8    
   26.00       217.0    
   27.00       170.4    
   28.00       131.4    
   29.00       99.42    
   30.00       73.77    
   31.00       53.77    
   32.00       38.72    
   33.00       27.94    
   34.00       20.74    
   35.00       16.51    
   36.00       14.64    
   37.00       14.60    
   38.00       15.90    
   39.00       18.12    
   40.00       20.89    
   41.00       23.91    
   42.00       26.93    
   43.00       29.75    
   44.00       32.23    
   45.00       34.25    
   46.00       35.77    
   47.00       36.75    
   48.00       37.18    
   49.00       37.09    
   50.00       36.51    
   51.00       35.49    
   52.00       34.10    
   53.00       32.40    
   54.00       30.45    
   55.00       28.32    
   56.00       26.08    
   57.00       23.78    
   58.00       21.47    
   59.00       19.21    
   60.00       17.02    
   61.00       14.95    
   62.00       13.02    
   63.00       11.24    
   64.00       9.631    
   65.00       8.194    
   66.00       6.933    
   67.00       5.842    
   68.00       4.917    
   69.00       4.146    
   70.00       3.519    
   71.00       3.021    
   72.00       2.639    
   73.00       2.357    
   74.00       2.161    
   75.00       2.035    
   76.00       1.968    
   77.00       1.944    
   78.00       1.954    
   79.00       1.986    
   80.00       2.032    
   81.00       2.083    
   82.00       2.134    
   83.00       2.178    
   84.00       2.213    
   85.00       2.235    
   86.00       2.242    
   87.00       2.233    
   88.00       2.208    
   89.00       2.167    
   90.00       2.112    
   91.00       2.043    
   92.00       1.963    
   93.00       1.872    
   94.00       1.773    
   95.00       1.668    
   96.00       1.558    
   97.00       1.446    
   98.00       1.333    
   99.00       1.221    
   100.0       1.112    
   101.0       1.006    
   102.0      0.9044    
   103.0      0.8087    
   104.0      0.7193    
   105.0      0.6366    
   106.0      0.5609    
   107.0      0.4925    
   108.0      0.4315    
   109.0      0.3776    
   110.0      0.3307    
   111.0      0.2905    
   112.0      0.2568    
   113.0      0.2289    
   114.0      0.2066    
   115.0      0.1892    
   116.0      0.1764    
   117.0      0.1675    
   118.0      0.1621    
   119.0      0.1597    
   120.0      0.1598    
   121.0      0.1618    
   122.0      0.1655    
   123.0      0.1704    
   124.0      0.1760    
   125.0      0.1822    
   126.0      0.1884    
   127.0      0.1946    
   128.0      0.2004    
   129.0      0.2056    
   130.0      0.2100    
   131.0      0.2135    
   132.0      0.2160    
   133.0      0.2174    
   134.0      0.2177    
   135.0      0.2167    
   136.0      0.2145    
   137.0      0.2111    
   138.0      0.2066    
   139.0      0.2009    
   140.0      0.1943    
   141.0      0.1867    
   142.0      0.1782    
   143.0      0.1691    
   144.0      0.1595    
   145.0      0.1494    
   146.0      0.1391    
   147.0      0.1287    
   148.0      0.1184    
   149.0      0.1083    
   150.0      0.9851E-01
   151.0      0.8930E-01
   152.0      0.8076E-01
   153.0      0.7302E-01
   154.0      0.6618E-01
   155.0      0.6035E-01
   156.0      0.5560E-01
   157.0      0.5200E-01
   158.0      0.4958E-01
   159.0      0.4836E-01
   160.0      0.4832E-01
   161.0      0.4946E-01
   162.0      0.5170E-01
   163.0      0.5498E-01
   164.0      0.5920E-01
   165.0      0.6426E-01
   166.0      0.7003E-01
   167.0      0.7636E-01
   168.0      0.8312E-01
   169.0      0.9013E-01
   170.0      0.9723E-01
   171.0      0.1043    
   172.0      0.1111    
   173.0      0.1175    
   174.0      0.1234    
   175.0      0.1286    
   176.0      0.1331    
   177.0      0.1367    
   178.0      0.1393    
   179.0      0.1409    
   180.0      0.1414    
 END
