# 178 angles,  1 tensor ranks for 0=projectile
@subtitle   "20O(d,d') Daehnick OMP with step defs and iblock=5"                            
@legend ON
@legend x1 0.2
@legend y1 0.8
@g0 type LOGY
@yaxis ticklabel format power
@legend string   0 "Lab energy =   70.0000"
#legend string   0 "Partition=  1 Excit=  5 near/far= 1"
#  Theta       sigma       iT11        T20         T21         T22         Kyy for projectile
   3.000       2.145    
   4.000       1.899    
   5.000       1.617    
   6.000       1.320    
   7.000       1.028    
   8.000      0.7585    
   9.000      0.5274    
   10.00      0.3442    
   11.00      0.2137    
   12.00      0.1354    
   13.00      0.1041    
   14.00      0.1111    
   15.00      0.1456    
   16.00      0.1958    
   17.00      0.2507    
   18.00      0.3007    
   19.00      0.3388    
   20.00      0.3608    
   21.00      0.3653    
   22.00      0.3538    
   23.00      0.3294    
   24.00      0.2965    
   25.00      0.2604    
   26.00      0.2257    
   27.00      0.1965    
   28.00      0.1756    
   29.00      0.1643    
   30.00      0.1628    
   31.00      0.1696    
   32.00      0.1828    
   33.00      0.1997    
   34.00      0.2172    
   35.00      0.2329    
   36.00      0.2443    
   37.00      0.2501    
   38.00      0.2492    
   39.00      0.2418    
   40.00      0.2283    
   41.00      0.2098    
   42.00      0.1877    
   43.00      0.1636    
   44.00      0.1391    
   45.00      0.1154    
   46.00      0.9379E-01
   47.00      0.7495E-01
   48.00      0.5933E-01
   49.00      0.4704E-01
   50.00      0.3793E-01
   51.00      0.3161E-01
   52.00      0.2757E-01
   53.00      0.2525E-01
   54.00      0.2408E-01
   55.00      0.2354E-01
   56.00      0.2322E-01
   57.00      0.2279E-01
   58.00      0.2206E-01
   59.00      0.2094E-01
   60.00      0.1942E-01
   61.00      0.1756E-01
   62.00      0.1548E-01
   63.00      0.1329E-01
   64.00      0.1113E-01
   65.00      0.9108E-02
   66.00      0.7318E-02
   67.00      0.5816E-02
   68.00      0.4628E-02
   69.00      0.3750E-02
   70.00      0.3156E-02
   71.00      0.2802E-02
   72.00      0.2635E-02
   73.00      0.2595E-02
   74.00      0.2630E-02
   75.00      0.2689E-02
   76.00      0.2736E-02
   77.00      0.2743E-02
   78.00      0.2694E-02
   79.00      0.2585E-02
   80.00      0.2418E-02
   81.00      0.2205E-02
   82.00      0.1958E-02
   83.00      0.1694E-02
   84.00      0.1429E-02
   85.00      0.1177E-02
   86.00      0.9493E-03
   87.00      0.7552E-03
   88.00      0.5988E-03
   89.00      0.4816E-03
   90.00      0.4017E-03
   91.00      0.3552E-03
   92.00      0.3364E-03
   93.00      0.3386E-03
   94.00      0.3548E-03
   95.00      0.3785E-03
   96.00      0.4037E-03
   97.00      0.4257E-03
   98.00      0.4408E-03
   99.00      0.4467E-03
   100.0      0.4424E-03
   101.0      0.4279E-03
   102.0      0.4042E-03
   103.0      0.3726E-03
   104.0      0.3354E-03
   105.0      0.2947E-03
   106.0      0.2527E-03
   107.0      0.2115E-03
   108.0      0.1728E-03
   109.0      0.1381E-03
   110.0      0.1084E-03
   111.0      0.8423E-04
   112.0      0.6581E-04
   113.0      0.5296E-04
   114.0      0.4522E-04
   115.0      0.4191E-04
   116.0      0.4220E-04
   117.0      0.4519E-04
   118.0      0.4999E-04
   119.0      0.5571E-04
   120.0      0.6158E-04
   121.0      0.6696E-04
   122.0      0.7132E-04
   123.0      0.7431E-04
   124.0      0.7571E-04
   125.0      0.7543E-04
   126.0      0.7353E-04
   127.0      0.7014E-04
   128.0      0.6548E-04
   129.0      0.5983E-04
   130.0      0.5348E-04
   131.0      0.4675E-04
   132.0      0.3993E-04
   133.0      0.3329E-04
   134.0      0.2706E-04
   135.0      0.2143E-04
   136.0      0.1654E-04
   137.0      0.1246E-04
   138.0      0.9226E-05
   139.0      0.6841E-05
   140.0      0.5254E-05
   141.0      0.4390E-05
   142.0      0.4153E-05
   143.0      0.4434E-05
   144.0      0.5117E-05
   145.0      0.6089E-05
   146.0      0.7244E-05
   147.0      0.8485E-05
   148.0      0.9732E-05
   149.0      0.1092E-04
   150.0      0.1200E-04
   151.0      0.1293E-04
   152.0      0.1370E-04
   153.0      0.1429E-04
   154.0      0.1471E-04
   155.0      0.1496E-04
   156.0      0.1505E-04
   157.0      0.1501E-04
   158.0      0.1484E-04
   159.0      0.1456E-04
   160.0      0.1419E-04
   161.0      0.1374E-04
   162.0      0.1323E-04
   163.0      0.1266E-04
   164.0      0.1204E-04
   165.0      0.1139E-04
   166.0      0.1073E-04
   167.0      0.1005E-04
   168.0      0.9367E-05
   169.0      0.8697E-05
   170.0      0.8048E-05
   171.0      0.7430E-05
   172.0      0.6853E-05
   173.0      0.6324E-05
   174.0      0.5852E-05
   175.0      0.5443E-05
   176.0      0.5102E-05
   177.0      0.4832E-05
   178.0      0.4638E-05
   179.0      0.4521E-05
   180.0      0.4482E-05
 END
