           2           1           1
    0.0-     1 1   1.754       0.000      0.2740E-03   1.754    
    1.0+     0 1   5.247       0.000      0.4803E-03   5.247    
    1.0+     2 2   5.278       0.000      0.3089E-02   5.275    
    1.0-     1 1   5.258       0.000      0.1324E-02   5.257    
    2.0+     2 1   8.783       0.000      0.7120E-02   8.775    
    2.0-     1 1   8.749       0.000      0.4407E-02   8.745    
    2.0-     3 2   8.837       0.000      0.1090E-01   8.826    
    3.0+     2 1   12.27       0.000      0.1452E-01   12.25    
    3.0+     4 2   12.44       0.000      0.2600E-01   12.42    
    3.0-     3 1   12.34       0.000      0.1990E-01   12.32    
    4.0+     4 1   15.94       0.000      0.4188E-01   15.89    
    4.0-     3 1   15.80       0.000      0.3376E-01   15.77    
    4.0-     5 2   16.11       0.000      0.5088E-01   16.06    
    5.0+     4 1   19.39       0.000      0.6434E-01   19.32    
    5.0+     6 2   19.85       0.000      0.8762E-01   19.77    
    5.0-     5 1   19.58       0.000      0.7465E-01   19.51    
    6.0+     6 1   23.32       0.000      0.1173       23.20    
    6.0-     5 1   23.00       0.000      0.1047       22.90    
    6.0-     7 2   23.59       0.000      0.1511       23.44    
    7.0+     6 1   26.71       0.000      0.1564       26.55    
    7.0+     8 2   27.28       0.000      0.3056       26.97    
    7.0-     7 1   27.07       0.000      0.1574       26.91    
    8.0+     8 1   30.93       0.000      0.2518       30.68    
    8.0-     7 1   30.47       0.000      0.1948       30.27    
    8.0-     9 2   30.23       0.000      0.5485       29.68    
    9.0+     8 1   34.29       0.000      0.2159       34.07    
    9.0+    10 2   30.91       0.000      0.7160       30.20    
    9.0-     9 1   34.60       0.000      0.4972       34.11    
   10.0+    10 1   36.03       0.000      0.7649       35.27    
   10.0-     9 1   38.55       0.000      0.3720       38.18    
   10.0-    11 2   28.13       0.000      0.6542       27.47    
   11.0+    10 1   41.56       0.000      0.7225       40.84    
   11.0+    12 2   22.54       0.000      0.4173       22.12    
   11.0-    11 1   32.91       0.000      0.7707       32.14    
   12.0+    12 1   25.98       0.000      0.5047       25.47    
   12.0-    11 1   38.73       0.000      0.8818       37.85    
   12.0-    13 2   16.22       0.000      0.1930       16.03    
   13.0+    12 1   30.16       0.000      0.6164       29.54    
   13.0+    14 2   10.85       0.000      0.7614E-01   10.77    
   13.0-    13 1   18.28       0.000      0.2288       18.05    
   14.0+    14 1   11.97       0.000      0.8643E-01   11.89    
   14.0-    13 1   20.65       0.000      0.2747       20.38    
   14.0-    15 2   6.933       0.000      0.4309E-01   6.890    
   15.0+    14 1   13.21       0.000      0.9864E-01   13.11    
   15.0+    16 2   4.320       0.000      0.4628E-01   4.274    
   15.0-    15 1   7.535       0.000      0.4662E-01   7.489    
   16.0+    16 1   4.644       0.000      0.4924E-01   4.594    
   16.0-    15 1   8.171       0.000      0.5034E-01   8.121    
   16.0-    17 2   2.652       0.000      0.5753E-01   2.594    
   17.0+    16 1   4.978       0.000      0.5219E-01   4.925    
   17.0+    18 2   1.614       0.000      0.6681E-01   1.547    
   17.0-    17 1   2.829       0.000      0.6101E-01   2.768    
   18.0+    18 1   1.711       0.000      0.7065E-01   1.641    
   18.0-    17 1   3.008       0.000      0.6449E-01   2.944    
   18.0-    19 2  0.9760       0.000      0.7167E-01  0.9043    
   19.0+    18 1   1.810       0.000      0.7450E-01   1.736    
   19.0+    20 2  0.5877       0.000      0.7315E-01  0.5146    
   19.0-    19 1   1.031       0.000      0.7557E-01  0.9551    
   20.0+    20 1  0.6185       0.000      0.7693E-01  0.5416    
   20.0-    19 1   1.086       0.000      0.7948E-01   1.006    
   20.0-    21 2  0.3527       0.000      0.7199E-01  0.2807    
   21.0+    20 1  0.6494       0.000      0.8070E-01  0.5687    
   21.0+    22 2  0.2110       0.000      0.6954E-01  0.1415    
   21.0-    21 1  0.3701       0.000      0.7551E-01  0.2946    
   22.0+    22 1  0.2209       0.000      0.7278E-01  0.1481    
   22.0-    21 1  0.3876       0.000      0.7904E-01  0.3085    
   22.0-    23 2  0.1259       0.000      0.6615E-01  0.5973E-01
   23.0+    22 1  0.2308       0.000      0.7602E-01  0.1548    
   23.0+    24 2  0.7491E-01   0.000      0.6248E-01  0.1243E-01
   23.0-    23 1  0.1315       0.000      0.6909E-01  0.6241E-01
   24.0+    24 1  0.7811E-01   0.000      0.6514E-01  0.1297E-01
   24.0-    23 1  0.1371       0.000      0.7204E-01  0.6509E-01
   24.0-    25 2  0.4447E-01   0.000      0.5872E-01 -0.1425E-01
   25.0+    24 1  0.8130E-01   0.000      0.6780E-01  0.1350E-01
   25.0+    26 2  0.2635E-01   0.000      0.5494E-01 -0.2859E-01
   25.0-    25 1  0.4629E-01   0.000      0.6112E-01 -0.1483E-01
   26.0+    26 1  0.2738E-01   0.000      0.5709E-01 -0.2971E-01
   26.0-    25 1  0.4811E-01   0.000      0.6352E-01 -0.1541E-01
   26.0-    27 2  0.1557E-01   0.000      0.5146E-01 -0.3588E-01
   27.0+    26 1  0.2841E-01   0.000      0.5925E-01 -0.3083E-01
   27.0+    28 2  0.9189E-02   0.000      0.4796E-01 -0.3877E-01
   27.0-    27 1  0.1616E-01   0.000      0.5340E-01 -0.3724E-01
   28.0+    28 1  0.9524E-02   0.000      0.4970E-01 -0.4018E-01
   28.0-    27 1  0.1675E-01   0.000      0.5534E-01 -0.3859E-01
   28.0-    29 2  0.5412E-02   0.000      0.4488E-01 -0.3947E-01
   29.0+    28 1  0.9858E-02   0.000      0.5144E-01 -0.4159E-01
   29.0+    30 2  0.3182E-02   0.000      0.4181E-01 -0.3863E-01
   29.0-    29 1  0.5602E-02   0.000      0.4646E-01 -0.4086E-01
   30.0+    30 1  0.3290E-02   0.000      0.4323E-01 -0.3994E-01
   30.0-    29 1  0.5792E-02   0.000      0.4803E-01 -0.4224E-01
   30.0-    31 2  0.1868E-02   0.000      0.3908E-01 -0.3721E-01
   31.0+    30 1  0.3398E-02   0.000      0.4465E-01 -0.4125E-01
   31.0+    32 2  0.1095E-02   0.000      0.3649E-01 -0.3540E-01
   31.0-    31 1  0.1929E-02   0.000      0.4036E-01 -0.3843E-01
   32.0+    32 1  0.1129E-02   0.000      0.3765E-01 -0.3652E-01
   32.0-    31 1  0.1990E-02   0.000      0.4164E-01 -0.3965E-01
   32.0-    33 2  0.6407E-03   0.000      0.3403E-01 -0.3339E-01
   33.0+    32 1  0.1164E-02   0.000      0.3881E-01 -0.3765E-01
   33.0+    34 2  0.3745E-03   0.000      0.3188E-01 -0.3151E-01
   33.0-    33 1  0.6604E-03   0.000      0.3508E-01 -0.3442E-01
   34.0+    34 1  0.3857E-03   0.000      0.3284E-01 -0.3245E-01
   34.0-    33 1  0.6801E-03   0.000      0.3613E-01 -0.3545E-01
   34.0-    35 2  0.2186E-03   0.000      0.2969E-01 -0.2947E-01
   35.0+    34 1  0.3968E-03   0.000      0.3379E-01 -0.3339E-01
   35.0+    36 2  0.1275E-03   0.000      0.2785E-01 -0.2773E-01
   35.0-    35 1  0.2249E-03   0.000      0.3055E-01 -0.3033E-01
   36.0+    36 1  0.1310E-03   0.000      0.2864E-01 -0.2851E-01
   36.0-    35 1  0.2313E-03   0.000      0.3141E-01 -0.3118E-01
   36.0-    37 2  0.7423E-04   0.000      0.2599E-01 -0.2592E-01
   37.0+    36 1  0.1346E-03   0.000      0.2942E-01 -0.2929E-01
   37.0+    38 2  0.4318E-04   0.000      0.2432E-01 -0.2428E-01
   37.0-    37 1  0.7626E-04   0.000      0.2670E-01 -0.2663E-01
   38.0+    38 1  0.4433E-04   0.000      0.2497E-01 -0.2492E-01
   38.0-    37 1  0.7830E-04   0.000      0.2742E-01 -0.2734E-01
   38.0-    39 2  0.2510E-04   0.000      0.2281E-01 -0.2279E-01
   39.0+    38 1  0.4549E-04   0.000      0.2562E-01 -0.2557E-01
   39.0+    40 2  0.1457E-04   0.000      0.2127E-01 -0.2125E-01
   39.0-    39 1  0.2575E-04   0.000      0.2340E-01 -0.2338E-01
   40.0+    40 1  0.1494E-04   0.000      0.2180E-01 -0.2179E-01
   40.0-    39 1  0.2640E-04   0.000      0.2400E-01 -0.2397E-01
   40.0-    41 2  0.8452E-05   0.000      0.2001E-01 -0.2000E-01
   41.0+    40 1  0.1531E-04   0.000      0.2234E-01 -0.2233E-01
   41.0+    42 2  0.4899E-05   0.000      0.1868E-01 -0.1867E-01
   41.0-    41 1  0.8661E-05   0.000      0.2051E-01 -0.2050E-01
   42.0+    42 1  0.5017E-05   0.000      0.1913E-01 -0.1912E-01
   42.0-    41 1  0.8870E-05   0.000      0.2100E-01 -0.2099E-01
   42.0-    43 2  0.2837E-05   0.000      0.1752E-01 -0.1752E-01
   43.0+    42 1  0.5135E-05   0.000      0.1958E-01 -0.1957E-01
   43.0+    44 2  0.1641E-05   0.000      0.1647E-01 -0.1647E-01
   43.0-    43 1  0.2903E-05   0.000      0.1794E-01 -0.1793E-01
   44.0+    44 1  0.1679E-05   0.000      0.1685E-01 -0.1685E-01
   44.0-    43 1  0.2970E-05   0.000      0.1835E-01 -0.1835E-01
   44.0-    45 2  0.9490E-06   0.000      0.1536E-01 -0.1536E-01
   45.0+    44 1  0.1717E-05   0.000      0.1723E-01 -0.1723E-01
   45.0+    46 2  0.5483E-06   0.000      0.1451E-01 -0.1451E-01
   45.0-    45 1  0.9703E-06   0.000      0.1571E-01 -0.1571E-01
   46.0+    46 1  0.5603E-06   0.000      0.1483E-01 -0.1482E-01
   46.0-    45 1  0.9917E-06   0.000      0.1606E-01 -0.1605E-01
   46.0-    47 2  0.3166E-06   0.000      0.1356E-01 -0.1356E-01
   47.0+    46 1  0.5724E-06   0.000      0.1514E-01 -0.1514E-01
   47.0+    48 2  0.1827E-06   0.000      0.1273E-01 -0.1273E-01
   47.0-    47 1  0.3234E-06   0.000      0.1385E-01 -0.1385E-01
   48.0+    48 1  0.1865E-06   0.000      0.1300E-01 -0.1300E-01
   48.0-    47 1  0.3302E-06   0.000      0.1414E-01 -0.1414E-01
   48.0-    49 2  0.1053E-06   0.000      0.1202E-01 -0.1202E-01
   49.0+    48 1  0.1903E-06   0.000      0.1327E-01 -0.1327E-01
   49.0+    50 2  0.6069E-07   0.000      0.1121E-01 -0.1121E-01
   49.0-    49 1  0.1075E-06   0.000      0.1227E-01 -0.1227E-01
   50.0+    50 1  0.6192E-07   0.000      0.1144E-01 -0.1144E-01
   50.0-    49 1  0.1097E-06   0.000      0.1252E-01 -0.1252E-01
   50.0-    51 2  0.3495E-07   0.000      0.1061E-01 -0.1061E-01
