# 178 angles,  1 tensor ranks for 0=projectile
@subtitle   "20O + d 2+2 as 1-;"                                                            
@legend ON
@legend x1 0.2
@legend y1 0.8
@g0 type LOGY
@yaxis ticklabel format power
@legend string   0 "Lab energy =   70.0000"
#legend string   0 "Partition=  1 Excit=  1 near/far= 1"
#  Theta       sigma       iT11        T20         T21         T22         Kyy for projectile
   3.000      0.2707E+05
   4.000      0.1150E+05
   5.000       8202.    
   6.000       6733.    
   7.000       5528.    
   8.000       4374.    
   9.000       3299.    
   10.00       2356.    
   11.00       1580.    
   12.00       983.0    
   13.00       557.8    
   14.00       281.9    
   15.00       125.7    
   16.00       57.57    
   17.00       47.61    
   18.00       70.48    
   19.00       106.6    
   20.00       142.2    
   21.00       169.1    
   22.00       183.9    
   23.00       186.2    
   24.00       178.0    
   25.00       162.1    
   26.00       141.9    
   27.00       120.1    
   28.00       99.14    
   29.00       80.56    
   30.00       65.23    
   31.00       53.35    
   32.00       44.69    
   33.00       38.74    
   34.00       34.83    
   35.00       32.31    
   36.00       30.60    
   37.00       29.23    
   38.00       27.85    
   39.00       26.29    
   40.00       24.46    
   41.00       22.40    
   42.00       20.15    
   43.00       17.83    
   44.00       15.52    
   45.00       13.33    
   46.00       11.32    
   47.00       9.537    
   48.00       8.011    
   49.00       6.738    
   50.00       5.700    
   51.00       4.871    
   52.00       4.215    
   53.00       3.699    
   54.00       3.288    
   55.00       2.952    
   56.00       2.668    
   57.00       2.417    
   58.00       2.188    
   59.00       1.974    
   60.00       1.771    
   61.00       1.579    
   62.00       1.397    
   63.00       1.227    
   64.00       1.072    
   65.00      0.9327    
   66.00      0.8091    
   67.00      0.7012    
   68.00      0.6084    
   69.00      0.5299    
   70.00      0.4643    
   71.00      0.4098    
   72.00      0.3644    
   73.00      0.3261    
   74.00      0.2934    
   75.00      0.2651    
   76.00      0.2402    
   77.00      0.2177    
   78.00      0.1970    
   79.00      0.1777    
   80.00      0.1598    
   81.00      0.1431    
   82.00      0.1277    
   83.00      0.1136    
   84.00      0.1005    
   85.00      0.8857E-01
   86.00      0.7788E-01
   87.00      0.6845E-01
   88.00      0.6027E-01
   89.00      0.5320E-01
   90.00      0.4711E-01
   91.00      0.4186E-01
   92.00      0.3739E-01
   93.00      0.3357E-01
   94.00      0.3030E-01
   95.00      0.2745E-01
   96.00      0.2492E-01
   97.00      0.2266E-01
   98.00      0.2062E-01
   99.00      0.1879E-01
   100.0      0.1711E-01
   101.0      0.1554E-01
   102.0      0.1404E-01
   103.0      0.1263E-01
   104.0      0.1132E-01
   105.0      0.1011E-01
   106.0      0.8998E-02
   107.0      0.7973E-02
   108.0      0.7038E-02
   109.0      0.6204E-02
   110.0      0.5476E-02
   111.0      0.4840E-02
   112.0      0.4278E-02
   113.0      0.3775E-02
   114.0      0.3331E-02
   115.0      0.2951E-02
   116.0      0.2638E-02
   117.0      0.2379E-02
   118.0      0.2156E-02
   119.0      0.1957E-02
   120.0      0.1779E-02
   121.0      0.1624E-02
   122.0      0.1489E-02
   123.0      0.1367E-02
   124.0      0.1250E-02
   125.0      0.1136E-02
   126.0      0.1031E-02
   127.0      0.9421E-03
   128.0      0.8665E-03
   129.0      0.7964E-03
   130.0      0.7232E-03
   131.0      0.6458E-03
   132.0      0.5711E-03
   133.0      0.5071E-03
   134.0      0.4557E-03
   135.0      0.4130E-03
   136.0      0.3731E-03
   137.0      0.3333E-03
   138.0      0.2955E-03
   139.0      0.2633E-03
   140.0      0.2370E-03
   141.0      0.2138E-03
   142.0      0.1916E-03
   143.0      0.1709E-03
   144.0      0.1541E-03
   145.0      0.1427E-03
   146.0      0.1357E-03
   147.0      0.1294E-03
   148.0      0.1208E-03
   149.0      0.1105E-03
   150.0      0.1012E-03
   151.0      0.9521E-04
   152.0      0.9204E-04
   153.0      0.8993E-04
   154.0      0.8710E-04
   155.0      0.8296E-04
   156.0      0.7858E-04
   157.0      0.7511E-04
   158.0      0.7196E-04
   159.0      0.6773E-04
   160.0      0.6241E-04
   161.0      0.5722E-04
   162.0      0.5308E-04
   163.0      0.5039E-04
   164.0      0.4876E-04
   165.0      0.4670E-04
   166.0      0.4323E-04
   167.0      0.3952E-04
   168.0      0.3727E-04
   169.0      0.3636E-04
   170.0      0.3597E-04
   171.0      0.3616E-04
   172.0      0.3705E-04
   173.0      0.3843E-04
   174.0      0.4106E-04
   175.0      0.4514E-04
   176.0      0.4793E-04
   177.0      0.4639E-04
   178.0      0.4174E-04
   179.0      0.3781E-04
   180.0      0.3648E-04
 END
