# 178 angles,  1 tensor ranks for 0=projectile
@subtitle   "20O + d Ex 8.575 2+;"                                                          
@legend ON
@legend x1 0.2
@legend y1 0.8
@g0 type LOGY
@yaxis ticklabel format power
@legend string   0 "Lab energy =   70.0000"
#legend string   0 "Partition=  1 Excit=  2 near/far= 1"
#  Theta       sigma       iT11        T20         T21         T22         Kyy for projectile
   3.000       4.323    
   4.000       4.044    
   5.000       3.882    
   6.000       3.922    
   7.000       4.211    
   8.000       4.740    
   9.000       5.452    
   10.00       6.244    
   11.00       6.999    
   12.00       7.602    
   13.00       7.961    
   14.00       8.022    
   15.00       7.771    
   16.00       7.238    
   17.00       6.485    
   18.00       5.598    
   19.00       4.671    
   20.00       3.791    
   21.00       3.027    
   22.00       2.425    
   23.00       2.003    
   24.00       1.756    
   25.00       1.661    
   26.00       1.680    
   27.00       1.771    
   28.00       1.892    
   29.00       2.007    
   30.00       2.089    
   31.00       2.122    
   32.00       2.100    
   33.00       2.025    
   34.00       1.907    
   35.00       1.759    
   36.00       1.596    
   37.00       1.431    
   38.00       1.276    
   39.00       1.140    
   40.00       1.026    
   41.00      0.9358    
   42.00      0.8677    
   43.00      0.8180    
   44.00      0.7817    
   45.00      0.7535    
   46.00      0.7285    
   47.00      0.7028    
   48.00      0.6735    
   49.00      0.6392    
   50.00      0.5993    
   51.00      0.5545    
   52.00      0.5061    
   53.00      0.4558    
   54.00      0.4053    
   55.00      0.3565    
   56.00      0.3109    
   57.00      0.2695    
   58.00      0.2331    
   59.00      0.2019    
   60.00      0.1759    
   61.00      0.1545    
   62.00      0.1373    
   63.00      0.1234    
   64.00      0.1122    
   65.00      0.1030    
   66.00      0.9501E-01
   67.00      0.8788E-01
   68.00      0.8122E-01
   69.00      0.7478E-01
   70.00      0.6844E-01
   71.00      0.6217E-01
   72.00      0.5601E-01
   73.00      0.5003E-01
   74.00      0.4432E-01
   75.00      0.3898E-01
   76.00      0.3408E-01
   77.00      0.2968E-01
   78.00      0.2582E-01
   79.00      0.2248E-01
   80.00      0.1965E-01
   81.00      0.1728E-01
   82.00      0.1532E-01
   83.00      0.1370E-01
   84.00      0.1236E-01
   85.00      0.1122E-01
   86.00      0.1025E-01
   87.00      0.9386E-02
   88.00      0.8603E-02
   89.00      0.7875E-02
   90.00      0.7186E-02
   91.00      0.6526E-02
   92.00      0.5893E-02
   93.00      0.5290E-02
   94.00      0.4721E-02
   95.00      0.4192E-02
   96.00      0.3709E-02
   97.00      0.3273E-02
   98.00      0.2889E-02
   99.00      0.2556E-02
   100.0      0.2273E-02
   101.0      0.2036E-02
   102.0      0.1841E-02
   103.0      0.1680E-02
   104.0      0.1548E-02
   105.0      0.1438E-02
   106.0      0.1346E-02
   107.0      0.1266E-02
   108.0      0.1194E-02
   109.0      0.1126E-02
   110.0      0.1060E-02
   111.0      0.9944E-03
   112.0      0.9284E-03
   113.0      0.8614E-03
   114.0      0.7937E-03
   115.0      0.7259E-03
   116.0      0.6591E-03
   117.0      0.5947E-03
   118.0      0.5333E-03
   119.0      0.4756E-03
   120.0      0.4221E-03
   121.0      0.3731E-03
   122.0      0.3294E-03
   123.0      0.2911E-03
   124.0      0.2580E-03
   125.0      0.2295E-03
   126.0      0.2050E-03
   127.0      0.1843E-03
   128.0      0.1672E-03
   129.0      0.1534E-03
   130.0      0.1425E-03
   131.0      0.1337E-03
   132.0      0.1263E-03
   133.0      0.1199E-03
   134.0      0.1145E-03
   135.0      0.1099E-03
   136.0      0.1059E-03
   137.0      0.1022E-03
   138.0      0.9862E-04
   139.0      0.9521E-04
   140.0      0.9201E-04
   141.0      0.8900E-04
   142.0      0.8601E-04
   143.0      0.8286E-04
   144.0      0.7950E-04
   145.0      0.7606E-04
   146.0      0.7272E-04
   147.0      0.6960E-04
   148.0      0.6666E-04
   149.0      0.6380E-04
   150.0      0.6093E-04
   151.0      0.5808E-04
   152.0      0.5529E-04
   153.0      0.5259E-04
   154.0      0.4996E-04
   155.0      0.4738E-04
   156.0      0.4489E-04
   157.0      0.4259E-04
   158.0      0.4055E-04
   159.0      0.3874E-04
   160.0      0.3705E-04
   161.0      0.3538E-04
   162.0      0.3371E-04
   163.0      0.3215E-04
   164.0      0.3084E-04
   165.0      0.2986E-04
   166.0      0.2920E-04
   167.0      0.2876E-04
   168.0      0.2850E-04
   169.0      0.2840E-04
   170.0      0.2846E-04
   171.0      0.2867E-04
   172.0      0.2897E-04
   173.0      0.2931E-04
   174.0      0.2967E-04
   175.0      0.3010E-04
   176.0      0.3067E-04
   177.0      0.3136E-04
   178.0      0.3208E-04
   179.0      0.3263E-04
   180.0      0.3283E-04
 END
