# 181 angles,  1 tensor ranks for 0=projectile
@subtitle   "p+O20 1st ex with BG ;"                                                        
@legend ON
@legend x1 0.2
@legend y1 0.8
@g0 type LOGY
@yaxis ticklabel format power
@legend string   0 "Lab energy =   35.0000"
#legend string   0 "Partition=  1 Excit=  2 near/far= 1"
#  Theta       sigma       iT11        T20         T21         T22         Kyy for projectile
   0.000       2.320    
   1.000       2.339    
   2.000       2.398    
   3.000       2.493    
   4.000       2.621    
   5.000       2.779    
   6.000       2.962    
   7.000       3.165    
   8.000       3.384    
   9.000       3.616    
   10.00       3.856    
   11.00       4.103    
   12.00       4.354    
   13.00       4.606    
   14.00       4.857    
   15.00       5.106    
   16.00       5.351    
   17.00       5.592    
   18.00       5.831    
   19.00       6.066    
   20.00       6.300    
   21.00       6.531    
   22.00       6.759    
   23.00       6.985    
   24.00       7.207    
   25.00       7.425    
   26.00       7.636    
   27.00       7.839    
   28.00       8.030    
   29.00       8.206    
   30.00       8.364    
   31.00       8.500    
   32.00       8.611    
   33.00       8.693    
   34.00       8.742    
   35.00       8.756    
   36.00       8.733    
   37.00       8.670    
   38.00       8.568    
   39.00       8.425    
   40.00       8.242    
   41.00       8.022    
   42.00       7.765    
   43.00       7.476    
   44.00       7.157    
   45.00       6.813    
   46.00       6.449    
   47.00       6.069    
   48.00       5.678    
   49.00       5.281    
   50.00       4.884    
   51.00       4.492    
   52.00       4.108    
   53.00       3.738    
   54.00       3.385    
   55.00       3.052    
   56.00       2.742    
   57.00       2.457    
   58.00       2.199    
   59.00       1.968    
   60.00       1.765    
   61.00       1.589    
   62.00       1.441    
   63.00       1.318    
   64.00       1.220    
   65.00       1.144    
   66.00       1.088    
   67.00       1.050    
   68.00       1.029    
   69.00       1.020    
   70.00       1.022    
   71.00       1.033    
   72.00       1.050    
   73.00       1.071    
   74.00       1.094    
   75.00       1.117    
   76.00       1.139    
   77.00       1.158    
   78.00       1.173    
   79.00       1.183    
   80.00       1.188    
   81.00       1.187    
   82.00       1.180    
   83.00       1.167    
   84.00       1.148    
   85.00       1.123    
   86.00       1.092    
   87.00       1.056    
   88.00       1.016    
   89.00      0.9717    
   90.00      0.9244    
   91.00      0.8744    
   92.00      0.8225    
   93.00      0.7695    
   94.00      0.7157    
   95.00      0.6620    
   96.00      0.6089    
   97.00      0.5569    
   98.00      0.5063    
   99.00      0.4578    
   100.0      0.4115    
   101.0      0.3677    
   102.0      0.3267    
   103.0      0.2886    
   104.0      0.2536    
   105.0      0.2216    
   106.0      0.1927    
   107.0      0.1669    
   108.0      0.1440    
   109.0      0.1240    
   110.0      0.1068    
   111.0      0.9213E-01
   112.0      0.7987E-01
   113.0      0.6984E-01
   114.0      0.6184E-01
   115.0      0.5567E-01
   116.0      0.5113E-01
   117.0      0.4803E-01
   118.0      0.4617E-01
   119.0      0.4536E-01
   120.0      0.4544E-01
   121.0      0.4623E-01
   122.0      0.4759E-01
   123.0      0.4935E-01
   124.0      0.5141E-01
   125.0      0.5363E-01
   126.0      0.5592E-01
   127.0      0.5820E-01
   128.0      0.6037E-01
   129.0      0.6239E-01
   130.0      0.6418E-01
   131.0      0.6572E-01
   132.0      0.6697E-01
   133.0      0.6790E-01
   134.0      0.6850E-01
   135.0      0.6878E-01
   136.0      0.6871E-01
   137.0      0.6832E-01
   138.0      0.6762E-01
   139.0      0.6661E-01
   140.0      0.6531E-01
   141.0      0.6375E-01
   142.0      0.6196E-01
   143.0      0.5995E-01
   144.0      0.5776E-01
   145.0      0.5542E-01
   146.0      0.5294E-01
   147.0      0.5036E-01
   148.0      0.4770E-01
   149.0      0.4499E-01
   150.0      0.4226E-01
   151.0      0.3953E-01
   152.0      0.3682E-01
   153.0      0.3415E-01
   154.0      0.3153E-01
   155.0      0.2899E-01
   156.0      0.2654E-01
   157.0      0.2419E-01
   158.0      0.2195E-01
   159.0      0.1984E-01
   160.0      0.1784E-01
   161.0      0.1597E-01
   162.0      0.1424E-01
   163.0      0.1264E-01
   164.0      0.1117E-01
   165.0      0.9825E-02
   166.0      0.8610E-02
   167.0      0.7516E-02
   168.0      0.6538E-02
   169.0      0.5671E-02
   170.0      0.4909E-02
   171.0      0.4246E-02
   172.0      0.3674E-02
   173.0      0.3187E-02
   174.0      0.2778E-02
   175.0      0.2443E-02
   176.0      0.2175E-02
   177.0      0.1973E-02
   178.0      0.1831E-02
   179.0      0.1747E-02
   180.0      0.1720E-02
 END
