# 181 angles,  1 tensor ranks for 0=projectile
@subtitle   "p+O20 1st ex with BG ;"                                                        
@legend ON
@legend x1 0.2
@legend y1 0.8
@g0 type LOGY
@yaxis ticklabel format power
@legend string   0 "Lab energy =   35.0000"
#legend string   0 "Partition=  1 Excit=  1 near/far= 1"
#  Theta       sigma       iT11        T20         T21         T22         Kyy for projectile
  0.1000E-01  0.1288E+16
   1.000      0.1251E+08
   2.000      0.7245E+06
   3.000      0.1293E+06
   4.000      0.3701E+05
   5.000      0.1428E+05
   6.000       7056.    
   7.000       4349.    
   8.000       3194.    
   9.000       2632.    
   10.00       2313.    
   11.00       2096.    
   12.00       1923.    
   13.00       1769.    
   14.00       1623.    
   15.00       1481.    
   16.00       1342.    
   17.00       1207.    
   18.00       1077.    
   19.00       952.6    
   20.00       835.3    
   21.00       725.8    
   22.00       624.7    
   23.00       532.4    
   24.00       449.1    
   25.00       374.7    
   26.00       309.2    
   27.00       252.3    
   28.00       203.3    
   29.00       161.9    
   30.00       127.5    
   31.00       99.30    
   32.00       76.74    
   33.00       59.12    
   34.00       45.79    
   35.00       36.09    
   36.00       29.44    
   37.00       25.25    
   38.00       23.03    
   39.00       22.32    
   40.00       22.70    
   41.00       23.84    
   42.00       25.43    
   43.00       27.23    
   44.00       29.04    
   45.00       30.72    
   46.00       32.15    
   47.00       33.25    
   48.00       33.98    
   49.00       34.31    
   50.00       34.24    
   51.00       33.79    
   52.00       33.00    
   53.00       31.89    
   54.00       30.51    
   55.00       28.91    
   56.00       27.14    
   57.00       25.25    
   58.00       23.28    
   59.00       21.28    
   60.00       19.28    
   61.00       17.33    
   62.00       15.43    
   63.00       13.63    
   64.00       11.94    
   65.00       10.37    
   66.00       8.929    
   67.00       7.626    
   68.00       6.461    
   69.00       5.433    
   70.00       4.537    
   71.00       3.767    
   72.00       3.115    
   73.00       2.572    
   74.00       2.128    
   75.00       1.772    
   76.00       1.494    
   77.00       1.284    
   78.00       1.131    
   79.00       1.026    
   80.00      0.9597    
   81.00      0.9243    
   82.00      0.9124    
   83.00      0.9174    
   84.00      0.9337    
   85.00      0.9564    
   86.00      0.9816    
   87.00       1.006    
   88.00       1.027    
   89.00       1.043    
   90.00       1.052    
   91.00       1.054    
   92.00       1.048    
   93.00       1.035    
   94.00       1.014    
   95.00      0.9853    
   96.00      0.9506    
   97.00      0.9103    
   98.00      0.8653    
   99.00      0.8166    
   100.0      0.7650    
   101.0      0.7114    
   102.0      0.6569    
   103.0      0.6021    
   104.0      0.5479    
   105.0      0.4948    
   106.0      0.4435    
   107.0      0.3946    
   108.0      0.3482    
   109.0      0.3049    
   110.0      0.2648    
   111.0      0.2280    
   112.0      0.1947    
   113.0      0.1649    
   114.0      0.1384    
   115.0      0.1153    
   116.0      0.9545E-01
   117.0      0.7859E-01
   118.0      0.6456E-01
   119.0      0.5316E-01
   120.0      0.4414E-01
   121.0      0.3729E-01
   122.0      0.3235E-01
   123.0      0.2909E-01
   124.0      0.2727E-01
   125.0      0.2666E-01
   126.0      0.2706E-01
   127.0      0.2825E-01
   128.0      0.3006E-01
   129.0      0.3231E-01
   130.0      0.3484E-01
   131.0      0.3752E-01
   132.0      0.4023E-01
   133.0      0.4287E-01
   134.0      0.4534E-01
   135.0      0.4759E-01
   136.0      0.4955E-01
   137.0      0.5118E-01
   138.0      0.5246E-01
   139.0      0.5336E-01
   140.0      0.5389E-01
   141.0      0.5404E-01
   142.0      0.5383E-01
   143.0      0.5327E-01
   144.0      0.5239E-01
   145.0      0.5121E-01
   146.0      0.4978E-01
   147.0      0.4811E-01
   148.0      0.4625E-01
   149.0      0.4424E-01
   150.0      0.4210E-01
   151.0      0.3988E-01
   152.0      0.3761E-01
   153.0      0.3532E-01
   154.0      0.3304E-01
   155.0      0.3079E-01
   156.0      0.2860E-01
   157.0      0.2649E-01
   158.0      0.2447E-01
   159.0      0.2257E-01
   160.0      0.2079E-01
   161.0      0.1914E-01
   162.0      0.1763E-01
   163.0      0.1625E-01
   164.0      0.1501E-01
   165.0      0.1390E-01
   166.0      0.1292E-01
   167.0      0.1207E-01
   168.0      0.1133E-01
   169.0      0.1070E-01
   170.0      0.1017E-01
   171.0      0.9724E-02
   172.0      0.9359E-02
   173.0      0.9064E-02
   174.0      0.8829E-02
   175.0      0.8645E-02
   176.0      0.8506E-02
   177.0      0.8405E-02
   178.0      0.8337E-02
   179.0      0.8297E-02
   180.0      0.8284E-02
 END
