# Fusion cross sections for ELAB=  70.000, ECM=  63.597
     0.0   1.750       1.754      0.3970E-02
     1.0   15.69       15.78      0.8991E-01
     2.0   25.99       26.37      0.3784    
     3.0   36.15       37.04      0.8908    
     4.0   46.34       47.85       1.511    
     5.0   56.71       58.82       2.112    
     6.0   67.38       69.91       2.536    
     7.0   78.07       81.05       2.983    
     8.0   87.98       91.63       3.648    
     9.0   95.33       99.80       4.470    
    10.0   97.36       102.7       5.352    
    11.0   91.01       97.01       6.000    
    12.0   75.34       80.93       5.590    
    13.0   55.20       59.28       4.085    
    14.0   37.02       39.56       2.542    
    15.0   23.69       25.06       1.373    
    16.0   14.83       15.47      0.6406    
    17.0   9.150       9.420      0.2695    
    18.0   5.589       5.696      0.1067    
    19.0   3.388       3.428      0.4072E-01
    20.0   2.042       2.057      0.1507E-01
    21.0   1.225       1.231      0.5394E-02
    22.0  0.7325      0.7343      0.1847E-02
    23.0  0.4366      0.4372      0.5915E-03
    24.0  0.2595      0.2597      0.1702E-03
    25.0  0.1539      0.1539      0.4174E-04
    26.0  0.9106E-01  0.9107E-01  0.9827E-05
    27.0  0.5376E-01  0.5377E-01  0.6250E-05
    28.0  0.3168E-01  0.3169E-01  0.8815E-05
    29.0  0.1863E-01  0.1864E-01  0.1123E-04
    30.0  0.1094E-01  0.1095E-01  0.1232E-04
    31.0  0.6409E-02  0.6421E-02  0.1229E-04
    32.0  0.3749E-02  0.3760E-02  0.1157E-04
    33.0  0.2189E-02  0.2199E-02  0.1052E-04
    34.0  0.1275E-02  0.1284E-02  0.9354E-05
    35.0  0.7410E-03  0.7492E-03  0.8207E-05
    36.0  0.4294E-03  0.4365E-03  0.7142E-05
    37.0  0.2479E-03  0.2541E-03  0.6185E-05
    38.0  0.1424E-03  0.1477E-03  0.5341E-05
    39.0  0.8120E-04  0.8581E-04  0.4607E-05
    40.0  0.4582E-04  0.4979E-04  0.3971E-05
    41.0  0.2545E-04  0.2887E-04  0.3424E-05
    42.0  0.1377E-04  0.1672E-04  0.2953E-05
    43.0  0.7132E-05  0.9680E-05  0.2548E-05
    44.0  0.3398E-05  0.5598E-05  0.2200E-05
    45.0  0.1335E-05  0.3236E-05  0.1901E-05
    46.0  0.2248E-06  0.1869E-05  0.1644E-05
    47.0 -0.3441E-06  0.1078E-05  0.1422E-05
    48.0 -0.6096E-06  0.6220E-06  0.1232E-05
    49.0 -0.7087E-06  0.3585E-06  0.1067E-05
    50.0 -0.7186E-06  0.2065E-06  0.9251E-06
 &
