# 178 angles,  1 tensor ranks for 0=projectile
@subtitle   "p+O20 3- E. Khan reanalysis;"                                                  
@legend ON
@legend x1 0.2
@legend y1 0.8
@g0 type LOGY
@yaxis ticklabel format power
@legend string   0 "Lab energy =   43.2700"
#legend string   0 "Partition=  1 Excit=  1 near/far= 1"
#  Theta       sigma       iT11        T20         T21         T22         Kyy for projectile
   3.000      0.7941E+05
   4.000      0.2217E+05
   5.000       8635.    
   6.000       4569.    
   7.000       3145.    
   8.000       2573.    
   9.000       2295.    
   10.00       2120.    
   11.00       1977.    
   12.00       1840.    
   13.00       1700.    
   14.00       1558.    
   15.00       1414.    
   16.00       1270.    
   17.00       1130.    
   18.00       995.5    
   19.00       867.8    
   20.00       748.7    
   21.00       639.1    
   22.00       539.7    
   23.00       450.7    
   24.00       372.0    
   25.00       303.4    
   26.00       244.5    
   27.00       194.6    
   28.00       153.0    
   29.00       119.0    
   30.00       91.62    
   31.00       70.15    
   32.00       53.74    
   33.00       41.60    
   34.00       33.00    
   35.00       27.25    
   36.00       23.76    
   37.00       21.97    
   38.00       21.43    
   39.00       21.75    
   40.00       22.58    
   41.00       23.67    
   42.00       24.81    
   43.00       25.85    
   44.00       26.68    
   45.00       27.21    
   46.00       27.43    
   47.00       27.31    
   48.00       26.86    
   49.00       26.10    
   50.00       25.07    
   51.00       23.82    
   52.00       22.38    
   53.00       20.81    
   54.00       19.15    
   55.00       17.44    
   56.00       15.72    
   57.00       14.03    
   58.00       12.39    
   59.00       10.83    
   60.00       9.371    
   61.00       8.022    
   62.00       6.793    
   63.00       5.689    
   64.00       4.711    
   65.00       3.857    
   66.00       3.122    
   67.00       2.500    
   68.00       1.982    
   69.00       1.559    
   70.00       1.221    
   71.00      0.9579    
   72.00      0.7598    
   73.00      0.6168    
   74.00      0.5195    
   75.00      0.4594    
   76.00      0.4284    
   77.00      0.4195    
   78.00      0.4264    
   79.00      0.4439    
   80.00      0.4674    
   81.00      0.4932    
   82.00      0.5184    
   83.00      0.5407    
   84.00      0.5586    
   85.00      0.5708    
   86.00      0.5769    
   87.00      0.5765    
   88.00      0.5698    
   89.00      0.5571    
   90.00      0.5389    
   91.00      0.5160    
   92.00      0.4891    
   93.00      0.4590    
   94.00      0.4265    
   95.00      0.3924    
   96.00      0.3575    
   97.00      0.3225    
   98.00      0.2880    
   99.00      0.2545    
   100.0      0.2226    
   101.0      0.1924    
   102.0      0.1645    
   103.0      0.1389    
   104.0      0.1158    
   105.0      0.9525E-01
   106.0      0.7727E-01
   107.0      0.6179E-01
   108.0      0.4874E-01
   109.0      0.3797E-01
   110.0      0.2933E-01
   111.0      0.2265E-01
   112.0      0.1772E-01
   113.0      0.1436E-01
   114.0      0.1235E-01
   115.0      0.1150E-01
   116.0      0.1160E-01
   117.0      0.1249E-01
   118.0      0.1397E-01
   119.0      0.1590E-01
   120.0      0.1813E-01
   121.0      0.2052E-01
   122.0      0.2297E-01
   123.0      0.2538E-01
   124.0      0.2767E-01
   125.0      0.2977E-01
   126.0      0.3164E-01
   127.0      0.3323E-01
   128.0      0.3453E-01
   129.0      0.3551E-01
   130.0      0.3617E-01
   131.0      0.3651E-01
   132.0      0.3655E-01
   133.0      0.3631E-01
   134.0      0.3580E-01
   135.0      0.3504E-01
   136.0      0.3407E-01
   137.0      0.3292E-01
   138.0      0.3160E-01
   139.0      0.3017E-01
   140.0      0.2863E-01
   141.0      0.2702E-01
   142.0      0.2537E-01
   143.0      0.2371E-01
   144.0      0.2204E-01
   145.0      0.2039E-01
   146.0      0.1879E-01
   147.0      0.1723E-01
   148.0      0.1575E-01
   149.0      0.1433E-01
   150.0      0.1300E-01
   151.0      0.1175E-01
   152.0      0.1059E-01
   153.0      0.9519E-02
   154.0      0.8537E-02
   155.0      0.7641E-02
   156.0      0.6828E-02
   157.0      0.6094E-02
   158.0      0.5434E-02
   159.0      0.4843E-02
   160.0      0.4316E-02
   161.0      0.3847E-02
   162.0      0.3431E-02
   163.0      0.3061E-02
   164.0      0.2734E-02
   165.0      0.2445E-02
   166.0      0.2188E-02
   167.0      0.1961E-02
   168.0      0.1760E-02
   169.0      0.1583E-02
   170.0      0.1426E-02
   171.0      0.1289E-02
   172.0      0.1168E-02
   173.0      0.1064E-02
   174.0      0.9753E-03
   175.0      0.9009E-03
   176.0      0.8405E-03
   177.0      0.7937E-03
   178.0      0.7605E-03
   179.0      0.7405E-03
   180.0      0.7339E-03
 END
