# 178 angles,  1 tensor ranks for 0=projectile
@subtitle   "p+O20 3- E. Khan reanalysis;"                                                  
@legend ON
@legend x1 0.2
@legend y1 0.8
@g0 type LOGY
@yaxis ticklabel format power
@legend string   0 "Lab energy =   43.2700"
#legend string   0 "Partition=  1 Excit=  2 near/far= 1"
#  Theta       sigma       iT11        T20         T21         T22         Kyy for projectile
   3.000       5.093    
   4.000       5.467    
   5.000       5.927    
   6.000       6.460    
   7.000       7.051    
   8.000       7.688    
   9.000       8.360    
   10.00       9.057    
   11.00       9.775    
   12.00       10.51    
   13.00       11.25    
   14.00       12.00    
   15.00       12.75    
   16.00       13.52    
   17.00       14.29    
   18.00       15.08    
   19.00       15.88    
   20.00       16.70    
   21.00       17.53    
   22.00       18.38    
   23.00       19.22    
   24.00       20.06    
   25.00       20.87    
   26.00       21.66    
   27.00       22.39    
   28.00       23.07    
   29.00       23.66    
   30.00       24.15    
   31.00       24.53    
   32.00       24.78    
   33.00       24.89    
   34.00       24.86    
   35.00       24.68    
   36.00       24.34    
   37.00       23.86    
   38.00       23.23    
   39.00       22.46    
   40.00       21.57    
   41.00       20.58    
   42.00       19.49    
   43.00       18.33    
   44.00       17.12    
   45.00       15.88    
   46.00       14.62    
   47.00       13.37    
   48.00       12.14    
   49.00       10.95    
   50.00       9.823    
   51.00       8.758    
   52.00       7.769    
   53.00       6.865    
   54.00       6.050    
   55.00       5.326    
   56.00       4.695    
   57.00       4.155    
   58.00       3.702    
   59.00       3.331    
   60.00       3.037    
   61.00       2.811    
   62.00       2.647    
   63.00       2.536    
   64.00       2.469    
   65.00       2.439    
   66.00       2.436    
   67.00       2.453    
   68.00       2.483    
   69.00       2.519    
   70.00       2.557    
   71.00       2.590    
   72.00       2.616    
   73.00       2.630    
   74.00       2.631    
   75.00       2.617    
   76.00       2.588    
   77.00       2.542    
   78.00       2.481    
   79.00       2.405    
   80.00       2.315    
   81.00       2.214    
   82.00       2.102    
   83.00       1.982    
   84.00       1.857    
   85.00       1.726    
   86.00       1.594    
   87.00       1.461    
   88.00       1.330    
   89.00       1.202    
   90.00       1.078    
   91.00      0.9594    
   92.00      0.8476    
   93.00      0.7431    
   94.00      0.6465    
   95.00      0.5583    
   96.00      0.4785    
   97.00      0.4073    
   98.00      0.3445    
   99.00      0.2900    
   100.0      0.2432    
   101.0      0.2039    
   102.0      0.1714    
   103.0      0.1453    
   104.0      0.1248    
   105.0      0.1095    
   106.0      0.9865E-01
   107.0      0.9166E-01
   108.0      0.8792E-01
   109.0      0.8687E-01
   110.0      0.8796E-01
   111.0      0.9072E-01
   112.0      0.9468E-01
   113.0      0.9944E-01
   114.0      0.1046    
   115.0      0.1100    
   116.0      0.1152    
   117.0      0.1201    
   118.0      0.1244    
   119.0      0.1281    
   120.0      0.1311    
   121.0      0.1332    
   122.0      0.1345    
   123.0      0.1350    
   124.0      0.1346    
   125.0      0.1334    
   126.0      0.1315    
   127.0      0.1288    
   128.0      0.1255    
   129.0      0.1217    
   130.0      0.1174    
   131.0      0.1126    
   132.0      0.1076    
   133.0      0.1023    
   134.0      0.9677E-01
   135.0      0.9118E-01
   136.0      0.8554E-01
   137.0      0.7991E-01
   138.0      0.7435E-01
   139.0      0.6890E-01
   140.0      0.6360E-01
   141.0      0.5849E-01
   142.0      0.5360E-01
   143.0      0.4895E-01
   144.0      0.4456E-01
   145.0      0.4045E-01
   146.0      0.3662E-01
   147.0      0.3308E-01
   148.0      0.2983E-01
   149.0      0.2687E-01
   150.0      0.2420E-01
   151.0      0.2181E-01
   152.0      0.1970E-01
   153.0      0.1785E-01
   154.0      0.1625E-01
   155.0      0.1488E-01
   156.0      0.1375E-01
   157.0      0.1282E-01
   158.0      0.1210E-01
   159.0      0.1155E-01
   160.0      0.1117E-01
   161.0      0.1093E-01
   162.0      0.1083E-01
   163.0      0.1085E-01
   164.0      0.1097E-01
   165.0      0.1117E-01
   166.0      0.1144E-01
   167.0      0.1177E-01
   168.0      0.1214E-01
   169.0      0.1254E-01
   170.0      0.1295E-01
   171.0      0.1336E-01
   172.0      0.1376E-01
   173.0      0.1414E-01
   174.0      0.1449E-01
   175.0      0.1480E-01
   176.0      0.1506E-01
   177.0      0.1527E-01
   178.0      0.1543E-01
   179.0      0.1552E-01
   180.0      0.1555E-01
 END
