# 178 angles,  1 tensor ranks for 0=projectile
@subtitle   "20O + d 2+1 inelastic;"                                                        
@legend ON
@legend x1 0.2
@legend y1 0.8
@g0 type LOGY
@yaxis ticklabel format power
@legend string   0 "Lab energy =   70.0000"
#legend string   0 "Partition=  1 Excit=  2 near/far= 1"
#  Theta       sigma       iT11        T20         T21         T22         Kyy for projectile
   3.000       55.87    
   4.000       52.59    
   5.000       52.46    
   6.000       57.19    
   7.000       67.42    
   8.000       82.44    
   9.000       100.3    
   10.00       118.5    
   11.00       134.3    
   12.00       145.6    
   13.00       150.9    
   14.00       149.5    
   15.00       141.6    
   16.00       128.1    
   17.00       110.8    
   18.00       91.74    
   19.00       73.00    
   20.00       56.37    
   21.00       43.03    
   22.00       33.59    
   23.00       28.09    
   24.00       26.11    
   25.00       26.91    
   26.00       29.54    
   27.00       33.01    
   28.00       36.44    
   29.00       39.17    
   30.00       40.80    
   31.00       41.16    
   32.00       40.27    
   33.00       38.28    
   34.00       35.47    
   35.00       32.17    
   36.00       28.70    
   37.00       25.34    
   38.00       22.29    
   39.00       19.66    
   40.00       17.50    
   41.00       15.80    
   42.00       14.51    
   43.00       13.53    
   44.00       12.78    
   45.00       12.14    
   46.00       11.54    
   47.00       10.92    
   48.00       10.25    
   49.00       9.519    
   50.00       8.727    
   51.00       7.892    
   52.00       7.038    
   53.00       6.197    
   54.00       5.394    
   55.00       4.655    
   56.00       3.993    
   57.00       3.417    
   58.00       2.929    
   59.00       2.526    
   60.00       2.201    
   61.00       1.942    
   62.00       1.735    
   63.00       1.570    
   64.00       1.433    
   65.00       1.316    
   66.00       1.211    
   67.00       1.114    
   68.00       1.020    
   69.00      0.9272    
   70.00      0.8367    
   71.00      0.7491    
   72.00      0.6655    
   73.00      0.5865    
   74.00      0.5130    
   75.00      0.4460    
   76.00      0.3865    
   77.00      0.3350    
   78.00      0.2913    
   79.00      0.2545    
   80.00      0.2235    
   81.00      0.1976    
   82.00      0.1760    
   83.00      0.1580    
   84.00      0.1429    
   85.00      0.1298    
   86.00      0.1181    
   87.00      0.1074    
   88.00      0.9759E-01
   89.00      0.8860E-01
   90.00      0.8024E-01
   91.00      0.7232E-01
   92.00      0.6481E-01
   93.00      0.5781E-01
   94.00      0.5151E-01
   95.00      0.4597E-01
   96.00      0.4114E-01
   97.00      0.3690E-01
   98.00      0.3319E-01
   99.00      0.3000E-01
   100.0      0.2735E-01
   101.0      0.2518E-01
   102.0      0.2337E-01
   103.0      0.2181E-01
   104.0      0.2045E-01
   105.0      0.1927E-01
   106.0      0.1826E-01
   107.0      0.1737E-01
   108.0      0.1651E-01
   109.0      0.1565E-01
   110.0      0.1476E-01
   111.0      0.1389E-01
   112.0      0.1304E-01
   113.0      0.1221E-01
   114.0      0.1137E-01
   115.0      0.1054E-01
   116.0      0.9738E-02
   117.0      0.8990E-02
   118.0      0.8289E-02
   119.0      0.7607E-02
   120.0      0.6926E-02
   121.0      0.6269E-02
   122.0      0.5680E-02
   123.0      0.5189E-02
   124.0      0.4786E-02
   125.0      0.4436E-02
   126.0      0.4111E-02
   127.0      0.3809E-02
   128.0      0.3557E-02
   129.0      0.3373E-02
   130.0      0.3251E-02
   131.0      0.3170E-02
   132.0      0.3113E-02
   133.0      0.3086E-02
   134.0      0.3098E-02
   135.0      0.3152E-02
   136.0      0.3229E-02
   137.0      0.3303E-02
   138.0      0.3360E-02
   139.0      0.3412E-02
   140.0      0.3475E-02
   141.0      0.3556E-02
   142.0      0.3641E-02
   143.0      0.3713E-02
   144.0      0.3759E-02
   145.0      0.3781E-02
   146.0      0.3791E-02
   147.0      0.3796E-02
   148.0      0.3790E-02
   149.0      0.3770E-02
   150.0      0.3738E-02
   151.0      0.3704E-02
   152.0      0.3672E-02
   153.0      0.3645E-02
   154.0      0.3615E-02
   155.0      0.3574E-02
   156.0      0.3526E-02
   157.0      0.3485E-02
   158.0      0.3459E-02
   159.0      0.3450E-02
   160.0      0.3451E-02
   161.0      0.3457E-02
   162.0      0.3462E-02
   163.0      0.3467E-02
   164.0      0.3482E-02
   165.0      0.3509E-02
   166.0      0.3542E-02
   167.0      0.3581E-02
   168.0      0.3624E-02
   169.0      0.3666E-02
   170.0      0.3700E-02
   171.0      0.3732E-02
   172.0      0.3769E-02
   173.0      0.3812E-02
   174.0      0.3862E-02
   175.0      0.3913E-02
   176.0      0.3945E-02
   177.0      0.3944E-02
   178.0      0.3920E-02
   179.0      0.3897E-02
   180.0      0.3888E-02
 END
