# 181 angles,  1 tensor ranks for 0=projectile
@subtitle   "p+O20 2nd ex with BG ;"                                                        
@legend ON
@legend x1 0.2
@legend y1 0.8
@g0 type LOGY
@yaxis ticklabel format power
@legend string   0 "Lab energy =   35.0000"
#legend string   0 "Partition=  1 Excit=  1 near/far= 1"
#  Theta       sigma       iT11        T20         T21         T22         Kyy for projectile
  0.1000E-01  0.1288E+16
   1.000      0.1250E+08
   2.000      0.7224E+06
   3.000      0.1285E+06
   4.000      0.3664E+05
   5.000      0.1409E+05
   6.000       6969.    
   7.000       4319.    
   8.000       3197.    
   9.000       2656.    
   10.00       2349.    
   11.00       2140.    
   12.00       1970.    
   13.00       1817.    
   14.00       1670.    
   15.00       1526.    
   16.00       1385.    
   17.00       1247.    
   18.00       1114.    
   19.00       986.5    
   20.00       865.9    
   21.00       753.2    
   22.00       649.0    
   23.00       553.9    
   24.00       468.0    
   25.00       391.3    
   26.00       323.7    
   27.00       264.9    
   28.00       214.3    
   29.00       171.6    
   30.00       135.9    
   31.00       106.8    
   32.00       83.43    
   33.00       65.15    
   34.00       51.28    
   35.00       41.15    
   36.00       34.13    
   37.00       29.66    
   38.00       27.19    
   39.00       26.26    
   40.00       26.44    
   41.00       27.39    
   42.00       28.80    
   43.00       30.41    
   44.00       32.03    
   45.00       33.50    
   46.00       34.72    
   47.00       35.60    
   48.00       36.11    
   49.00       36.21    
   50.00       35.92    
   51.00       35.25    
   52.00       34.24    
   53.00       32.93    
   54.00       31.36    
   55.00       29.58    
   56.00       27.65    
   57.00       25.62    
   58.00       23.52    
   59.00       21.42    
   60.00       19.34    
   61.00       17.32    
   62.00       15.38    
   63.00       13.55    
   64.00       11.85    
   65.00       10.28    
   66.00       8.856    
   67.00       7.580    
   68.00       6.450    
   69.00       5.464    
   70.00       4.615    
   71.00       3.894    
   72.00       3.293    
   73.00       2.800    
   74.00       2.404    
   75.00       2.094    
   76.00       1.858    
   77.00       1.685    
   78.00       1.564    
   79.00       1.485    
   80.00       1.440    
   81.00       1.419    
   82.00       1.416    
   83.00       1.424    
   84.00       1.439    
   85.00       1.454    
   86.00       1.468    
   87.00       1.478    
   88.00       1.480    
   89.00       1.475    
   90.00       1.461    
   91.00       1.438    
   92.00       1.406    
   93.00       1.365    
   94.00       1.317    
   95.00       1.262    
   96.00       1.201    
   97.00       1.136    
   98.00       1.066    
   99.00      0.9947    
   100.0      0.9217    
   101.0      0.8484    
   102.0      0.7758    
   103.0      0.7047    
   104.0      0.6358    
   105.0      0.5698    
   106.0      0.5073    
   107.0      0.4486    
   108.0      0.3940    
   109.0      0.3438    
   110.0      0.2980    
   111.0      0.2568    
   112.0      0.2200    
   113.0      0.1876    
   114.0      0.1593    
   115.0      0.1351    
   116.0      0.1146    
   117.0      0.9761E-01
   118.0      0.8381E-01
   119.0      0.7290E-01
   120.0      0.6458E-01
   121.0      0.5855E-01
   122.0      0.5451E-01
   123.0      0.5217E-01
   124.0      0.5125E-01
   125.0      0.5148E-01
   126.0      0.5262E-01
   127.0      0.5445E-01
   128.0      0.5676E-01
   129.0      0.5936E-01
   130.0      0.6209E-01
   131.0      0.6480E-01
   132.0      0.6737E-01
   133.0      0.6970E-01
   134.0      0.7169E-01
   135.0      0.7329E-01
   136.0      0.7444E-01
   137.0      0.7510E-01
   138.0      0.7527E-01
   139.0      0.7492E-01
   140.0      0.7407E-01
   141.0      0.7274E-01
   142.0      0.7095E-01
   143.0      0.6873E-01
   144.0      0.6613E-01
   145.0      0.6319E-01
   146.0      0.5997E-01
   147.0      0.5651E-01
   148.0      0.5288E-01
   149.0      0.4913E-01
   150.0      0.4532E-01
   151.0      0.4151E-01
   152.0      0.3774E-01
   153.0      0.3408E-01
   154.0      0.3055E-01
   155.0      0.2722E-01
   156.0      0.2410E-01
   157.0      0.2124E-01
   158.0      0.1866E-01
   159.0      0.1637E-01
   160.0      0.1439E-01
   161.0      0.1273E-01
   162.0      0.1137E-01
   163.0      0.1032E-01
   164.0      0.9564E-02
   165.0      0.9079E-02
   166.0      0.8843E-02
   167.0      0.8831E-02
   168.0      0.9012E-02
   169.0      0.9353E-02
   170.0      0.9819E-02
   171.0      0.1038E-01
   172.0      0.1099E-01
   173.0      0.1162E-01
   174.0      0.1225E-01
   175.0      0.1283E-01
   176.0      0.1334E-01
   177.0      0.1377E-01
   178.0      0.1409E-01
   179.0      0.1428E-01
   180.0      0.1435E-01
 END
