# 178 angles,  1 tensor ranks for 0=projectile
@subtitle   "20O + d Ex 8.575 2+;"                                                          
@legend ON
@legend x1 0.2
@legend y1 0.8
@g0 type LOGY
@yaxis ticklabel format power
@legend string   0 "Lab energy =   70.0000"
#legend string   0 "Partition=  1 Excit=  2 near/far= 1"
#  Theta       sigma       iT11        T20         T21         T22         Kyy for projectile
   3.000      0.1556E-01
   4.000      0.1452E-01
   5.000      0.1306E-01
   6.000      0.1170E-01
   7.000      0.1099E-01
   8.000      0.1123E-01
   9.000      0.1237E-01
   10.00      0.1407E-01
   11.00      0.1590E-01
   12.00      0.1752E-01
   13.00      0.1868E-01
   14.00      0.1922E-01
   15.00      0.1904E-01
   16.00      0.1810E-01
   17.00      0.1649E-01
   18.00      0.1438E-01
   19.00      0.1206E-01
   20.00      0.9790E-02
   21.00      0.7802E-02
   22.00      0.6223E-02
   23.00      0.5099E-02
   24.00      0.4420E-02
   25.00      0.4131E-02
   26.00      0.4149E-02
   27.00      0.4367E-02
   28.00      0.4673E-02
   29.00      0.4968E-02
   30.00      0.5177E-02
   31.00      0.5258E-02
   32.00      0.5195E-02
   33.00      0.4996E-02
   34.00      0.4684E-02
   35.00      0.4295E-02
   36.00      0.3867E-02
   37.00      0.3438E-02
   38.00      0.3039E-02
   39.00      0.2690E-02
   40.00      0.2404E-02
   41.00      0.2186E-02
   42.00      0.2031E-02
   43.00      0.1929E-02
   44.00      0.1864E-02
   45.00      0.1820E-02
   46.00      0.1781E-02
   47.00      0.1735E-02
   48.00      0.1676E-02
   49.00      0.1600E-02
   50.00      0.1508E-02
   51.00      0.1399E-02
   52.00      0.1279E-02
   53.00      0.1150E-02
   54.00      0.1020E-02
   55.00      0.8934E-03
   56.00      0.7743E-03
   57.00      0.6661E-03
   58.00      0.5712E-03
   59.00      0.4904E-03
   60.00      0.4239E-03
   61.00      0.3705E-03
   62.00      0.3286E-03
   63.00      0.2958E-03
   64.00      0.2701E-03
   65.00      0.2493E-03
   66.00      0.2316E-03
   67.00      0.2155E-03
   68.00      0.2001E-03
   69.00      0.1849E-03
   70.00      0.1696E-03
   71.00      0.1543E-03
   72.00      0.1392E-03
   73.00      0.1241E-03
   74.00      0.1095E-03
   75.00      0.9561E-04
   76.00      0.8285E-04
   77.00      0.7148E-04
   78.00      0.6159E-04
   79.00      0.5313E-04
   80.00      0.4603E-04
   81.00      0.4025E-04
   82.00      0.3568E-04
   83.00      0.3214E-04
   84.00      0.2932E-04
   85.00      0.2694E-04
   86.00      0.2480E-04
   87.00      0.2285E-04
   88.00      0.2108E-04
   89.00      0.1949E-04
   90.00      0.1800E-04
   91.00      0.1651E-04
   92.00      0.1498E-04
   93.00      0.1345E-04
   94.00      0.1196E-04
   95.00      0.1056E-04
   96.00      0.9262E-05
   97.00      0.8070E-05
   98.00      0.7011E-05
   99.00      0.6120E-05
   100.0      0.5411E-05
   101.0      0.4862E-05
   102.0      0.4426E-05
   103.0      0.4064E-05
   104.0      0.3765E-05
   105.0      0.3530E-05
   106.0      0.3358E-05
   107.0      0.3223E-05
   108.0      0.3099E-05
   109.0      0.2970E-05
   110.0      0.2838E-05
   111.0      0.2709E-05
   112.0      0.2577E-05
   113.0      0.2423E-05
   114.0      0.2236E-05
   115.0      0.2025E-05
   116.0      0.1814E-05
   117.0      0.1621E-05
   118.0      0.1449E-05
   119.0      0.1285E-05
   120.0      0.1120E-05
   121.0      0.9634E-06
   122.0      0.8312E-06
   123.0      0.7336E-06
   124.0      0.6625E-06
   125.0      0.5993E-06
   126.0      0.5328E-06
   127.0      0.4691E-06
   128.0      0.4243E-06
   129.0      0.4080E-06
   130.0      0.4137E-06
   131.0      0.4240E-06
   132.0      0.4248E-06
   133.0      0.4153E-06
   134.0      0.4038E-06
   135.0      0.3964E-06
   136.0      0.3908E-06
   137.0      0.3808E-06
   138.0      0.3636E-06
   139.0      0.3443E-06
   140.0      0.3306E-06
   141.0      0.3239E-06
   142.0      0.3167E-06
   143.0      0.2993E-06
   144.0      0.2696E-06
   145.0      0.2346E-06
   146.0      0.2050E-06
   147.0      0.1870E-06
   148.0      0.1786E-06
   149.0      0.1719E-06
   150.0      0.1618E-06
   151.0      0.1492E-06
   152.0      0.1373E-06
   153.0      0.1268E-06
   154.0      0.1159E-06
   155.0      0.1035E-06
   156.0      0.9134E-07
   157.0      0.8381E-07
   158.0      0.8479E-07
   159.0      0.9229E-07
   160.0      0.9841E-07
   161.0      0.9649E-07
   162.0      0.8640E-07
   163.0      0.7310E-07
   164.0      0.6314E-07
   165.0      0.6124E-07
   166.0      0.6644E-07
   167.0      0.7282E-07
   168.0      0.7683E-07
   169.0      0.8055E-07
   170.0      0.8562E-07
   171.0      0.8955E-07
   172.0      0.9027E-07
   173.0      0.8868E-07
   174.0      0.8642E-07
   175.0      0.8786E-07
   176.0      0.1020E-06
   177.0      0.1331E-06
   178.0      0.1714E-06
   179.0      0.2006E-06
   180.0      0.2110E-06
 END
