# 178 angles,  1 tensor ranks for 0=projectile
@subtitle   "p+O20 with CH89;"                                                              
@legend ON
@legend x1 0.2
@legend y1 0.8
@g0 type LOGY
@yaxis ticklabel format power
@legend string   0 "Lab energy =   35.0000"
#legend string   0 "Partition=  1 Excit=  1 near/far= 1"
#  Theta       sigma       iT11        T20         T21         T22         Kyy for projectile
   3.000      0.1295E+06
   4.000      0.3590E+05
   5.000      0.1285E+05
   6.000       5596.    
   7.000       2959.    
   8.000       1907.    
   9.000       1460.    
   10.00       1256.    
   11.00       1152.    
   12.00       1088.    
   13.00       1036.    
   14.00       987.3    
   15.00       936.0    
   16.00       881.5    
   17.00       824.0    
   18.00       764.3    
   19.00       703.4    
   20.00       642.4    
   21.00       582.3    
   22.00       523.8    
   23.00       467.7    
   24.00       414.4    
   25.00       364.4    
   26.00       318.0    
   27.00       275.2    
   28.00       236.3    
   29.00       201.1    
   30.00       169.7    
   31.00       141.9    
   32.00       117.5    
   33.00       96.25    
   34.00       78.03    
   35.00       62.53    
   36.00       49.51    
   37.00       38.71    
   38.00       29.88    
   39.00       22.78    
   40.00       17.16    
   41.00       12.83    
   42.00       9.560    
   43.00       7.185    
   44.00       5.535    
   45.00       4.464    
   46.00       3.843    
   47.00       3.562    
   48.00       3.527    
   49.00       3.659    
   50.00       3.893    
   51.00       4.178    
   52.00       4.474    
   53.00       4.751    
   54.00       4.986    
   55.00       5.166    
   56.00       5.281    
   57.00       5.330    
   58.00       5.312    
   59.00       5.230    
   60.00       5.091    
   61.00       4.902    
   62.00       4.670    
   63.00       4.405    
   64.00       4.114    
   65.00       3.805    
   66.00       3.487    
   67.00       3.167    
   68.00       2.850    
   69.00       2.541    
   70.00       2.245    
   71.00       1.966    
   72.00       1.707    
   73.00       1.468    
   74.00       1.251    
   75.00       1.057    
   76.00      0.8856    
   77.00      0.7362    
   78.00      0.6080    
   79.00      0.4997    
   80.00      0.4100    
   81.00      0.3372    
   82.00      0.2797    
   83.00      0.2356    
   84.00      0.2034    
   85.00      0.1812    
   86.00      0.1674    
   87.00      0.1605    
   88.00      0.1592    
   89.00      0.1620    
   90.00      0.1679    
   91.00      0.1758    
   92.00      0.1849    
   93.00      0.1943    
   94.00      0.2035    
   95.00      0.2120    
   96.00      0.2194    
   97.00      0.2253    
   98.00      0.2297    
   99.00      0.2323    
   100.0      0.2332    
   101.0      0.2323    
   102.0      0.2297    
   103.0      0.2256    
   104.0      0.2199    
   105.0      0.2130    
   106.0      0.2048    
   107.0      0.1958    
   108.0      0.1859    
   109.0      0.1753    
   110.0      0.1644    
   111.0      0.1531    
   112.0      0.1417    
   113.0      0.1303    
   114.0      0.1191    
   115.0      0.1080    
   116.0      0.9739E-01
   117.0      0.8715E-01
   118.0      0.7742E-01
   119.0      0.6824E-01
   120.0      0.5965E-01
   121.0      0.5168E-01
   122.0      0.4436E-01
   123.0      0.3769E-01
   124.0      0.3166E-01
   125.0      0.2628E-01
   126.0      0.2152E-01
   127.0      0.1735E-01
   128.0      0.1376E-01
   129.0      0.1072E-01
   130.0      0.8182E-02
   131.0      0.6118E-02
   132.0      0.4491E-02
   133.0      0.3263E-02
   134.0      0.2396E-02
   135.0      0.1853E-02
   136.0      0.1599E-02
   137.0      0.1598E-02
   138.0      0.1818E-02
   139.0      0.2226E-02
   140.0      0.2795E-02
   141.0      0.3495E-02
   142.0      0.4304E-02
   143.0      0.5197E-02
   144.0      0.6155E-02
   145.0      0.7159E-02
   146.0      0.8193E-02
   147.0      0.9244E-02
   148.0      0.1030E-01
   149.0      0.1135E-01
   150.0      0.1238E-01
   151.0      0.1339E-01
   152.0      0.1437E-01
   153.0      0.1532E-01
   154.0      0.1623E-01
   155.0      0.1711E-01
   156.0      0.1794E-01
   157.0      0.1873E-01
   158.0      0.1948E-01
   159.0      0.2019E-01
   160.0      0.2085E-01
   161.0      0.2148E-01
   162.0      0.2206E-01
   163.0      0.2261E-01
   164.0      0.2312E-01
   165.0      0.2359E-01
   166.0      0.2402E-01
   167.0      0.2442E-01
   168.0      0.2479E-01
   169.0      0.2512E-01
   170.0      0.2543E-01
   171.0      0.2570E-01
   172.0      0.2594E-01
   173.0      0.2615E-01
   174.0      0.2633E-01
   175.0      0.2648E-01
   176.0      0.2661E-01
   177.0      0.2671E-01
   178.0      0.2678E-01
   179.0      0.2682E-01
   180.0      0.2683E-01
 END
