# 178 angles,  1 tensor ranks for 0=projectile
@subtitle   "20O + d inelastic scattering;"                                                 
@legend ON
@legend x1 0.2
@legend y1 0.8
@g0 type LOGY
@yaxis ticklabel format power
@xaxis label "Scattering angle (degrees)"
@yaxis label "Cross section (mb/sr)"
@legend string   0 "Partition=  1 Excit=  1 near/far= 1"
#legend string   0 "Lab energy =   70.0000"
@s0 linestyle   1
#  Theta       sigma       iT11        T20         T21         T22         Kyy for projectile
   3.000      0.2967E+05
   4.000      0.1228E+05
   5.000       8324.    
   6.000       6638.    
   7.000       5398.    
   8.000       4281.    
   9.000       3260.    
   10.00       2363.    
   11.00       1614.    
   12.00       1026.    
   13.00       594.2    
   14.00       301.7    
   15.00       125.3    
   16.00       38.34    
   17.00       13.93    
   18.00       28.06    
   19.00       61.04    
   20.00       98.23    
   21.00       130.0    
   22.00       151.1    
   23.00       159.9    
   24.00       157.3    
   25.00       145.7    
   26.00       128.2    
   27.00       107.8    
   28.00       87.29    
   29.00       68.54    
   30.00       52.84    
   31.00       40.75    
   32.00       32.23    
   33.00       26.87    
   34.00       24.00    
   35.00       22.87    
   36.00       22.76    
   37.00       23.07    
   38.00       23.33    
   39.00       23.23    
   40.00       22.63    
   41.00       21.49    
   42.00       19.90    
   43.00       17.96    
   44.00       15.82    
   45.00       13.63    
   46.00       11.51    
   47.00       9.559    
   48.00       7.844    
   49.00       6.396    
   50.00       5.221    
   51.00       4.300    
   52.00       3.602    
   53.00       3.087    
   54.00       2.714    
   55.00       2.442    
   56.00       2.238    
   57.00       2.072    
   58.00       1.926    
   59.00       1.784    
   60.00       1.641    
   61.00       1.492    
   62.00       1.340    
   63.00       1.186    
   64.00       1.035    
   65.00      0.8908    
   66.00      0.7567    
   67.00      0.6354    
   68.00      0.5286    
   69.00      0.4370    
   70.00      0.3604    
   71.00      0.2977    
   72.00      0.2474    
   73.00      0.2080    
   74.00      0.1773    
   75.00      0.1537    
   76.00      0.1355    
   77.00      0.1211    
   78.00      0.1095    
   79.00      0.9966E-01
   80.00      0.9096E-01
   81.00      0.8293E-01
   82.00      0.7531E-01
   83.00      0.6797E-01
   84.00      0.6086E-01
   85.00      0.5401E-01
   86.00      0.4750E-01
   87.00      0.4138E-01
   88.00      0.3572E-01
   89.00      0.3059E-01
   90.00      0.2600E-01
   91.00      0.2197E-01
   92.00      0.1849E-01
   93.00      0.1552E-01
   94.00      0.1304E-01
   95.00      0.1099E-01
   96.00      0.9317E-02
   97.00      0.7966E-02
   98.00      0.6884E-02
   99.00      0.6021E-02
   100.0      0.5333E-02
   101.0      0.4781E-02
   102.0      0.4333E-02
   103.0      0.3962E-02
   104.0      0.3647E-02
   105.0      0.3372E-02
   106.0      0.3124E-02
   107.0      0.2895E-02
   108.0      0.2680E-02
   109.0      0.2475E-02
   110.0      0.2278E-02
   111.0      0.2088E-02
   112.0      0.1906E-02
   113.0      0.1732E-02
   114.0      0.1566E-02
   115.0      0.1409E-02
   116.0      0.1262E-02
   117.0      0.1125E-02
   118.0      0.1000E-02
   119.0      0.8856E-03
   120.0      0.7823E-03
   121.0      0.6900E-03
   122.0      0.6082E-03
   123.0      0.5365E-03
   124.0      0.4743E-03
   125.0      0.4208E-03
   126.0      0.3753E-03
   127.0      0.3368E-03
   128.0      0.3047E-03
   129.0      0.2780E-03
   130.0      0.2560E-03
   131.0      0.2379E-03
   132.0      0.2228E-03
   133.0      0.2103E-03
   134.0      0.1997E-03
   135.0      0.1905E-03
   136.0      0.1822E-03
   137.0      0.1745E-03
   138.0      0.1672E-03
   139.0      0.1599E-03
   140.0      0.1525E-03
   141.0      0.1450E-03
   142.0      0.1373E-03
   143.0      0.1293E-03
   144.0      0.1212E-03
   145.0      0.1130E-03
   146.0      0.1047E-03
   147.0      0.9649E-04
   148.0      0.8843E-04
   149.0      0.8065E-04
   150.0      0.7325E-04
   151.0      0.6631E-04
   152.0      0.5992E-04
   153.0      0.5415E-04
   154.0      0.4906E-04
   155.0      0.4466E-04
   156.0      0.4099E-04
   157.0      0.3801E-04
   158.0      0.3573E-04
   159.0      0.3408E-04
   160.0      0.3301E-04
   161.0      0.3246E-04
   162.0      0.3235E-04
   163.0      0.3260E-04
   164.0      0.3312E-04
   165.0      0.3383E-04
   166.0      0.3467E-04
   167.0      0.3555E-04
   168.0      0.3644E-04
   169.0      0.3727E-04
   170.0      0.3802E-04
   171.0      0.3866E-04
   172.0      0.3918E-04
   173.0      0.3959E-04
   174.0      0.3990E-04
   175.0      0.4011E-04
   176.0      0.4025E-04
   177.0      0.4033E-04
   178.0      0.4037E-04
   179.0      0.4039E-04
   180.0      0.4039E-04
 END
@legend string   1 "Partition=  1 Excit=  2 near/far= 1"
#legend string   0 "Lab energy =   70.0000"
@s1 linestyle   2
#  Theta       sigma       iT11        T20         T21         T22         Kyy for projectile
   3.000       7.361    
   4.000       6.658    
   5.000       6.154    
   6.000       6.136    
   7.000       6.800    
   8.000       8.161    
   9.000       10.04    
   10.00       12.14    
   11.00       14.15    
   12.00       15.82    
   13.00       16.95    
   14.00       17.41    
   15.00       17.14    
   16.00       16.15    
   17.00       14.56    
   18.00       12.57    
   19.00       10.43    
   20.00       8.376    
   21.00       6.590    
   22.00       5.191    
   23.00       4.223    
   24.00       3.679    
   25.00       3.506    
   26.00       3.613    
   27.00       3.894    
   28.00       4.237    
   29.00       4.550    
   30.00       4.766    
   31.00       4.846    
   32.00       4.780    
   33.00       4.575    
   34.00       4.258    
   35.00       3.866    
   36.00       3.439    
   37.00       3.019    
   38.00       2.634    
   39.00       2.307    
   40.00       2.046    
   41.00       1.853    
   42.00       1.723    
   43.00       1.644    
   44.00       1.600    
   45.00       1.574    
   46.00       1.551    
   47.00       1.522    
   48.00       1.478    
   49.00       1.417    
   50.00       1.338    
   51.00       1.243    
   52.00       1.135    
   53.00       1.020    
   54.00      0.9026    
   55.00      0.7886    
   56.00      0.6823    
   57.00      0.5864    
   58.00      0.5027    
   59.00      0.4318    
   60.00      0.3737    
   61.00      0.3272    
   62.00      0.2907    
   63.00      0.2623    
   64.00      0.2397    
   65.00      0.2213    
   66.00      0.2057    
   67.00      0.1917    
   68.00      0.1784    
   69.00      0.1653    
   70.00      0.1520    
   71.00      0.1386    
   72.00      0.1250    
   73.00      0.1117    
   74.00      0.9877E-01
   75.00      0.8654E-01
   76.00      0.7522E-01
   77.00      0.6495E-01
   78.00      0.5586E-01
   79.00      0.4795E-01
   80.00      0.4119E-01
   81.00      0.3551E-01
   82.00      0.3081E-01
   83.00      0.2697E-01
   84.00      0.2385E-01
   85.00      0.2131E-01
   86.00      0.1920E-01
   87.00      0.1743E-01
   88.00      0.1592E-01
   89.00      0.1461E-01
   90.00      0.1345E-01
   91.00      0.1238E-01
   92.00      0.1136E-01
   93.00      0.1038E-01
   94.00      0.9451E-02
   95.00      0.8576E-02
   96.00      0.7756E-02
   97.00      0.6983E-02
   98.00      0.6249E-02
   99.00      0.5557E-02
   100.0      0.4923E-02
   101.0      0.4358E-02
   102.0      0.3858E-02
   103.0      0.3413E-02
   104.0      0.3007E-02
   105.0      0.2638E-02
   106.0      0.2310E-02
   107.0      0.2030E-02
   108.0      0.1798E-02
   109.0      0.1603E-02
   110.0      0.1435E-02
   111.0      0.1284E-02
   112.0      0.1152E-02
   113.0      0.1043E-02
   114.0      0.9558E-03
   115.0      0.8871E-03
   116.0      0.8284E-03
   117.0      0.7744E-03
   118.0      0.7254E-03
   119.0      0.6845E-03
   120.0      0.6525E-03
   121.0      0.6270E-03
   122.0      0.6026E-03
   123.0      0.5747E-03
   124.0      0.5432E-03
   125.0      0.5120E-03
   126.0      0.4845E-03
   127.0      0.4610E-03
   128.0      0.4383E-03
   129.0      0.4133E-03
   130.0      0.3845E-03
   131.0      0.3537E-03
   132.0      0.3251E-03
   133.0      0.3007E-03
   134.0      0.2792E-03
   135.0      0.2584E-03
   136.0      0.2371E-03
   137.0      0.2156E-03
   138.0      0.1959E-03
   139.0      0.1800E-03
   140.0      0.1676E-03
   141.0      0.1562E-03
   142.0      0.1443E-03
   143.0      0.1327E-03
   144.0      0.1231E-03
   145.0      0.1167E-03
   146.0      0.1132E-03
   147.0      0.1105E-03
   148.0      0.1060E-03
   149.0      0.9949E-04
   150.0      0.9351E-04
   151.0      0.9046E-04
   152.0      0.9062E-04
   153.0      0.9249E-04
   154.0      0.9333E-04
   155.0      0.9075E-04
   156.0      0.8542E-04
   157.0      0.8078E-04
   158.0      0.7929E-04
   159.0      0.8057E-04
   160.0      0.8276E-04
   161.0      0.8354E-04
   162.0      0.8100E-04
   163.0      0.7575E-04
   164.0      0.7100E-04
   165.0      0.6896E-04
   166.0      0.6892E-04
   167.0      0.6926E-04
   168.0      0.6865E-04
   169.0      0.6568E-04
   170.0      0.6036E-04
   171.0      0.5513E-04
   172.0      0.5227E-04
   173.0      0.5171E-04
   174.0      0.5245E-04
   175.0      0.5352E-04
   176.0      0.5311E-04
   177.0      0.5017E-04
   178.0      0.4673E-04
   179.0      0.4522E-04
   180.0      0.4509E-04
 END
