# 178 angles,  1 tensor ranks for 0=projectile
@subtitle   "20O + d inelastic scattering;"                                                 
@legend ON
@legend x1 0.2
@legend y1 0.8
@g0 type LOGY
@yaxis ticklabel format power
@legend string   0 "Lab energy =   70.0000"
#legend string   0 "Partition=  1 Excit=  1 near/far= 1"
#  Theta       sigma       iT11        T20         T21         T22         Kyy for projectile
   3.000      0.2962E+05
   4.000      0.1225E+05
   5.000       8306.    
   6.000       6625.    
   7.000       5389.    
   8.000       4274.    
   9.000       3254.    
   10.00       2358.    
   11.00       1610.    
   12.00       1023.    
   13.00       591.7    
   14.00       299.9    
   15.00       124.3    
   16.00       37.94    
   17.00       14.14    
   18.00       28.83    
   19.00       62.29    
   20.00       99.86    
   21.00       131.9    
   22.00       153.2    
   23.00       162.1    
   24.00       159.6    
   25.00       147.9    
   26.00       130.3    
   27.00       109.8    
   28.00       89.06    
   29.00       70.15    
   30.00       54.29    
   31.00       42.04    
   32.00       33.38    
   33.00       27.90    
   34.00       24.92    
   35.00       23.71    
   36.00       23.53    
   37.00       23.78    
   38.00       23.98    
   39.00       23.84    
   40.00       23.19    
   41.00       22.02    
   42.00       20.38    
   43.00       18.40    
   44.00       16.22    
   45.00       13.98    
   46.00       11.82    
   47.00       9.837    
   48.00       8.086    
   49.00       6.605    
   50.00       5.399    
   51.00       4.451    
   52.00       3.731    
   53.00       3.196    
   54.00       2.807    
   55.00       2.521    
   56.00       2.305    
   57.00       2.131    
   58.00       1.977    
   59.00       1.829    
   60.00       1.681    
   61.00       1.528    
   62.00       1.372    
   63.00       1.215    
   64.00       1.061    
   65.00      0.9138    
   66.00      0.7771    
   67.00      0.6534    
   68.00      0.5445    
   69.00      0.4508    
   70.00      0.3723    
   71.00      0.3080    
   72.00      0.2563    
   73.00      0.2155    
   74.00      0.1838    
   75.00      0.1592    
   76.00      0.1402    
   77.00      0.1251    
   78.00      0.1129    
   79.00      0.1026    
   80.00      0.9351E-01
   81.00      0.8515E-01
   82.00      0.7726E-01
   83.00      0.6967E-01
   84.00      0.6237E-01
   85.00      0.5535E-01
   86.00      0.4869E-01
   87.00      0.4244E-01
   88.00      0.3667E-01
   89.00      0.3143E-01
   90.00      0.2674E-01
   91.00      0.2263E-01
   92.00      0.1907E-01
   93.00      0.1603E-01
   94.00      0.1349E-01
   95.00      0.1138E-01
   96.00      0.9651E-02
   97.00      0.8252E-02
   98.00      0.7126E-02
   99.00      0.6225E-02
   100.0      0.5503E-02
   101.0      0.4922E-02
   102.0      0.4449E-02
   103.0      0.4056E-02
   104.0      0.3723E-02
   105.0      0.3434E-02
   106.0      0.3175E-02
   107.0      0.2938E-02
   108.0      0.2717E-02
   109.0      0.2507E-02
   110.0      0.2308E-02
   111.0      0.2117E-02
   112.0      0.1934E-02
   113.0      0.1759E-02
   114.0      0.1594E-02
   115.0      0.1437E-02
   116.0      0.1291E-02
   117.0      0.1155E-02
   118.0      0.1029E-02
   119.0      0.9146E-03
   120.0      0.8108E-03
   121.0      0.7176E-03
   122.0      0.6348E-03
   123.0      0.5619E-03
   124.0      0.4982E-03
   125.0      0.4432E-03
   126.0      0.3962E-03
   127.0      0.3563E-03
   128.0      0.3228E-03
   129.0      0.2947E-03
   130.0      0.2715E-03
   131.0      0.2522E-03
   132.0      0.2363E-03
   133.0      0.2230E-03
   134.0      0.2117E-03
   135.0      0.2019E-03
   136.0      0.1931E-03
   137.0      0.1851E-03
   138.0      0.1774E-03
   139.0      0.1699E-03
   140.0      0.1623E-03
   141.0      0.1545E-03
   142.0      0.1466E-03
   143.0      0.1384E-03
   144.0      0.1301E-03
   145.0      0.1216E-03
   146.0      0.1130E-03
   147.0      0.1044E-03
   148.0      0.9604E-04
   149.0      0.8790E-04
   150.0      0.8012E-04
   151.0      0.7281E-04
   152.0      0.6605E-04
   153.0      0.5994E-04
   154.0      0.5452E-04
   155.0      0.4983E-04
   156.0      0.4590E-04
   157.0      0.4272E-04
   158.0      0.4026E-04
   159.0      0.3848E-04
   160.0      0.3731E-04
   161.0      0.3669E-04
   162.0      0.3652E-04
   163.0      0.3671E-04
   164.0      0.3716E-04
   165.0      0.3780E-04
   166.0      0.3853E-04
   167.0      0.3927E-04
   168.0      0.3998E-04
   169.0      0.4059E-04
   170.0      0.4108E-04
   171.0      0.4143E-04
   172.0      0.4164E-04
   173.0      0.4173E-04
   174.0      0.4171E-04
   175.0      0.4162E-04
   176.0      0.4148E-04
   177.0      0.4134E-04
   178.0      0.4120E-04
   179.0      0.4111E-04
   180.0      0.4108E-04
 END
