           2           1           1
    0.0-     1 1   1.753       0.000      0.3872E-01   1.715    
    1.0+     0 1   5.249       0.000      0.1208       5.128    
    1.0+     2 2   5.273       0.000      0.1049       5.168    
    1.0-     1 1   5.257       0.000      0.1166       5.141    
    2.0+     2 1   8.781       0.000      0.1717       8.609    
    2.0-     1 1   8.754       0.000      0.1883       8.566    
    2.0-     3 2   8.820       0.000      0.1463       8.674    
    3.0+     2 1   12.28       0.000      0.2310       12.05    
    3.0+     4 2   12.41       0.000      0.1677       12.24    
    3.0-     3 1   12.33       0.000      0.1982       12.13    
    4.0+     4 1   15.93       0.000      0.2111       15.72    
    4.0-     3 1   15.83       0.000      0.2465       15.58    
    4.0-     5 2   16.05       0.000      0.1669       15.88    
    5.0+     4 1   19.43       0.000      0.2511       19.18    
    5.0+     6 2   19.79       0.000      0.1757       19.61    
    5.0-     5 1   19.57       0.000      0.2015       19.37    
    6.0+     6 1   23.33       0.000      0.2058       23.12    
    6.0-     5 1   23.07       0.000      0.2360       22.84    
    6.0-     7 2   23.53       0.000      0.1700       23.36    
    7.0+     6 1   26.83       0.000      0.2346       26.60    
    7.0+     8 2   27.49       0.000      0.2356       27.25    
    7.0-     7 1   27.10       0.000      0.1994       26.90    
    8.0+     8 1   31.05       0.000      0.2396       30.81    
    8.0-     7 1   30.64       0.000      0.2326       30.41    
    8.0-     9 2   31.10       0.000      0.4102       30.69    
    9.0+     8 1   34.55       0.000      0.2436       34.30    
    9.0+    10 2   32.06       0.000      0.5483       31.51    
    9.0-     9 1   34.98       0.000      0.4187       34.56    
   10.0+    10 1   36.40       0.000      0.5888       35.81    
   10.0-     9 1   38.76       0.000      0.4101       38.35    
   10.0-    11 2   28.90       0.000      0.5425       28.36    
   11.0+    10 1   40.92       0.000      0.6158       40.30    
   11.0+    12 2   22.83       0.000      0.4081       22.42    
   11.0-    11 1   33.05       0.000      0.6036       32.45    
   12.0+    12 1   26.03       0.000      0.4648       25.56    
   12.0-    11 1   37.66       0.000      0.6607       37.00    
   12.0-    13 2   16.25       0.000      0.2412       16.01    
   13.0+    12 1   29.67       0.000      0.5245       29.15    
   13.0+    14 2   10.79       0.000      0.1168       10.67    
   13.0-    13 1   18.34       0.000      0.2773       18.06    
   14.0+    14 1   12.01       0.000      0.1337       11.87    
   14.0-    13 1   20.70       0.000      0.3181       20.38    
   14.0-    15 2   6.848       0.000      0.4865E-01   6.800    
   15.0+    14 1   13.36       0.000      0.1533       13.21    
   15.0+    16 2   4.232       0.000      0.1811E-01   4.214    
   15.0-    15 1   7.525       0.000      0.5501E-01   7.470    
   16.0+    16 1   4.598       0.000      0.2018E-01   4.578    
   16.0-    15 1   8.258       0.000      0.6227E-01   8.196    
   16.0-    17 2   2.571       0.000      0.6148E-02   2.565    
   17.0+    16 1   4.987       0.000      0.2250E-01   4.965    
   17.0+    18 2   1.545       0.000      0.1901E-02   1.543    
   17.0-    17 1   2.768       0.000      0.6758E-02   2.761    
   18.0+    18 1   1.651       0.000      0.2066E-02   1.649    
   18.0-    17 1   2.974       0.000      0.7426E-02   2.966    
   18.0-    19 2  0.9216       0.000      0.5299E-03  0.9211    
   19.0+    18 1   1.760       0.000      0.2243E-02   1.758    
   19.0+    20 2  0.5466       0.000      0.1436E-03  0.5464    
   19.0-    19 1  0.9789       0.000      0.5705E-03  0.9783    
   20.0+    20 1  0.5777       0.000      0.1530E-03  0.5775    
   20.0-    19 1   1.037       0.000      0.6135E-03   1.037    
   20.0-    21 2  0.3227       0.000      0.6305E-04  0.3227    
   21.0+    20 1  0.6093       0.000      0.1628E-03  0.6092    
   21.0+    22 2  0.1899       0.000      0.6279E-04  0.1898    
   21.0-    21 1  0.3397       0.000      0.6633E-04  0.3397    
   22.0+    22 1  0.1992       0.000      0.6567E-04  0.1991    
   22.0-    21 1  0.3570       0.000      0.6964E-04  0.3569    
   22.0-    23 2  0.1113       0.000      0.7499E-04  0.1113    
   23.0+    22 1  0.2086       0.000      0.6854E-04  0.2086    
   23.0+    24 2  0.6512E-01   0.000      0.8302E-04  0.6504E-01
   23.0-    23 1  0.1165       0.000      0.7830E-04  0.1164    
   24.0+    24 1  0.6798E-01   0.000      0.8655E-04  0.6789E-01
   24.0-    23 1  0.1217       0.000      0.8160E-04  0.1216    
   24.0-    25 2  0.3799E-01   0.000      0.8522E-04  0.3791E-01
   25.0+    24 1  0.7085E-01   0.000      0.9008E-04  0.7076E-01
   25.0+    26 2  0.2212E-01   0.000      0.8319E-04  0.2203E-01
   25.0-    25 1  0.3958E-01   0.000      0.8871E-04  0.3949E-01
   26.0+    26 1  0.2300E-01   0.000      0.8646E-04  0.2291E-01
   26.0-    25 1  0.4117E-01   0.000      0.9219E-04  0.4108E-01
   26.0-    27 2  0.1285E-01   0.000      0.7884E-04  0.1277E-01
   27.0+    26 1  0.2388E-01   0.000      0.8974E-04  0.2379E-01
   27.0+    28 2  0.7450E-02   0.000      0.7336E-04  0.7377E-02
   27.0-    27 1  0.1334E-01   0.000      0.8182E-04  0.1326E-01
   28.0+    28 1  0.7723E-02   0.000      0.7603E-04  0.7647E-02
   28.0-    27 1  0.1383E-01   0.000      0.8480E-04  0.1375E-01
   28.0-    29 2  0.4312E-02   0.000      0.6758E-04  0.4245E-02
   29.0+    28 1  0.7997E-02   0.000      0.7871E-04  0.7918E-02
   29.0+    30 2  0.2492E-02   0.000      0.6193E-04  0.2430E-02
   29.0-    29 1  0.4465E-02   0.000      0.6996E-04  0.4395E-02
   30.0+    30 1  0.2577E-02   0.000      0.6403E-04  0.2513E-02
   30.0-    29 1  0.4617E-02   0.000      0.7234E-04  0.4545E-02
   30.0-    31 2  0.1438E-02   0.000      0.5657E-04  0.1381E-02
   31.0+    30 1  0.2662E-02   0.000      0.6613E-04  0.2596E-02
   31.0+    32 2  0.8286E-03   0.000      0.5166E-04  0.7769E-03
   31.0-    31 1  0.1485E-02   0.000      0.5842E-04  0.1427E-02
   32.0+    32 1  0.8550E-03   0.000      0.5330E-04  0.8017E-03
