# 178 angles,  1 tensor ranks for 0=projectile
@subtitle   "p+O20 1st with BG ;"                                                           
@legend ON
@legend x1 0.2
@legend y1 0.8
@g0 type LOGY
@yaxis ticklabel format power
@legend string   0 "Lab energy =   43.0000"
#legend string   0 "Partition=  1 Excit=  2 near/far= 1"
#  Theta       sigma       iT11        T20         T21         T22         Kyy for projectile
   3.000       28.45    
   4.000       28.00    
   5.000       27.28    
   6.000       26.34    
   7.000       25.25    
   8.000       24.13    
   9.000       23.05    
   10.00       22.07    
   11.00       21.24    
   12.00       20.56    
   13.00       20.07    
   14.00       19.77    
   15.00       19.66    
   16.00       19.72    
   17.00       19.93    
   18.00       20.24    
   19.00       20.63    
   20.00       21.07    
   21.00       21.52    
   22.00       21.95    
   23.00       22.29    
   24.00       22.51    
   25.00       22.59    
   26.00       22.51    
   27.00       22.27    
   28.00       21.86    
   29.00       21.30    
   30.00       20.57    
   31.00       19.69    
   32.00       18.67    
   33.00       17.56    
   34.00       16.37    
   35.00       15.14    
   36.00       13.89    
   37.00       12.65    
   38.00       11.44    
   39.00       10.27    
   40.00       9.175    
   41.00       8.165    
   42.00       7.251    
   43.00       6.440    
   44.00       5.733    
   45.00       5.131    
   46.00       4.630    
   47.00       4.226    
   48.00       3.912    
   49.00       3.675    
   50.00       3.506    
   51.00       3.394    
   52.00       3.327    
   53.00       3.297    
   54.00       3.291    
   55.00       3.300    
   56.00       3.314    
   57.00       3.324    
   58.00       3.326    
   59.00       3.317    
   60.00       3.293    
   61.00       3.251    
   62.00       3.189    
   63.00       3.106    
   64.00       3.003    
   65.00       2.883    
   66.00       2.749    
   67.00       2.602    
   68.00       2.445    
   69.00       2.281    
   70.00       2.111    
   71.00       1.940    
   72.00       1.770    
   73.00       1.604    
   74.00       1.444    
   75.00       1.292    
   76.00       1.149    
   77.00       1.015    
   78.00      0.8930    
   79.00      0.7822    
   80.00      0.6834    
   81.00      0.5962    
   82.00      0.5204    
   83.00      0.4553    
   84.00      0.4002    
   85.00      0.3545    
   86.00      0.3174    
   87.00      0.2878    
   88.00      0.2648    
   89.00      0.2473    
   90.00      0.2344    
   91.00      0.2254    
   92.00      0.2193    
   93.00      0.2156    
   94.00      0.2133    
   95.00      0.2120    
   96.00      0.2111    
   97.00      0.2102    
   98.00      0.2091    
   99.00      0.2075    
   100.0      0.2052    
   101.0      0.2019    
   102.0      0.1978    
   103.0      0.1927    
   104.0      0.1867    
   105.0      0.1800    
   106.0      0.1725    
   107.0      0.1644    
   108.0      0.1557    
   109.0      0.1466    
   110.0      0.1373    
   111.0      0.1279    
   112.0      0.1185    
   113.0      0.1092    
   114.0      0.1000    
   115.0      0.9119E-01
   116.0      0.8272E-01
   117.0      0.7470E-01
   118.0      0.6717E-01
   119.0      0.6015E-01
   120.0      0.5366E-01
   121.0      0.4774E-01
   122.0      0.4241E-01
   123.0      0.3765E-01
   124.0      0.3344E-01
   125.0      0.2974E-01
   126.0      0.2652E-01
   127.0      0.2376E-01
   128.0      0.2144E-01
   129.0      0.1956E-01
   130.0      0.1806E-01
   131.0      0.1687E-01
   132.0      0.1595E-01
   133.0      0.1524E-01
   134.0      0.1474E-01
   135.0      0.1444E-01
   136.0      0.1430E-01
   137.0      0.1429E-01
   138.0      0.1436E-01
   139.0      0.1446E-01
   140.0      0.1458E-01
   141.0      0.1471E-01
   142.0      0.1486E-01
   143.0      0.1500E-01
   144.0      0.1512E-01
   145.0      0.1519E-01
   146.0      0.1519E-01
   147.0      0.1514E-01
   148.0      0.1503E-01
   149.0      0.1487E-01
   150.0      0.1465E-01
   151.0      0.1438E-01
   152.0      0.1405E-01
   153.0      0.1367E-01
   154.0      0.1325E-01
   155.0      0.1280E-01
   156.0      0.1232E-01
   157.0      0.1181E-01
   158.0      0.1127E-01
   159.0      0.1072E-01
   160.0      0.1017E-01
   161.0      0.9636E-02
   162.0      0.9115E-02
   163.0      0.8605E-02
   164.0      0.8103E-02
   165.0      0.7615E-02
   166.0      0.7153E-02
   167.0      0.6729E-02
   168.0      0.6348E-02
   169.0      0.6005E-02
   170.0      0.5692E-02
   171.0      0.5404E-02
   172.0      0.5140E-02
   173.0      0.4908E-02
   174.0      0.4715E-02
   175.0      0.4562E-02
   176.0      0.4443E-02
   177.0      0.4354E-02
   178.0      0.4289E-02
   179.0      0.4248E-02
   180.0      0.4233E-02
 END
