# 178 angles,  1 tensor ranks for 0=projectile
@subtitle   "20O + d 3-?;"                                                                  
@legend ON
@legend x1 0.2
@legend y1 0.8
@g0 type LOGY
@yaxis ticklabel format power
@legend string   0 "Lab energy =   70.0000"
#legend string   0 "Partition=  1 Excit=  2 near/far= 1"
#  Theta       sigma       iT11        T20         T21         T22         Kyy for projectile
   3.000      0.5664E-02
   4.000      0.6968E-02
   5.000      0.9117E-02
   6.000      0.1138E-01
   7.000      0.1292E-01
   8.000      0.1334E-01
   9.000      0.1281E-01
   10.00      0.1181E-01
   11.00      0.1077E-01
   12.00      0.9863E-02
   13.00      0.9046E-02
   14.00      0.8231E-02
   15.00      0.7414E-02
   16.00      0.6674E-02
   17.00      0.6079E-02
   18.00      0.5619E-02
   19.00      0.5213E-02
   20.00      0.4779E-02
   21.00      0.4286E-02
   22.00      0.3752E-02
   23.00      0.3215E-02
   24.00      0.2698E-02
   25.00      0.2209E-02
   26.00      0.1755E-02
   27.00      0.1358E-02
   28.00      0.1048E-02
   29.00      0.8453E-03
   30.00      0.7527E-03
   31.00      0.7509E-03
   32.00      0.8096E-03
   33.00      0.8972E-03
   34.00      0.9874E-03
   35.00      0.1060E-02
   36.00      0.1101E-02
   37.00      0.1102E-02
   38.00      0.1064E-02
   39.00      0.9899E-03
   40.00      0.8883E-03
   41.00      0.7688E-03
   42.00      0.6419E-03
   43.00      0.5181E-03
   44.00      0.4059E-03
   45.00      0.3114E-03
   46.00      0.2374E-03
   47.00      0.1836E-03
   48.00      0.1483E-03
   49.00      0.1290E-03
   50.00      0.1221E-03
   51.00      0.1232E-03
   52.00      0.1279E-03
   53.00      0.1325E-03
   54.00      0.1345E-03
   55.00      0.1327E-03
   56.00      0.1270E-03
   57.00      0.1172E-03
   58.00      0.1038E-03
   59.00      0.8811E-04
   60.00      0.7195E-04
   61.00      0.5714E-04
   62.00      0.4473E-04
   63.00      0.3493E-04
   64.00      0.2757E-04
   65.00      0.2264E-04
   66.00      0.2043E-04
   67.00      0.2105E-04
   68.00      0.2392E-04
   69.00      0.2778E-04
   70.00      0.3139E-04
   71.00      0.3404E-04
   72.00      0.3568E-04
   73.00      0.3660E-04
   74.00      0.3688E-04
   75.00      0.3626E-04
   76.00      0.3437E-04
   77.00      0.3125E-04
   78.00      0.2733E-04
   79.00      0.2323E-04
   80.00      0.1944E-04
   81.00      0.1620E-04
   82.00      0.1353E-04
   83.00      0.1141E-04
   84.00      0.9903E-05
   85.00      0.9083E-05
   86.00      0.8907E-05
   87.00      0.9266E-05
   88.00      0.1004E-04
   89.00      0.1111E-04
   90.00      0.1232E-04
   91.00      0.1350E-04
   92.00      0.1446E-04
   93.00      0.1505E-04
   94.00      0.1526E-04
   95.00      0.1518E-04
   96.00      0.1487E-04
   97.00      0.1432E-04
   98.00      0.1349E-04
   99.00      0.1240E-04
   100.0      0.1112E-04
   101.0      0.9816E-05
   102.0      0.8597E-05
   103.0      0.7491E-05
   104.0      0.6456E-05
   105.0      0.5506E-05
   106.0      0.4734E-05
   107.0      0.4232E-05
   108.0      0.4015E-05
   109.0      0.4003E-05
   110.0      0.4059E-05
   111.0      0.4082E-05
   112.0      0.4101E-05
   113.0      0.4214E-05
   114.0      0.4466E-05
   115.0      0.4797E-05
   116.0      0.5097E-05
   117.0      0.5266E-05
   118.0      0.5276E-05
   119.0      0.5183E-05
   120.0      0.5061E-05
   121.0      0.4926E-05
   122.0      0.4738E-05
   123.0      0.4480E-05
   124.0      0.4165E-05
   125.0      0.3825E-05
   126.0      0.3499E-05
   127.0      0.3205E-05
   128.0      0.2919E-05
   129.0      0.2614E-05
   130.0      0.2309E-05
   131.0      0.2047E-05
   132.0      0.1845E-05
   133.0      0.1705E-05
   134.0      0.1617E-05
   135.0      0.1561E-05
   136.0      0.1516E-05
   137.0      0.1495E-05
   138.0      0.1505E-05
   139.0      0.1525E-05
   140.0      0.1535E-05
   141.0      0.1544E-05
   142.0      0.1566E-05
   143.0      0.1605E-05
   144.0      0.1667E-05
   145.0      0.1742E-05
   146.0      0.1786E-05
   147.0      0.1770E-05
   148.0      0.1713E-05
   149.0      0.1653E-05
   150.0      0.1609E-05
   151.0      0.1597E-05
   152.0      0.1613E-05
   153.0      0.1616E-05
   154.0      0.1567E-05
   155.0      0.1477E-05
   156.0      0.1382E-05
   157.0      0.1303E-05
   158.0      0.1261E-05
   159.0      0.1266E-05
   160.0      0.1287E-05
   161.0      0.1275E-05
   162.0      0.1227E-05
   163.0      0.1177E-05
   164.0      0.1150E-05
   165.0      0.1166E-05
   166.0      0.1240E-05
   167.0      0.1346E-05
   168.0      0.1421E-05
   169.0      0.1439E-05
   170.0      0.1428E-05
   171.0      0.1432E-05
   172.0      0.1493E-05
   173.0      0.1640E-05
   174.0      0.1837E-05
   175.0      0.1997E-05
   176.0      0.2056E-05
   177.0      0.2022E-05
   178.0      0.1931E-05
   179.0      0.1829E-05
   180.0      0.1783E-05
 END
