# 178 angles,  1 tensor ranks for 0=projectile
@subtitle   "20O + d 2+1 inelastic;"                                                        
@legend ON
@legend x1 0.2
@legend y1 0.8
@g0 type LOGY
@yaxis ticklabel format power
@legend string   0 "Lab energy =   70.0000"
#legend string   0 "Partition=  1 Excit=  1 near/far= 1"
#  Theta       sigma       iT11        T20         T21         T22         Kyy for projectile
   3.000      0.2772E+05
   4.000      0.1171E+05
   5.000       8258.    
   6.000       6738.    
   7.000       5524.    
   8.000       4377.    
   9.000       3315.    
   10.00       2383.    
   11.00       1615.    
   12.00       1021.    
   13.00       592.5    
   14.00       309.4    
   15.00       143.4    
   16.00       64.17    
   17.00       43.31    
   18.00       56.44    
   19.00       84.66    
   20.00       114.7    
   21.00       138.4    
   22.00       152.1    
   23.00       155.0    
   24.00       148.6    
   25.00       135.3    
   26.00       117.9    
   27.00       99.03    
   28.00       80.69    
   29.00       64.34    
   30.00       50.78    
   31.00       40.25    
   32.00       32.60    
   33.00       27.41    
   34.00       24.13    
   35.00       22.19    
   36.00       21.06    
   37.00       20.33    
   38.00       19.66    
   39.00       18.89    
   40.00       17.90    
   41.00       16.67    
   42.00       15.25    
   43.00       13.70    
   44.00       12.10    
   45.00       10.52    
   46.00       9.031    
   47.00       7.673    
   48.00       6.478    
   49.00       5.458    
   50.00       4.610    
   51.00       3.920    
   52.00       3.369    
   53.00       2.934    
   54.00       2.590    
   55.00       2.316    
   56.00       2.092    
   57.00       1.902    
   58.00       1.734    
   59.00       1.581    
   60.00       1.436    
   61.00       1.297    
   62.00       1.165    
   63.00       1.037    
   64.00      0.9171    
   65.00      0.8049    
   66.00      0.7018    
   67.00      0.6087    
   68.00      0.5262    
   69.00      0.4541    
   70.00      0.3922    
   71.00      0.3397    
   72.00      0.2956    
   73.00      0.2590    
   74.00      0.2287    
   75.00      0.2035    
   76.00      0.1824    
   77.00      0.1644    
   78.00      0.1489    
   79.00      0.1351    
   80.00      0.1227    
   81.00      0.1112    
   82.00      0.1005    
   83.00      0.9048E-01
   84.00      0.8103E-01
   85.00      0.7217E-01
   86.00      0.6393E-01
   87.00      0.5634E-01
   88.00      0.4942E-01
   89.00      0.4321E-01
   90.00      0.3769E-01
   91.00      0.3285E-01
   92.00      0.2867E-01
   93.00      0.2509E-01
   94.00      0.2205E-01
   95.00      0.1949E-01
   96.00      0.1733E-01
   97.00      0.1550E-01
   98.00      0.1395E-01
   99.00      0.1261E-01
   100.0      0.1144E-01
   101.0      0.1039E-01
   102.0      0.9432E-02
   103.0      0.8545E-02
   104.0      0.7712E-02
   105.0      0.6926E-02
   106.0      0.6183E-02
   107.0      0.5483E-02
   108.0      0.4828E-02
   109.0      0.4222E-02
   110.0      0.3668E-02
   111.0      0.3168E-02
   112.0      0.2724E-02
   113.0      0.2335E-02
   114.0      0.2001E-02
   115.0      0.1718E-02
   116.0      0.1483E-02
   117.0      0.1290E-02
   118.0      0.1133E-02
   119.0      0.1008E-02
   120.0      0.9077E-03
   121.0      0.8272E-03
   122.0      0.7616E-03
   123.0      0.7063E-03
   124.0      0.6579E-03
   125.0      0.6136E-03
   126.0      0.5711E-03
   127.0      0.5293E-03
   128.0      0.4872E-03
   129.0      0.4447E-03
   130.0      0.4019E-03
   131.0      0.3591E-03
   132.0      0.3170E-03
   133.0      0.2762E-03
   134.0      0.2375E-03
   135.0      0.2013E-03
   136.0      0.1683E-03
   137.0      0.1388E-03
   138.0      0.1130E-03
   139.0      0.9102E-04
   140.0      0.7272E-04
   141.0      0.5791E-04
   142.0      0.4630E-04
   143.0      0.3750E-04
   144.0      0.3112E-04
   145.0      0.2670E-04
   146.0      0.2384E-04
   147.0      0.2212E-04
   148.0      0.2121E-04
   149.0      0.2080E-04
   150.0      0.2065E-04
   151.0      0.2059E-04
   152.0      0.2048E-04
   153.0      0.2024E-04
   154.0      0.1984E-04
   155.0      0.1925E-04
   156.0      0.1849E-04
   157.0      0.1758E-04
   158.0      0.1654E-04
   159.0      0.1540E-04
   160.0      0.1419E-04
   161.0      0.1293E-04
   162.0      0.1165E-04
   163.0      0.1036E-04
   164.0      0.9087E-05
   165.0      0.7858E-05
   166.0      0.6692E-05
   167.0      0.5613E-05
   168.0      0.4644E-05
   169.0      0.3805E-05
   170.0      0.3110E-05
   171.0      0.2567E-05
   172.0      0.2174E-05
   173.0      0.1922E-05
   174.0      0.1791E-05
   175.0      0.1757E-05
   176.0      0.1789E-05
   177.0      0.1857E-05
   178.0      0.1930E-05
   179.0      0.1985E-05
   180.0      0.2005E-05
 END
