# 178 angles,  1 tensor ranks for 0=projectile
@subtitle   "p+O20 with CH89;"                                                              
@legend ON
@legend x1 0.2
@legend y1 0.8
@g0 type LOGY
@yaxis ticklabel format power
@legend string   0 "Lab energy =   35.0000"
#legend string   0 "Partition=  1 Excit=  1 near/far= 1"
#  Theta       sigma       iT11        T20         T21         T22         Kyy for projectile
   3.000      0.1265E+06
   4.000      0.3477E+05
   5.000      0.1251E+05
   6.000       5636.    
   7.000       3198.    
   8.000       2253.    
   9.000       1861.    
   10.00       1683.    
   11.00       1586.    
   12.00       1516.    
   13.00       1452.    
   14.00       1385.    
   15.00       1312.    
   16.00       1233.    
   17.00       1151.    
   18.00       1065.    
   19.00       978.9    
   20.00       892.9    
   21.00       808.5    
   22.00       727.0    
   23.00       649.0    
   24.00       575.4    
   25.00       506.5    
   26.00       442.8    
   27.00       384.4    
   28.00       331.3    
   29.00       283.6    
   30.00       241.0    
   31.00       203.5    
   32.00       170.6    
   33.00       142.2    
   34.00       117.9    
   35.00       97.27    
   36.00       80.02    
   37.00       65.77    
   38.00       54.18    
   39.00       44.88    
   40.00       37.56    
   41.00       31.92    
   42.00       27.68    
   43.00       24.58    
   44.00       22.40    
   45.00       20.94    
   46.00       20.02    
   47.00       19.49    
   48.00       19.24    
   49.00       19.15    
   50.00       19.14    
   51.00       19.16    
   52.00       19.14    
   53.00       19.05    
   54.00       18.87    
   55.00       18.59    
   56.00       18.20    
   57.00       17.70    
   58.00       17.10    
   59.00       16.41    
   60.00       15.65    
   61.00       14.82    
   62.00       13.94    
   63.00       13.04    
   64.00       12.11    
   65.00       11.19    
   66.00       10.27    
   67.00       9.377    
   68.00       8.515    
   69.00       7.691    
   70.00       6.914    
   71.00       6.187    
   72.00       5.514    
   73.00       4.898    
   74.00       4.338    
   75.00       3.834    
   76.00       3.386    
   77.00       2.990    
   78.00       2.645    
   79.00       2.347    
   80.00       2.092    
   81.00       1.877    
   82.00       1.697    
   83.00       1.549    
   84.00       1.429    
   85.00       1.332    
   86.00       1.256    
   87.00       1.197    
   88.00       1.151    
   89.00       1.117    
   90.00       1.091    
   91.00       1.071    
   92.00       1.056    
   93.00       1.042    
   94.00       1.030    
   95.00       1.018    
   96.00       1.005    
   97.00      0.9909    
   98.00      0.9743    
   99.00      0.9553    
   100.0      0.9337    
   101.0      0.9095    
   102.0      0.8829    
   103.0      0.8538    
   104.0      0.8226    
   105.0      0.7896    
   106.0      0.7551    
   107.0      0.7194    
   108.0      0.6828    
   109.0      0.6458    
   110.0      0.6086    
   111.0      0.5717    
   112.0      0.5352    
   113.0      0.4995    
   114.0      0.4648    
   115.0      0.4314    
   116.0      0.3993    
   117.0      0.3688    
   118.0      0.3400    
   119.0      0.3130    
   120.0      0.2878    
   121.0      0.2644    
   122.0      0.2429    
   123.0      0.2232    
   124.0      0.2053    
   125.0      0.1891    
   126.0      0.1745    
   127.0      0.1615    
   128.0      0.1500    
   129.0      0.1399    
   130.0      0.1310    
   131.0      0.1234    
   132.0      0.1168    
   133.0      0.1111    
   134.0      0.1064    
   135.0      0.1024    
   136.0      0.9921E-01
   137.0      0.9661E-01
   138.0      0.9459E-01
   139.0      0.9309E-01
   140.0      0.9206E-01
   141.0      0.9145E-01
   142.0      0.9124E-01
   143.0      0.9140E-01
   144.0      0.9192E-01
   145.0      0.9277E-01
   146.0      0.9395E-01
   147.0      0.9545E-01
   148.0      0.9729E-01
   149.0      0.9945E-01
   150.0      0.1019    
   151.0      0.1048    
   152.0      0.1079    
   153.0      0.1114    
   154.0      0.1153    
   155.0      0.1195    
   156.0      0.1239    
   157.0      0.1287    
   158.0      0.1338    
   159.0      0.1392    
   160.0      0.1447    
   161.0      0.1505    
   162.0      0.1565    
   163.0      0.1625    
   164.0      0.1687    
   165.0      0.1748    
   166.0      0.1809    
   167.0      0.1870    
   168.0      0.1929    
   169.0      0.1986    
   170.0      0.2040    
   171.0      0.2091    
   172.0      0.2138    
   173.0      0.2181    
   174.0      0.2220    
   175.0      0.2253    
   176.0      0.2281    
   177.0      0.2303    
   178.0      0.2319    
   179.0      0.2328    
   180.0      0.2332    
 END
