# 178 angles,  1 tensor ranks for 0=projectile
@subtitle   "20O + d 1-?;"                                                                  
@legend ON
@legend x1 0.2
@legend y1 0.8
@g0 type LOGY
@yaxis ticklabel format power
@xaxis label "Scattering angle (degrees)"
@yaxis label "Cross section (mb/sr)"
@legend string   0 "Partition=  1 Excit=  1 near/far= 1"
#legend string   0 "Lab energy =   70.0000"
@s0 linestyle   1
#  Theta       sigma       iT11        T20         T21         T22         Kyy for projectile
   3.000      0.2488E+05
   4.000      0.1110E+05
   5.000       7976.    
   6.000       6376.    
   7.000       5088.    
   8.000       3945.    
   9.000       2935.    
   10.00       2072.    
   11.00       1376.    
   12.00       853.1    
   13.00       491.0    
   14.00       261.1    
   15.00       130.3    
   16.00       68.96    
   17.00       53.86    
   18.00       66.43    
   19.00       91.38    
   20.00       116.9    
   21.00       135.7    
   22.00       145.6    
   23.00       147.2    
   24.00       142.6    
   25.00       133.3    
   26.00       120.8    
   27.00       106.3    
   28.00       91.43    
   29.00       77.63    
   30.00       65.68    
   31.00       55.67    
   32.00       47.38    
   33.00       40.60    
   34.00       35.26    
   35.00       31.26    
   36.00       28.32    
   37.00       26.00    
   38.00       23.92    
   39.00       21.91    
   40.00       20.00    
   41.00       18.24    
   42.00       16.63    
   43.00       15.11    
   44.00       13.60    
   45.00       12.11    
   46.00       10.69    
   47.00       9.387    
   48.00       8.193    
   49.00       7.085    
   50.00       6.059    
   51.00       5.141    
   52.00       4.362    
   53.00       3.723    
   54.00       3.202    
   55.00       2.765    
   56.00       2.394    
   57.00       2.090    
   58.00       1.851    
   59.00       1.664    
   60.00       1.503    
   61.00       1.356    
   62.00       1.224    
   63.00       1.113    
   64.00       1.023    
   65.00      0.9446    
   66.00      0.8611    
   67.00      0.7658    
   68.00      0.6664    
   69.00      0.5759    
   70.00      0.5007    
   71.00      0.4379    
   72.00      0.3818    
   73.00      0.3296    
   74.00      0.2833    
   75.00      0.2468    
   76.00      0.2200    
   77.00      0.1979    
   78.00      0.1758    
   79.00      0.1547    
   80.00      0.1381    
   81.00      0.1282    
   82.00      0.1236    
   83.00      0.1198    
   84.00      0.1125    
   85.00      0.1012    
   86.00      0.8920E-01
   87.00      0.7924E-01
   88.00      0.7132E-01
   89.00      0.6406E-01
   90.00      0.5661E-01
   91.00      0.4898E-01
   92.00      0.4204E-01
   93.00      0.3679E-01
   94.00      0.3272E-01
   95.00      0.2835E-01
   96.00      0.2345E-01
   97.00      0.1924E-01
   98.00      0.1658E-01
   99.00      0.1536E-01
   100.0      0.1508E-01
   101.0      0.1486E-01
   102.0      0.1395E-01
   103.0      0.1272E-01
   104.0      0.1200E-01
   105.0      0.1164E-01
   106.0      0.1092E-01
   107.0      0.9833E-02
   108.0      0.8822E-02
   109.0      0.8030E-02
   110.0      0.7606E-02
   111.0      0.7556E-02
   112.0      0.7200E-02
   113.0      0.5997E-02
   114.0      0.4509E-02
   115.0      0.3509E-02
   116.0      0.2965E-02
   117.0      0.2622E-02
   118.0      0.2448E-02
   119.0      0.2198E-02
   120.0      0.1700E-02
   121.0      0.1384E-02
   122.0      0.1502E-02
   123.0      0.1524E-02
   124.0      0.1120E-02
   125.0      0.7008E-03
   126.0      0.5450E-03
   127.0      0.5682E-03
   128.0      0.8746E-03
   129.0      0.1392E-02
   130.0      0.1520E-02
   131.0      0.1079E-02
   132.0      0.6804E-03
   133.0      0.6254E-03
   134.0      0.6304E-03
   135.0      0.6752E-03
   136.0      0.8666E-03
   137.0      0.8787E-03
   138.0      0.6101E-03
   139.0      0.5336E-03
   140.0      0.6984E-03
   141.0      0.6051E-03
   142.0      0.2953E-03
   143.0      0.1984E-03
   144.0      0.1977E-03
   145.0      0.1076E-03
   146.0      0.2419E-03
   147.0      0.5533E-03
   148.0      0.4799E-03
   149.0      0.1210E-03
   150.0      0.6469E-04
   151.0      0.1777E-03
   152.0      0.9121E-04
   153.0      0.1182E-03
   154.0      0.3868E-03
   155.0      0.3779E-03
   156.0      0.1421E-03
   157.0      0.2681E-03
   158.0      0.5032E-03
   159.0      0.2994E-03
   160.0      0.9953E-04
   161.0      0.3005E-03
   162.0      0.3312E-03
   163.0      0.1099E-03
   164.0      0.3470E-03
   165.0      0.7539E-03
   166.0      0.4859E-03
   167.0      0.9673E-04
   168.0      0.3664E-03
   169.0      0.5261E-03
   170.0      0.1434E-03
   171.0      0.3133E-03
   172.0      0.1019E-02
   173.0      0.7949E-03
   174.0      0.1004E-03
   175.0      0.7131E-03
   176.0      0.1797E-02
   177.0      0.1474E-02
   178.0      0.9927E-03
   179.0      0.2160E-02
   180.0      0.3190E-02
 END
@legend string   1 "Partition=  1 Excit=  2 near/far= 1"
#legend string   0 "Lab energy =   70.0000"
@s1 linestyle   2
#  Theta       sigma       iT11        T20         T21         T22         Kyy for projectile
   3.000       6331.    
   4.000       4531.    
   5.000       2753.    
   6.000       1458.    
   7.000       734.0    
   8.000       396.8    
   9.000       240.9    
   10.00       158.8    
   11.00       113.4    
   12.00       91.14    
   13.00       83.24    
   14.00       78.12    
   15.00       65.01    
   16.00       44.21    
   17.00       25.90    
   18.00       17.28    
   19.00       16.71    
   20.00       19.24    
   21.00       21.69    
   22.00       23.05    
   23.00       23.75    
   24.00       24.40    
   25.00       24.28    
   26.00       22.11    
   27.00       18.26    
   28.00       14.48    
   29.00       11.80    
   30.00       9.873    
   31.00       8.059    
   32.00       6.052    
   33.00       4.050    
   34.00       2.740    
   35.00       2.605    
   36.00       3.235    
   37.00       3.828    
   38.00       4.112    
   39.00       4.323    
   40.00       4.657    
   41.00       5.108    
   42.00       5.492    
   43.00       5.503    
   44.00       5.018    
   45.00       4.303    
   46.00       3.684    
   47.00       3.195    
   48.00       2.719    
   49.00       2.223    
   50.00       1.734    
   51.00       1.301    
   52.00       1.016    
   53.00      0.8994    
   54.00      0.8344    
   55.00      0.7425    
   56.00      0.6792    
   57.00      0.6864    
   58.00      0.7170    
   59.00      0.7305    
   60.00      0.7184    
   61.00      0.6650    
   62.00      0.5909    
   63.00      0.5567    
   64.00      0.5579    
   65.00      0.5220    
   66.00      0.4295    
   67.00      0.3280    
   68.00      0.2456    
   69.00      0.1873    
   70.00      0.1640    
   71.00      0.1578    
   72.00      0.1309    
   73.00      0.9382E-01
   74.00      0.8716E-01
   75.00      0.1033    
   76.00      0.1067    
   77.00      0.9515E-01
   78.00      0.7980E-01
   79.00      0.6030E-01
   80.00      0.5208E-01
   81.00      0.7285E-01
   82.00      0.9808E-01
   83.00      0.9364E-01
   84.00      0.6972E-01
   85.00      0.5071E-01
   86.00      0.3638E-01
   87.00      0.2702E-01
   88.00      0.3137E-01
   89.00      0.3694E-01
   90.00      0.2735E-01
   91.00      0.1691E-01
   92.00      0.2094E-01
   93.00      0.2559E-01
   94.00      0.2103E-01
   95.00      0.1854E-01
   96.00      0.1882E-01
   97.00      0.1317E-01
   98.00      0.1096E-01
   99.00      0.2062E-01
   100.0      0.2698E-01
   101.0      0.2183E-01
   102.0      0.1914E-01
   103.0      0.2193E-01
   104.0      0.1885E-01
   105.0      0.1409E-01
   106.0      0.1681E-01
   107.0      0.1765E-01
   108.0      0.1112E-01
   109.0      0.9953E-02
   110.0      0.1558E-01
   111.0      0.1452E-01
   112.0      0.9328E-02
   113.0      0.1113E-01
   114.0      0.1316E-01
   115.0      0.8384E-02
   116.0      0.7107E-02
   117.0      0.1178E-01
   118.0      0.1061E-01
   119.0      0.6194E-02
   120.0      0.1010E-01
   121.0      0.1530E-01
   122.0      0.1213E-01
   123.0      0.9711E-02
   124.0      0.1292E-01
   125.0      0.1136E-01
   126.0      0.6436E-02
   127.0      0.9676E-02
   128.0      0.1491E-01
   129.0      0.1167E-01
   130.0      0.8944E-02
   131.0      0.1318E-01
   132.0      0.1326E-01
   133.0      0.8026E-02
   134.0      0.9421E-02
   135.0      0.1357E-01
   136.0      0.9925E-02
   137.0      0.7046E-02
   138.0      0.1240E-01
   139.0      0.1415E-01
   140.0      0.9092E-02
   141.0      0.1001E-01
   142.0      0.1476E-01
   143.0      0.1173E-01
   144.0      0.8507E-02
   145.0      0.1362E-01
   146.0      0.1505E-01
   147.0      0.9011E-02
   148.0      0.1025E-01
   149.0      0.1702E-01
   150.0      0.1443E-01
   151.0      0.9982E-02
   152.0      0.1562E-01
   153.0      0.1811E-01
   154.0      0.1067E-01
   155.0      0.1144E-01
   156.0      0.2118E-01
   157.0      0.1965E-01
   158.0      0.1256E-01
   159.0      0.1828E-01
   160.0      0.2390E-01
   161.0      0.1616E-01
   162.0      0.1494E-01
   163.0      0.2640E-01
   164.0      0.2602E-01
   165.0      0.1668E-01
   166.0      0.2433E-01
   167.0      0.3564E-01
   168.0      0.2693E-01
   169.0      0.2259E-01
   170.0      0.4140E-01
   171.0      0.4996E-01
   172.0      0.3805E-01
   173.0      0.4517E-01
   174.0      0.7147E-01
   175.0      0.8082E-01
   176.0      0.9522E-01
   177.0      0.1478    
   178.0      0.1817    
   179.0      0.1455    
   180.0      0.1108    
 END
