# 178 angles,  1 tensor ranks for 0=projectile
@subtitle   "20O + d inelastic scattering;"                                                 
@legend ON
@legend x1 0.2
@legend y1 0.8
@g0 type LOGY
@yaxis ticklabel format power
@legend string   0 "Lab energy =   70.0000"
#legend string   0 "Partition=  1 Excit=  1 near/far= 1"
#  Theta       sigma       iT11        T20         T21         T22         Kyy for projectile
   3.000      0.2943E+05
   4.000      0.1220E+05
   5.000       8299.    
   6.000       6635.    
   7.000       5401.    
   8.000       4283.    
   9.000       3258.    
   10.00       2356.    
   11.00       1605.    
   12.00       1015.    
   13.00       583.1    
   14.00       292.1    
   15.00       118.5    
   16.00       34.91    
   17.00       14.14    
   18.00       31.76    
   19.00       67.77    
   20.00       107.3    
   21.00       140.6    
   22.00       162.5    
   23.00       171.5    
   24.00       168.5    
   25.00       156.1    
   26.00       137.6    
   27.00       116.1    
   28.00       94.48    
   29.00       74.78    
   30.00       58.30    
   31.00       45.59    
   32.00       36.62    
   33.00       30.94    
   34.00       27.85    
   35.00       26.57    
   36.00       26.34    
   37.00       26.51    
   38.00       26.61    
   39.00       26.32    
   40.00       25.49    
   41.00       24.10    
   42.00       22.22    
   43.00       19.99    
   44.00       17.57    
   45.00       15.11    
   46.00       12.74    
   47.00       10.57    
   48.00       8.667    
   49.00       7.066    
   50.00       5.767    
   51.00       4.751    
   52.00       3.980    
   53.00       3.412    
   54.00       2.998    
   55.00       2.696    
   56.00       2.466    
   57.00       2.280    
   58.00       2.114    
   59.00       1.953    
   60.00       1.791    
   61.00       1.625    
   62.00       1.454    
   63.00       1.283    
   64.00       1.116    
   65.00      0.9572    
   66.00      0.8103    
   67.00      0.6783    
   68.00      0.5627    
   69.00      0.4641    
   70.00      0.3821    
   71.00      0.3155    
   72.00      0.2624    
   73.00      0.2210    
   74.00      0.1890    
   75.00      0.1645    
   76.00      0.1455    
   77.00      0.1305    
   78.00      0.1183    
   79.00      0.1079    
   80.00      0.9854E-01
   81.00      0.8982E-01
   82.00      0.8147E-01
   83.00      0.7339E-01
   84.00      0.6557E-01
   85.00      0.5804E-01
   86.00      0.5089E-01
   87.00      0.4421E-01
   88.00      0.3806E-01
   89.00      0.3251E-01
   90.00      0.2757E-01
   91.00      0.2325E-01
   92.00      0.1954E-01
   93.00      0.1639E-01
   94.00      0.1377E-01
   95.00      0.1161E-01
   96.00      0.9850E-02
   97.00      0.8433E-02
   98.00      0.7298E-02
   99.00      0.6393E-02
   100.0      0.5670E-02
   101.0      0.5089E-02
   102.0      0.4616E-02
   103.0      0.4223E-02
   104.0      0.3889E-02
   105.0      0.3597E-02
   106.0      0.3334E-02
   107.0      0.3092E-02
   108.0      0.2865E-02
   109.0      0.2648E-02
   110.0      0.2441E-02
   111.0      0.2240E-02
   112.0      0.2048E-02
   113.0      0.1863E-02
   114.0      0.1687E-02
   115.0      0.1520E-02
   116.0      0.1363E-02
   117.0      0.1217E-02
   118.0      0.1083E-02
   119.0      0.9598E-03
   120.0      0.8490E-03
   121.0      0.7501E-03
   122.0      0.6628E-03
   123.0      0.5867E-03
   124.0      0.5211E-03
   125.0      0.4652E-03
   126.0      0.4183E-03
   127.0      0.3794E-03
   128.0      0.3474E-03
   129.0      0.3215E-03
   130.0      0.3006E-03
   131.0      0.2838E-03
   132.0      0.2702E-03
   133.0      0.2590E-03
   134.0      0.2495E-03
   135.0      0.2412E-03
   136.0      0.2334E-03
   137.0      0.2258E-03
   138.0      0.2180E-03
   139.0      0.2099E-03
   140.0      0.2013E-03
   141.0      0.1922E-03
   142.0      0.1825E-03
   143.0      0.1723E-03
   144.0      0.1617E-03
   145.0      0.1508E-03
   146.0      0.1398E-03
   147.0      0.1289E-03
   148.0      0.1182E-03
   149.0      0.1078E-03
   150.0      0.9800E-04
   151.0      0.8886E-04
   152.0      0.8050E-04
   153.0      0.7300E-04
   154.0      0.6644E-04
   155.0      0.6083E-04
   156.0      0.5617E-04
   157.0      0.5243E-04
   158.0      0.4956E-04
   159.0      0.4748E-04
   160.0      0.4608E-04
   161.0      0.4526E-04
   162.0      0.4490E-04
   163.0      0.4488E-04
   164.0      0.4507E-04
   165.0      0.4537E-04
   166.0      0.4568E-04
   167.0      0.4592E-04
   168.0      0.4603E-04
   169.0      0.4598E-04
   170.0      0.4574E-04
   171.0      0.4532E-04
   172.0      0.4474E-04
   173.0      0.4404E-04
   174.0      0.4327E-04
   175.0      0.4248E-04
   176.0      0.4174E-04
   177.0      0.4110E-04
   178.0      0.4060E-04
   179.0      0.4028E-04
   180.0      0.4017E-04
 END
