           4           1           1
    0.0-     1 1   1.754       0.000      0.1099E-01  0.3417E-03  0.7041E-02   1.736    
    1.0+     0 1   5.247       0.000      0.3642E-01  0.1806E-02  0.1978E-01   5.189    
    1.0+     2 2   5.278       0.000      0.2894E-01  0.8413E-03  0.2079E-01   5.227    
    1.0-     1 1   5.257       0.000      0.3487E-01  0.1399E-02  0.2048E-01   5.201    
    2.0+     2 1   8.781       0.000      0.5411E-01  0.2458E-02  0.3301E-01   8.692    
    2.0-     1 1   8.748       0.000      0.6417E-01  0.4026E-02  0.3087E-01   8.649    
    2.0-     3 2   8.836       0.000      0.4014E-01  0.1038E-02  0.3286E-01   8.762    
    3.0+     2 1   12.26       0.000      0.8717E-01  0.7094E-02  0.3906E-01   12.13    
    3.0+     4 2   12.44       0.000      0.4428E-01  0.1006E-02  0.4194E-01   12.35    
    3.0-     3 1   12.34       0.000      0.6738E-01  0.3488E-02  0.4388E-01   12.22    
    4.0+     4 1   15.93       0.000      0.7369E-01  0.4495E-02  0.5254E-01   15.80    
    4.0-     3 1   15.80       0.000      0.1034      0.1149E-01  0.4425E-01   15.64    
    4.0-     5 2   16.11       0.000      0.4192E-01  0.8421E-03  0.4667E-01   16.02    
    5.0+     4 1   19.38       0.000      0.1105      0.1751E-01  0.4627E-01   19.21    
    5.0+     6 2   19.85       0.000      0.3527E-01  0.6248E-03  0.4710E-01   19.77    
    5.0-     5 1   19.58       0.000      0.7247E-01  0.5532E-02  0.5821E-01   19.45    
    6.0+     6 1   23.31       0.000      0.6453E-01  0.6437E-02  0.6048E-01   23.18    
    6.0-     5 1   23.00       0.000      0.1066      0.2553E-01  0.4539E-01   22.82    
    6.0-     7 2   23.59       0.000      0.2823E-01  0.5523E-03  0.4617E-01   23.51    
    7.0+     6 1   26.70       0.000      0.9139E-01  0.3467E-01  0.4179E-01   26.53    
    7.0+     8 2   27.27       0.000      0.2398E-01  0.6795E-03  0.4984E-01   27.19    
    7.0-     7 1   27.06       0.000      0.5245E-01  0.7593E-02  0.5992E-01   26.94    
    8.0+     8 1   30.92       0.000      0.3679E-01  0.8401E-02  0.5382E-01   30.82    
    8.0-     7 1   30.46       0.000      0.6975E-01  0.4420E-01  0.3721E-01   30.31    
    8.0-     9 2   30.22       0.000      0.2866E-01  0.1701E-02  0.8851E-01   30.11    
    9.0+     8 1   34.28       0.000      0.4343E-01  0.5046E-01  0.2968E-01   34.16    
    9.0+    10 2   30.92       0.000      0.3590E-01  0.4544E-02  0.1812       30.70    
    9.0-     9 1   34.60       0.000      0.2911E-01  0.1095E-01  0.6488E-01   34.49    
   10.0+    10 1   36.04       0.000      0.3293E-01  0.3056E-01  0.1249       35.85    
   10.0-     9 1   38.54       0.000      0.2298E-01  0.4557E-01  0.2454E-01   38.45    
   10.0-    11 2   28.15       0.000      0.3748E-01  0.6755E-02  0.2664       27.84    
   11.0+    10 1   41.56       0.000      0.2336E-01  0.7196E-01  0.4496E-01   41.42    
   11.0+    12 2   22.57       0.000      0.5098E-01  0.5815E-02  0.2741       22.24    
   11.0-    11 1   32.94       0.000      0.3973E-01  0.6962E-01  0.1910       32.63    
   12.0+    12 1   26.01       0.000      0.6118E-01  0.9521E-01  0.1998       25.66    
   12.0-    11 1   38.76       0.000      0.4013E-01  0.1630      0.8031E-01   38.48    
   12.0-    13 2   16.25       0.000      0.7280E-01  0.4757E-02  0.2169       15.96    
   13.0+    12 1   30.20       0.000      0.7406E-01  0.2254      0.9156E-01   29.81    
   13.0+    14 2   10.87       0.000      0.7762E-01  0.5121E-02  0.1445       10.65    
   13.0-    13 1   18.32       0.000      0.8608E-01  0.8934E-01  0.1580       17.98    
   14.0+    14 1   12.00       0.000      0.8834E-01  0.6650E-01  0.1046       11.74    
   14.0-    13 1   20.70       0.000      0.1024      0.2053      0.7548E-01   20.31    
   14.0-    15 2   6.953       0.000      0.6338E-01  0.5127E-02  0.8672E-01   6.798    
   15.0+    14 1   13.24       0.000      0.1007      0.1461      0.5112E-01   12.94    
   15.0+    16 2   4.334       0.000      0.4343E-01  0.4141E-02  0.4886E-01   4.237    
   15.0-    15 1   7.557       0.000      0.7013E-01  0.4316E-01  0.6234E-01   7.381    
   16.0+    16 1   4.658       0.000      0.4717E-01  0.2576E-01  0.3494E-01   4.550    
   16.0-    15 1   8.195       0.000      0.7751E-01  0.9050E-01  0.3089E-01   7.996    
   16.0-    17 2   2.661       0.000      0.2672E-01  0.2827E-02  0.2653E-01   2.605    
   17.0+    16 1   4.994       0.000      0.5112E-01  0.5193E-01  0.1750E-01   4.873    
   17.0+    18 2   1.620       0.000      0.1541E-01  0.1730E-02  0.1409E-01   1.588    
   17.0-    17 1   2.838       0.000      0.2867E-01  0.1458E-01  0.1889E-01   2.776    
   18.0+    18 1   1.718       0.000      0.1640E-01  0.7975E-02  0.9998E-02   1.683    
   18.0-    17 1   3.019       0.000      0.3070E-01  0.2854E-01  0.9529E-02   2.950    
   18.0-    19 2  0.9799       0.000      0.8536E-02  0.9896E-03  0.7386E-02  0.9630    
   19.0+    18 1   1.817       0.000      0.1741E-01  0.1530E-01  0.5058E-02   1.779    
   19.0+    20 2  0.5902       0.000      0.4614E-02  0.5429E-03  0.3842E-02  0.5812    
   19.0-    19 1   1.035       0.000      0.9034E-02  0.4271E-02  0.5220E-02   1.016    
   20.0+    20 1  0.6212       0.000      0.4862E-02  0.2256E-02  0.2704E-02  0.6113    
   20.0-    19 1   1.090       0.000      0.9538E-02  0.8078E-02  0.2640E-02   1.070    
   20.0-    21 2  0.3543       0.000      0.2456E-02  0.2903E-03  0.1990E-02  0.3496    
   21.0+    20 1  0.6522       0.000      0.5112E-02  0.4227E-02  0.1363E-02  0.6415    
   21.0+    22 2  0.2120       0.000      0.1294E-02  0.1527E-03  0.1027E-02  0.2095    
   21.0-    21 1  0.3718       0.000      0.2579E-02  0.1182E-02  0.1394E-02  0.3666    
   22.0+    22 1  0.2220       0.000      0.1355E-02  0.6154E-03  0.7166E-03  0.2193    
   22.0-    21 1  0.3893       0.000      0.2703E-02  0.2200E-02  0.6986E-03  0.3837    
   22.0-    23 2  0.1265       0.000      0.6776E-03  0.7954E-04  0.5297E-03  0.1252    
   23.0+    22 1  0.2319       0.000      0.1417E-02  0.1141E-02  0.3567E-03  0.2290    
   23.0+    24 2  0.7532E-01   0.000      0.3533E-03  0.4117E-04  0.2729E-03  0.7465E-01
   23.0-    23 1  0.1322       0.000      0.7081E-03  0.3194E-03  0.3679E-03  0.1308    
   24.0+    24 1  0.7853E-01   0.000      0.3685E-03  0.1654E-03  0.1887E-03  0.7781E-01
   24.0-    23 1  0.1378       0.000      0.7386E-03  0.5903E-03  0.1818E-03  0.1363    
   24.0-    25 2  0.4473E-01   0.000      0.1837E-03  0.2123E-04  0.1405E-03  0.4438E-01
   25.0+    24 1  0.8175E-01   0.000      0.3836E-03  0.3050E-03  0.9254E-04  0.8097E-01
   25.0+    26 2  0.2651E-01   0.000      0.9535E-04  0.1092E-04  0.7232E-04  0.2633E-01
   25.0-    25 1  0.4656E-01   0.000      0.1912E-03  0.8554E-04  0.9677E-04  0.4618E-01
   26.0+    26 1  0.2755E-01   0.000      0.9910E-04  0.4419E-04  0.4963E-04  0.2735E-01
   26.0-    25 1  0.4839E-01   0.000      0.1988E-03  0.1575E-03  0.4710E-04  0.4798E-01
   26.0-    27 2  0.1567E-01   0.000      0.4943E-04  0.5610E-05  0.3723E-04  0.1558E-01
   27.0+    26 1  0.2859E-01   0.000      0.1029E-03  0.8126E-04  0.2398E-04  0.2838E-01
   27.0+    28 2  0.9250E-02   0.000      0.2560E-04  0.2880E-05  0.1916E-04  0.9203E-02
   27.0-    27 1  0.1627E-01   0.000      0.5130E-04  0.2282E-04  0.2545E-04  0.1617E-01
   28.0+    28 1  0.9587E-02   0.000      0.2653E-04  0.1178E-04  0.1306E-04  0.9536E-02
   28.0-    27 1  0.1686E-01   0.000      0.5317E-04  0.4192E-04  0.1221E-04  0.1675E-01
   28.0-    29 2  0.5450E-02   0.000      0.1325E-04  0.1478E-05  0.9866E-05  0.5425E-02
   29.0+    28 1  0.9923E-02   0.000      0.2746E-04  0.2162E-04  0.6224E-05  0.9868E-02
   29.0+    30 2  0.3205E-02   0.000      0.6856E-05  0.7584E-06  0.5080E-05  0.3192E-02
   29.0-    29 1  0.5641E-02   0.000      0.1372E-04  0.6079E-05  0.6702E-05  0.5614E-02
   30.0+    30 1  0.3314E-02   0.000      0.7088E-05  0.3137E-05  0.3440E-05  0.3300E-02
   30.0-    29 1  0.5832E-02   0.000      0.1418E-04  0.1115E-04  0.3174E-05  0.5804E-02
   30.0-    31 2  0.1882E-02   0.000      0.3546E-05  0.3892E-06  0.2616E-05  0.1875E-02
   31.0+    30 1  0.3422E-02   0.000      0.7321E-05  0.5750E-05  0.1620E-05  0.3408E-02
   31.0+    32 2  0.1103E-02   0.000      0.1834E-05  0.1998E-06  0.1347E-05  0.1100E-02
   31.0-    31 1  0.1944E-02   0.000      0.3662E-05  0.1618E-05  0.1766E-05  0.1937E-02
   32.0+    32 1  0.1138E-02   0.000      0.1892E-05  0.8349E-06  0.9073E-06  0.1135E-02
   32.0-    31 1  0.2005E-02   0.000      0.3778E-05  0.2965E-05  0.8270E-06  0.1998E-02
   32.0-    33 2  0.6459E-03   0.000      0.9480E-06  0.1025E-06  0.6937E-06  0.6442E-03
   33.0+    32 1  0.1173E-02   0.000      0.1950E-05  0.1529E-05  0.4225E-06  0.1169E-02
   33.0+    34 2  0.3776E-03   0.000      0.4901E-06  0.5265E-07  0.3573E-06  0.3767E-03
   33.0-    33 1  0.6658E-03   0.000      0.9772E-06  0.4307E-06  0.4662E-06  0.6639E-03
   34.0+    34 1  0.3889E-03   0.000      0.5047E-06  0.2222E-06  0.2396E-06  0.3879E-03
   34.0-    33 1  0.6857E-03   0.000      0.1006E-05  0.7885E-06  0.2160E-06  0.6837E-03
   34.0-    35 2  0.2205E-03   0.000      0.2533E-06  0.2704E-07  0.1841E-06  0.2200E-03
   35.0+    34 1  0.4002E-03   0.000      0.5193E-06  0.4066E-06  0.1105E-06  0.3991E-03
   35.0+    36 2  0.1286E-03   0.000      0.1309E-06  0.1389E-07  0.9483E-07  0.1284E-03
   35.0-    35 1  0.2269E-03   0.000      0.2607E-06  0.1146E-06  0.1231E-06  0.2264E-03
   36.0+    36 1  0.1322E-03   0.000      0.1346E-06  0.5914E-07  0.6331E-07  0.1320E-03
   36.0-    35 1  0.2333E-03   0.000      0.2680E-06  0.2097E-06  0.5653E-07  0.2328E-03
   36.0-    37 2  0.7492E-04   0.000      0.6766E-07  0.7134E-08  0.4886E-07  0.7480E-04
   37.0+    36 1  0.1359E-03   0.000      0.1383E-06  0.1081E-06  0.2894E-07  0.1356E-03
   37.0+    38 2  0.4360E-04   0.000      0.3496E-07  0.3665E-08  0.2518E-07  0.4354E-04
   37.0-    37 1  0.7697E-04   0.000      0.6951E-07  0.3051E-07  0.3256E-07  0.7684E-04
   38.0+    38 1  0.4476E-04   0.000      0.3589E-07  0.1574E-07  0.1675E-07  0.4469E-04
   38.0-    37 1  0.7903E-04   0.000      0.7137E-07  0.5576E-07  0.1482E-07  0.7888E-04
   38.0-    39 2  0.2535E-04   0.000      0.1806E-07  0.1883E-08  0.1298E-07  0.2531E-04
   39.0+    38 1  0.4592E-04   0.000      0.3682E-07  0.2876E-07  0.7594E-08  0.4585E-04
   39.0+    40 2  0.1472E-04   0.000      0.9330E-08  0.9681E-09  0.6688E-08  0.1470E-04
   39.0-    39 1  0.2600E-04   0.000      0.1853E-07  0.8120E-08  0.8615E-08  0.2597E-04
   40.0+    40 1  0.1509E-04   0.000      0.9566E-08  0.4190E-08  0.4433E-08  0.1507E-04
   40.0-    39 1  0.2666E-04   0.000      0.1900E-07  0.1483E-07  0.3893E-08  0.2662E-04
   40.0-    41 2  0.8541E-05   0.000      0.4820E-08  0.4978E-09  0.3447E-08  0.8533E-05
   41.0+    40 1  0.1547E-04   0.000      0.9802E-08  0.7651E-08  0.1996E-08  0.1545E-04
   41.0+    42 2  0.4952E-05   0.000      0.2490E-08  0.2560E-09  0.1777E-08  0.4947E-05
   41.0-    41 1  0.8752E-05   0.000      0.4939E-08  0.2162E-08  0.2281E-08  0.8743E-05
   42.0+    42 1  0.5071E-05   0.000      0.2550E-08  0.1116E-08  0.1174E-08  0.5066E-05
   42.0-    41 1  0.8963E-05   0.000      0.5058E-08  0.3947E-08  0.1024E-08  0.8953E-05
   42.0-    43 2  0.2868E-05   0.000      0.1286E-08  0.1317E-09  0.9160E-09  0.2866E-05
   43.0+    42 1  0.5190E-05   0.000      0.2610E-08  0.2036E-08  0.5253E-09  0.5185E-05
   43.0+    44 2  0.1660E-05   0.000      0.6646E-09  0.6776E-10  0.4722E-09  0.1659E-05
   43.0-    43 1  0.2936E-05   0.000      0.1317E-08  0.5756E-09  0.6044E-09  0.2933E-05
   44.0+    44 1  0.1698E-05   0.000      0.6799E-09  0.2970E-09  0.3112E-09  0.1697E-05
   44.0-    43 1  0.3003E-05   0.000      0.1347E-08  0.1050E-08  0.2696E-09  0.3001E-05
   44.0-    45 2  0.9602E-06   0.000      0.3433E-09  0.3486E-10  0.2434E-09  0.9595E-06
   45.0+    44 1  0.1737E-05   0.000      0.6952E-09  0.5417E-09  0.1384E-09  0.1735E-05
   45.0+    46 2  0.5549E-06   0.000      0.1773E-09  0.1793E-10  0.1255E-09  0.5546E-06
   45.0-    45 1  0.9817E-06   0.000      0.3510E-09  0.1532E-09  0.1602E-09  0.9811E-06
   46.0+    46 1  0.5671E-06   0.000      0.1812E-09  0.7905E-10  0.8249E-10  0.5668E-06
   46.0-    45 1  0.1003E-05   0.000      0.3588E-09  0.2794E-09  0.7107E-10  0.1003E-05
   46.0-    47 2  0.3205E-06   0.000      0.9158E-10  0.9224E-11  0.6471E-10  0.3203E-06
   47.0+    46 1  0.5793E-06   0.000      0.1851E-09  0.1441E-09  0.3650E-10  0.5789E-06
   47.0+    48 2  0.1850E-06   0.000      0.4729E-10  0.4746E-11  0.3336E-10  0.1849E-06
   47.0-    47 1  0.3274E-06   0.000      0.9355E-10  0.4079E-10  0.4248E-10  0.3272E-06
   48.0+    48 1  0.1889E-06   0.000      0.4829E-10  0.2104E-10  0.2188E-10  0.1888E-06
   48.0-    47 1  0.3343E-06   0.000      0.9552E-10  0.7435E-10  0.1875E-10  0.3341E-06
   48.0-    49 2  0.1067E-06   0.000      0.2443E-10  0.2443E-11  0.1720E-10  0.1066E-06
   49.0+    48 1  0.1927E-06   0.000      0.4929E-10  0.3835E-10  0.9632E-11  0.1926E-06
   49.0+    50 2  0.6149E-07   0.000      0.1262E-10  0.1258E-11  0.8871E-11  0.6147E-07
   49.0-    49 1  0.1089E-06   0.000      0.2493E-10  0.1086E-10  0.1127E-10  0.1088E-06
   50.0+    50 1  0.6273E-07   0.000      0.1287E-10  0.5603E-11  0.5805E-11  0.6271E-07
   50.0-    49 1  0.1111E-06   0.000      0.2543E-10  0.1979E-10  0.4950E-11  0.1110E-06
   50.0-    51 2  0.3542E-07   0.000      0.6515E-11  0.6474E-12  0.4574E-11  0.3541E-07
   51.0+    50 1  0.6398E-07   0.000      0.1312E-10  0.1021E-10  0.2544E-11  0.6395E-07
   51.0+    52 2  0.2040E-07   0.000      0.3365E-11  0.3333E-12  0.2359E-11  0.2039E-07
   51.0-    51 1  0.3613E-07   0.000      0.6644E-11  0.2891E-11  0.2990E-11  0.3611E-07
   52.0+    52 1  0.2079E-07   0.000      0.3430E-11  0.1492E-11  0.1541E-11  0.2078E-07
   52.0-    51 1  0.3683E-07   0.000      0.6773E-11  0.5267E-11  0.1308E-11  0.3681E-07
   52.0-    53 2  0.1174E-07   0.000      0.1738E-11  0.1716E-12  0.1216E-11  0.1173E-07
   53.0+    52 1  0.2119E-07   0.000      0.3495E-11  0.2717E-11  0.6724E-12  0.2118E-07
   53.0+    54 2  0.6750E-08   0.000      0.8973E-12  0.8838E-13  0.6273E-12  0.6748E-08
   53.0-    53 1  0.1196E-07   0.000      0.1771E-11  0.7699E-12  0.7937E-12  0.1196E-07
   54.0+    54 1  0.6876E-08   0.000      0.9140E-12  0.3973E-12  0.4089E-12  0.6874E-08
   54.0-    53 1  0.1218E-07   0.000      0.1804E-11  0.1402E-11  0.3457E-12  0.1218E-07
   54.0-    55 2  0.3879E-08   0.000      0.4633E-12  0.4552E-13  0.3235E-12  0.3878E-08
   55.0+    54 1  0.7003E-08   0.000      0.9308E-12  0.7233E-12  0.1778E-12  0.7001E-08
   55.0+    56 2  0.2230E-08   0.000      0.2393E-12  0.2344E-13  0.1669E-12  0.2230E-08
   55.0-    55 1  0.3951E-08   0.000      0.4718E-12  0.2050E-12  0.2107E-12  0.3950E-08
   56.0+    56 1  0.2270E-08   0.000      0.2436E-12  0.1058E-12  0.1086E-12  0.2269E-08
   56.0-    55 1  0.4022E-08   0.000      0.4804E-12  0.3732E-12  0.9144E-13  0.4021E-08
   56.0-    57 2  0.1280E-08   0.000      0.1236E-12  0.1208E-13  0.8605E-13  0.1280E-08
   57.0+    56 1  0.2309E-08   0.000      0.2479E-12  0.1925E-12  0.4704E-13  0.2309E-08
   57.0+    58 2  0.7344E-09   0.000      0.6380E-13  0.6220E-14  0.4439E-13  0.7343E-09
   57.0-    57 1  0.1303E-08   0.000      0.1257E-12  0.5459E-13  0.5596E-13  0.1303E-08
   58.0+    58 1  0.7481E-09   0.000      0.6491E-13  0.2817E-13  0.2884E-13  0.7480E-09
   58.0-    57 1  0.1325E-08   0.000      0.1279E-12  0.9932E-13  0.2420E-13  0.1325E-08
   58.0-    59 2  0.4215E-09   0.000      0.3294E-13  0.3204E-14  0.2289E-13  0.4214E-09
   59.0+    58 1  0.7599E-09   0.000      0.6602E-13  0.5124E-13  0.1245E-13  0.7598E-09
   59.0+    60 2  0.2414E-09   0.000      0.1701E-13  0.1650E-14  0.1181E-13  0.2414E-09
   59.0-    59 1  0.4289E-09   0.000      0.3350E-13  0.1453E-13  0.1486E-13  0.4289E-09
   60.0+    60 1  0.2461E-09   0.000      0.1729E-13  0.7499E-14  0.7662E-14  0.2461E-09
   60.0-    59 1  0.4362E-09   0.000      0.3407E-13  0.2644E-13  0.6407E-14  0.4361E-09
   60.0-    61 2  0.1386E-09   0.000      0.8782E-14  0.8500E-15  0.6091E-14  0.1386E-09
