# 178 angles,  1 tensor ranks for 0=projectile
@subtitle   "20O(d,t) @ 30AMeV Daeh (d) + Pang (t)"                                         
@legend ON
@legend x1 0.2
@legend y1 0.8
@g0 type LOGY
@yaxis ticklabel format power
@xaxis label "Scattering angle (degrees)"
@yaxis label "Cross section (mb/sr)"
@legend string   0 "Partition=  1 Excit=  1 near/far= 1"
#legend string   0 "Lab energy =   70.0000"
@s0 linestyle   1
#  Theta       sigma       iT11        T20         T21         T22         Kyy for projectile
   3.000      0.2708E+05
   4.000      0.1161E+05
   5.000       8340.    
   6.000       6868.    
   7.000       5642.    
   8.000       4463.    
   9.000       3362.    
   10.00       2396.    
   11.00       1603.    
   12.00       993.9    
   13.00       561.4    
   14.00       282.2    
   15.00       125.8    
   16.00       59.57    
   17.00       52.50    
   18.00       78.38    
   19.00       117.0    
   20.00       154.3    
   21.00       182.1    
   22.00       196.8    
   23.00       198.4    
   24.00       188.8    
   25.00       171.4    
   26.00       149.5    
   27.00       126.2    
   28.00       104.0    
   29.00       84.51    
   30.00       68.57    
   31.00       56.37    
   32.00       47.61    
   33.00       41.70    
   34.00       37.92    
   35.00       35.54    
   36.00       33.92    
   37.00       32.56    
   38.00       31.12    
   39.00       29.41    
   40.00       27.37    
   41.00       25.03    
   42.00       22.48    
   43.00       19.84    
   44.00       17.24    
   45.00       14.77    
   46.00       12.53    
   47.00       10.55    
   48.00       8.876    
   49.00       7.489    
   50.00       6.370    
   51.00       5.484    
   52.00       4.788    
   53.00       4.240    
   54.00       3.802    
   55.00       3.440    
   56.00       3.126    
   57.00       2.844    
   58.00       2.579    
   59.00       2.327    
   60.00       2.084    
   61.00       1.852    
   62.00       1.632    
   63.00       1.428    
   64.00       1.242    
   65.00       1.076    
   66.00      0.9297    
   67.00      0.8044    
   68.00      0.6984    
   69.00      0.6098    
   70.00      0.5365    
   71.00      0.4760    
   72.00      0.4257    
   73.00      0.3835    
   74.00      0.3472    
   75.00      0.3154    
   76.00      0.2866    
   77.00      0.2602    
   78.00      0.2354    
   79.00      0.2121    
   80.00      0.1901    
   81.00      0.1695    
   82.00      0.1503    
   83.00      0.1327    
   84.00      0.1167    
   85.00      0.1024    
   86.00      0.8977E-01
   87.00      0.7881E-01
   88.00      0.6938E-01
   89.00      0.6135E-01
   90.00      0.5455E-01
   91.00      0.4880E-01
   92.00      0.4393E-01
   93.00      0.3977E-01
   94.00      0.3616E-01
   95.00      0.3298E-01
   96.00      0.3013E-01
   97.00      0.2752E-01
   98.00      0.2509E-01
   99.00      0.2281E-01
   100.0      0.2066E-01
   101.0      0.1862E-01
   102.0      0.1670E-01
   103.0      0.1491E-01
   104.0      0.1324E-01
   105.0      0.1171E-01
   106.0      0.1032E-01
   107.0      0.9072E-02
   108.0      0.7966E-02
   109.0      0.6996E-02
   110.0      0.6154E-02
   111.0      0.5430E-02
   112.0      0.4812E-02
   113.0      0.4287E-02
   114.0      0.3842E-02
   115.0      0.3463E-02
   116.0      0.3139E-02
   117.0      0.2859E-02
   118.0      0.2613E-02
   119.0      0.2394E-02
   120.0      0.2194E-02
   121.0      0.2011E-02
   122.0      0.1840E-02
   123.0      0.1678E-02
   124.0      0.1526E-02
   125.0      0.1382E-02
   126.0      0.1246E-02
   127.0      0.1119E-02
   128.0      0.9998E-03
   129.0      0.8902E-03
   130.0      0.7899E-03
   131.0      0.6992E-03
   132.0      0.6179E-03
   133.0      0.5459E-03
   134.0      0.4826E-03
   135.0      0.4275E-03
   136.0      0.3800E-03
   137.0      0.3392E-03
   138.0      0.3044E-03
   139.0      0.2748E-03
   140.0      0.2495E-03
   141.0      0.2279E-03
   142.0      0.2094E-03
   143.0      0.1933E-03
   144.0      0.1793E-03
   145.0      0.1669E-03
   146.0      0.1559E-03
   147.0      0.1460E-03
   148.0      0.1369E-03
   149.0      0.1286E-03
   150.0      0.1209E-03
   151.0      0.1137E-03
   152.0      0.1069E-03
   153.0      0.1005E-03
   154.0      0.9422E-04
   155.0      0.8815E-04
   156.0      0.8219E-04
   157.0      0.7633E-04
   158.0      0.7055E-04
   159.0      0.6489E-04
   160.0      0.5940E-04
   161.0      0.5415E-04
   162.0      0.4927E-04
   163.0      0.4486E-04
   164.0      0.4107E-04
   165.0      0.3801E-04
   166.0      0.3579E-04
   167.0      0.3449E-04
   168.0      0.3416E-04
   169.0      0.3479E-04
   170.0      0.3632E-04
   171.0      0.3865E-04
   172.0      0.4162E-04
   173.0      0.4504E-04
   174.0      0.4869E-04
   175.0      0.5232E-04
   176.0      0.5570E-04
   177.0      0.5860E-04
   178.0      0.6081E-04
   179.0      0.6221E-04
   180.0      0.6268E-04
 END
@legend string   1 "Partition=  2 Excit=  1 near/far= 1"
#legend string   0 "Lab energy =   70.0000"
@s1 linestyle   2
#  Theta       sigma       iT11        T20         T21         T22         Kyy for projectile
   3.000       22.12    
   4.000       15.85    
   5.000       9.965    
   6.000       5.285    
   7.000       2.236    
   8.000      0.8352    
   9.000      0.7677    
   10.00       1.538    
   11.00       2.625    
   12.00       3.602    
   13.00       4.208    
   14.00       4.356    
   15.00       4.098    
   16.00       3.572    
   17.00       2.945    
   18.00       2.360    
   19.00       1.918    
   20.00       1.658    
   21.00       1.575    
   22.00       1.625    
   23.00       1.748    
   24.00       1.885    
   25.00       1.988    
   26.00       2.027    
   27.00       1.989    
   28.00       1.878    
   29.00       1.710    
   30.00       1.504    
   31.00       1.283    
   32.00       1.065    
   33.00      0.8641    
   34.00      0.6897    
   35.00      0.5455    
   36.00      0.4314    
   37.00      0.3445    
   38.00      0.2806    
   39.00      0.2350    
   40.00      0.2031    
   41.00      0.1810    
   42.00      0.1656    
   43.00      0.1547    
   44.00      0.1466    
   45.00      0.1402    
   46.00      0.1346    
   47.00      0.1292    
   48.00      0.1237    
   49.00      0.1178    
   50.00      0.1114    
   51.00      0.1043    
   52.00      0.9682E-01
   53.00      0.8894E-01
   54.00      0.8091E-01
   55.00      0.7298E-01
   56.00      0.6538E-01
   57.00      0.5833E-01
   58.00      0.5200E-01
   59.00      0.4647E-01
   60.00      0.4179E-01
   61.00      0.3791E-01
   62.00      0.3474E-01
   63.00      0.3215E-01
   64.00      0.3001E-01
   65.00      0.2817E-01
   66.00      0.2650E-01
   67.00      0.2490E-01
   68.00      0.2330E-01
   69.00      0.2165E-01
   70.00      0.1995E-01
   71.00      0.1821E-01
   72.00      0.1645E-01
   73.00      0.1472E-01
   74.00      0.1305E-01
   75.00      0.1149E-01
   76.00      0.1006E-01
   77.00      0.8782E-02
   78.00      0.7666E-02
   79.00      0.6710E-02
   80.00      0.5908E-02
   81.00      0.5242E-02
   82.00      0.4693E-02
   83.00      0.4241E-02
   84.00      0.3863E-02
   85.00      0.3541E-02
   86.00      0.3259E-02
   87.00      0.3002E-02
   88.00      0.2762E-02
   89.00      0.2533E-02
   90.00      0.2311E-02
   91.00      0.2096E-02
   92.00      0.1888E-02
   93.00      0.1688E-02
   94.00      0.1499E-02
   95.00      0.1323E-02
   96.00      0.1161E-02
   97.00      0.1015E-02
   98.00      0.8855E-03
   99.00      0.7715E-03
   100.0      0.6727E-03
   101.0      0.5880E-03
   102.0      0.5160E-03
   103.0      0.4550E-03
   104.0      0.4035E-03
   105.0      0.3598E-03
   106.0      0.3226E-03
   107.0      0.2905E-03
   108.0      0.2627E-03
   109.0      0.2383E-03
   110.0      0.2166E-03
   111.0      0.1972E-03
   112.0      0.1797E-03
   113.0      0.1641E-03
   114.0      0.1501E-03
   115.0      0.1375E-03
   116.0      0.1264E-03
   117.0      0.1165E-03
   118.0      0.1078E-03
   119.0      0.1002E-03
   120.0      0.9346E-04
   121.0      0.8749E-04
   122.0      0.8212E-04
   123.0      0.7720E-04
   124.0      0.7259E-04
   125.0      0.6819E-04
   126.0      0.6388E-04
   127.0      0.5959E-04
   128.0      0.5529E-04
   129.0      0.5096E-04
   130.0      0.4659E-04
   131.0      0.4221E-04
   132.0      0.3787E-04
   133.0      0.3360E-04
   134.0      0.2946E-04
   135.0      0.2551E-04
   136.0      0.2179E-04
   137.0      0.1836E-04
   138.0      0.1524E-04
   139.0      0.1246E-04
   140.0      0.1005E-04
   141.0      0.7992E-05
   142.0      0.6297E-05
   143.0      0.4948E-05
   144.0      0.3927E-05
   145.0      0.3208E-05
   146.0      0.2762E-05
   147.0      0.2559E-05
   148.0      0.2564E-05
   149.0      0.2743E-05
   150.0      0.3063E-05
   151.0      0.3487E-05
   152.0      0.3984E-05
   153.0      0.4520E-05
   154.0      0.5064E-05
   155.0      0.5588E-05
   156.0      0.6066E-05
   157.0      0.6474E-05
   158.0      0.6796E-05
   159.0      0.7015E-05
   160.0      0.7123E-05
   161.0      0.7117E-05
   162.0      0.6997E-05
   163.0      0.6770E-05
   164.0      0.6447E-05
   165.0      0.6042E-05
   166.0      0.5574E-05
   167.0      0.5062E-05
   168.0      0.4524E-05
   169.0      0.3981E-05
   170.0      0.3450E-05
   171.0      0.2947E-05
   172.0      0.2482E-05
   173.0      0.2066E-05
   174.0      0.1704E-05
   175.0      0.1399E-05
   176.0      0.1152E-05
   177.0      0.9631E-06
   178.0      0.8298E-06
   179.0      0.7507E-06
   180.0      0.7246E-06
 END
@legend string   2 "Partition=  2 Excit=  2 near/far= 1"
#legend string   0 "Lab energy =   70.0000"
@s2 linestyle   3
#  Theta       sigma       iT11        T20         T21         T22         Kyy for projectile
   3.000       8.066    
   4.000       8.060    
   5.000       7.787    
   6.000       7.191    
   7.000       6.292    
   8.000       5.183    
   9.000       3.994    
   10.00       2.865    
   11.00       1.910    
   12.00       1.196    
   13.00      0.7362    
   14.00      0.5029    
   15.00      0.4377    
   16.00      0.4723    
   17.00      0.5442    
   18.00      0.6069    
   19.00      0.6344    
   20.00      0.6197    
   21.00      0.5705    
   22.00      0.5023    
   23.00      0.4324    
   24.00      0.3754    
   25.00      0.3404    
   26.00      0.3300    
   27.00      0.3416    
   28.00      0.3687    
   29.00      0.4034    
   30.00      0.4380    
   31.00      0.4665    
   32.00      0.4850    
   33.00      0.4923    
   34.00      0.4891    
   35.00      0.4778    
   36.00      0.4611    
   37.00      0.4420    
   38.00      0.4229    
   39.00      0.4055    
   40.00      0.3905    
   41.00      0.3780    
   42.00      0.3673    
   43.00      0.3576    
   44.00      0.3479    
   45.00      0.3373    
   46.00      0.3252    
   47.00      0.3113    
   48.00      0.2956    
   49.00      0.2783    
   50.00      0.2601    
   51.00      0.2414    
   52.00      0.2227    
   53.00      0.2047    
   54.00      0.1877    
   55.00      0.1720    
   56.00      0.1576    
   57.00      0.1447    
   58.00      0.1331    
   59.00      0.1226    
   60.00      0.1132    
   61.00      0.1046    
   62.00      0.9659E-01
   63.00      0.8912E-01
   64.00      0.8208E-01
   65.00      0.7539E-01
   66.00      0.6903E-01
   67.00      0.6301E-01
   68.00      0.5732E-01
   69.00      0.5199E-01
   70.00      0.4703E-01
   71.00      0.4248E-01
   72.00      0.3832E-01
   73.00      0.3456E-01
   74.00      0.3117E-01
   75.00      0.2814E-01
   76.00      0.2544E-01
   77.00      0.2304E-01
   78.00      0.2089E-01
   79.00      0.1896E-01
   80.00      0.1723E-01
   81.00      0.1565E-01
   82.00      0.1422E-01
   83.00      0.1291E-01
   84.00      0.1171E-01
   85.00      0.1060E-01
   86.00      0.9576E-02
   87.00      0.8635E-02
   88.00      0.7771E-02
   89.00      0.6981E-02
   90.00      0.6262E-02
   91.00      0.5609E-02
   92.00      0.5021E-02
   93.00      0.4493E-02
   94.00      0.4021E-02
   95.00      0.3600E-02
   96.00      0.3227E-02
   97.00      0.2895E-02
   98.00      0.2600E-02
   99.00      0.2339E-02
   100.0      0.2107E-02
   101.0      0.1899E-02
   102.0      0.1714E-02
   103.0      0.1548E-02
   104.0      0.1398E-02
   105.0      0.1263E-02
   106.0      0.1140E-02
   107.0      0.1029E-02
   108.0      0.9282E-03
   109.0      0.8368E-03
   110.0      0.7539E-03
   111.0      0.6787E-03
   112.0      0.6108E-03
   113.0      0.5494E-03
   114.0      0.4941E-03
   115.0      0.4444E-03
   116.0      0.3996E-03
   117.0      0.3595E-03
   118.0      0.3234E-03
   119.0      0.2910E-03
   120.0      0.2619E-03
   121.0      0.2358E-03
   122.0      0.2122E-03
   123.0      0.1910E-03
   124.0      0.1719E-03
   125.0      0.1546E-03
   126.0      0.1390E-03
   127.0      0.1248E-03
   128.0      0.1120E-03
   129.0      0.1005E-03
   130.0      0.9009E-04
   131.0      0.8074E-04
   132.0      0.7234E-04
   133.0      0.6483E-04
   134.0      0.5813E-04
   135.0      0.5216E-04
   136.0      0.4688E-04
   137.0      0.4219E-04
   138.0      0.3806E-04
   139.0      0.3441E-04
   140.0      0.3118E-04
   141.0      0.2834E-04
   142.0      0.2582E-04
   143.0      0.2358E-04
   144.0      0.2159E-04
   145.0      0.1981E-04
   146.0      0.1820E-04
   147.0      0.1674E-04
   148.0      0.1542E-04
   149.0      0.1419E-04
   150.0      0.1307E-04
   151.0      0.1202E-04
   152.0      0.1104E-04
   153.0      0.1013E-04
   154.0      0.9272E-05
   155.0      0.8474E-05
   156.0      0.7731E-05
   157.0      0.7043E-05
   158.0      0.6413E-05
   159.0      0.5842E-05
   160.0      0.5332E-05
   161.0      0.4885E-05
   162.0      0.4503E-05
   163.0      0.4186E-05
   164.0      0.3932E-05
   165.0      0.3739E-05
   166.0      0.3604E-05
   167.0      0.3523E-05
   168.0      0.3488E-05
   169.0      0.3493E-05
   170.0      0.3530E-05
   171.0      0.3593E-05
   172.0      0.3672E-05
   173.0      0.3761E-05
   174.0      0.3853E-05
   175.0      0.3941E-05
   176.0      0.4021E-05
   177.0      0.4088E-05
   178.0      0.4138E-05
   179.0      0.4169E-05
   180.0      0.4179E-05
 END
@legend string   3 "Partition=  2 Excit=  3 near/far= 1"
#legend string   0 "Lab energy =   70.0000"
@s3 linestyle   4
#  Theta       sigma       iT11        T20         T21         T22         Kyy for projectile
   3.000       10.28    
   4.000       9.994    
   5.000       9.645    
   6.000       9.221    
   7.000       8.708    
   8.000       8.087    
   9.000       7.352    
   10.00       6.511    
   11.00       5.593    
   12.00       4.643    
   13.00       3.717    
   14.00       2.868    
   15.00       2.142    
   16.00       1.568    
   17.00       1.155    
   18.00      0.8928    
   19.00      0.7593    
   20.00      0.7225    
   21.00      0.7487    
   22.00      0.8074    
   23.00      0.8747    
   24.00      0.9350    
   25.00      0.9810    
   26.00       1.012    
   27.00       1.030    
   28.00       1.043    
   29.00       1.054    
   30.00       1.069    
   31.00       1.088    
   32.00       1.112    
   33.00       1.138    
   34.00       1.162    
   35.00       1.181    
   36.00       1.191    
   37.00       1.190    
   38.00       1.176    
   39.00       1.150    
   40.00       1.112    
   41.00       1.064    
   42.00       1.009    
   43.00      0.9486    
   44.00      0.8865    
   45.00      0.8242    
   46.00      0.7636    
   47.00      0.7056    
   48.00      0.6510    
   49.00      0.6000    
   50.00      0.5524    
   51.00      0.5081    
   52.00      0.4667    
   53.00      0.4278    
   54.00      0.3912    
   55.00      0.3566    
   56.00      0.3239    
   57.00      0.2931    
   58.00      0.2641    
   59.00      0.2371    
   60.00      0.2121    
   61.00      0.1891    
   62.00      0.1681    
   63.00      0.1492    
   64.00      0.1322    
   65.00      0.1170    
   66.00      0.1035    
   67.00      0.9155E-01
   68.00      0.8101E-01
   69.00      0.7170E-01
   70.00      0.6348E-01
   71.00      0.5619E-01
   72.00      0.4972E-01
   73.00      0.4397E-01
   74.00      0.3884E-01
   75.00      0.3426E-01
   76.00      0.3017E-01
   77.00      0.2652E-01
   78.00      0.2327E-01
   79.00      0.2039E-01
   80.00      0.1784E-01
   81.00      0.1559E-01
   82.00      0.1361E-01
   83.00      0.1188E-01
   84.00      0.1038E-01
   85.00      0.9066E-02
   86.00      0.7929E-02
   87.00      0.6942E-02
   88.00      0.6087E-02
   89.00      0.5343E-02
   90.00      0.4695E-02
   91.00      0.4130E-02
   92.00      0.3634E-02
   93.00      0.3199E-02
   94.00      0.2816E-02
   95.00      0.2478E-02
   96.00      0.2179E-02
   97.00      0.1916E-02
   98.00      0.1683E-02
   99.00      0.1478E-02
   100.0      0.1298E-02
   101.0      0.1140E-02
   102.0      0.1002E-02
   103.0      0.8812E-03
   104.0      0.7762E-03
   105.0      0.6848E-03
   106.0      0.6054E-03
   107.0      0.5363E-03
   108.0      0.4762E-03
   109.0      0.4237E-03
   110.0      0.3777E-03
   111.0      0.3372E-03
   112.0      0.3015E-03
   113.0      0.2698E-03
   114.0      0.2416E-03
   115.0      0.2164E-03
   116.0      0.1939E-03
   117.0      0.1737E-03
   118.0      0.1556E-03
   119.0      0.1393E-03
   120.0      0.1247E-03
   121.0      0.1117E-03
   122.0      0.1001E-03
   123.0      0.8976E-04
   124.0      0.8057E-04
   125.0      0.7241E-04
   126.0      0.6517E-04
   127.0      0.5876E-04
   128.0      0.5307E-04
   129.0      0.4802E-04
   130.0      0.4353E-04
   131.0      0.3951E-04
   132.0      0.3590E-04
   133.0      0.3265E-04
   134.0      0.2970E-04
   135.0      0.2701E-04
   136.0      0.2455E-04
   137.0      0.2229E-04
   138.0      0.2021E-04
   139.0      0.1828E-04
   140.0      0.1650E-04
   141.0      0.1486E-04
   142.0      0.1335E-04
   143.0      0.1195E-04
   144.0      0.1068E-04
   145.0      0.9529E-05
   146.0      0.8488E-05
   147.0      0.7558E-05
   148.0      0.6736E-05
   149.0      0.6018E-05
   150.0      0.5400E-05
   151.0      0.4878E-05
   152.0      0.4444E-05
   153.0      0.4091E-05
   154.0      0.3813E-05
   155.0      0.3599E-05
   156.0      0.3441E-05
   157.0      0.3328E-05
   158.0      0.3252E-05
   159.0      0.3202E-05
   160.0      0.3168E-05
   161.0      0.3141E-05
   162.0      0.3115E-05
   163.0      0.3080E-05
   164.0      0.3032E-05
   165.0      0.2967E-05
   166.0      0.2881E-05
   167.0      0.2773E-05
   168.0      0.2645E-05
   169.0      0.2497E-05
   170.0      0.2333E-05
   171.0      0.2157E-05
   172.0      0.1976E-05
   173.0      0.1795E-05
   174.0      0.1621E-05
   175.0      0.1460E-05
   176.0      0.1318E-05
   177.0      0.1202E-05
   178.0      0.1115E-05
   179.0      0.1061E-05
   180.0      0.1043E-05
 END
