# 178 angles,  1 tensor ranks for 0=projectile
@subtitle   "20O(d,t) @ 30AMeV Daeh (d) + Pang (t)"                                         
@legend ON
@legend x1 0.2
@legend y1 0.8
@g0 type LOGY
@yaxis ticklabel format power
@legend string   0 "Lab energy =   70.0000"
#legend string   0 "Partition=  2 Excit=  1 near/far= 1"
#  Theta       sigma       iT11        T20         T21         T22         Kyy for projectile
   3.000       24.82    
   4.000       18.51    
   5.000       12.35    
   6.000       7.152    
   7.000       3.424    
   8.000       1.307    
   9.000      0.6266    
   10.00      0.9926    
   11.00       1.928    
   12.00       2.990    
   13.00       3.850    
   14.00       4.331    
   15.00       4.402    
   16.00       4.140    
   17.00       3.681    
   18.00       3.173    
   19.00       2.735    
   20.00       2.442    
   21.00       2.316    
   22.00       2.336    
   23.00       2.454    
   24.00       2.607    
   25.00       2.740    
   26.00       2.807    
   27.00       2.785    
   28.00       2.668    
   29.00       2.467    
   30.00       2.203    
   31.00       1.904    
   32.00       1.595    
   33.00       1.299    
   34.00       1.033    
   35.00      0.8054    
   36.00      0.6204    
   37.00      0.4761    
   38.00      0.3674    
   39.00      0.2878    
   40.00      0.2303    
   41.00      0.1885    
   42.00      0.1575    
   43.00      0.1335    
   44.00      0.1142    
   45.00      0.9819E-01
   46.00      0.8486E-01
   47.00      0.7398E-01
   48.00      0.6545E-01
   49.00      0.5915E-01
   50.00      0.5485E-01
   51.00      0.5218E-01
   52.00      0.5070E-01
   53.00      0.4993E-01
   54.00      0.4944E-01
   55.00      0.4887E-01
   56.00      0.4798E-01
   57.00      0.4666E-01
   58.00      0.4489E-01
   59.00      0.4277E-01
   60.00      0.4041E-01
   61.00      0.3799E-01
   62.00      0.3563E-01
   63.00      0.3345E-01
   64.00      0.3153E-01
   65.00      0.2988E-01
   66.00      0.2849E-01
   67.00      0.2731E-01
   68.00      0.2627E-01
   69.00      0.2531E-01
   70.00      0.2435E-01
   71.00      0.2333E-01
   72.00      0.2223E-01
   73.00      0.2102E-01
   74.00      0.1970E-01
   75.00      0.1830E-01
   76.00      0.1684E-01
   77.00      0.1537E-01
   78.00      0.1391E-01
   79.00      0.1251E-01
   80.00      0.1119E-01
   81.00      0.9983E-02
   82.00      0.8897E-02
   83.00      0.7939E-02
   84.00      0.7106E-02
   85.00      0.6390E-02
   86.00      0.5778E-02
   87.00      0.5255E-02
   88.00      0.4806E-02
   89.00      0.4414E-02
   90.00      0.4066E-02
   91.00      0.3750E-02
   92.00      0.3458E-02
   93.00      0.3182E-02
   94.00      0.2918E-02
   95.00      0.2665E-02
   96.00      0.2421E-02
   97.00      0.2188E-02
   98.00      0.1966E-02
   99.00      0.1757E-02
   100.0      0.1562E-02
   101.0      0.1383E-02
   102.0      0.1220E-02
   103.0      0.1073E-02
   104.0      0.9417E-03
   105.0      0.8263E-03
   106.0      0.7253E-03
   107.0      0.6375E-03
   108.0      0.5615E-03
   109.0      0.4960E-03
   110.0      0.4395E-03
   111.0      0.3908E-03
   112.0      0.3486E-03
   113.0      0.3120E-03
   114.0      0.2800E-03
   115.0      0.2521E-03
   116.0      0.2276E-03
   117.0      0.2061E-03
   118.0      0.1872E-03
   119.0      0.1706E-03
   120.0      0.1561E-03
   121.0      0.1433E-03
   122.0      0.1322E-03
   123.0      0.1225E-03
   124.0      0.1140E-03
   125.0      0.1065E-03
   126.0      0.9990E-04
   127.0      0.9395E-04
   128.0      0.8850E-04
   129.0      0.8341E-04
   130.0      0.7856E-04
   131.0      0.7385E-04
   132.0      0.6921E-04
   133.0      0.6458E-04
   134.0      0.5993E-04
   135.0      0.5527E-04
   136.0      0.5059E-04
   137.0      0.4593E-04
   138.0      0.4132E-04
   139.0      0.3680E-04
   140.0      0.3242E-04
   141.0      0.2824E-04
   142.0      0.2429E-04
   143.0      0.2063E-04
   144.0      0.1730E-04
   145.0      0.1434E-04
   146.0      0.1176E-04
   147.0      0.9598E-05
   148.0      0.7849E-05
   149.0      0.6511E-05
   150.0      0.5569E-05
   151.0      0.4996E-05
   152.0      0.4754E-05
   153.0      0.4797E-05
   154.0      0.5070E-05
   155.0      0.5516E-05
   156.0      0.6076E-05
   157.0      0.6691E-05
   158.0      0.7309E-05
   159.0      0.7883E-05
   160.0      0.8380E-05
   161.0      0.8775E-05
   162.0      0.9057E-05
   163.0      0.9226E-05
   164.0      0.9294E-05
   165.0      0.9282E-05
   166.0      0.9216E-05
   167.0      0.9125E-05
   168.0      0.9040E-05
   169.0      0.8985E-05
   170.0      0.8982E-05
   171.0      0.9042E-05
   172.0      0.9167E-05
   173.0      0.9353E-05
   174.0      0.9585E-05
   175.0      0.9842E-05
   176.0      0.1010E-04
   177.0      0.1034E-04
   178.0      0.1052E-04
   179.0      0.1064E-04
   180.0      0.1068E-04
 END
