# 178 angles,  1 tensor ranks for 0=projectile
@subtitle   "20O(d,t) @ 30AMeV Daeh (d) + Pang (t)"                                         
@legend ON
@legend x1 0.2
@legend y1 0.8
@g0 type LOGY
@yaxis ticklabel format power
@xaxis label "Scattering angle (degrees)"
@yaxis label "Cross section (mb/sr)"
@legend string   0 "Partition=  1 Excit=  1 near/far= 1"
#legend string   0 "Lab energy =   70.0000"
@s0 linestyle   1
#  Theta       sigma       iT11        T20         T21         T22         Kyy for projectile
   3.000      0.2708E+05
   4.000      0.1161E+05
   5.000       8340.    
   6.000       6868.    
   7.000       5642.    
   8.000       4463.    
   9.000       3362.    
   10.00       2396.    
   11.00       1603.    
   12.00       993.9    
   13.00       561.4    
   14.00       282.2    
   15.00       125.8    
   16.00       59.56    
   17.00       52.49    
   18.00       78.38    
   19.00       117.0    
   20.00       154.3    
   21.00       182.1    
   22.00       196.8    
   23.00       198.4    
   24.00       188.8    
   25.00       171.4    
   26.00       149.5    
   27.00       126.2    
   28.00       104.0    
   29.00       84.51    
   30.00       68.57    
   31.00       56.37    
   32.00       47.61    
   33.00       41.70    
   34.00       37.92    
   35.00       35.54    
   36.00       33.92    
   37.00       32.56    
   38.00       31.12    
   39.00       29.41    
   40.00       27.37    
   41.00       25.03    
   42.00       22.48    
   43.00       19.84    
   44.00       17.24    
   45.00       14.77    
   46.00       12.53    
   47.00       10.55    
   48.00       8.877    
   49.00       7.489    
   50.00       6.370    
   51.00       5.484    
   52.00       4.788    
   53.00       4.241    
   54.00       3.802    
   55.00       3.440    
   56.00       3.126    
   57.00       2.844    
   58.00       2.579    
   59.00       2.327    
   60.00       2.084    
   61.00       1.852    
   62.00       1.632    
   63.00       1.428    
   64.00       1.242    
   65.00       1.076    
   66.00      0.9298    
   67.00      0.8044    
   68.00      0.6984    
   69.00      0.6098    
   70.00      0.5365    
   71.00      0.4760    
   72.00      0.4258    
   73.00      0.3835    
   74.00      0.3473    
   75.00      0.3154    
   76.00      0.2866    
   77.00      0.2602    
   78.00      0.2354    
   79.00      0.2121    
   80.00      0.1901    
   81.00      0.1695    
   82.00      0.1503    
   83.00      0.1327    
   84.00      0.1167    
   85.00      0.1024    
   86.00      0.8977E-01
   87.00      0.7881E-01
   88.00      0.6938E-01
   89.00      0.6135E-01
   90.00      0.5455E-01
   91.00      0.4880E-01
   92.00      0.4393E-01
   93.00      0.3977E-01
   94.00      0.3616E-01
   95.00      0.3299E-01
   96.00      0.3013E-01
   97.00      0.2752E-01
   98.00      0.2509E-01
   99.00      0.2281E-01
   100.0      0.2066E-01
   101.0      0.1862E-01
   102.0      0.1670E-01
   103.0      0.1491E-01
   104.0      0.1324E-01
   105.0      0.1171E-01
   106.0      0.1032E-01
   107.0      0.9073E-02
   108.0      0.7966E-02
   109.0      0.6996E-02
   110.0      0.6154E-02
   111.0      0.5430E-02
   112.0      0.4812E-02
   113.0      0.4287E-02
   114.0      0.3842E-02
   115.0      0.3464E-02
   116.0      0.3140E-02
   117.0      0.2859E-02
   118.0      0.2613E-02
   119.0      0.2394E-02
   120.0      0.2194E-02
   121.0      0.2011E-02
   122.0      0.1840E-02
   123.0      0.1679E-02
   124.0      0.1526E-02
   125.0      0.1382E-02
   126.0      0.1246E-02
   127.0      0.1119E-02
   128.0      0.9999E-03
   129.0      0.8902E-03
   130.0      0.7900E-03
   131.0      0.6992E-03
   132.0      0.6179E-03
   133.0      0.5459E-03
   134.0      0.4826E-03
   135.0      0.4275E-03
   136.0      0.3800E-03
   137.0      0.3393E-03
   138.0      0.3044E-03
   139.0      0.2748E-03
   140.0      0.2495E-03
   141.0      0.2279E-03
   142.0      0.2094E-03
   143.0      0.1933E-03
   144.0      0.1793E-03
   145.0      0.1670E-03
   146.0      0.1559E-03
   147.0      0.1460E-03
   148.0      0.1369E-03
   149.0      0.1286E-03
   150.0      0.1209E-03
   151.0      0.1137E-03
   152.0      0.1069E-03
   153.0      0.1005E-03
   154.0      0.9423E-04
   155.0      0.8815E-04
   156.0      0.8220E-04
   157.0      0.7633E-04
   158.0      0.7056E-04
   159.0      0.6489E-04
   160.0      0.5940E-04
   161.0      0.5416E-04
   162.0      0.4927E-04
   163.0      0.4487E-04
   164.0      0.4107E-04
   165.0      0.3801E-04
   166.0      0.3579E-04
   167.0      0.3450E-04
   168.0      0.3416E-04
   169.0      0.3479E-04
   170.0      0.3632E-04
   171.0      0.3865E-04
   172.0      0.4162E-04
   173.0      0.4505E-04
   174.0      0.4869E-04
   175.0      0.5233E-04
   176.0      0.5570E-04
   177.0      0.5860E-04
   178.0      0.6082E-04
   179.0      0.6221E-04
   180.0      0.6269E-04
 END
@legend string   1 "Partition=  2 Excit=  1 near/far= 1"
#legend string   0 "Lab energy =   70.0000"
@s1 linestyle   2
#  Theta       sigma       iT11        T20         T21         T22         Kyy for projectile
   3.000       24.81    
   4.000       18.50    
   5.000       12.35    
   6.000       7.151    
   7.000       3.423    
   8.000       1.306    
   9.000      0.6264    
   10.00      0.9931    
   11.00       1.930    
   12.00       2.992    
   13.00       3.852    
   14.00       4.333    
   15.00       4.404    
   16.00       4.142    
   17.00       3.683    
   18.00       3.174    
   19.00       2.736    
   20.00       2.443    
   21.00       2.317    
   22.00       2.337    
   23.00       2.454    
   24.00       2.608    
   25.00       2.740    
   26.00       2.807    
   27.00       2.785    
   28.00       2.668    
   29.00       2.467    
   30.00       2.203    
   31.00       1.904    
   32.00       1.595    
   33.00       1.299    
   34.00       1.033    
   35.00      0.8052    
   36.00      0.6203    
   37.00      0.4759    
   38.00      0.3673    
   39.00      0.2877    
   40.00      0.2302    
   41.00      0.1884    
   42.00      0.1574    
   43.00      0.1335    
   44.00      0.1141    
   45.00      0.9813E-01
   46.00      0.8480E-01
   47.00      0.7393E-01
   48.00      0.6541E-01
   49.00      0.5912E-01
   50.00      0.5482E-01
   51.00      0.5215E-01
   52.00      0.5068E-01
   53.00      0.4992E-01
   54.00      0.4943E-01
   55.00      0.4887E-01
   56.00      0.4799E-01
   57.00      0.4666E-01
   58.00      0.4490E-01
   59.00      0.4278E-01
   60.00      0.4043E-01
   61.00      0.3800E-01
   62.00      0.3564E-01
   63.00      0.3346E-01
   64.00      0.3154E-01
   65.00      0.2988E-01
   66.00      0.2849E-01
   67.00      0.2731E-01
   68.00      0.2628E-01
   69.00      0.2532E-01
   70.00      0.2435E-01
   71.00      0.2334E-01
   72.00      0.2224E-01
   73.00      0.2102E-01
   74.00      0.1971E-01
   75.00      0.1831E-01
   76.00      0.1685E-01
   77.00      0.1537E-01
   78.00      0.1391E-01
   79.00      0.1251E-01
   80.00      0.1119E-01
   81.00      0.9986E-02
   82.00      0.8900E-02
   83.00      0.7941E-02
   84.00      0.7108E-02
   85.00      0.6392E-02
   86.00      0.5780E-02
   87.00      0.5257E-02
   88.00      0.4807E-02
   89.00      0.4415E-02
   90.00      0.4067E-02
   91.00      0.3752E-02
   92.00      0.3459E-02
   93.00      0.3183E-02
   94.00      0.2919E-02
   95.00      0.2666E-02
   96.00      0.2422E-02
   97.00      0.2189E-02
   98.00      0.1967E-02
   99.00      0.1758E-02
   100.0      0.1563E-02
   101.0      0.1383E-02
   102.0      0.1220E-02
   103.0      0.1073E-02
   104.0      0.9420E-03
   105.0      0.8266E-03
   106.0      0.7255E-03
   107.0      0.6377E-03
   108.0      0.5617E-03
   109.0      0.4962E-03
   110.0      0.4397E-03
   111.0      0.3909E-03
   112.0      0.3487E-03
   113.0      0.3121E-03
   114.0      0.2802E-03
   115.0      0.2522E-03
   116.0      0.2277E-03
   117.0      0.2062E-03
   118.0      0.1873E-03
   119.0      0.1707E-03
   120.0      0.1561E-03
   121.0      0.1434E-03
   122.0      0.1323E-03
   123.0      0.1225E-03
   124.0      0.1140E-03
   125.0      0.1066E-03
   126.0      0.9995E-04
   127.0      0.9399E-04
   128.0      0.8853E-04
   129.0      0.8344E-04
   130.0      0.7859E-04
   131.0      0.7388E-04
   132.0      0.6923E-04
   133.0      0.6460E-04
   134.0      0.5995E-04
   135.0      0.5529E-04
   136.0      0.5061E-04
   137.0      0.4595E-04
   138.0      0.4133E-04
   139.0      0.3681E-04
   140.0      0.3243E-04
   141.0      0.2824E-04
   142.0      0.2430E-04
   143.0      0.2064E-04
   144.0      0.1731E-04
   145.0      0.1434E-04
   146.0      0.1177E-04
   147.0      0.9602E-05
   148.0      0.7853E-05
   149.0      0.6515E-05
   150.0      0.5573E-05
   151.0      0.5000E-05
   152.0      0.4758E-05
   153.0      0.4800E-05
   154.0      0.5074E-05
   155.0      0.5520E-05
   156.0      0.6080E-05
   157.0      0.6695E-05
   158.0      0.7313E-05
   159.0      0.7888E-05
   160.0      0.8384E-05
   161.0      0.8779E-05
   162.0      0.9061E-05
   163.0      0.9230E-05
   164.0      0.9297E-05
   165.0      0.9285E-05
   166.0      0.9218E-05
   167.0      0.9127E-05
   168.0      0.9041E-05
   169.0      0.8986E-05
   170.0      0.8982E-05
   171.0      0.9041E-05
   172.0      0.9167E-05
   173.0      0.9352E-05
   174.0      0.9584E-05
   175.0      0.9841E-05
   176.0      0.1010E-04
   177.0      0.1033E-04
   178.0      0.1052E-04
   179.0      0.1064E-04
   180.0      0.1068E-04
 END
@legend string   2 "Partition=  2 Excit=  2 near/far= 1"
#legend string   0 "Lab energy =   70.0000"
@s2 linestyle   3
#  Theta       sigma       iT11        T20         T21         T22         Kyy for projectile
   3.000       4.961    
   4.000       5.401    
   5.000       5.660    
   6.000       5.635    
   7.000       5.291    
   8.000       4.661    
   9.000       3.836    
   10.00       2.934    
   11.00       2.075    
   12.00       1.350    
   13.00      0.8129    
   14.00      0.4758    
   15.00      0.3147    
   16.00      0.2835    
   17.00      0.3284    
   18.00      0.3997    
   19.00      0.4607    
   20.00      0.4904    
   21.00      0.4837    
   22.00      0.4471    
   23.00      0.3938    
   24.00      0.3389    
   25.00      0.2955    
   26.00      0.2719    
   27.00      0.2714    
   28.00      0.2921    
   29.00      0.3288    
   30.00      0.3744    
   31.00      0.4217    
   32.00      0.4646    
   33.00      0.4987    
   34.00      0.5220    
   35.00      0.5345    
   36.00      0.5375    
   37.00      0.5332    
   38.00      0.5242    
   39.00      0.5129    
   40.00      0.5011    
   41.00      0.4898    
   42.00      0.4794    
   43.00      0.4698    
   44.00      0.4603    
   45.00      0.4503    
   46.00      0.4389    
   47.00      0.4256    
   48.00      0.4101    
   49.00      0.3924    
   50.00      0.3727    
   51.00      0.3514    
   52.00      0.3291    
   53.00      0.3065    
   54.00      0.2841    
   55.00      0.2624    
   56.00      0.2419    
   57.00      0.2227    
   58.00      0.2051    
   59.00      0.1889    
   60.00      0.1742    
   61.00      0.1608    
   62.00      0.1485    
   63.00      0.1372    
   64.00      0.1267    
   65.00      0.1168    
   66.00      0.1075    
   67.00      0.9875E-01
   68.00      0.9044E-01
   69.00      0.8259E-01
   70.00      0.7522E-01
   71.00      0.6832E-01
   72.00      0.6192E-01
   73.00      0.5602E-01
   74.00      0.5063E-01
   75.00      0.4573E-01
   76.00      0.4130E-01
   77.00      0.3732E-01
   78.00      0.3375E-01
   79.00      0.3056E-01
   80.00      0.2770E-01
   81.00      0.2513E-01
   82.00      0.2282E-01
   83.00      0.2073E-01
   84.00      0.1883E-01
   85.00      0.1709E-01
   86.00      0.1551E-01
   87.00      0.1405E-01
   88.00      0.1271E-01
   89.00      0.1148E-01
   90.00      0.1035E-01
   91.00      0.9322E-02
   92.00      0.8381E-02
   93.00      0.7526E-02
   94.00      0.6751E-02
   95.00      0.6054E-02
   96.00      0.5427E-02
   97.00      0.4867E-02
   98.00      0.4366E-02
   99.00      0.3921E-02
   100.0      0.3524E-02
   101.0      0.3171E-02
   102.0      0.2857E-02
   103.0      0.2578E-02
   104.0      0.2327E-02
   105.0      0.2103E-02
   106.0      0.1902E-02
   107.0      0.1720E-02
   108.0      0.1556E-02
   109.0      0.1408E-02
   110.0      0.1273E-02
   111.0      0.1151E-02
   112.0      0.1040E-02
   113.0      0.9398E-03
   114.0      0.8484E-03
   115.0      0.7657E-03
   116.0      0.6907E-03
   117.0      0.6230E-03
   118.0      0.5618E-03
   119.0      0.5066E-03
   120.0      0.4568E-03
   121.0      0.4120E-03
   122.0      0.3715E-03
   123.0      0.3350E-03
   124.0      0.3022E-03
   125.0      0.2725E-03
   126.0      0.2456E-03
   127.0      0.2214E-03
   128.0      0.1995E-03
   129.0      0.1797E-03
   130.0      0.1618E-03
   131.0      0.1456E-03
   132.0      0.1310E-03
   133.0      0.1178E-03
   134.0      0.1060E-03
   135.0      0.9534E-04
   136.0      0.8581E-04
   137.0      0.7729E-04
   138.0      0.6968E-04
   139.0      0.6289E-04
   140.0      0.5685E-04
   141.0      0.5147E-04
   142.0      0.4669E-04
   143.0      0.4243E-04
   144.0      0.3863E-04
   145.0      0.3524E-04
   146.0      0.3221E-04
   147.0      0.2949E-04
   148.0      0.2704E-04
   149.0      0.2482E-04
   150.0      0.2281E-04
   151.0      0.2097E-04
   152.0      0.1928E-04
   153.0      0.1772E-04
   154.0      0.1629E-04
   155.0      0.1495E-04
   156.0      0.1372E-04
   157.0      0.1258E-04
   158.0      0.1153E-04
   159.0      0.1057E-04
   160.0      0.9710E-05
   161.0      0.8947E-05
   162.0      0.8286E-05
   163.0      0.7728E-05
   164.0      0.7275E-05
   165.0      0.6925E-05
   166.0      0.6674E-05
   167.0      0.6517E-05
   168.0      0.6445E-05
   169.0      0.6447E-05
   170.0      0.6510E-05
   171.0      0.6623E-05
   172.0      0.6769E-05
   173.0      0.6937E-05
   174.0      0.7111E-05
   175.0      0.7281E-05
   176.0      0.7435E-05
   177.0      0.7564E-05
   178.0      0.7661E-05
   179.0      0.7722E-05
   180.0      0.7743E-05
 END
@legend string   3 "Partition=  2 Excit=  3 near/far= 1"
#legend string   0 "Lab energy =   70.0000"
@s3 linestyle   4
#  Theta       sigma       iT11        T20         T21         T22         Kyy for projectile
   3.000       4.611    
   4.000       4.525    
   5.000       4.465    
   6.000       4.433    
   7.000       4.414    
   8.000       4.376    
   9.000       4.280    
   10.00       4.094    
   11.00       3.802    
   12.00       3.406    
   13.00       2.929    
   14.00       2.409    
   15.00       1.891    
   16.00       1.417    
   17.00       1.019    
   18.00      0.7181    
   19.00      0.5174    
   20.00      0.4089    
   21.00      0.3752    
   22.00      0.3942    
   23.00      0.4439    
   24.00      0.5057    
   25.00      0.5658    
   26.00      0.6169    
   27.00      0.6564    
   28.00      0.6860    
   29.00      0.7095    
   30.00      0.7313    
   31.00      0.7549    
   32.00      0.7826    
   33.00      0.8146    
   34.00      0.8495    
   35.00      0.8849    
   36.00      0.9173    
   37.00      0.9437    
   38.00      0.9614    
   39.00      0.9684    
   40.00      0.9640    
   41.00      0.9485    
   42.00      0.9228    
   43.00      0.8888    
   44.00      0.8485    
   45.00      0.8040    
   46.00      0.7573    
   47.00      0.7101    
   48.00      0.6637    
   49.00      0.6190    
   50.00      0.5764    
   51.00      0.5362    
   52.00      0.4983    
   53.00      0.4626    
   54.00      0.4286    
   55.00      0.3964    
   56.00      0.3655    
   57.00      0.3360    
   58.00      0.3078    
   59.00      0.2808    
   60.00      0.2552    
   61.00      0.2310    
   62.00      0.2084    
   63.00      0.1873    
   64.00      0.1679    
   65.00      0.1501    
   66.00      0.1340    
   67.00      0.1195    
   68.00      0.1065    
   69.00      0.9484E-01
   70.00      0.8446E-01
   71.00      0.7521E-01
   72.00      0.6698E-01
   73.00      0.5964E-01
   74.00      0.5308E-01
   75.00      0.4721E-01
   76.00      0.4195E-01
   77.00      0.3722E-01
   78.00      0.3298E-01
   79.00      0.2916E-01
   80.00      0.2574E-01
   81.00      0.2268E-01
   82.00      0.1995E-01
   83.00      0.1752E-01
   84.00      0.1537E-01
   85.00      0.1347E-01
   86.00      0.1179E-01
   87.00      0.1032E-01
   88.00      0.9041E-02
   89.00      0.7919E-02
   90.00      0.6941E-02
   91.00      0.6088E-02
   92.00      0.5343E-02
   93.00      0.4692E-02
   94.00      0.4123E-02
   95.00      0.3623E-02
   96.00      0.3184E-02
   97.00      0.2797E-02
   98.00      0.2456E-02
   99.00      0.2155E-02
   100.0      0.1890E-02
   101.0      0.1656E-02
   102.0      0.1449E-02
   103.0      0.1268E-02
   104.0      0.1108E-02
   105.0      0.9687E-03
   106.0      0.8469E-03
   107.0      0.7407E-03
   108.0      0.6483E-03
   109.0      0.5681E-03
   110.0      0.4985E-03
   111.0      0.4381E-03
   112.0      0.3857E-03
   113.0      0.3402E-03
   114.0      0.3006E-03
   115.0      0.2660E-03
   116.0      0.2358E-03
   117.0      0.2093E-03
   118.0      0.1859E-03
   119.0      0.1653E-03
   120.0      0.1472E-03
   121.0      0.1311E-03
   122.0      0.1168E-03
   123.0      0.1042E-03
   124.0      0.9302E-04
   125.0      0.8313E-04
   126.0      0.7438E-04
   127.0      0.6666E-04
   128.0      0.5984E-04
   129.0      0.5382E-04
   130.0      0.4852E-04
   131.0      0.4384E-04
   132.0      0.3970E-04
   133.0      0.3604E-04
   134.0      0.3278E-04
   135.0      0.2987E-04
   136.0      0.2726E-04
   137.0      0.2490E-04
   138.0      0.2275E-04
   139.0      0.2078E-04
   140.0      0.1897E-04
   141.0      0.1729E-04
   142.0      0.1573E-04
   143.0      0.1428E-04
   144.0      0.1293E-04
   145.0      0.1167E-04
   146.0      0.1051E-04
   147.0      0.9448E-05
   148.0      0.8479E-05
   149.0      0.7606E-05
   150.0      0.6831E-05
   151.0      0.6154E-05
   152.0      0.5572E-05
   153.0      0.5083E-05
   154.0      0.4683E-05
   155.0      0.4364E-05
   156.0      0.4120E-05
   157.0      0.3941E-05
   158.0      0.3819E-05
   159.0      0.3742E-05
   160.0      0.3700E-05
   161.0      0.3685E-05
   162.0      0.3687E-05
   163.0      0.3698E-05
   164.0      0.3712E-05
   165.0      0.3723E-05
   166.0      0.3728E-05
   167.0      0.3725E-05
   168.0      0.3713E-05
   169.0      0.3692E-05
   170.0      0.3662E-05
   171.0      0.3625E-05
   172.0      0.3584E-05
   173.0      0.3541E-05
   174.0      0.3498E-05
   175.0      0.3457E-05
   176.0      0.3421E-05
   177.0      0.3391E-05
   178.0      0.3369E-05
   179.0      0.3355E-05
   180.0      0.3350E-05
 END
