# Fusion cross sections for ELAB=  70.000, ECM=  63.596
     0.0   1.743       1.753      0.1092E-01
     1.0   15.69       15.78      0.9363E-01
     2.0   26.21       26.36      0.1450    
     3.0   36.84       37.02      0.1808    
     4.0   47.61       47.81      0.1959    
     5.0   58.60       58.79      0.1876    
     6.0   69.77       69.93      0.1594    
     7.0   81.30       81.41      0.1080    
     8.0   92.70       92.77      0.7205E-01
     9.0   101.5       101.6      0.7867E-01
    10.0   103.9       104.0      0.1265    
    11.0   96.58       96.80      0.2157    
    12.0   79.67       79.97      0.3090    
    13.0   58.54       58.85      0.3086    
    14.0   39.37       39.59      0.2255    
    15.0   25.01       25.15      0.1400    
    16.0   15.37       15.45      0.8090E-01
    17.0   9.271       9.317      0.4536E-01
    18.0   5.532       5.558      0.2511E-01
    19.0   3.279       3.293      0.1382E-01
    20.0   1.935       1.943      0.7595E-02
    21.0   1.138       1.142      0.4171E-02
    22.0  0.6673      0.6696      0.2291E-02
    23.0  0.3903      0.3916      0.1259E-02
    24.0  0.2278      0.2285      0.6917E-03
    25.0  0.1327      0.1331      0.3803E-03
    26.0  0.7714E-01  0.7735E-01  0.2092E-03
    27.0  0.4476E-01  0.4488E-01  0.1151E-03
    28.0  0.2593E-01  0.2599E-01  0.6332E-04
    29.0  0.1500E-01  0.1503E-01  0.3485E-04
    30.0  0.8661E-02  0.8680E-02  0.1919E-04
    31.0  0.4995E-02  0.5005E-02  0.1057E-04
    32.0  0.2876E-02  0.2882E-02  0.5820E-05
    33.0  0.1654E-02  0.1658E-02  0.3206E-05
    34.0  0.9504E-03  0.9522E-03  0.1766E-05
    35.0  0.5453E-03  0.5463E-03  0.9732E-06
    36.0  0.3126E-03  0.3131E-03  0.5363E-06
    37.0  0.1790E-03  0.1793E-03  0.2956E-06
    38.0  0.1024E-03  0.1025E-03  0.1629E-06
    39.0  0.5851E-04  0.5860E-04  0.8981E-07
    40.0  0.3341E-04  0.3346E-04  0.4951E-07
    41.0  0.1906E-04  0.1909E-04  0.2730E-07
    42.0  0.1086E-04  0.1088E-04  0.1505E-07
    43.0  0.6188E-05  0.6197E-05  0.8299E-08
    44.0  0.3522E-05  0.3527E-05  0.4576E-08
    45.0  0.2003E-05  0.2006E-05  0.2524E-08
    46.0  0.1139E-05  0.1140E-05  0.1392E-08
    47.0  0.6467E-06  0.6475E-06  0.7677E-09
    48.0  0.3671E-06  0.3675E-06  0.4233E-09
    49.0  0.2082E-06  0.2085E-06  0.2335E-09
    50.0  0.1181E-06  0.1182E-06  0.1288E-09
    51.0  0.6689E-07  0.6696E-07  0.7101E-10
    52.0  0.3788E-07  0.3792E-07  0.3920E-10
    53.0  0.2144E-07  0.2146E-07  0.2159E-10
    54.0  0.1213E-07  0.1214E-07  0.1184E-10
    55.0  0.6859E-08  0.6865E-08  0.6551E-11
    56.0  0.3877E-08  0.3880E-08  0.3616E-11
    57.0  0.2190E-08  0.2192E-08  0.1977E-11
    58.0  0.1237E-08  0.1238E-08  0.1259E-11
    59.0  0.6983E-09  0.6989E-09  0.5983E-12
    60.0  0.3939E-09  0.3943E-09  0.3739E-12
 &
