# 181 angles,  1 tensor ranks for 0=projectile
@subtitle   "20O(p,d) @ 30AMeV CH89 (p) + ADWA (d) 1st ex"                                  
@legend ON
@legend x1 0.2
@legend y1 0.8
@g0 type LOGY
@yaxis ticklabel format power
@legend string   0 "Lab energy =   35.0000"
#legend string   0 "Partition=  2 Excit=  1 near/far= 1"
#  Theta       sigma       iT11        T20         T21         T22         Kyy for projectile
   0.000       33.79    
   1.000       33.32    
   2.000       31.93    
   3.000       29.72    
   4.000       26.83    
   5.000       23.44    
   6.000       19.76    
   7.000       16.00    
   8.000       12.36    
   9.000       9.027    
   10.00       6.142    
   11.00       3.806    
   12.00       2.078    
   13.00      0.9693    
   14.00      0.4525    
   15.00      0.4663    
   16.00      0.9248    
   17.00       1.726    
   18.00       2.762    
   19.00       3.925    
   20.00       5.116    
   21.00       6.248    
   22.00       7.253    
   23.00       8.079    
   24.00       8.692    
   25.00       9.078    
   26.00       9.236    
   27.00       9.179    
   28.00       8.929    
   29.00       8.515    
   30.00       7.972    
   31.00       7.333    
   32.00       6.634    
   33.00       5.906    
   34.00       5.177    
   35.00       4.471    
   36.00       3.807    
   37.00       3.199    
   38.00       2.657    
   39.00       2.185    
   40.00       1.784    
   41.00       1.453    
   42.00       1.188    
   43.00      0.9821    
   44.00      0.8286    
   45.00      0.7198    
   46.00      0.6479    
   47.00      0.6052    
   48.00      0.5849    
   49.00      0.5806    
   50.00      0.5867    
   51.00      0.5989    
   52.00      0.6133    
   53.00      0.6272    
   54.00      0.6384    
   55.00      0.6457    
   56.00      0.6482    
   57.00      0.6456    
   58.00      0.6378    
   59.00      0.6251    
   60.00      0.6081    
   61.00      0.5874    
   62.00      0.5634    
   63.00      0.5369    
   64.00      0.5086    
   65.00      0.4790    
   66.00      0.4485    
   67.00      0.4178    
   68.00      0.3872    
   69.00      0.3571    
   70.00      0.3276    
   71.00      0.2992    
   72.00      0.2719    
   73.00      0.2459    
   74.00      0.2215    
   75.00      0.1986    
   76.00      0.1774    
   77.00      0.1579    
   78.00      0.1402    
   79.00      0.1243    
   80.00      0.1103    
   81.00      0.9803E-01
   82.00      0.8756E-01
   83.00      0.7881E-01
   84.00      0.7171E-01
   85.00      0.6618E-01
   86.00      0.6211E-01
   87.00      0.5937E-01
   88.00      0.5782E-01
   89.00      0.5731E-01
   90.00      0.5768E-01
   91.00      0.5877E-01
   92.00      0.6041E-01
   93.00      0.6243E-01
   94.00      0.6467E-01
   95.00      0.6699E-01
   96.00      0.6924E-01
   97.00      0.7130E-01
   98.00      0.7306E-01
   99.00      0.7443E-01
   100.0      0.7535E-01
   101.0      0.7576E-01
   102.0      0.7563E-01
   103.0      0.7496E-01
   104.0      0.7375E-01
   105.0      0.7203E-01
   106.0      0.6984E-01
   107.0      0.6722E-01
   108.0      0.6425E-01
   109.0      0.6099E-01
   110.0      0.5752E-01
   111.0      0.5390E-01
   112.0      0.5021E-01
   113.0      0.4652E-01
   114.0      0.4290E-01
   115.0      0.3939E-01
   116.0      0.3605E-01
   117.0      0.3292E-01
   118.0      0.3002E-01
   119.0      0.2737E-01
   120.0      0.2497E-01
   121.0      0.2284E-01
   122.0      0.2095E-01
   123.0      0.1931E-01
   124.0      0.1788E-01
   125.0      0.1665E-01
   126.0      0.1560E-01
   127.0      0.1469E-01
   128.0      0.1392E-01
   129.0      0.1326E-01
   130.0      0.1269E-01
   131.0      0.1219E-01
   132.0      0.1177E-01
   133.0      0.1140E-01
   134.0      0.1109E-01
   135.0      0.1083E-01
   136.0      0.1063E-01
   137.0      0.1047E-01
   138.0      0.1037E-01
   139.0      0.1033E-01
   140.0      0.1033E-01
   141.0      0.1037E-01
   142.0      0.1045E-01
   143.0      0.1057E-01
   144.0      0.1069E-01
   145.0      0.1082E-01
   146.0      0.1093E-01
   147.0      0.1100E-01
   148.0      0.1103E-01
   149.0      0.1099E-01
   150.0      0.1088E-01
   151.0      0.1067E-01
   152.0      0.1037E-01
   153.0      0.9962E-02
   154.0      0.9463E-02
   155.0      0.8876E-02
   156.0      0.8214E-02
   157.0      0.7495E-02
   158.0      0.6740E-02
   159.0      0.5975E-02
   160.0      0.5226E-02
   161.0      0.4519E-02
   162.0      0.3881E-02
   163.0      0.3336E-02
   164.0      0.2904E-02
   165.0      0.2600E-02
   166.0      0.2435E-02
   167.0      0.2411E-02
   168.0      0.2527E-02
   169.0      0.2773E-02
   170.0      0.3132E-02
   171.0      0.3585E-02
   172.0      0.4105E-02
   173.0      0.4663E-02
   174.0      0.5229E-02
   175.0      0.5772E-02
   176.0      0.6263E-02
   177.0      0.6675E-02
   178.0      0.6987E-02
   179.0      0.7180E-02
   180.0      0.7246E-02
 END
