# 181 angles,  1 tensor ranks for 0=projectile
@subtitle   "p+O20 1st ex with BG ;"                                                        
@legend ON
@legend x1 0.2
@legend y1 0.8
@g0 type LOGY
@yaxis ticklabel format power
@legend string   0 "Lab energy =   35.0000"
#legend string   0 "Partition=  1 Excit=  1 near/far= 1"
#  Theta       sigma       iT11        T20         T21         T22         Kyy for projectile
  0.1000E-01  0.1288E+16
   1.000      0.1250E+08
   2.000      0.7239E+06
   3.000      0.1291E+06
   4.000      0.3690E+05
   5.000      0.1422E+05
   6.000       7029.    
   7.000       4339.    
   8.000       3194.    
   9.000       2639.    
   10.00       2323.    
   11.00       2108.    
   12.00       1937.    
   13.00       1783.    
   14.00       1636.    
   15.00       1494.    
   16.00       1354.    
   17.00       1218.    
   18.00       1087.    
   19.00       962.2    
   20.00       844.0    
   21.00       733.6    
   22.00       631.6    
   23.00       538.5    
   24.00       454.4    
   25.00       379.4    
   26.00       313.4    
   27.00       255.8    
   28.00       206.5    
   29.00       164.7    
   30.00       129.9    
   31.00       101.5    
   32.00       78.67    
   33.00       60.88    
   34.00       47.40    
   35.00       37.59    
   36.00       30.83    
   37.00       26.57    
   38.00       24.29    
   39.00       23.52    
   40.00       23.85    
   41.00       24.94    
   42.00       26.47    
   43.00       28.22    
   44.00       29.98    
   45.00       31.60    
   46.00       32.97    
   47.00       34.01    
   48.00       34.67    
   49.00       34.93    
   50.00       34.80    
   51.00       34.29    
   52.00       33.43    
   53.00       32.25    
   54.00       30.82    
   55.00       29.17    
   56.00       27.35    
   57.00       25.41    
   58.00       23.40    
   59.00       21.37    
   60.00       19.34    
   61.00       17.36    
   62.00       15.45    
   63.00       13.64    
   64.00       11.94    
   65.00       10.37    
   66.00       8.927    
   67.00       7.628    
   68.00       6.470    
   69.00       5.451    
   70.00       4.565    
   71.00       3.807    
   72.00       3.167    
   73.00       2.636    
   74.00       2.203    
   75.00       1.859    
   76.00       1.591    
   77.00       1.390    
   78.00       1.245    
   79.00       1.146    
   80.00       1.085    
   81.00       1.053    
   82.00       1.044    
   83.00       1.049    
   84.00       1.065    
   85.00       1.085    
   86.00       1.108    
   87.00       1.128    
   88.00       1.144    
   89.00       1.154    
   90.00       1.157    
   91.00       1.153    
   92.00       1.140    
   93.00       1.119    
   94.00       1.091    
   95.00       1.056    
   96.00       1.014    
   97.00      0.9673    
   98.00      0.9160    
   99.00      0.8613    
   100.0      0.8042    
   101.0      0.7456    
   102.0      0.6863    
   103.0      0.6274    
   104.0      0.5694    
   105.0      0.5131    
   106.0      0.4589    
   107.0      0.4075    
   108.0      0.3591    
   109.0      0.3140    
   110.0      0.2725    
   111.0      0.2346    
   112.0      0.2004    
   113.0      0.1700    
   114.0      0.1431    
   115.0      0.1197    
   116.0      0.9972E-01
   117.0      0.8285E-01
   118.0      0.6890E-01
   119.0      0.5764E-01
   120.0      0.4882E-01
   121.0      0.4218E-01
   122.0      0.3749E-01
   123.0      0.3446E-01
   124.0      0.3288E-01
   125.0      0.3249E-01
   126.0      0.3308E-01
   127.0      0.3443E-01
   128.0      0.3636E-01
   129.0      0.3870E-01
   130.0      0.4127E-01
   131.0      0.4396E-01
   132.0      0.4662E-01
   133.0      0.4917E-01
   134.0      0.5152E-01
   135.0      0.5359E-01
   136.0      0.5533E-01
   137.0      0.5671E-01
   138.0      0.5769E-01
   139.0      0.5827E-01
   140.0      0.5844E-01
   141.0      0.5821E-01
   142.0      0.5759E-01
   143.0      0.5660E-01
   144.0      0.5528E-01
   145.0      0.5366E-01
   146.0      0.5177E-01
   147.0      0.4965E-01
   148.0      0.4734E-01
   149.0      0.4489E-01
   150.0      0.4233E-01
   151.0      0.3971E-01
   152.0      0.3706E-01
   153.0      0.3442E-01
   154.0      0.3182E-01
   155.0      0.2930E-01
   156.0      0.2687E-01
   157.0      0.2456E-01
   158.0      0.2240E-01
   159.0      0.2039E-01
   160.0      0.1854E-01
   161.0      0.1687E-01
   162.0      0.1538E-01
   163.0      0.1406E-01
   164.0      0.1291E-01
   165.0      0.1193E-01
   166.0      0.1111E-01
   167.0      0.1043E-01
   168.0      0.9890E-02
   169.0      0.9469E-02
   170.0      0.9153E-02
   171.0      0.8926E-02
   172.0      0.8774E-02
   173.0      0.8681E-02
   174.0      0.8634E-02
   175.0      0.8617E-02
   176.0      0.8621E-02
   177.0      0.8635E-02
   178.0      0.8651E-02
   179.0      0.8663E-02
   180.0      0.8667E-02
 END
