# Fusion cross sections for ELAB=  70.000, ECM=  63.596
     0.0   1.735     -1
     1.0   10.42      1
     1.0   15.62     -1
     2.0   8.695      1
     2.0   26.10     -1
     3.0   24.47      1
     3.0   36.69     -1
     4.0   15.80      1
     4.0   47.43     -1
     5.0   38.96      1
     5.0   58.40     -1
     6.0   23.20      1
     6.0   69.56     -1
     7.0   54.10      1
     7.0   81.08     -1
     8.0   30.95      1
     8.0   92.48     -1
     9.0   66.34      1
     9.0   101.2     -1
    10.0   36.25      1
    10.0   103.6     -1
    11.0   63.36      1
    11.0   96.18     -1
    12.0   25.76      1
    12.0   79.24     -1
    13.0   40.01      1
    13.0   58.10     -1
    14.0   11.81      1
    14.0   38.95     -1
    15.0   17.29      1
    15.0   24.67     -1
    16.0   4.510      1
    16.0   15.13     -1
    17.0   6.406      1
    17.0   9.122     -1
    18.0   1.622      1
    18.0   5.444     -1
    19.0   2.266      1
    19.0   3.229     -1
    20.0  0.5692      1
    20.0   1.908     -1
    21.0  0.7877      1
    21.0   1.123     -1
    22.0  0.1969      1
    22.0  0.6593     -1
    23.0  0.2708      1
    23.0  0.3861     -1
    24.0  0.6742E-01  1
    24.0  0.2256     -1
    25.0  0.9223E-01  1
    25.0  0.1315     -1
    26.0  0.2287E-01  1
    26.0  0.7653E-01 -1
    27.0  0.3117E-01  1
    27.0  0.4445E-01 -1
    28.0  0.7698E-02  1
    28.0  0.2577E-01 -1
    29.0  0.1046E-01  1
    29.0  0.1491E-01 -1
    30.0  0.2574E-02  1
    30.0  0.8617E-02 -1
    31.0  0.3487E-02  1
    31.0  0.4972E-02 -1
    32.0  0.8554E-03  1
    32.0  0.2865E-02 -1
    33.0  0.1156E-02  1
    33.0  0.1648E-02 -1
    34.0  0.2828E-03  1
    34.0  0.9472E-03 -1
    35.0  0.3814E-03  1
    35.0  0.5437E-03 -1
    36.0  0.9304E-04  1
    36.0  0.3118E-03 -1
    37.0  0.1253E-03  1
    37.0  0.1786E-03 -1
    38.0  0.3048E-04  1
    38.0  0.1022E-03 -1
    39.0  0.4098E-04  1
    39.0  0.5840E-04 -1
    40.0  0.9950E-05  1
    40.0  0.3335E-04 -1
    41.0  0.1335E-04  1
    41.0  0.1903E-04 -1
    42.0  0.3236E-05  1
    42.0  0.1085E-04 -1
    43.0  0.4338E-05  1
    43.0  0.6181E-05 -1
    44.0  0.1049E-05  1
    44.0  0.3519E-05 -1
    45.0  0.1405E-05  1
    45.0  0.2001E-05 -1
    46.0  0.3392E-06  1
    46.0  0.1138E-05 -1
    47.0  0.4536E-06  1
    47.0  0.6462E-06 -1
    48.0  0.1094E-06  1
    48.0  0.3669E-06 -1
    49.0  0.1461E-06  1
    49.0  0.2081E-06 -1
    50.0  0.3517E-07  1
    50.0  0.1180E-06 -1
    51.0  0.4694E-07  1
    51.0  0.6687E-07 -1
    52.0  0.1129E-07  1
    52.0  0.3787E-07 -1
    53.0  0.1505E-07  1
    53.0  0.2144E-07 -1
    54.0  0.3613E-08  1
    54.0  0.1213E-07 -1
    55.0  0.4814E-08  1
    55.0  0.6858E-08 -1
    56.0  0.1155E-08  1
    56.0  0.3876E-08 -1
    57.0  0.1538E-08  1
    57.0  0.2190E-08 -1
    58.0  0.3681E-09  1
    58.0  0.1237E-08 -1
    59.0  0.4904E-09  1
    59.0  0.6984E-09 -1
    60.0  0.1179E-09  1
    60.0  0.3940E-09 -1
 &
