# 181 angles,  1 tensor ranks for 0=projectile
@subtitle   "p+O20 2nd ex with BG ;"                                                        
@legend ON
@legend x1 0.2
@legend y1 0.8
@g0 type LOGY
@yaxis ticklabel format power
@legend string   0 "Lab energy =   35.0000"
#legend string   0 "Partition=  1 Excit=  2 near/far= 1"
#  Theta       sigma       iT11        T20         T21         T22         Kyy for projectile
   0.000       32.23    
   1.000       32.28    
   2.000       32.38    
   3.000       32.43    
   4.000       32.30    
   5.000       31.90    
   6.000       31.21    
   7.000       30.28    
   8.000       29.19    
   9.000       28.03    
   10.00       26.90    
   11.00       25.83    
   12.00       24.86    
   13.00       24.00    
   14.00       23.27    
   15.00       22.68    
   16.00       22.24    
   17.00       21.95    
   18.00       21.80    
   19.00       21.77    
   20.00       21.85    
   21.00       21.99    
   22.00       22.17    
   23.00       22.36    
   24.00       22.54    
   25.00       22.66    
   26.00       22.72    
   27.00       22.69    
   28.00       22.54    
   29.00       22.28    
   30.00       21.89    
   31.00       21.37    
   32.00       20.73    
   33.00       19.96    
   34.00       19.09    
   35.00       18.13    
   36.00       17.10    
   37.00       16.01    
   38.00       14.89    
   39.00       13.76    
   40.00       12.63    
   41.00       11.53    
   42.00       10.47    
   43.00       9.471    
   44.00       8.541    
   45.00       7.690    
   46.00       6.926    
   47.00       6.252    
   48.00       5.672    
   49.00       5.183    
   50.00       4.783    
   51.00       4.467    
   52.00       4.227    
   53.00       4.058    
   54.00       3.949    
   55.00       3.891    
   56.00       3.874    
   57.00       3.889    
   58.00       3.925    
   59.00       3.976    
   60.00       4.032    
   61.00       4.088    
   62.00       4.135    
   63.00       4.170    
   64.00       4.187    
   65.00       4.184    
   66.00       4.159    
   67.00       4.111    
   68.00       4.041    
   69.00       3.948    
   70.00       3.833    
   71.00       3.699    
   72.00       3.547    
   73.00       3.380    
   74.00       3.202    
   75.00       3.014    
   76.00       2.821    
   77.00       2.625    
   78.00       2.428    
   79.00       2.232    
   80.00       2.042    
   81.00       1.858    
   82.00       1.682    
   83.00       1.516    
   84.00       1.360    
   85.00       1.216    
   86.00       1.084    
   87.00      0.9643    
   88.00      0.8572    
   89.00      0.7622    
   90.00      0.6791    
   91.00      0.6071    
   92.00      0.5457    
   93.00      0.4941    
   94.00      0.4515    
   95.00      0.4168    
   96.00      0.3891    
   97.00      0.3675    
   98.00      0.3511    
   99.00      0.3391    
   100.0      0.3306    
   101.0      0.3248    
   102.0      0.3209    
   103.0      0.3185    
   104.0      0.3169    
   105.0      0.3156    
   106.0      0.3143    
   107.0      0.3127    
   108.0      0.3104    
   109.0      0.3073    
   110.0      0.3032    
   111.0      0.2981    
   112.0      0.2919    
   113.0      0.2848    
   114.0      0.2766    
   115.0      0.2675    
   116.0      0.2575    
   117.0      0.2469    
   118.0      0.2358    
   119.0      0.2242    
   120.0      0.2124    
   121.0      0.2003    
   122.0      0.1883    
   123.0      0.1763    
   124.0      0.1646    
   125.0      0.1532    
   126.0      0.1422    
   127.0      0.1317    
   128.0      0.1217    
   129.0      0.1124    
   130.0      0.1037    
   131.0      0.9562E-01
   132.0      0.8824E-01
   133.0      0.8152E-01
   134.0      0.7545E-01
   135.0      0.7003E-01
   136.0      0.6524E-01
   137.0      0.6103E-01
   138.0      0.5735E-01
   139.0      0.5415E-01
   140.0      0.5139E-01
   141.0      0.4903E-01
   142.0      0.4705E-01
   143.0      0.4538E-01
   144.0      0.4399E-01
   145.0      0.4281E-01
   146.0      0.4180E-01
   147.0      0.4093E-01
   148.0      0.4016E-01
   149.0      0.3950E-01
   150.0      0.3890E-01
   151.0      0.3836E-01
   152.0      0.3784E-01
   153.0      0.3733E-01
   154.0      0.3682E-01
   155.0      0.3631E-01
   156.0      0.3581E-01
   157.0      0.3532E-01
   158.0      0.3483E-01
   159.0      0.3435E-01
   160.0      0.3388E-01
   161.0      0.3342E-01
   162.0      0.3299E-01
   163.0      0.3258E-01
   164.0      0.3221E-01
   165.0      0.3186E-01
   166.0      0.3155E-01
   167.0      0.3128E-01
   168.0      0.3106E-01
   169.0      0.3088E-01
   170.0      0.3073E-01
   171.0      0.3060E-01
   172.0      0.3050E-01
   173.0      0.3043E-01
   174.0      0.3037E-01
   175.0      0.3034E-01
   176.0      0.3033E-01
   177.0      0.3033E-01
   178.0      0.3033E-01
   179.0      0.3033E-01
   180.0      0.3033E-01
 END
