# 178 angles,  1 tensor ranks for 0=projectile
@subtitle   "p+O20 with CH89;"                                                              
@legend ON
@legend x1 0.2
@legend y1 0.8
@g0 type LOGY
@yaxis ticklabel format power
@legend string   0 "Lab energy =   35.0000"
#legend string   0 "Partition=  1 Excit=  1 near/far= 1"
#  Theta       sigma       iT11        T20         T21         T22         Kyy for projectile
   3.000      0.1334E+06
   4.000      0.3909E+05
   5.000      0.1542E+05
   6.000       7684.    
   7.000       4676.    
   8.000       3331.    
   9.000       2646.    
   10.00       2244.    
   11.00       1972.    
   12.00       1762.    
   13.00       1584.    
   14.00       1423.    
   15.00       1274.    
   16.00       1134.    
   17.00       1001.    
   18.00       876.5    
   19.00       760.0    
   20.00       652.3    
   21.00       553.6    
   22.00       464.2    
   23.00       384.2    
   24.00       313.5    
   25.00       251.8    
   26.00       198.9    
   27.00       154.2    
   28.00       117.1    
   29.00       87.03    
   30.00       63.26    
   31.00       45.06    
   32.00       31.72    
   33.00       22.53    
   34.00       16.80    
   35.00       13.87    
   36.00       13.16    
   37.00       14.12    
   38.00       16.26    
   39.00       19.17    
   40.00       22.49    
   41.00       25.91    
   42.00       29.21    
   43.00       32.20    
   44.00       34.74    
   45.00       36.76    
   46.00       38.19    
   47.00       39.02    
   48.00       39.27    
   49.00       38.96    
   50.00       38.14    
   51.00       36.89    
   52.00       35.25    
   53.00       33.31    
   54.00       31.14    
   55.00       28.81    
   56.00       26.38    
   57.00       23.92    
   58.00       21.48    
   59.00       19.11    
   60.00       16.84    
   61.00       14.71    
   62.00       12.74    
   63.00       10.95    
   64.00       9.338    
   65.00       7.919    
   66.00       6.686    
   67.00       5.635    
   68.00       4.757    
   69.00       4.038    
   70.00       3.465    
   71.00       3.022    
   72.00       2.693    
   73.00       2.462    
   74.00       2.312    
   75.00       2.229    
   76.00       2.198    
   77.00       2.206    
   78.00       2.240    
   79.00       2.291    
   80.00       2.349    
   81.00       2.406    
   82.00       2.458    
   83.00       2.499    
   84.00       2.525    
   85.00       2.535    
   86.00       2.527    
   87.00       2.500    
   88.00       2.456    
   89.00       2.395    
   90.00       2.318    
   91.00       2.228    
   92.00       2.125    
   93.00       2.014    
   94.00       1.895    
   95.00       1.771    
   96.00       1.644    
   97.00       1.516    
   98.00       1.389    
   99.00       1.265    
   100.0       1.145    
   101.0       1.030    
   102.0      0.9217    
   103.0      0.8204    
   104.0      0.7268    
   105.0      0.6412    
   106.0      0.5639    
   107.0      0.4949    
   108.0      0.4341    
   109.0      0.3812    
   110.0      0.3359    
   111.0      0.2978    
   112.0      0.2664    
   113.0      0.2411    
   114.0      0.2215    
   115.0      0.2068    
   116.0      0.1966    
   117.0      0.1903    
   118.0      0.1872    
   119.0      0.1869    
   120.0      0.1888    
   121.0      0.1924    
   122.0      0.1973    
   123.0      0.2031    
   124.0      0.2095    
   125.0      0.2160    
   126.0      0.2224    
   127.0      0.2284    
   128.0      0.2338    
   129.0      0.2384    
   130.0      0.2421    
   131.0      0.2446    
   132.0      0.2460    
   133.0      0.2461    
   134.0      0.2450    
   135.0      0.2425    
   136.0      0.2388    
   137.0      0.2338    
   138.0      0.2275    
   139.0      0.2202    
   140.0      0.2117    
   141.0      0.2024    
   142.0      0.1922    
   143.0      0.1814    
   144.0      0.1701    
   145.0      0.1584    
   146.0      0.1466    
   147.0      0.1347    
   148.0      0.1230    
   149.0      0.1117    
   150.0      0.1009    
   151.0      0.9072E-01
   152.0      0.8142E-01
   153.0      0.7311E-01
   154.0      0.6591E-01
   155.0      0.5992E-01
   156.0      0.5523E-01
   157.0      0.5191E-01
   158.0      0.4999E-01
   159.0      0.4949E-01
   160.0      0.5039E-01
   161.0      0.5267E-01
   162.0      0.5624E-01
   163.0      0.6103E-01
   164.0      0.6692E-01
   165.0      0.7377E-01
   166.0      0.8144E-01
   167.0      0.8974E-01
   168.0      0.9850E-01
   169.0      0.1075    
   170.0      0.1166    
   171.0      0.1256    
   172.0      0.1342    
   173.0      0.1424    
   174.0      0.1498    
   175.0      0.1564    
   176.0      0.1620    
   177.0      0.1665    
   178.0      0.1698    
   179.0      0.1718    
   180.0      0.1724    
 END
