# 178 angles,  1 tensor ranks for 0=projectile
@subtitle   "p+O20 1st ex with BG ;"                                                        
@legend ON
@legend x1 0.2
@legend y1 0.8
@g0 type LOGY
@yaxis ticklabel format power
@legend string   0 "Lab energy =   35.0000"
#legend string   0 "Partition=  1 Excit=  2 near/far= 1"
#  Theta       sigma       iT11        T20         T21         T22         Kyy for projectile
   3.000       10.39    
   4.000       10.18    
   5.000       9.908    
   6.000       9.597    
   7.000       9.254    
   8.000       8.889    
   9.000       8.512    
   10.00       8.136    
   11.00       7.770    
   12.00       7.427    
   13.00       7.113    
   14.00       6.837    
   15.00       6.602    
   16.00       6.413    
   17.00       6.268    
   18.00       6.166    
   19.00       6.101    
   20.00       6.066    
   21.00       6.055    
   22.00       6.057    
   23.00       6.063    
   24.00       6.065    
   25.00       6.054    
   26.00       6.024    
   27.00       5.968    
   28.00       5.884    
   29.00       5.769    
   30.00       5.622    
   31.00       5.443    
   32.00       5.236    
   33.00       5.002    
   34.00       4.746    
   35.00       4.472    
   36.00       4.183    
   37.00       3.886    
   38.00       3.584    
   39.00       3.284    
   40.00       2.989    
   41.00       2.704    
   42.00       2.433    
   43.00       2.179    
   44.00       1.947    
   45.00       1.738    
   46.00       1.553    
   47.00       1.394    
   48.00       1.261    
   49.00       1.154    
   50.00       1.070    
   51.00       1.008    
   52.00      0.9670    
   53.00      0.9428    
   54.00      0.9330    
   55.00      0.9347    
   56.00      0.9450    
   57.00      0.9613    
   58.00      0.9810    
   59.00       1.002    
   60.00       1.022    
   61.00       1.040    
   62.00       1.054    
   63.00       1.063    
   64.00       1.067    
   65.00       1.065    
   66.00       1.056    
   67.00       1.041    
   68.00       1.020    
   69.00      0.9926    
   70.00      0.9593    
   71.00      0.9208    
   72.00      0.8777    
   73.00      0.8308    
   74.00      0.7810    
   75.00      0.7290    
   76.00      0.6757    
   77.00      0.6220    
   78.00      0.5688    
   79.00      0.5168    
   80.00      0.4665    
   81.00      0.4186    
   82.00      0.3736    
   83.00      0.3317    
   84.00      0.2931    
   85.00      0.2580    
   86.00      0.2264    
   87.00      0.1984    
   88.00      0.1738    
   89.00      0.1525    
   90.00      0.1343    
   91.00      0.1190    
   92.00      0.1065    
   93.00      0.9648E-01
   94.00      0.8868E-01
   95.00      0.8286E-01
   96.00      0.7874E-01
   97.00      0.7606E-01
   98.00      0.7456E-01
   99.00      0.7397E-01
   100.0      0.7407E-01
   101.0      0.7463E-01
   102.0      0.7546E-01
   103.0      0.7638E-01
   104.0      0.7725E-01
   105.0      0.7797E-01
   106.0      0.7844E-01
   107.0      0.7860E-01
   108.0      0.7842E-01
   109.0      0.7788E-01
   110.0      0.7697E-01
   111.0      0.7569E-01
   112.0      0.7405E-01
   113.0      0.7207E-01
   114.0      0.6977E-01
   115.0      0.6719E-01
   116.0      0.6435E-01
   117.0      0.6129E-01
   118.0      0.5806E-01
   119.0      0.5469E-01
   120.0      0.5124E-01
   121.0      0.4776E-01
   122.0      0.4428E-01
   123.0      0.4086E-01
   124.0      0.3753E-01
   125.0      0.3432E-01
   126.0      0.3127E-01
   127.0      0.2841E-01
   128.0      0.2573E-01
   129.0      0.2325E-01
   130.0      0.2098E-01
   131.0      0.1891E-01
   132.0      0.1704E-01
   133.0      0.1535E-01
   134.0      0.1385E-01
   135.0      0.1252E-01
   136.0      0.1135E-01
   137.0      0.1035E-01
   138.0      0.9490E-02
   139.0      0.8778E-02
   140.0      0.8201E-02
   141.0      0.7750E-02
   142.0      0.7413E-02
   143.0      0.7177E-02
   144.0      0.7026E-02
   145.0      0.6948E-02
   146.0      0.6930E-02
   147.0      0.6959E-02
   148.0      0.7025E-02
   149.0      0.7121E-02
   150.0      0.7240E-02
   151.0      0.7377E-02
   152.0      0.7529E-02
   153.0      0.7692E-02
   154.0      0.7867E-02
   155.0      0.8050E-02
   156.0      0.8243E-02
   157.0      0.8444E-02
   158.0      0.8653E-02
   159.0      0.8867E-02
   160.0      0.9085E-02
   161.0      0.9303E-02
   162.0      0.9518E-02
   163.0      0.9726E-02
   164.0      0.9925E-02
   165.0      0.1011E-01
   166.0      0.1029E-01
   167.0      0.1046E-01
   168.0      0.1063E-01
   169.0      0.1079E-01
   170.0      0.1096E-01
   171.0      0.1112E-01
   172.0      0.1129E-01
   173.0      0.1145E-01
   174.0      0.1161E-01
   175.0      0.1175E-01
   176.0      0.1187E-01
   177.0      0.1197E-01
   178.0      0.1205E-01
   179.0      0.1210E-01
   180.0      0.1211E-01
 END
