# 181 angles,  1 tensor ranks for 0=projectile
@subtitle   "p+O20 2nd ex with BG ;"                                                        
@legend ON
@legend x1 0.2
@legend y1 0.8
@g0 type LOGY
@yaxis ticklabel format power
@legend string   0 "Lab energy =   35.0000"
#legend string   0 "Partition=  1 Excit=  2 near/far= 1"
#  Theta       sigma       iT11        T20         T21         T22         Kyy for projectile
   0.000      0.1982E-01
   1.000      0.2481E-01
   2.000      0.3732E-01
   3.000      0.5189E-01
   4.000      0.6357E-01
   5.000      0.7006E-01
   6.000      0.7147E-01
   7.000      0.6918E-01
   8.000      0.6508E-01
   9.000      0.6083E-01
   10.00      0.5723E-01
   11.00      0.5413E-01
   12.00      0.5093E-01
   13.00      0.4721E-01
   14.00      0.4301E-01
   15.00      0.3869E-01
   16.00      0.3471E-01
   17.00      0.3137E-01
   18.00      0.2865E-01
   19.00      0.2637E-01
   20.00      0.2435E-01
   21.00      0.2251E-01
   22.00      0.2085E-01
   23.00      0.1943E-01
   24.00      0.1828E-01
   25.00      0.1735E-01
   26.00      0.1658E-01
   27.00      0.1594E-01
   28.00      0.1538E-01
   29.00      0.1486E-01
   30.00      0.1435E-01
   31.00      0.1381E-01
   32.00      0.1320E-01
   33.00      0.1254E-01
   34.00      0.1185E-01
   35.00      0.1115E-01
   36.00      0.1045E-01
   37.00      0.9724E-02
   38.00      0.8942E-02
   39.00      0.8106E-02
   40.00      0.7244E-02
   41.00      0.6397E-02
   42.00      0.5601E-02
   43.00      0.4869E-02
   44.00      0.4192E-02
   45.00      0.3560E-02
   46.00      0.2973E-02
   47.00      0.2442E-02
   48.00      0.1985E-02
   49.00      0.1613E-02
   50.00      0.1325E-02
   51.00      0.1113E-02
   52.00      0.9692E-03
   53.00      0.8858E-03
   54.00      0.8581E-03
   55.00      0.8790E-03
   56.00      0.9389E-03
   57.00      0.1028E-02
   58.00      0.1139E-02
   59.00      0.1270E-02
   60.00      0.1418E-02
   61.00      0.1574E-02
   62.00      0.1727E-02
   63.00      0.1863E-02
   64.00      0.1975E-02
   65.00      0.2063E-02
   66.00      0.2134E-02
   67.00      0.2192E-02
   68.00      0.2235E-02
   69.00      0.2255E-02
   70.00      0.2245E-02
   71.00      0.2204E-02
   72.00      0.2138E-02
   73.00      0.2055E-02
   74.00      0.1963E-02
   75.00      0.1865E-02
   76.00      0.1757E-02
   77.00      0.1637E-02
   78.00      0.1506E-02
   79.00      0.1368E-02
   80.00      0.1231E-02
   81.00      0.1100E-02
   82.00      0.9773E-03
   83.00      0.8607E-03
   84.00      0.7491E-03
   85.00      0.6427E-03
   86.00      0.5434E-03
   87.00      0.4539E-03
   88.00      0.3760E-03
   89.00      0.3096E-03
   90.00      0.2538E-03
   91.00      0.2069E-03
   92.00      0.1680E-03
   93.00      0.1366E-03
   94.00      0.1127E-03
   95.00      0.9609E-04
   96.00      0.8615E-04
   97.00      0.8205E-04
   98.00      0.8264E-04
   99.00      0.8662E-04
   100.0      0.9288E-04
   101.0      0.1007E-03
   102.0      0.1098E-03
   103.0      0.1199E-03
   104.0      0.1306E-03
   105.0      0.1414E-03
   106.0      0.1515E-03
   107.0      0.1601E-03
   108.0      0.1670E-03
   109.0      0.1725E-03
   110.0      0.1767E-03
   111.0      0.1797E-03
   112.0      0.1811E-03
   113.0      0.1808E-03
   114.0      0.1783E-03
   115.0      0.1743E-03
   116.0      0.1691E-03
   117.0      0.1632E-03
   118.0      0.1566E-03
   119.0      0.1491E-03
   120.0      0.1408E-03
   121.0      0.1317E-03
   122.0      0.1224E-03
   123.0      0.1132E-03
   124.0      0.1041E-03
   125.0      0.9517E-04
   126.0      0.8631E-04
   127.0      0.7761E-04
   128.0      0.6941E-04
   129.0      0.6207E-04
   130.0      0.5561E-04
   131.0      0.4973E-04
   132.0      0.4421E-04
   133.0      0.3909E-04
   134.0      0.3459E-04
   135.0      0.3101E-04
   136.0      0.2853E-04
   137.0      0.2688E-04
   138.0      0.2557E-04
   139.0      0.2433E-04
   140.0      0.2333E-04
   141.0      0.2289E-04
   142.0      0.2333E-04
   143.0      0.2468E-04
   144.0      0.2654E-04
   145.0      0.2834E-04
   146.0      0.2989E-04
   147.0      0.3140E-04
   148.0      0.3323E-04
   149.0      0.3566E-04
   150.0      0.3873E-04
   151.0      0.4212E-04
   152.0      0.4538E-04
   153.0      0.4842E-04
   154.0      0.5142E-04
   155.0      0.5459E-04
   156.0      0.5805E-04
   157.0      0.6187E-04
   158.0      0.6585E-04
   159.0      0.6968E-04
   160.0      0.7338E-04
   161.0      0.7705E-04
   162.0      0.8070E-04
   163.0      0.8432E-04
   164.0      0.8798E-04
   165.0      0.9165E-04
   166.0      0.9515E-04
   167.0      0.9857E-04
   168.0      0.1020E-03
   169.0      0.1052E-03
   170.0      0.1080E-03
   171.0      0.1107E-03
   172.0      0.1132E-03
   173.0      0.1155E-03
   174.0      0.1176E-03
   175.0      0.1198E-03
   176.0      0.1216E-03
   177.0      0.1227E-03
   178.0      0.1234E-03
   179.0      0.1241E-03
   180.0      0.1245E-03
 END
