# 181 angles,  1 tensor ranks for 0=projectile
@subtitle   "p+O20 1st ex with BG ;"                                                        
@legend ON
@legend x1 0.2
@legend y1 0.8
@g0 type LOGY
@yaxis ticklabel format power
@legend string   0 "Lab energy =   35.0000"
#legend string   0 "Partition=  1 Excit=  1 near/far= 1"
#  Theta       sigma       iT11        T20         T21         T22         Kyy for projectile
  0.1000E-01  0.1288E+16
   1.000      0.1250E+08
   2.000      0.7242E+06
   3.000      0.1292E+06
   4.000      0.3699E+05
   5.000      0.1427E+05
   6.000       7059.    
   7.000       4357.    
   8.000       3205.    
   9.000       2645.    
   10.00       2326.    
   11.00       2110.    
   12.00       1938.    
   13.00       1783.    
   14.00       1637.    
   15.00       1495.    
   16.00       1355.    
   17.00       1220.    
   18.00       1090.    
   19.00       964.8    
   20.00       846.9    
   21.00       736.7    
   22.00       634.9    
   23.00       541.9    
   24.00       457.8    
   25.00       382.7    
   26.00       316.4    
   27.00       258.6    
   28.00       208.8    
   29.00       166.6    
   30.00       131.3    
   31.00       102.4    
   32.00       79.04    
   33.00       60.69    
   34.00       46.65    
   35.00       36.30    
   36.00       29.03    
   37.00       24.28    
   38.00       21.55    
   39.00       20.38    
   40.00       20.36    
   41.00       21.14    
   42.00       22.44    
   43.00       24.00    
   44.00       25.62    
   45.00       27.16    
   46.00       28.50    
   47.00       29.55    
   48.00       30.27    
   49.00       30.63    
   50.00       30.62    
   51.00       30.27    
   52.00       29.59    
   53.00       28.62    
   54.00       27.40    
   55.00       25.98    
   56.00       24.39    
   57.00       22.69    
   58.00       20.92    
   59.00       19.12    
   60.00       17.32    
   61.00       15.55    
   62.00       13.85    
   63.00       12.23    
   64.00       10.71    
   65.00       9.305    
   66.00       8.021    
   67.00       6.863    
   68.00       5.832    
   69.00       4.926    
   70.00       4.141    
   71.00       3.470    
   72.00       2.907    
   73.00       2.442    
   74.00       2.066    
   75.00       1.768    
   76.00       1.540    
   77.00       1.371    
   78.00       1.252    
   79.00       1.173    
   80.00       1.128    
   81.00       1.107    
   82.00       1.105    
   83.00       1.116    
   84.00       1.134    
   85.00       1.156    
   86.00       1.177    
   87.00       1.196    
   88.00       1.210    
   89.00       1.217    
   90.00       1.217    
   91.00       1.209    
   92.00       1.192    
   93.00       1.168    
   94.00       1.137    
   95.00       1.098    
   96.00       1.054    
   97.00       1.004    
   98.00      0.9503    
   99.00      0.8934    
   100.0      0.8343    
   101.0      0.7738    
   102.0      0.7130    
   103.0      0.6526    
   104.0      0.5932    
   105.0      0.5357    
   106.0      0.4804    
   107.0      0.4278    
   108.0      0.3784    
   109.0      0.3323    
   110.0      0.2897    
   111.0      0.2508    
   112.0      0.2156    
   113.0      0.1841    
   114.0      0.1561    
   115.0      0.1317    
   116.0      0.1106    
   117.0      0.9257E-01
   118.0      0.7751E-01
   119.0      0.6516E-01
   120.0      0.5527E-01
   121.0      0.4760E-01
   122.0      0.4191E-01
   123.0      0.3796E-01
   124.0      0.3550E-01
   125.0      0.3432E-01
   126.0      0.3419E-01
   127.0      0.3492E-01
   128.0      0.3631E-01
   129.0      0.3820E-01
   130.0      0.4042E-01
   131.0      0.4284E-01
   132.0      0.4533E-01
   133.0      0.4778E-01
   134.0      0.5009E-01
   135.0      0.5219E-01
   136.0      0.5401E-01
   137.0      0.5551E-01
   138.0      0.5664E-01
   139.0      0.5737E-01
   140.0      0.5770E-01
   141.0      0.5761E-01
   142.0      0.5712E-01
   143.0      0.5624E-01
   144.0      0.5498E-01
   145.0      0.5338E-01
   146.0      0.5146E-01
   147.0      0.4927E-01
   148.0      0.4685E-01
   149.0      0.4423E-01
   150.0      0.4147E-01
   151.0      0.3862E-01
   152.0      0.3571E-01
   153.0      0.3279E-01
   154.0      0.2990E-01
   155.0      0.2709E-01
   156.0      0.2440E-01
   157.0      0.2184E-01
   158.0      0.1946E-01
   159.0      0.1727E-01
   160.0      0.1530E-01
   161.0      0.1356E-01
   162.0      0.1205E-01
   163.0      0.1078E-01
   164.0      0.9739E-02
   165.0      0.8925E-02
   166.0      0.8324E-02
   167.0      0.7920E-02
   168.0      0.7692E-02
   169.0      0.7616E-02
   170.0      0.7669E-02
   171.0      0.7824E-02
   172.0      0.8054E-02
   173.0      0.8332E-02
   174.0      0.8632E-02
   175.0      0.8932E-02
   176.0      0.9208E-02
   177.0      0.9444E-02
   178.0      0.9623E-02
   179.0      0.9735E-02
   180.0      0.9773E-02
 END
