# 178 angles,  1 tensor ranks for 0=projectile
@subtitle   "20O(d,t) @ 30AMeV Daeh (d) + Pang (t)"                                         
@legend ON
@legend x1 0.2
@legend y1 0.8
@g0 type LOGY
@yaxis ticklabel format power
@legend string   0 "Lab energy =   70.0000"
#legend string   0 "Partition=  2 Excit=  3 near/far= 1"
#  Theta       sigma       iT11        T20         T21         T22         Kyy for projectile
   3.000       18.17    
   4.000       17.74    
   5.000       17.17    
   6.000       16.45    
   7.000       15.54    
   8.000       14.41    
   9.000       13.05    
   10.00       11.49    
   11.00       9.789    
   12.00       8.057    
   13.00       6.396    
   14.00       4.910    
   15.00       3.677    
   16.00       2.738    
   17.00       2.096    
   18.00       1.721    
   19.00       1.557    
   20.00       1.537    
   21.00       1.596    
   22.00       1.679    
   23.00       1.748    
   24.00       1.781    
   25.00       1.773    
   26.00       1.732    
   27.00       1.670    
   28.00       1.604    
   29.00       1.545    
   30.00       1.503    
   31.00       1.481    
   32.00       1.476    
   33.00       1.483    
   34.00       1.495    
   35.00       1.503    
   36.00       1.501    
   37.00       1.484    
   38.00       1.451    
   39.00       1.400    
   40.00       1.335    
   41.00       1.259    
   42.00       1.176    
   43.00       1.090    
   44.00       1.004    
   45.00      0.9223    
   46.00      0.8458    
   47.00      0.7755    
   48.00      0.7117    
   49.00      0.6538    
   50.00      0.6011    
   51.00      0.5527    
   52.00      0.5077    
   53.00      0.4655    
   54.00      0.4255    
   55.00      0.3874    
   56.00      0.3512    
   57.00      0.3168    
   58.00      0.2845    
   59.00      0.2543    
   60.00      0.2265    
   61.00      0.2011    
   62.00      0.1782    
   63.00      0.1578    
   64.00      0.1396    
   65.00      0.1236    
   66.00      0.1096    
   67.00      0.9724E-01
   68.00      0.8639E-01
   69.00      0.7681E-01
   70.00      0.6833E-01
   71.00      0.6077E-01
   72.00      0.5400E-01
   73.00      0.4792E-01
   74.00      0.4244E-01
   75.00      0.3751E-01
   76.00      0.3307E-01
   77.00      0.2910E-01
   78.00      0.2555E-01
   79.00      0.2240E-01
   80.00      0.1961E-01
   81.00      0.1717E-01
   82.00      0.1504E-01
   83.00      0.1318E-01
   84.00      0.1156E-01
   85.00      0.1016E-01
   86.00      0.8950E-02
   87.00      0.7895E-02
   88.00      0.6976E-02
   89.00      0.6171E-02
   90.00      0.5462E-02
   91.00      0.4836E-02
   92.00      0.4281E-02
   93.00      0.3787E-02
   94.00      0.3347E-02
   95.00      0.2955E-02
   96.00      0.2606E-02
   97.00      0.2296E-02
   98.00      0.2022E-02
   99.00      0.1780E-02
   100.0      0.1567E-02
   101.0      0.1381E-02
   102.0      0.1218E-02
   103.0      0.1077E-02
   104.0      0.9538E-03
   105.0      0.8467E-03
   106.0      0.7534E-03
   107.0      0.6719E-03
   108.0      0.6004E-03
   109.0      0.5373E-03
   110.0      0.4814E-03
   111.0      0.4316E-03
   112.0      0.3870E-03
   113.0      0.3469E-03
   114.0      0.3107E-03
   115.0      0.2781E-03
   116.0      0.2486E-03
   117.0      0.2220E-03
   118.0      0.1980E-03
   119.0      0.1765E-03
   120.0      0.1573E-03
   121.0      0.1402E-03
   122.0      0.1250E-03
   123.0      0.1115E-03
   124.0      0.9966E-04
   125.0      0.8921E-04
   126.0      0.8002E-04
   127.0      0.7193E-04
   128.0      0.6480E-04
   129.0      0.5849E-04
   130.0      0.5289E-04
   131.0      0.4788E-04
   132.0      0.4338E-04
   133.0      0.3932E-04
   134.0      0.3563E-04
   135.0      0.3227E-04
   136.0      0.2918E-04
   137.0      0.2635E-04
   138.0      0.2374E-04
   139.0      0.2134E-04
   140.0      0.1914E-04
   141.0      0.1712E-04
   142.0      0.1528E-04
   143.0      0.1362E-04
   144.0      0.1211E-04
   145.0      0.1077E-04
   146.0      0.9576E-05
   147.0      0.8524E-05
   148.0      0.7607E-05
   149.0      0.6815E-05
   150.0      0.6138E-05
   151.0      0.5566E-05
   152.0      0.5089E-05
   153.0      0.4695E-05
   154.0      0.4373E-05
   155.0      0.4114E-05
   156.0      0.3905E-05
   157.0      0.3736E-05
   158.0      0.3599E-05
   159.0      0.3485E-05
   160.0      0.3384E-05
   161.0      0.3290E-05
   162.0      0.3196E-05
   163.0      0.3096E-05
   164.0      0.2987E-05
   165.0      0.2866E-05
   166.0      0.2731E-05
   167.0      0.2580E-05
   168.0      0.2416E-05
   169.0      0.2239E-05
   170.0      0.2053E-05
   171.0      0.1861E-05
   172.0      0.1669E-05
   173.0      0.1482E-05
   174.0      0.1304E-05
   175.0      0.1143E-05
   176.0      0.1002E-05
   177.0      0.8868E-06
   178.0      0.8016E-06
   179.0      0.7492E-06
   180.0      0.7316E-06
 END
