# Fusion cross sections for ELAB=  70.000, ECM=  63.596
     0.0   1.742       1.754      0.1193E-01
     1.0   15.67       15.78      0.1102    
     2.0   26.18       26.36      0.1812    
     3.0   36.80       37.04      0.2428    
     4.0   47.55       47.84      0.2923    
     5.0   58.49       58.82      0.3269    
     6.0   69.55       69.90      0.3484    
     7.0   80.67       81.04      0.3619    
     8.0   91.19       91.61      0.4168    
     9.0   99.21       99.80      0.5914    
    10.0   101.9       102.7      0.8704    
    11.0   95.88       97.06       1.188    
    12.0   79.58       81.03       1.450    
    13.0   57.90       59.39       1.487    
    14.0   38.38       39.65       1.270    
    15.0   24.20       25.13      0.9301    
    16.0   14.91       15.51      0.6067    
    17.0   9.087       9.452      0.3649    
    18.0   5.509       5.716      0.2079    
    19.0   3.328       3.442      0.1142    
    20.0   2.004       2.065      0.6135E-01
    21.0   1.204       1.236      0.3245E-01
    22.0  0.7208      0.7378      0.1700E-01
    23.0  0.4305      0.4394      0.8853E-02
    24.0  0.2565      0.2611      0.4591E-02
    25.0  0.1524      0.1548      0.2375E-02
    26.0  0.9038E-01  0.9161E-01  0.1227E-02
    27.0  0.5347E-01  0.5410E-01  0.6332E-03
    28.0  0.3157E-01  0.3189E-01  0.3265E-03
    29.0  0.1860E-01  0.1877E-01  0.1684E-03
    30.0  0.1094E-01  0.1103E-01  0.8679E-04
    31.0  0.6424E-02  0.6469E-02  0.4474E-04
    32.0  0.3766E-02  0.3789E-02  0.2306E-04
    33.0  0.2205E-02  0.2217E-02  0.1189E-04
    34.0  0.1289E-02  0.1295E-02  0.6128E-05
    35.0  0.7525E-03  0.7557E-03  0.3159E-05
    36.0  0.4388E-03  0.4404E-03  0.1628E-05
    37.0  0.2556E-03  0.2564E-03  0.8395E-06
    38.0  0.1487E-03  0.1491E-03  0.4328E-06
    39.0  0.8643E-04  0.8665E-04  0.2231E-06
    40.0  0.5018E-04  0.5030E-04  0.1151E-06
    41.0  0.2911E-04  0.2917E-04  0.5934E-07
    42.0  0.1687E-04  0.1690E-04  0.3060E-07
    43.0  0.9771E-05  0.9786E-05  0.1578E-07
    44.0  0.5654E-05  0.5662E-05  0.8137E-08
    45.0  0.3269E-05  0.3273E-05  0.4196E-08
    46.0  0.1889E-05  0.1891E-05  0.2164E-08
    47.0  0.1091E-05  0.1092E-05  0.1116E-08
    48.0  0.6292E-06  0.6298E-06  0.5757E-09
    49.0  0.3628E-06  0.3631E-06  0.2970E-09
    50.0  0.2091E-06  0.2092E-06  0.1532E-09
    51.0  0.1204E-06  0.1205E-06  0.7901E-10
    52.0  0.6931E-07  0.6936E-07  0.4076E-10
    53.0  0.3988E-07  0.3990E-07  0.2102E-10
    54.0  0.2293E-07  0.2294E-07  0.1084E-10
    55.0  0.1318E-07  0.1318E-07  0.5594E-11
    56.0  0.7569E-08  0.7572E-08  0.2886E-11
    57.0  0.4345E-08  0.4347E-08  0.1489E-11
    58.0  0.2494E-08  0.2495E-08  0.7680E-12
    59.0  0.1430E-08  0.1430E-08  0.3962E-12
    60.0  0.8207E-09  0.8209E-09  0.2044E-12
 &
