# 178 angles,  1 tensor ranks for 0=projectile
@subtitle   "20O(d,t) @ 30AMeV Daeh (d) + Pang (t)"                                         
@legend ON
@legend x1 0.2
@legend y1 0.8
@g0 type LOGY
@yaxis ticklabel format power
@legend string   0 "Lab energy =   70.0000"
#legend string   0 "Partition=  2 Excit=  2 near/far= 1"
#  Theta       sigma       iT11        T20         T21         T22         Kyy for projectile
   3.000       12.49    
   4.000       12.44    
   5.000       11.96    
   6.000       10.98    
   7.000       9.537    
   8.000       7.790    
   9.000       5.953    
   10.00       4.245    
   11.00       2.837    
   12.00       1.822    
   13.00       1.211    
   14.00      0.9429    
   15.00      0.9160    
   16.00       1.018    
   17.00       1.149    
   18.00       1.242    
   19.00       1.261    
   20.00       1.204    
   21.00       1.089    
   22.00      0.9443    
   23.00      0.8013    
   24.00      0.6830    
   25.00      0.6027    
   26.00      0.5629    
   27.00      0.5577    
   28.00      0.5757    
   29.00      0.6038    
   30.00      0.6301    
   31.00      0.6458    
   32.00      0.6464    
   33.00      0.6312    
   34.00      0.6027    
   35.00      0.5652    
   36.00      0.5238    
   37.00      0.4830    
   38.00      0.4465    
   39.00      0.4162    
   40.00      0.3926    
   41.00      0.3752    
   42.00      0.3624    
   43.00      0.3524    
   44.00      0.3432    
   45.00      0.3333    
   46.00      0.3217    
   47.00      0.3077    
   48.00      0.2915    
   49.00      0.2734    
   50.00      0.2541    
   51.00      0.2344    
   52.00      0.2150    
   53.00      0.1965    
   54.00      0.1795    
   55.00      0.1641    
   56.00      0.1505    
   57.00      0.1385    
   58.00      0.1279    
   59.00      0.1186    
   60.00      0.1102    
   61.00      0.1025    
   62.00      0.9526E-01
   63.00      0.8834E-01
   64.00      0.8167E-01
   65.00      0.7521E-01
   66.00      0.6896E-01
   67.00      0.6296E-01
   68.00      0.5725E-01
   69.00      0.5189E-01
   70.00      0.4692E-01
   71.00      0.4236E-01
   72.00      0.3822E-01
   73.00      0.3451E-01
   74.00      0.3120E-01
   75.00      0.2825E-01
   76.00      0.2564E-01
   77.00      0.2331E-01
   78.00      0.2122E-01
   79.00      0.1935E-01
   80.00      0.1764E-01
   81.00      0.1608E-01
   82.00      0.1464E-01
   83.00      0.1331E-01
   84.00      0.1207E-01
   85.00      0.1092E-01
   86.00      0.9854E-02
   87.00      0.8872E-02
   88.00      0.7971E-02
   89.00      0.7148E-02
   90.00      0.6401E-02
   91.00      0.5728E-02
   92.00      0.5125E-02
   93.00      0.4586E-02
   94.00      0.4108E-02
   95.00      0.3684E-02
   96.00      0.3308E-02
   97.00      0.2975E-02
   98.00      0.2679E-02
   99.00      0.2416E-02
   100.0      0.2180E-02
   101.0      0.1969E-02
   102.0      0.1779E-02
   103.0      0.1606E-02
   104.0      0.1450E-02
   105.0      0.1308E-02
   106.0      0.1178E-02
   107.0      0.1061E-02
   108.0      0.9537E-03
   109.0      0.8567E-03
   110.0      0.7688E-03
   111.0      0.6895E-03
   112.0      0.6182E-03
   113.0      0.5542E-03
   114.0      0.4969E-03
   115.0      0.4457E-03
   116.0      0.4000E-03
   117.0      0.3593E-03
   118.0      0.3230E-03
   119.0      0.2905E-03
   120.0      0.2615E-03
   121.0      0.2355E-03
   122.0      0.2122E-03
   123.0      0.1911E-03
   124.0      0.1721E-03
   125.0      0.1549E-03
   126.0      0.1393E-03
   127.0      0.1251E-03
   128.0      0.1123E-03
   129.0      0.1007E-03
   130.0      0.9017E-04
   131.0      0.8071E-04
   132.0      0.7221E-04
   133.0      0.6460E-04
   134.0      0.5782E-04
   135.0      0.5179E-04
   136.0      0.4646E-04
   137.0      0.4174E-04
   138.0      0.3759E-04
   139.0      0.3393E-04
   140.0      0.3072E-04
   141.0      0.2789E-04
   142.0      0.2540E-04
   143.0      0.2319E-04
   144.0      0.2123E-04
   145.0      0.1948E-04
   146.0      0.1791E-04
   147.0      0.1649E-04
   148.0      0.1520E-04
   149.0      0.1401E-04
   150.0      0.1291E-04
   151.0      0.1189E-04
   152.0      0.1093E-04
   153.0      0.1003E-04
   154.0      0.9177E-05
   155.0      0.8381E-05
   156.0      0.7635E-05
   157.0      0.6942E-05
   158.0      0.6304E-05
   159.0      0.5725E-05
   160.0      0.5209E-05
   161.0      0.4757E-05
   162.0      0.4372E-05
   163.0      0.4056E-05
   164.0      0.3805E-05
   165.0      0.3619E-05
   166.0      0.3492E-05
   167.0      0.3418E-05
   168.0      0.3390E-05
   169.0      0.3401E-05
   170.0      0.3441E-05
   171.0      0.3503E-05
   172.0      0.3578E-05
   173.0      0.3659E-05
   174.0      0.3740E-05
   175.0      0.3817E-05
   176.0      0.3884E-05
   177.0      0.3939E-05
   178.0      0.3980E-05
   179.0      0.4005E-05
   180.0      0.4014E-05
 END
