           1           2           1
    0.5+     0 1   16.94       0.000    
    0.5-     1 1   17.49       0.000    
    1.5+     2 1   34.99       0.000    
    1.5-     1 1   34.73       0.000    
    2.5+     2 1   52.35       0.000    
    2.5-     3 1   54.88       0.000    
    3.5+     4 1   76.76       0.000    
    3.5-     3 1   70.79       0.000    
    4.5+     4 1   98.65       0.000    
    4.5-     5 1   65.39       0.000    
    5.5+     6 1   34.41       0.000    
    5.5-     5 1   85.88       0.000    
    6.5+     6 1   42.54       0.000    
    6.5-     7 1   14.70       0.000    
    7.5+     8 1   5.859       0.000    
    7.5-     7 1   17.23       0.000    
    8.5+     8 1   6.658       0.000    
    8.5-     9 1   2.270       0.000    
    9.5+    10 1  0.8646       0.000    
    9.5-     9 1   2.532       0.000    
   10.5+    10 1  0.9525       0.000    
   10.5-    11 1  0.3250       0.000    
   11.5+    12 1  0.1208       0.000    
   11.5-    11 1  0.3547       0.000    
   12.5+    12 1  0.1309       0.000    
   12.5-    13 1  0.4451E-01   0.000    
   13.5+    14 1  0.1626E-01   0.000    
   13.5-    13 1  0.4794E-01   0.000    
   14.5+    14 1  0.1742E-01   0.000    
   14.5-    15 1  0.5900E-02   0.000    
   15.5+    16 1  0.2127E-02   0.000    
   15.5-    15 1  0.6293E-02   0.000    
   16.5+    16 1  0.2260E-02   0.000    
   16.5-    17 1  0.7627E-03   0.000    
   17.5+    18 1  0.2721E-03   0.000    
   17.5-    17 1  0.8075E-03   0.000    
