# 178 angles,  1 tensor ranks for 0=projectile
@subtitle   "p+O20 with CH89;"                                                              
@legend ON
@legend x1 0.2
@legend y1 0.8
@g0 type LOGY
@yaxis ticklabel format power
@legend string   0 "Lab energy =   35.0000"
#legend string   0 "Partition=  1 Excit=  1 near/far= 1"
#  Theta       sigma       iT11        T20         T21         T22         Kyy for projectile
   3.000      0.1304E+06
   4.000      0.3734E+05
   5.000      0.1430E+05
   6.000       6946.    
   7.000       4180.    
   8.000       3002.    
   9.000       2437.    
   10.00       2125.    
   11.00       1923.    
   12.00       1768.    
   13.00       1634.    
   14.00       1508.    
   15.00       1387.    
   16.00       1268.    
   17.00       1151.    
   18.00       1038.    
   19.00       928.9    
   20.00       824.7    
   21.00       726.3    
   22.00       634.3    
   23.00       549.2    
   24.00       471.4    
   25.00       400.8    
   26.00       337.6    
   27.00       281.5    
   28.00       232.4    
   29.00       189.9    
   30.00       153.6    
   31.00       123.0    
   32.00       97.58    
   33.00       76.87    
   34.00       60.33    
   35.00       47.43    
   36.00       37.66    
   37.00       30.54    
   38.00       25.62    
   39.00       22.49    
   40.00       20.76    
   41.00       20.10    
   42.00       20.23    
   43.00       20.88    
   44.00       21.85    
   45.00       22.96    
   46.00       24.08    
   47.00       25.09    
   48.00       25.92    
   49.00       26.51    
   50.00       26.84    
   51.00       26.89    
   52.00       26.66    
   53.00       26.17    
   54.00       25.44    
   55.00       24.49    
   56.00       23.35    
   57.00       22.08    
   58.00       20.69    
   59.00       19.22    
   60.00       17.71    
   61.00       16.19    
   62.00       14.68    
   63.00       13.21    
   64.00       11.80    
   65.00       10.46    
   66.00       9.209    
   67.00       8.052    
   68.00       6.997    
   69.00       6.046    
   70.00       5.199    
   71.00       4.456    
   72.00       3.811    
   73.00       3.260    
   74.00       2.796    
   75.00       2.413    
   76.00       2.102    
   77.00       1.855    
   78.00       1.665    
   79.00       1.523    
   80.00       1.421    
   81.00       1.353    
   82.00       1.312    
   83.00       1.291    
   84.00       1.285    
   85.00       1.290    
   86.00       1.300    
   87.00       1.314    
   88.00       1.326    
   89.00       1.336    
   90.00       1.342    
   91.00       1.342    
   92.00       1.335    
   93.00       1.321    
   94.00       1.300    
   95.00       1.272    
   96.00       1.238    
   97.00       1.197    
   98.00       1.150    
   99.00       1.100    
   100.0       1.045    
   101.0      0.9872    
   102.0      0.9274    
   103.0      0.8664    
   104.0      0.8049    
   105.0      0.7438    
   106.0      0.6837    
   107.0      0.6251    
   108.0      0.5688    
   109.0      0.5150    
   110.0      0.4642    
   111.0      0.4166    
   112.0      0.3726    
   113.0      0.3322    
   114.0      0.2955    
   115.0      0.2625    
   116.0      0.2332    
   117.0      0.2074    
   118.0      0.1852    
   119.0      0.1662    
   120.0      0.1503    
   121.0      0.1373    
   122.0      0.1269    
   123.0      0.1189    
   124.0      0.1129    
   125.0      0.1089    
   126.0      0.1064    
   127.0      0.1053    
   128.0      0.1052    
   129.0      0.1060    
   130.0      0.1075    
   131.0      0.1094    
   132.0      0.1116    
   133.0      0.1138    
   134.0      0.1160    
   135.0      0.1181    
   136.0      0.1198    
   137.0      0.1212    
   138.0      0.1222    
   139.0      0.1228    
   140.0      0.1229    
   141.0      0.1225    
   142.0      0.1217    
   143.0      0.1204    
   144.0      0.1187    
   145.0      0.1167    
   146.0      0.1144    
   147.0      0.1119    
   148.0      0.1092    
   149.0      0.1065    
   150.0      0.1038    
   151.0      0.1011    
   152.0      0.9865E-01
   153.0      0.9639E-01
   154.0      0.9441E-01
   155.0      0.9278E-01
   156.0      0.9153E-01
   157.0      0.9070E-01
   158.0      0.9032E-01
   159.0      0.9041E-01
   160.0      0.9097E-01
   161.0      0.9198E-01
   162.0      0.9345E-01
   163.0      0.9533E-01
   164.0      0.9760E-01
   165.0      0.1002    
   166.0      0.1031    
   167.0      0.1062    
   168.0      0.1095    
   169.0      0.1128    
   170.0      0.1162    
   171.0      0.1195    
   172.0      0.1227    
   173.0      0.1257    
   174.0      0.1284    
   175.0      0.1309    
   176.0      0.1329    
   177.0      0.1346    
   178.0      0.1358    
   179.0      0.1365    
   180.0      0.1368    
 END
