# 178 angles,  1 tensor ranks for 0=projectile
@subtitle   "20O + d 3-?;"                                                                  
@legend ON
@legend x1 0.2
@legend y1 0.8
@g0 type LOGY
@yaxis ticklabel format power
@legend string   0 "Lab energy =   70.0000"
#legend string   0 "Partition=  1 Excit=  1 near/far= 1"
#  Theta       sigma       iT11        T20         T21         T22         Kyy for projectile
   3.000      0.2712E+05
   4.000      0.1161E+05
   5.000       8325.    
   6.000       6852.    
   7.000       5631.    
   8.000       4456.    
   9.000       3360.    
   10.00       2397.    
   11.00       1606.    
   12.00       998.1    
   13.00       565.1    
   14.00       284.7    
   15.00       126.8    
   16.00       58.82    
   17.00       50.21    
   18.00       74.87    
   19.00       112.7    
   20.00       149.6    
   21.00       177.4    
   22.00       192.4    
   23.00       194.4    
   24.00       185.4    
   25.00       168.5    
   26.00       147.1    
   27.00       124.3    
   28.00       102.5    
   29.00       83.26    
   30.00       67.46    
   31.00       55.32    
   32.00       46.58    
   33.00       40.65    
   34.00       36.85    
   35.00       34.45    
   36.00       32.84    
   37.00       31.51    
   38.00       30.12    
   39.00       28.49    
   40.00       26.54    
   41.00       24.29    
   42.00       21.84    
   43.00       19.30    
   44.00       16.77    
   45.00       14.38    
   46.00       12.19    
   47.00       10.26    
   48.00       8.620    
   49.00       7.258    
   50.00       6.156    
   51.00       5.283    
   52.00       4.599    
   53.00       4.062    
   54.00       3.635    
   55.00       3.284    
   56.00       2.984    
   57.00       2.716    
   58.00       2.467    
   59.00       2.230    
   60.00       2.002    
   61.00       1.783    
   62.00       1.576    
   63.00       1.382    
   64.00       1.205    
   65.00       1.045    
   66.00      0.9049    
   67.00      0.7834    
   68.00      0.6799    
   69.00      0.5932    
   70.00      0.5210    
   71.00      0.4613    
   72.00      0.4117    
   73.00      0.3700    
   74.00      0.3345    
   75.00      0.3035    
   76.00      0.2757    
   77.00      0.2503    
   78.00      0.2267    
   79.00      0.2045    
   80.00      0.1836    
   81.00      0.1640    
   82.00      0.1458    
   83.00      0.1289    
   84.00      0.1136    
   85.00      0.9975E-01
   86.00      0.8751E-01
   87.00      0.7678E-01
   88.00      0.6750E-01
   89.00      0.5955E-01
   90.00      0.5279E-01
   91.00      0.4707E-01
   92.00      0.4222E-01
   93.00      0.3808E-01
   94.00      0.3452E-01
   95.00      0.3142E-01
   96.00      0.2865E-01
   97.00      0.2616E-01
   98.00      0.2386E-01
   99.00      0.2172E-01
   100.0      0.1971E-01
   101.0      0.1782E-01
   102.0      0.1604E-01
   103.0      0.1436E-01
   104.0      0.1281E-01
   105.0      0.1137E-01
   106.0      0.1005E-01
   107.0      0.8856E-02
   108.0      0.7790E-02
   109.0      0.6846E-02
   110.0      0.6020E-02
   111.0      0.5303E-02
   112.0      0.4687E-02
   113.0      0.4160E-02
   114.0      0.3711E-02
   115.0      0.3328E-02
   116.0      0.3002E-02
   117.0      0.2721E-02
   118.0      0.2477E-02
   119.0      0.2262E-02
   120.0      0.2070E-02
   121.0      0.1896E-02
   122.0      0.1735E-02
   123.0      0.1585E-02
   124.0      0.1445E-02
   125.0      0.1313E-02
   126.0      0.1188E-02
   127.0      0.1070E-02
   128.0      0.9602E-03
   129.0      0.8579E-03
   130.0      0.7636E-03
   131.0      0.6774E-03
   132.0      0.5994E-03
   133.0      0.5294E-03
   134.0      0.4673E-03
   135.0      0.4126E-03
   136.0      0.3650E-03
   137.0      0.3238E-03
   138.0      0.2885E-03
   139.0      0.2583E-03
   140.0      0.2326E-03
   141.0      0.2109E-03
   142.0      0.1925E-03
   143.0      0.1768E-03
   144.0      0.1635E-03
   145.0      0.1521E-03
   146.0      0.1422E-03
   147.0      0.1336E-03
   148.0      0.1259E-03
   149.0      0.1191E-03
   150.0      0.1128E-03
   151.0      0.1069E-03
   152.0      0.1014E-03
   153.0      0.9599E-04
   154.0      0.9069E-04
   155.0      0.8542E-04
   156.0      0.8011E-04
   157.0      0.7476E-04
   158.0      0.6937E-04
   159.0      0.6400E-04
   160.0      0.5870E-04
   161.0      0.5358E-04
   162.0      0.4876E-04
   163.0      0.4434E-04
   164.0      0.4048E-04
   165.0      0.3728E-04
   166.0      0.3485E-04
   167.0      0.3327E-04
   168.0      0.3256E-04
   169.0      0.3273E-04
   170.0      0.3373E-04
   171.0      0.3546E-04
   172.0      0.3777E-04
   173.0      0.4051E-04
   174.0      0.4348E-04
   175.0      0.4646E-04
   176.0      0.4924E-04
   177.0      0.5164E-04
   178.0      0.5348E-04
   179.0      0.5464E-04
   180.0      0.5504E-04
 END
