# 178 angles,  1 tensor ranks for 0=projectile
@subtitle   "20O + d Ex 8.575 2+ as 1-;"                                                    
@legend ON
@legend x1 0.2
@legend y1 0.8
@g0 type LOGY
@yaxis ticklabel format power
@legend string   0 "Lab energy =   70.0000"
#legend string   0 "Partition=  1 Excit=  2 near/far= 1"
#  Theta       sigma       iT11        T20         T21         T22         Kyy for projectile
   3.000       44.92    
   4.000       70.85    
   5.000       97.86    
   6.000       121.5    
   7.000       137.8    
   8.000       144.4    
   9.000       140.7    
   10.00       128.1    
   11.00       109.1    
   12.00       86.79    
   13.00       64.08    
   14.00       43.52    
   15.00       27.05    
   16.00       15.81    
   17.00       10.11    
   18.00       9.391    
   19.00       12.52    
   20.00       18.04    
   21.00       24.48    
   22.00       30.61    
   23.00       35.48    
   24.00       38.53    
   25.00       39.53    
   26.00       38.60    
   27.00       36.09    
   28.00       32.54    
   29.00       28.49    
   30.00       24.47    
   31.00       20.87    
   32.00       17.97    
   33.00       15.88    
   34.00       14.60    
   35.00       14.03    
   36.00       13.99    
   37.00       14.26    
   38.00       14.65    
   39.00       14.97    
   40.00       15.10    
   41.00       14.95    
   42.00       14.51    
   43.00       13.76    
   44.00       12.77    
   45.00       11.59    
   46.00       10.31    
   47.00       9.013    
   48.00       7.766    
   49.00       6.622    
   50.00       5.620    
   51.00       4.780    
   52.00       4.104    
   53.00       3.581    
   54.00       3.190    
   55.00       2.904    
   56.00       2.695    
   57.00       2.536    
   58.00       2.406    
   59.00       2.286    
   60.00       2.163    
   61.00       2.029    
   62.00       1.882    
   63.00       1.723    
   64.00       1.555    
   65.00       1.383    
   66.00       1.213    
   67.00       1.051    
   68.00      0.9016    
   69.00      0.7682    
   70.00      0.6532    
   71.00      0.5570    
   72.00      0.4787    
   73.00      0.4164    
   74.00      0.3679    
   75.00      0.3306    
   76.00      0.3019    
   77.00      0.2794    
   78.00      0.2609    
   79.00      0.2446    
   80.00      0.2295    
   81.00      0.2147    
   82.00      0.1994    
   83.00      0.1834    
   84.00      0.1666    
   85.00      0.1495    
   86.00      0.1326    
   87.00      0.1166    
   88.00      0.1018    
   89.00      0.8850E-01
   90.00      0.7666E-01
   91.00      0.6636E-01
   92.00      0.5763E-01
   93.00      0.5043E-01
   94.00      0.4461E-01
   95.00      0.3998E-01
   96.00      0.3630E-01
   97.00      0.3342E-01
   98.00      0.3117E-01
   99.00      0.2938E-01
   100.0      0.2782E-01
   101.0      0.2631E-01
   102.0      0.2471E-01
   103.0      0.2300E-01
   104.0      0.2122E-01
   105.0      0.1943E-01
   106.0      0.1765E-01
   107.0      0.1589E-01
   108.0      0.1416E-01
   109.0      0.1248E-01
   110.0      0.1091E-01
   111.0      0.9466E-02
   112.0      0.8158E-02
   113.0      0.6989E-02
   114.0      0.5969E-02
   115.0      0.5118E-02
   116.0      0.4447E-02
   117.0      0.3946E-02
   118.0      0.3579E-02
   119.0      0.3304E-02
   120.0      0.3084E-02
   121.0      0.2899E-02
   122.0      0.2741E-02
   123.0      0.2603E-02
   124.0      0.2480E-02
   125.0      0.2368E-02
   126.0      0.2265E-02
   127.0      0.2166E-02
   128.0      0.2060E-02
   129.0      0.1936E-02
   130.0      0.1783E-02
   131.0      0.1604E-02
   132.0      0.1417E-02
   133.0      0.1240E-02
   134.0      0.1084E-02
   135.0      0.9514E-03
   136.0      0.8364E-03
   137.0      0.7305E-03
   138.0      0.6288E-03
   139.0      0.5321E-03
   140.0      0.4433E-03
   141.0      0.3658E-03
   142.0      0.3047E-03
   143.0      0.2646E-03
   144.0      0.2448E-03
   145.0      0.2393E-03
   146.0      0.2396E-03
   147.0      0.2380E-03
   148.0      0.2312E-03
   149.0      0.2223E-03
   150.0      0.2158E-03
   151.0      0.2121E-03
   152.0      0.2091E-03
   153.0      0.2073E-03
   154.0      0.2076E-03
   155.0      0.2099E-03
   156.0      0.2144E-03
   157.0      0.2193E-03
   158.0      0.2184E-03
   159.0      0.2073E-03
   160.0      0.1909E-03
   161.0      0.1776E-03
   162.0      0.1721E-03
   163.0      0.1742E-03
   164.0      0.1791E-03
   165.0      0.1773E-03
   166.0      0.1632E-03
   167.0      0.1419E-03
   168.0      0.1230E-03
   169.0      0.1101E-03
   170.0      0.1039E-03
   171.0      0.1048E-03
   172.0      0.1073E-03
   173.0      0.1031E-03
   174.0      0.9428E-04
   175.0      0.8925E-04
   176.0      0.8742E-04
   177.0      0.8300E-04
   178.0      0.7915E-04
   179.0      0.8118E-04
   180.0      0.8377E-04
 END
