           2           1           1
    0.0-     1 1   1.757       0.000      0.1619E-01   1.741    
    1.0+     0 1   5.253      0.2614E-06  0.4718E-01   5.206    
    1.0+     2 2   5.298      0.2614E-06  0.6056E-01   5.237    
    1.0-     1 1   5.269       0.000      0.5119E-01   5.218    
    2.0+     2 1   8.825       0.000      0.1115       8.713    
    2.0-     1 1   8.782      0.4921E-06  0.9676E-01   8.685    
    2.0-     3 2   8.898      0.4921E-06  0.1273       8.771    
    3.0+     2 1   12.35      0.8055E-06  0.1798       12.17    
    3.0+     4 2   12.57      0.8055E-06  0.2270       12.34    
    3.0-     3 1   12.45       0.000      0.2004       12.25    
    4.0+     4 1   16.14       0.000      0.3340       15.81    
    4.0-     3 1   16.00      0.1213E-05  0.2980       15.70    
    4.0-     5 2   16.36      0.1213E-05  0.3433       16.01    
    5.0+     4 1   19.71      0.1770E-05  0.4689       19.24    
    5.0+     6 2   20.17      0.1770E-05  0.5068       19.66    
    5.0-     5 1   19.96       0.000      0.4815       19.47    
    6.0+     6 1   23.80       0.000      0.6532       23.15    
    6.0-     5 1   23.53      0.2115E-05  0.6562       22.87    
    6.0-     7 2   24.16      0.2115E-05  0.6955       23.46    
    7.0+     6 1   27.43      0.1633E-05  0.8445       26.59    
    7.0+     8 2   28.20      0.1633E-05   1.342       26.85    
    7.0-     7 1   27.67       0.000      0.7861       26.89    
    8.0+     8 1   31.81       0.000       1.090       30.72    
    8.0-     7 1   31.25      0.7576E-06  0.9794       30.27    
    8.0-     9 2   31.40      0.7576E-06   2.662       28.74    
    9.0+     8 1   35.17      0.1989E-06   1.029       34.14    
    9.0+    10 2   32.42      0.1989E-06   3.780       28.64    
    9.0-     9 1   35.62       0.000       2.240       33.38    
   10.0+    10 1   37.24       0.000       3.807       33.44    
   10.0-     9 1   39.47      0.2690E-07   1.579       37.89    
   10.0-    11 2   30.15      0.2690E-07   3.788       26.36    
   11.0+    10 1   42.24      0.1794E-08   3.293       38.95    
   11.0+    12 2   24.71      0.1794E-08   2.753       21.95    
   11.0-    11 1   34.85       0.000       4.266       30.58    
   12.0+    12 1   28.37       0.000       3.207       25.16    
   12.0-    11 1   40.20      0.6420E-10   4.588       35.61    
   12.0-    13 2   17.87      0.6420E-10   1.522       16.35    
   13.0+    12 1   32.69      0.1479E-11   3.732       28.96    
   13.0+    14 2   11.78      0.1479E-11  0.6895       11.09    
   13.0-    13 1   20.16       0.000       1.752       18.41    
   14.0+    14 1   13.03       0.000      0.7750       12.26    
   14.0-    13 1   22.80      0.2575E-13   2.028       20.78    
   14.0-    15 2   7.373      0.2575E-13  0.2750       7.098    
   15.0+    14 1   14.41      0.3841E-15  0.8725       13.53    
   15.0+    16 2   4.501      0.3841E-15  0.1007       4.401    
   15.0-    15 1   8.022       0.000      0.3025       7.720    
   16.0+    16 1   4.841       0.000      0.1091       4.732    
   16.0-    15 1   8.710      0.5320E-17  0.3324       8.378    
   16.0-    17 2   2.720      0.5320E-17  0.3430E-01   2.686    
   17.0+    16 1   5.193      0.7098E-19  0.1178       5.075    
   17.0+    18 2   1.637      0.7098E-19  0.1073E-01   1.626    
   17.0-    17 1   2.902       0.000      0.3675E-01   2.865    
   18.0+    18 1   1.736       0.000      0.1141E-01   1.725    
   18.0-    17 1   3.087      0.9199E-21  0.3927E-01   3.048    
   18.0-    19 2  0.9830      0.9198E-21  0.2985E-02  0.9801    
   19.0+    18 1   1.837      0.1150E-22  0.1210E-01   1.825    
   19.0+    20 2  0.5894      0.1149E-22  0.7348E-03  0.5887    
   19.0-    19 1   1.038       0.000      0.3157E-02   1.035    
   20.0+    20 1  0.6203       0.000      0.7740E-03  0.6196    
   20.0-    19 1   1.094      0.1358E-24  0.3332E-02   1.090    
   20.0-    21 2  0.3529      0.1356E-24  0.2471E-03  0.3527    
   21.0+    20 1  0.6513      0.1322E-26  0.8135E-03  0.6505    
   21.0+    22 2  0.2110      0.1475E-26  0.2425E-03  0.2108    
   21.0-    21 1  0.3704       0.000      0.2593E-03  0.3701    
   22.0+    22 1  0.2209       0.000      0.2538E-03  0.2207    
   22.0-    21 1  0.3878      0.1650E-28  0.2715E-03  0.3876    
   22.0-    23 2  0.1260      0.1424E-28  0.3224E-03  0.1257    
   23.0+    22 1  0.2308      0.7420E-30  0.2650E-03  0.2305    
   23.0+    24 2  0.7514E-01  0.1237E-30  0.3767E-03  0.7476E-01
   23.0-    23 1  0.1316       0.000      0.3367E-03  0.1313    
   24.0+    24 1  0.7834E-01   0.000      0.3928E-03  0.7795E-01
   24.0-    23 1  0.1372      0.7122E-31  0.3510E-03  0.1369    
   24.0-    25 2  0.4478E-01  0.1224E-32  0.3985E-03  0.4438E-01
   25.0+    24 1  0.8155E-01  0.1593E-29  0.4088E-03  0.8114E-01
   25.0+    26 2  0.2668E-01  0.5933E-34  0.3885E-03  0.2629E-01
   25.0-    25 1  0.4661E-01   0.000      0.4148E-03  0.4619E-01
   26.0+    26 1  0.2772E-01   0.000      0.4037E-03  0.2732E-01
   26.0-    25 1  0.4844E-01  0.1789E-30  0.4310E-03  0.4801E-01
   26.0-    27 2  0.1591E-01  0.4929E-35  0.3665E-03  0.1554E-01
   27.0+    26 1  0.2877E-01  0.6900E-29  0.4189E-03  0.2835E-01
   27.0+    28 2  0.9503E-02  0.6120E-36  0.3335E-03  0.9169E-02
   27.0-    27 1  0.1651E-01   0.000      0.3803E-03  0.1613E-01
   28.0+    28 1  0.9849E-02   0.000      0.3457E-03  0.9503E-02
   28.0-    27 1  0.1711E-01  0.8056E-32  0.3942E-03  0.1671E-01
   28.0-    29 2  0.5701E-02  0.3687E-37  0.3000E-03  0.5401E-02
   29.0+    28 1  0.1019E-01  0.5408E-30  0.3578E-03  0.9836E-02
   29.0+    30 2  0.3443E-02  0.2987E-38  0.2670E-03  0.3176E-02
   29.0-    29 1  0.5901E-02   0.000      0.3106E-03  0.5590E-02
   30.0+    30 1  0.3559E-02   0.000      0.2761E-03  0.3283E-02
   30.0-    29 1  0.6101E-02  0.1654E-30  0.3211E-03  0.5780E-02
   30.0-    31 2  0.2099E-02  0.2581E-37  0.2347E-03  0.1864E-02
   31.0+    30 1  0.3676E-02  0.4794E-30  0.2851E-03  0.3391E-02
   31.0+    32 2  0.1301E-02  0.3367E-38  0.2080E-03  0.1093E-02
   31.0-    31 1  0.2168E-02   0.000      0.2424E-03  0.1925E-02
   32.0+    32 1  0.1342E-02   0.000      0.2146E-03  0.1127E-02
   32.0-    31 1  0.2236E-02  0.1991E-30  0.2501E-03  0.1986E-02
   32.0-    33 2  0.8205E-03  0.1898E-37  0.1809E-03  0.6396E-03
   33.0+    32 1  0.1383E-02  0.2171E-30  0.2212E-03  0.1162E-02
   33.0+    34 2  0.5339E-03  0.2971E-37  0.1600E-03  0.3739E-03
   33.0-    33 1  0.8458E-03   0.000      0.1865E-03  0.6593E-03
   34.0+    34 1  0.5498E-03   0.000      0.1648E-03  0.3850E-03
   34.0-    33 1  0.8710E-03  0.1317E-29  0.1921E-03  0.6790E-03
   34.0-    35 2  0.3579E-03  0.9850E-37  0.1396E-03  0.2183E-03
   35.0+    34 1  0.5658E-03  0.1535E-30  0.1696E-03  0.3962E-03
   35.0+    36 2  0.2497E-03  0.2202E-37  0.1224E-03  0.1273E-03
   35.0-    35 1  0.3683E-03   0.000      0.1436E-03  0.2246E-03
   36.0+    36 1  0.2567E-03   0.000      0.1258E-03  0.1309E-03
   36.0-    35 1  0.3786E-03  0.1390E-29  0.1477E-03  0.2309E-03
   36.0-    37 2  0.1824E-03  0.3889E-37  0.1082E-03  0.7416E-04
   37.0+    36 1  0.2637E-03  0.5353E-30  0.1293E-03  0.1345E-03
   37.0+    38 2  0.1370E-03  0.2671E-39  0.9385E-04  0.4316E-04
   37.0-    37 1  0.1874E-03   0.000      0.1112E-03  0.7619E-04
   38.0+    38 1  0.1407E-03   0.000      0.9635E-04  0.4431E-04
   38.0-    37 1  0.1924E-03  0.1028E-30  0.1142E-03  0.7822E-04
   38.0-    39 2  0.1089E-03  0.1204E-38  0.8384E-04  0.2510E-04
   39.0+    38 1  0.1443E-03  0.1238E-30  0.9885E-04  0.4546E-04
   39.0+    40 2  0.8756E-04  0.1068E-37  0.7297E-04  0.1458E-04
   39.0-    39 1  0.1118E-03   0.000      0.8601E-04  0.2575E-04
   40.0+    40 1  0.8977E-04   0.000      0.7482E-04  0.1495E-04
   40.0-    39 1  0.1146E-03  0.9395E-31  0.8819E-04  0.2640E-04
   40.0-    41 2  0.7307E-04  0.5575E-40  0.6459E-04  0.8473E-05
   41.0+    40 1  0.9199E-04  0.9011E-30  0.7667E-04  0.1532E-04
   41.0+    42 2  0.6250E-04  0.1042E-39  0.5758E-04  0.4924E-05
   41.0-    41 1  0.7487E-04   0.000      0.6619E-04  0.8682E-05
   42.0+    42 1  0.6401E-04   0.000      0.5896E-04  0.5043E-05
   42.0-    41 1  0.7667E-04  0.1434E-33  0.6778E-04  0.8892E-05
   42.0-    43 2  0.5285E-04  0.8270E-40  0.4999E-04  0.2861E-05
   43.0+    42 1  0.6551E-04  0.7452E-31  0.6035E-04  0.5162E-05
   43.0+    44 2  0.4703E-04  0.2950E-39  0.4537E-04  0.1669E-05
   43.0-    43 1  0.5410E-04   0.000      0.5117E-04  0.2928E-05
   44.0+    44 1  0.4812E-04   0.000      0.4641E-04  0.1707E-05
   44.0-    43 1  0.5534E-04  0.1072E-32  0.5235E-04  0.2996E-05
   44.0-    45 2  0.4061E-04  0.3520E-39  0.3964E-04  0.9744E-06
   45.0+    44 1  0.4920E-04  0.4155E-33  0.4745E-04  0.1745E-05
   45.0+    46 2  0.3588E-04  0.7600E-40  0.3531E-04  0.5731E-06
   45.0-    45 1  0.4152E-04   0.000      0.4053E-04  0.9963E-06
   46.0+    46 1  0.3667E-04   0.000      0.3609E-04  0.5857E-06
   46.0-    45 1  0.4244E-04  0.2725E-30  0.4142E-04  0.1018E-05
   46.0-    47 2  0.3242E-04  0.1589E-38  0.3208E-04  0.3423E-06
   47.0+    46 1  0.3746E-04  0.4324E-30  0.3686E-04  0.5983E-06
   47.0+    48 2  0.2798E-04  0.3619E-39  0.2778E-04  0.2051E-06
   47.0-    47 1  0.3312E-04   0.000      0.3277E-04  0.3497E-06
   48.0+    48 1  0.2857E-04   0.000      0.2836E-04  0.2094E-06
   48.0-    47 1  0.3381E-04  0.2020E-31  0.3346E-04  0.3570E-06
   48.0-    49 2  0.2574E-04  0.1008E-38  0.2561E-04  0.1289E-06
   49.0+    48 1  0.2916E-04  0.1480E-30  0.2895E-04  0.2137E-06
   49.0+    50 2  0.2284E-04  0.2524E-39  0.2276E-04  0.8295E-07
   49.0-    49 1  0.2627E-04   0.000      0.2614E-04  0.1315E-06
   50.0+    50 1  0.2330E-04   0.000      0.2322E-04  0.8463E-07
   50.0-    49 1  0.2680E-04  0.5338E-31  0.2666E-04  0.1342E-06
   50.0-    51 2  0.2014E-04  0.5444E-38  0.2008E-04  0.5517E-07
