# 178 angles,  1 tensor ranks for 0=projectile
@subtitle   "p+O20 1.with BG ;"                                                             
@legend ON
@legend x1 0.2
@legend y1 0.8
@g0 type LOGY
@yaxis ticklabel format power
@legend string   0 "Lab energy =   43.0000"
#legend string   0 "Partition=  1 Excit=  2 near/far= 1"
#  Theta       sigma       iT11        T20         T21         T22         Kyy for projectile
   3.000       20.40    
   4.000       19.89    
   5.000       19.27    
   6.000       18.57    
   7.000       17.82    
   8.000       17.04    
   9.000       16.28    
   10.00       15.55    
   11.00       14.89    
   12.00       14.32    
   13.00       13.85    
   14.00       13.49    
   15.00       13.24    
   16.00       13.10    
   17.00       13.06    
   18.00       13.10    
   19.00       13.19    
   20.00       13.31    
   21.00       13.44    
   22.00       13.54    
   23.00       13.60    
   24.00       13.59    
   25.00       13.51    
   26.00       13.32    
   27.00       13.05    
   28.00       12.67    
   29.00       12.20    
   30.00       11.65    
   31.00       11.02    
   32.00       10.34    
   33.00       9.611    
   34.00       8.857    
   35.00       8.091    
   36.00       7.329    
   37.00       6.585    
   38.00       5.872    
   39.00       5.202    
   40.00       4.583    
   41.00       4.023    
   42.00       3.527    
   43.00       3.098    
   44.00       2.737    
   45.00       2.443    
   46.00       2.213    
   47.00       2.041    
   48.00       1.924    
   49.00       1.852    
   50.00       1.818    
   51.00       1.815    
   52.00       1.833    
   53.00       1.866    
   54.00       1.907    
   55.00       1.948    
   56.00       1.986    
   57.00       2.015    
   58.00       2.032    
   59.00       2.036    
   60.00       2.026    
   61.00       2.000    
   62.00       1.959    
   63.00       1.903    
   64.00       1.835    
   65.00       1.754    
   66.00       1.664    
   67.00       1.565    
   68.00       1.460    
   69.00       1.351    
   70.00       1.239    
   71.00       1.127    
   72.00       1.016    
   73.00      0.9075    
   74.00      0.8041    
   75.00      0.7064    
   76.00      0.6157    
   77.00      0.5326    
   78.00      0.4576    
   79.00      0.3910    
   80.00      0.3328    
   81.00      0.2827    
   82.00      0.2404    
   83.00      0.2053    
   84.00      0.1767    
   85.00      0.1540    
   86.00      0.1365    
   87.00      0.1235    
   88.00      0.1143    
   89.00      0.1082    
   90.00      0.1047    
   91.00      0.1031    
   92.00      0.1031    
   93.00      0.1041    
   94.00      0.1058    
   95.00      0.1077    
   96.00      0.1096    
   97.00      0.1112    
   98.00      0.1122    
   99.00      0.1125    
   100.0      0.1120    
   101.0      0.1107    
   102.0      0.1085    
   103.0      0.1054    
   104.0      0.1017    
   105.0      0.9724E-01
   106.0      0.9229E-01
   107.0      0.8695E-01
   108.0      0.8132E-01
   109.0      0.7553E-01
   110.0      0.6967E-01
   111.0      0.6383E-01
   112.0      0.5808E-01
   113.0      0.5248E-01
   114.0      0.4708E-01
   115.0      0.4192E-01
   116.0      0.3704E-01
   117.0      0.3247E-01
   118.0      0.2823E-01
   119.0      0.2435E-01
   120.0      0.2084E-01
   121.0      0.1771E-01
   122.0      0.1497E-01
   123.0      0.1260E-01
   124.0      0.1061E-01
   125.0      0.8961E-02
   126.0      0.7630E-02
   127.0      0.6583E-02
   128.0      0.5782E-02
   129.0      0.5189E-02
   130.0      0.4770E-02
   131.0      0.4491E-02
   132.0      0.4326E-02
   133.0      0.4253E-02
   134.0      0.4256E-02
   135.0      0.4321E-02
   136.0      0.4438E-02
   137.0      0.4597E-02
   138.0      0.4786E-02
   139.0      0.4993E-02
   140.0      0.5205E-02
   141.0      0.5409E-02
   142.0      0.5591E-02
   143.0      0.5741E-02
   144.0      0.5848E-02
   145.0      0.5904E-02
   146.0      0.5906E-02
   147.0      0.5852E-02
   148.0      0.5744E-02
   149.0      0.5586E-02
   150.0      0.5385E-02
   151.0      0.5150E-02
   152.0      0.4891E-02
   153.0      0.4618E-02
   154.0      0.4339E-02
   155.0      0.4060E-02
   156.0      0.3787E-02
   157.0      0.3521E-02
   158.0      0.3262E-02
   159.0      0.3009E-02
   160.0      0.2761E-02
   161.0      0.2518E-02
   162.0      0.2282E-02
   163.0      0.2056E-02
   164.0      0.1842E-02
   165.0      0.1645E-02
   166.0      0.1468E-02
   167.0      0.1312E-02
   168.0      0.1177E-02
   169.0      0.1062E-02
   170.0      0.9651E-03
   171.0      0.8834E-03
   172.0      0.8151E-03
   173.0      0.7586E-03
   174.0      0.7129E-03
   175.0      0.6772E-03
   176.0      0.6505E-03
   177.0      0.6318E-03
   178.0      0.6198E-03
   179.0      0.6131E-03
   180.0      0.6111E-03
 END
