# 178 angles,  1 tensor ranks for 0=projectile
@subtitle   "p+O20 3- E. Khan reanalysis;"                                                  
@legend ON
@legend x1 0.2
@legend y1 0.8
@g0 type LOGY
@yaxis ticklabel format power
@legend string   0 "Lab energy =   43.2700"
#legend string   0 "Partition=  1 Excit=  2 near/far= 1"
#  Theta       sigma       iT11        T20         T21         T22         Kyy for projectile
   3.000      0.9238    
   4.000       1.003    
   5.000       1.099    
   6.000       1.211    
   7.000       1.334    
   8.000       1.466    
   9.000       1.604    
   10.00       1.747    
   11.00       1.893    
   12.00       2.043    
   13.00       2.194    
   14.00       2.347    
   15.00       2.499    
   16.00       2.653    
   17.00       2.807    
   18.00       2.964    
   19.00       3.122    
   20.00       3.283    
   21.00       3.446    
   22.00       3.609    
   23.00       3.773    
   24.00       3.935    
   25.00       4.093    
   26.00       4.245    
   27.00       4.387    
   28.00       4.518    
   29.00       4.633    
   30.00       4.730    
   31.00       4.805    
   32.00       4.856    
   33.00       4.882    
   34.00       4.879    
   35.00       4.848    
   36.00       4.789    
   37.00       4.700    
   38.00       4.584    
   39.00       4.442    
   40.00       4.276    
   41.00       4.089    
   42.00       3.884    
   43.00       3.665    
   44.00       3.435    
   45.00       3.198    
   46.00       2.957    
   47.00       2.717    
   48.00       2.480    
   49.00       2.251    
   50.00       2.031    
   51.00       1.822    
   52.00       1.628    
   53.00       1.449    
   54.00       1.286    
   55.00       1.141    
   56.00       1.012    
   57.00      0.9007    
   58.00      0.8058    
   59.00      0.7266    
   60.00      0.6619    
   61.00      0.6105    
   62.00      0.5711    
   63.00      0.5420    
   64.00      0.5219    
   65.00      0.5090    
   66.00      0.5019    
   67.00      0.4992    
   68.00      0.4995    
   69.00      0.5016    
   70.00      0.5044    
   71.00      0.5071    
   72.00      0.5087    
   73.00      0.5088    
   74.00      0.5068    
   75.00      0.5024    
   76.00      0.4954    
   77.00      0.4857    
   78.00      0.4735    
   79.00      0.4587    
   80.00      0.4415    
   81.00      0.4223    
   82.00      0.4013    
   83.00      0.3789    
   84.00      0.3553    
   85.00      0.3311    
   86.00      0.3064    
   87.00      0.2817    
   88.00      0.2572    
   89.00      0.2332    
   90.00      0.2101    
   91.00      0.1879    
   92.00      0.1669    
   93.00      0.1472    
   94.00      0.1289    
   95.00      0.1122    
   96.00      0.9696E-01
   97.00      0.8330E-01
   98.00      0.7118E-01
   99.00      0.6056E-01
   100.0      0.5138E-01
   101.0      0.4356E-01
   102.0      0.3701E-01
   103.0      0.3163E-01
   104.0      0.2732E-01
   105.0      0.2396E-01
   106.0      0.2145E-01
   107.0      0.1968E-01
   108.0      0.1853E-01
   109.0      0.1790E-01
   110.0      0.1769E-01
   111.0      0.1782E-01
   112.0      0.1821E-01
   113.0      0.1877E-01
   114.0      0.1945E-01
   115.0      0.2018E-01
   116.0      0.2092E-01
   117.0      0.2162E-01
   118.0      0.2225E-01
   119.0      0.2279E-01
   120.0      0.2322E-01
   121.0      0.2352E-01
   122.0      0.2369E-01
   123.0      0.2372E-01
   124.0      0.2362E-01
   125.0      0.2338E-01
   126.0      0.2301E-01
   127.0      0.2252E-01
   128.0      0.2193E-01
   129.0      0.2125E-01
   130.0      0.2048E-01
   131.0      0.1964E-01
   132.0      0.1875E-01
   133.0      0.1781E-01
   134.0      0.1684E-01
   135.0      0.1586E-01
   136.0      0.1486E-01
   137.0      0.1386E-01
   138.0      0.1288E-01
   139.0      0.1191E-01
   140.0      0.1097E-01
   141.0      0.1007E-01
   142.0      0.9195E-02
   143.0      0.8366E-02
   144.0      0.7582E-02
   145.0      0.6846E-02
   146.0      0.6161E-02
   147.0      0.5527E-02
   148.0      0.4945E-02
   149.0      0.4416E-02
   150.0      0.3938E-02
   151.0      0.3511E-02
   152.0      0.3135E-02
   153.0      0.2807E-02
   154.0      0.2527E-02
   155.0      0.2292E-02
   156.0      0.2100E-02
   157.0      0.1948E-02
   158.0      0.1834E-02
   159.0      0.1755E-02
   160.0      0.1708E-02
   161.0      0.1691E-02
   162.0      0.1700E-02
   163.0      0.1733E-02
   164.0      0.1785E-02
   165.0      0.1854E-02
   166.0      0.1937E-02
   167.0      0.2031E-02
   168.0      0.2132E-02
   169.0      0.2238E-02
   170.0      0.2346E-02
   171.0      0.2452E-02
   172.0      0.2555E-02
   173.0      0.2652E-02
   174.0      0.2741E-02
   175.0      0.2819E-02
   176.0      0.2885E-02
   177.0      0.2939E-02
   178.0      0.2978E-02
   179.0      0.3002E-02
   180.0      0.3011E-02
 END
