# 178 angles,  1 tensor ranks for 0=projectile
@subtitle   "p+O20 1.with BG ;"                                                             
@legend ON
@legend x1 0.2
@legend y1 0.8
@g0 type LOGY
@yaxis ticklabel format power
@legend string   0 "Lab energy =   43.0000"
#legend string   0 "Partition=  1 Excit=  2 near/far= 1"
#  Theta       sigma       iT11        T20         T21         T22         Kyy for projectile
   3.000       18.75    
   4.000       18.29    
   5.000       17.74    
   6.000       17.11    
   7.000       16.44    
   8.000       15.76    
   9.000       15.09    
   10.00       14.46    
   11.00       13.89    
   12.00       13.41    
   13.00       13.04    
   14.00       12.77    
   15.00       12.62    
   16.00       12.57    
   17.00       12.62    
   18.00       12.75    
   19.00       12.93    
   20.00       13.14    
   21.00       13.36    
   22.00       13.55    
   23.00       13.70    
   24.00       13.78    
   25.00       13.78    
   26.00       13.68    
   27.00       13.48    
   28.00       13.18    
   29.00       12.77    
   30.00       12.28    
   31.00       11.70    
   32.00       11.06    
   33.00       10.36    
   34.00       9.617    
   35.00       8.856    
   36.00       8.086    
   37.00       7.324    
   38.00       6.581    
   39.00       5.872    
   40.00       5.205    
   41.00       4.590    
   42.00       4.033    
   43.00       3.539    
   44.00       3.110    
   45.00       2.748    
   46.00       2.451    
   47.00       2.215    
   48.00       2.037    
   49.00       1.909    
   50.00       1.827    
   51.00       1.781    
   52.00       1.765    
   53.00       1.770    
   54.00       1.791    
   55.00       1.819    
   56.00       1.850    
   57.00       1.879    
   58.00       1.902    
   59.00       1.916    
   60.00       1.920    
   61.00       1.910    
   62.00       1.888    
   63.00       1.853    
   64.00       1.806    
   65.00       1.746    
   66.00       1.676    
   67.00       1.596    
   68.00       1.508    
   69.00       1.414    
   70.00       1.315    
   71.00       1.213    
   72.00       1.110    
   73.00       1.008    
   74.00      0.9073    
   75.00      0.8107    
   76.00      0.7190    
   77.00      0.6332    
   78.00      0.5541    
   79.00      0.4823    
   80.00      0.4179    
   81.00      0.3610    
   82.00      0.3115    
   83.00      0.2691    
   84.00      0.2333    
   85.00      0.2036    
   86.00      0.1795    
   87.00      0.1603    
   88.00      0.1455    
   89.00      0.1345    
   90.00      0.1268    
   91.00      0.1218    
   92.00      0.1190    
   93.00      0.1179    
   94.00      0.1181    
   95.00      0.1191    
   96.00      0.1207    
   97.00      0.1223    
   98.00      0.1238    
   99.00      0.1249    
   100.0      0.1253    
   101.0      0.1251    
   102.0      0.1240    
   103.0      0.1221    
   104.0      0.1193    
   105.0      0.1159    
   106.0      0.1117    
   107.0      0.1071    
   108.0      0.1019    
   109.0      0.9649E-01
   110.0      0.9079E-01
   111.0      0.8493E-01
   112.0      0.7900E-01
   113.0      0.7304E-01
   114.0      0.6712E-01
   115.0      0.6130E-01
   116.0      0.5561E-01
   117.0      0.5012E-01
   118.0      0.4487E-01
   119.0      0.3990E-01
   120.0      0.3526E-01
   121.0      0.3098E-01
   122.0      0.2709E-01
   123.0      0.2361E-01
   124.0      0.2054E-01
   125.0      0.1789E-01
   126.0      0.1563E-01
   127.0      0.1373E-01
   128.0      0.1217E-01
   129.0      0.1089E-01
   130.0      0.9875E-02
   131.0      0.9073E-02
   132.0      0.8455E-02
   133.0      0.7998E-02
   134.0      0.7681E-02
   135.0      0.7491E-02
   136.0      0.7416E-02
   137.0      0.7446E-02
   138.0      0.7571E-02
   139.0      0.7776E-02
   140.0      0.8048E-02
   141.0      0.8367E-02
   142.0      0.8712E-02
   143.0      0.9063E-02
   144.0      0.9397E-02
   145.0      0.9695E-02
   146.0      0.9939E-02
   147.0      0.1012E-01
   148.0      0.1022E-01
   149.0      0.1025E-01
   150.0      0.1020E-01
   151.0      0.1008E-01
   152.0      0.9908E-02
   153.0      0.9693E-02
   154.0      0.9450E-02
   155.0      0.9191E-02
   156.0      0.8927E-02
   157.0      0.8665E-02
   158.0      0.8409E-02
   159.0      0.8159E-02
   160.0      0.7917E-02
   161.0      0.7679E-02
   162.0      0.7446E-02
   163.0      0.7218E-02
   164.0      0.6995E-02
   165.0      0.6778E-02
   166.0      0.6569E-02
   167.0      0.6369E-02
   168.0      0.6179E-02
   169.0      0.5998E-02
   170.0      0.5828E-02
   171.0      0.5668E-02
   172.0      0.5522E-02
   173.0      0.5389E-02
   174.0      0.5273E-02
   175.0      0.5174E-02
   176.0      0.5094E-02
   177.0      0.5033E-02
   178.0      0.4990E-02
   179.0      0.4965E-02
   180.0      0.4957E-02
 END
