           4           1           1
    0.0-     1 1   1.754       0.000      0.1084E-01  0.5300E-03  0.7436E-02   1.735    
    1.0+     0 1   5.247       0.000      0.3575E-01  0.2693E-02  0.2010E-01   5.188    
    1.0+     2 2   5.278       0.000      0.2814E-01  0.1273E-02  0.2210E-01   5.226    
    1.0-     1 1   5.257       0.000      0.3411E-01  0.2101E-02  0.2121E-01   5.200    
    2.0+     2 1   8.781       0.000      0.5180E-01  0.3507E-02  0.3387E-01   8.692    
    2.0-     1 1   8.748       0.000      0.6189E-01  0.5693E-02  0.3067E-01   8.650    
    2.0-     3 2   8.836       0.000      0.3813E-01  0.1487E-02  0.3485E-01   8.761    
    3.0+     2 1   12.26       0.000      0.8196E-01  0.9371E-02  0.3774E-01   12.13    
    3.0+     4 2   12.44       0.000      0.4068E-01  0.1324E-02  0.4390E-01   12.35    
    3.0-     3 1   12.34       0.000      0.6264E-01  0.4628E-02  0.4438E-01   12.22    
    4.0+     4 1   15.93       0.000      0.6596E-01  0.5457E-02  0.5206E-01   15.81    
    4.0-     3 1   15.80       0.000      0.9420E-01  0.1400E-01  0.4164E-01   15.65    
    4.0-     5 2   16.11       0.000      0.3690E-01  0.9832E-03  0.4765E-01   16.02    
    5.0+     4 1   19.38       0.000      0.9697E-01  0.1959E-01  0.4249E-01   19.22    
    5.0+     6 2   19.85       0.000      0.2935E-01  0.6129E-03  0.4605E-01   19.78    
    5.0-     5 1   19.58       0.000      0.6208E-01  0.6063E-02  0.5621E-01   19.46    
    6.0+     6 1   23.31       0.000      0.5266E-01  0.6353E-02  0.5659E-01   23.20    
    6.0-     5 1   23.00       0.000      0.8983E-01  0.2626E-01  0.4088E-01   22.84    
    6.0-     7 2   23.59       0.000      0.2187E-01  0.4194E-03  0.4220E-01   23.53    
    7.0+     6 1   26.70       0.000      0.7394E-01  0.3319E-01  0.3722E-01   26.56    
    7.0+     8 2   27.27       0.000      0.1721E-01  0.4112E-03  0.4201E-01   27.21    
    7.0-     7 1   27.06       0.000      0.4054E-01  0.6676E-02  0.5384E-01   26.96    
    8.0+     8 1   30.92       0.000      0.2711E-01  0.6759E-02  0.4698E-01   30.84    
    8.0-     7 1   30.46       0.000      0.5401E-01  0.3965E-01  0.3281E-01   30.34    
    8.0-     9 2   30.22       0.000      0.1898E-01  0.9176E-03  0.6618E-01   30.14    
    9.0+     8 1   34.28       0.000      0.3243E-01  0.4315E-01  0.2637E-01   34.18    
    9.0+    10 2   30.92       0.000      0.2304E-01  0.2463E-02  0.1272       30.76    
    9.0-     9 1   34.60       0.000      0.1998E-01  0.7849E-02  0.5214E-01   34.52    
   10.0+    10 1   36.03       0.000      0.2119E-01  0.2011E-01  0.9084E-01   35.90    
   10.0-     9 1   38.54       0.000      0.1638E-01  0.3788E-01  0.2166E-01   38.47    
   10.0-    11 2   28.14       0.000      0.2338E-01  0.3787E-02  0.1849       27.93    
   11.0+    10 1   41.56       0.000      0.1494E-01  0.5254E-01  0.3437E-01   41.46    
   11.0+    12 2   22.56       0.000      0.2961E-01  0.3313E-02  0.1913       22.33    
   11.0-    11 1   32.93       0.000      0.2451E-01  0.4622E-01  0.1345       32.72    
   12.0+    12 1   26.00       0.000      0.3577E-01  0.6501E-01  0.1400       25.76    
   12.0-    11 1   38.75       0.000      0.2445E-01  0.1129      0.5699E-01   38.55    
   12.0-    13 2   16.25       0.000      0.4167E-01  0.2457E-02  0.1531       16.05    
   13.0+    12 1   30.19       0.000      0.4382E-01  0.1576      0.6308E-01   29.92    
   13.0+    14 2   10.87       0.000      0.4558E-01  0.2393E-02  0.1036       10.72    
   13.0-    13 1   18.31       0.000      0.4996E-01  0.6276E-01  0.1111       18.09    
   14.0+    14 1   12.00       0.000      0.5241E-01  0.4787E-01  0.7428E-01   11.82    
   14.0-    13 1   20.69       0.000      0.6040E-01  0.1471      0.5133E-01   20.43    
   14.0-    15 2   6.951       0.000      0.3852E-01  0.2413E-02  0.6328E-01   6.846    
   15.0+    14 1   13.23       0.000      0.6042E-01  0.1076      0.3472E-01   13.03    
   15.0+    16 2   4.332       0.000      0.2731E-01  0.2032E-02  0.3638E-01   4.267    
   15.0-    15 1   7.554       0.000      0.4289E-01  0.3175E-01  0.4490E-01   7.435    
   16.0+    16 1   4.657       0.000      0.2978E-01  0.1937E-01  0.2560E-01   4.582    
   16.0-    15 1   8.192       0.000      0.4774E-01  0.6857E-01  0.2111E-01   8.054    
   16.0-    17 2   2.661       0.000      0.1735E-01  0.1447E-02  0.2018E-01   2.622    
   17.0+    16 1   4.992       0.000      0.3241E-01  0.4047E-01  0.1207E-01   4.907    
   17.0+    18 2   1.619       0.000      0.1031E-01  0.9200E-03  0.1097E-01   1.597    
   17.0-    17 1   2.838       0.000      0.1866E-01  0.1121E-01  0.1411E-01   2.794    
   18.0+    18 1   1.717       0.000      0.1099E-01  0.6282E-02  0.7627E-02   1.693    
   18.0-    17 1   3.018       0.000      0.2003E-01  0.2286E-01  0.6660E-02   2.969    
   18.0-    19 2  0.9798       0.000      0.5878E-02  0.5441E-03  0.5888E-02  0.9675    
   19.0+    18 1   1.817       0.000      0.1169E-01  0.1258E-01  0.3592E-02   1.789    
   19.0+    20 2  0.5902       0.000      0.3265E-02  0.3076E-03  0.3137E-02  0.5835    
   19.0-    19 1   1.035       0.000      0.6226E-02  0.3447E-02  0.4072E-02   1.021    
   20.0+    20 1  0.6211       0.000      0.3443E-02  0.1866E-02  0.2159E-02  0.6137    
   20.0-    19 1   1.090       0.000      0.6580E-02  0.6821E-02  0.1910E-02   1.075    
   20.0-    21 2  0.3543       0.000      0.1784E-02  0.1690E-03  0.1664E-02  0.3507    
   21.0+    20 1  0.6521       0.000      0.3622E-02  0.3662E-02  0.1007E-02  0.6439    
   21.0+    22 2  0.2120       0.000      0.9647E-03  0.9126E-04  0.8804E-03  0.2101    
   21.0-    21 1  0.3718       0.000      0.1875E-02  0.1002E-02  0.1140E-02  0.3678    
   22.0+    22 1  0.2219       0.000      0.1011E-02  0.5348E-03  0.6001E-03  0.2198    
   22.0-    21 1  0.3893       0.000      0.1965E-02  0.1954E-02  0.5277E-03  0.3849    
   22.0-    23 2  0.1265       0.000      0.5179E-03  0.4871E-04  0.4650E-03  0.1255    
   23.0+    22 1  0.2319       0.000      0.1057E-02  0.1039E-02  0.2758E-03  0.2295    
   23.0+    24 2  0.7532E-01   0.000      0.2768E-03  0.2581E-04  0.2454E-03  0.7477E-01
   23.0-    23 1  0.1322       0.000      0.5413E-03  0.2844E-03  0.3156E-03  0.1310    
   24.0+    24 1  0.7853E-01   0.000      0.2887E-03  0.1509E-03  0.1659E-03  0.7793E-01
   24.0-    23 1  0.1378       0.000      0.5647E-03  0.5508E-03  0.1439E-03  0.1366    
   24.0-    25 2  0.4473E-01   0.000      0.1475E-03  0.1362E-04  0.1295E-03  0.4444E-01
   25.0+    24 1  0.8175E-01   0.000      0.3006E-03  0.2916E-03  0.7507E-04  0.8108E-01
   25.0+    26 2  0.2651E-01   0.000      0.7840E-04  0.7165E-05  0.6826E-04  0.2635E-01
   25.0-    25 1  0.4656E-01   0.000      0.1535E-03  0.7996E-04  0.8716E-04  0.4624E-01
   26.0+    26 1  0.2755E-01   0.000      0.8149E-04  0.4232E-04  0.4580E-04  0.2738E-01
   26.0-    25 1  0.4839E-01   0.000      0.1596E-03  0.1542E-03  0.3915E-04  0.4803E-01
   26.0-    27 2  0.1567E-01   0.000      0.4163E-04  0.3764E-05  0.3599E-04  0.1559E-01
   27.0+    26 1  0.2859E-01   0.000      0.8458E-04  0.8150E-04  0.2042E-04  0.2840E-01
   27.0+    28 2  0.9250E-02   0.000      0.2208E-04  0.1976E-05  0.1898E-04  0.9207E-02
   27.0-    27 1  0.1627E-01   0.000      0.4320E-04  0.2238E-04  0.2406E-04  0.1618E-01
   28.0+    28 1  0.9587E-02   0.000      0.2288E-04  0.1183E-04  0.1265E-04  0.9540E-02
   28.0-    27 1  0.1686E-01   0.000      0.4478E-04  0.4305E-04  0.1066E-04  0.1676E-01
   28.0-    29 2  0.5450E-02   0.000      0.1170E-04  0.1036E-05  0.1001E-04  0.5427E-02
   29.0+    28 1  0.9923E-02   0.000      0.2369E-04  0.2274E-04  0.5566E-05  0.9871E-02
   29.0+    30 2  0.3205E-02   0.000      0.6200E-05  0.5437E-06  0.5277E-05  0.3193E-02
   29.0-    29 1  0.5641E-02   0.000      0.1211E-04  0.6254E-05  0.6650E-05  0.5616E-02
   30.0+    30 1  0.3314E-02   0.000      0.6411E-05  0.3305E-05  0.3497E-05  0.3300E-02
   30.0-    29 1  0.5832E-02   0.000      0.1253E-04  0.1201E-04  0.2908E-05  0.5805E-02
   30.0-    31 2  0.1882E-02   0.000      0.3284E-05  0.2853E-06  0.2783E-05  0.1875E-02
   31.0+    30 1  0.3422E-02   0.000      0.6621E-05  0.6340E-05  0.1521E-05  0.3408E-02
   31.0+    32 2  0.1103E-02   0.000      0.1739E-05  0.1497E-06  0.1468E-05  0.1100E-02
   31.0-    31 1  0.1944E-02   0.000      0.3392E-05  0.1746E-05  0.1839E-05  0.1937E-02
   32.0+    32 1  0.1138E-02   0.000      0.1794E-05  0.9227E-06  0.9678E-06  0.1135E-02
   32.0-    31 1  0.2005E-02   0.000      0.3499E-05  0.3348E-05  0.7956E-06  0.1998E-02
   32.0-    33 2  0.6459E-03   0.000      0.9203E-06  0.7857E-07  0.7743E-06  0.6441E-03
   33.0+    32 1  0.1173E-02   0.000      0.1849E-05  0.1768E-05  0.4165E-06  0.1169E-02
   33.0+    34 2  0.3776E-03   0.000      0.4870E-06  0.4125E-07  0.4084E-06  0.3767E-03
   33.0-    33 1  0.6658E-03   0.000      0.9486E-06  0.4875E-06  0.5093E-06  0.6638E-03
   34.0+    34 1  0.3889E-03   0.000      0.5015E-06  0.2575E-06  0.2681E-06  0.3879E-03
   34.0-    33 1  0.6857E-03   0.000      0.9769E-06  0.9333E-06  0.2181E-06  0.6835E-03
   34.0-    35 2  0.2205E-03   0.000      0.2577E-06  0.2166E-07  0.2155E-06  0.2200E-03
   35.0+    34 1  0.4002E-03   0.000      0.5161E-06  0.4928E-06  0.1143E-06  0.3991E-03
   35.0+    36 2  0.1286E-03   0.000      0.1363E-06  0.1138E-07  0.1137E-06  0.1283E-03
   35.0-    35 1  0.2269E-03   0.000      0.2651E-06  0.1361E-06  0.1411E-06  0.2264E-03
   36.0+    36 1  0.1322E-03   0.000      0.1402E-06  0.7187E-07  0.7432E-07  0.1319E-03
   36.0-    35 1  0.2333E-03   0.000      0.2726E-06  0.2602E-06  0.5992E-07  0.2327E-03
   36.0-    37 2  0.7492E-04   0.000      0.7213E-07  0.5976E-08  0.5998E-07  0.7478E-04
   37.0+    36 1  0.1359E-03   0.000      0.1440E-06  0.1374E-06  0.3142E-07  0.1355E-03
   37.0+    38 2  0.4360E-04   0.000      0.3816E-07  0.3139E-08  0.3165E-07  0.4353E-04
   37.0-    37 1  0.7697E-04   0.000      0.7410E-07  0.3797E-07  0.3914E-07  0.7682E-04
   38.0+    38 1  0.4476E-04   0.000      0.3918E-07  0.2006E-07  0.2062E-07  0.4468E-04
   38.0-    37 1  0.7903E-04   0.000      0.7608E-07  0.7253E-07  0.1649E-07  0.7886E-04
   38.0-    39 2  0.2535E-04   0.000      0.2019E-07  0.1650E-08  0.1670E-07  0.2531E-04
   39.0+    38 1  0.4592E-04   0.000      0.4020E-07  0.3830E-07  0.8653E-08  0.4584E-04
   39.0+    40 2  0.1472E-04   0.000      0.1068E-07  0.8675E-09  0.8816E-08  0.1470E-04
   39.0-    39 1  0.2600E-04   0.000      0.2071E-07  0.1060E-07  0.1086E-07  0.2596E-04
   40.0+    40 1  0.1509E-04   0.000      0.1095E-07  0.5598E-08  0.5726E-08  0.1507E-04
   40.0-    39 1  0.2666E-04   0.000      0.2124E-07  0.2023E-07  0.4543E-08  0.2662E-04
   40.0-    41 2  0.8541E-05   0.000      0.5648E-08  0.4565E-09  0.4654E-08  0.8531E-05
   41.0+    40 1  0.1547E-04   0.000      0.1122E-07  0.1068E-07  0.2386E-08  0.1544E-04
   41.0+    42 2  0.4952E-05   0.000      0.2986E-08  0.2402E-09  0.2456E-08  0.4946E-05
   41.0-    41 1  0.8752E-05   0.000      0.5787E-08  0.2958E-08  0.3018E-08  0.8741E-05
   42.0+    42 1  0.5071E-05   0.000      0.3058E-08  0.1563E-08  0.1591E-08  0.5065E-05
   42.0-    41 1  0.8963E-05   0.000      0.5926E-08  0.5642E-08  0.1254E-08  0.8950E-05
   42.0-    43 2  0.2868E-05   0.000      0.1579E-08  0.1264E-09  0.1296E-08  0.2865E-05
   43.0+    42 1  0.5190E-05   0.000      0.3130E-08  0.2980E-08  0.6590E-09  0.5184E-05
   43.0+    44 2  0.1660E-05   0.000      0.8351E-09  0.6648E-10  0.6843E-09  0.1659E-05
   43.0-    43 1  0.2936E-05   0.000      0.1616E-08  0.8256E-09  0.8385E-09  0.2933E-05
   44.0+    44 1  0.1698E-05   0.000      0.8543E-09  0.4361E-09  0.4420E-09  0.1697E-05
   44.0-    43 1  0.3003E-05   0.000      0.1653E-08  0.1573E-08  0.3464E-09  0.3000E-05
   44.0-    45 2  0.9602E-06   0.000      0.4417E-09  0.3497E-10  0.3612E-09  0.9593E-06
   45.0+    44 1  0.1737E-05   0.000      0.8735E-09  0.8308E-09  0.1821E-09  0.1735E-05
   45.0+    46 2  0.5549E-06   0.000      0.2336E-09  0.1840E-10  0.1907E-09  0.5545E-06
   45.0-    45 1  0.9817E-06   0.000      0.4516E-09  0.2304E-09  0.2330E-09  0.9808E-06
   46.0+    46 1  0.5671E-06   0.000      0.2387E-09  0.1217E-09  0.1229E-09  0.5666E-06
   46.0-    45 1  0.1003E-05   0.000      0.4615E-09  0.4387E-09  0.9576E-10  0.1002E-05
   46.0-    47 2  0.3205E-06   0.000      0.1235E-09  0.9685E-11  0.1007E-09  0.3202E-06
   47.0+    46 1  0.5793E-06   0.000      0.2439E-09  0.2317E-09  0.5037E-10  0.5788E-06
   47.0+    48 2  0.1850E-06   0.000      0.6533E-10  0.5100E-11  0.5314E-10  0.1848E-06
   47.0-    47 1  0.3274E-06   0.000      0.1262E-09  0.6429E-10  0.6479E-10  0.3271E-06
   48.0+    48 1  0.1889E-06   0.000      0.6671E-10  0.3397E-10  0.3417E-10  0.1887E-06
   48.0-    47 1  0.3343E-06   0.000      0.1289E-09  0.1224E-09  0.2650E-10  0.3340E-06
   48.0-    49 2  0.1067E-06   0.000      0.3454E-10  0.2686E-11  0.2806E-10  0.1066E-06
   49.0+    48 1  0.1927E-06   0.000      0.6808E-10  0.6463E-10  0.1394E-10  0.1926E-06
   49.0+    50 2  0.6149E-07   0.000      0.1826E-10  0.1414E-11  0.1482E-10  0.6146E-07
   49.0-    49 1  0.1089E-06   0.000      0.3526E-10  0.1795E-10  0.1802E-10  0.1088E-06
   50.0+    50 1  0.6274E-07   0.000      0.1863E-10  0.9480E-11  0.9508E-11  0.6270E-07
   50.0-    49 1  0.1111E-06   0.000      0.3597E-10  0.3414E-10  0.7339E-11  0.1110E-06
   50.0-    51 2  0.3542E-07   0.000      0.9654E-11  0.7450E-12  0.7823E-11  0.3541E-07
   51.0+    50 1  0.6398E-07   0.000      0.1900E-10  0.1803E-10  0.3863E-11  0.6394E-07
   51.0+    52 2  0.2040E-07   0.000      0.5104E-11  0.3924E-12  0.4131E-11  0.2039E-07
   51.0-    51 1  0.3613E-07   0.000      0.9845E-11  0.5008E-11  0.5016E-11  0.3611E-07
   52.0+    52 1  0.2079E-07   0.000      0.5203E-11  0.2646E-11  0.2646E-11  0.2078E-07
   52.0-    51 1  0.3683E-07   0.000      0.1004E-10  0.9522E-11  0.2034E-11  0.3681E-07
   52.0-    53 2  0.1174E-07   0.000      0.2699E-11  0.2067E-12  0.2181E-11  0.1173E-07
   53.0+    52 1  0.2119E-07   0.000      0.5302E-11  0.5029E-11  0.1071E-11  0.2118E-07
   53.0+    54 2  0.6750E-08   0.000      0.1427E-11  0.1089E-12  0.1152E-11  0.6748E-08
   53.0-    53 1  0.1196E-07   0.000      0.2750E-11  0.1398E-11  0.1396E-11  0.1195E-07
   54.0+    54 1  0.6877E-08   0.000      0.1454E-11  0.7384E-12  0.7364E-12  0.6874E-08
   54.0-    53 1  0.1218E-07   0.000      0.2802E-11  0.2656E-11  0.5639E-12  0.1218E-07
   54.0-    55 2  0.3880E-08   0.000      0.7544E-12  0.5735E-13  0.6081E-12  0.3878E-08
   55.0+    54 1  0.7003E-08   0.000      0.1480E-11  0.1403E-11  0.2970E-12  0.7000E-08
   55.0+    56 2  0.2230E-08   0.000      0.3987E-12  0.3022E-13  0.3211E-12  0.2229E-08
   55.0-    55 1  0.3951E-08   0.000      0.7682E-12  0.3901E-12  0.3885E-12  0.3949E-08
   56.0+    56 1  0.2270E-08   0.000      0.4059E-12  0.2061E-12  0.2050E-12  0.2269E-08
   56.0-    55 1  0.4022E-08   0.000      0.7820E-12  0.7410E-12  0.1564E-12  0.4020E-08
   56.0-    57 2  0.1280E-08   0.000      0.2107E-12  0.1593E-13  0.1696E-12  0.1280E-08
   57.0+    56 1  0.2310E-08   0.000      0.4130E-12  0.3914E-12  0.8240E-13  0.2309E-08
   57.0+    58 2  0.7355E-09   0.000      0.1114E-12  0.8396E-14  0.8954E-13  0.7353E-09
   57.0-    57 1  0.1303E-08   0.000      0.2144E-12  0.1089E-12  0.1082E-12  0.1303E-08
   58.0+    58 1  0.7474E-09   0.000      0.1133E-12  0.5754E-13  0.5709E-13  0.7472E-09
   58.0-    57 1  0.1325E-08   0.000      0.2181E-12  0.2068E-12  0.4341E-13  0.1325E-08
   58.0-    59 2  0.4216E-09   0.000      0.5887E-13  0.4426E-14  0.4729E-13  0.4215E-09
   59.0+    58 1  0.7602E-09   0.000      0.1152E-12  0.1092E-12  0.2287E-13  0.7600E-09
   59.0+    60 2  0.2418E-09   0.000      0.3113E-13  0.2333E-14  0.2497E-13  0.2418E-09
   59.0-    59 1  0.4290E-09   0.000      0.5988E-13  0.3040E-13  0.3013E-13  0.4289E-09
   60.0+    60 1  0.2460E-09   0.000      0.3165E-13  0.1606E-13  0.1590E-13  0.2459E-09
   60.0-    59 1  0.4361E-09   0.000      0.6088E-13  0.5769E-13  0.1205E-13  0.4360E-09
   60.0-    61 2  0.1388E-09   0.000      0.1646E-13  0.1230E-14  0.1319E-13  0.1388E-09
