# 178 angles,  1 tensor ranks for 0=projectile
@subtitle   "20O + d 2+1 inelastic;"                                                        
@legend ON
@legend x1 0.2
@legend y1 0.8
@g0 type LOGY
@yaxis ticklabel format power
@legend string   0 "Lab energy =   70.0000"
#legend string   0 "Partition=  1 Excit=  2 near/far= 1"
#  Theta       sigma       iT11        T20         T21         T22         Kyy for projectile
   3.000       6.409    
   4.000       5.739    
   5.000       5.250    
   6.000       5.184    
   7.000       5.690    
   8.000       6.746    
   9.000       8.159    
   10.00       9.663    
   11.00       11.01    
   12.00       12.03    
   13.00       12.61    
   14.00       12.66    
   15.00       12.18    
   16.00       11.20    
   17.00       9.838    
   18.00       8.283    
   19.00       6.722    
   20.00       5.316    
   21.00       4.168    
   22.00       3.326    
   23.00       2.797    
   24.00       2.556    
   25.00       2.546    
   26.00       2.689    
   27.00       2.902    
   28.00       3.110    
   29.00       3.262    
   30.00       3.330    
   31.00       3.305    
   32.00       3.190    
   33.00       2.997    
   34.00       2.747    
   35.00       2.468    
   36.00       2.187    
   37.00       1.925    
   38.00       1.696    
   39.00       1.506    
   40.00       1.356    
   41.00       1.244    
   42.00       1.164    
   43.00       1.108    
   44.00       1.067    
   45.00       1.029    
   46.00      0.9876    
   47.00      0.9398    
   48.00      0.8843    
   49.00      0.8214    
   50.00      0.7521    
   51.00      0.6782    
   52.00      0.6024    
   53.00      0.5278    
   54.00      0.4576    
   55.00      0.3936    
   56.00      0.3369    
   57.00      0.2881    
   58.00      0.2472    
   59.00      0.2139    
   60.00      0.1875    
   61.00      0.1668    
   62.00      0.1503    
   63.00      0.1369    
   64.00      0.1255    
   65.00      0.1155    
   66.00      0.1063    
   67.00      0.9743E-01
   68.00      0.8861E-01
   69.00      0.7985E-01
   70.00      0.7135E-01
   71.00      0.6331E-01
   72.00      0.5579E-01
   73.00      0.4877E-01
   74.00      0.4227E-01
   75.00      0.3640E-01
   76.00      0.3134E-01
   77.00      0.2713E-01
   78.00      0.2371E-01
   79.00      0.2089E-01
   80.00      0.1853E-01
   81.00      0.1656E-01
   82.00      0.1494E-01
   83.00      0.1363E-01
   84.00      0.1250E-01
   85.00      0.1146E-01
   86.00      0.1045E-01
   87.00      0.9480E-02
   88.00      0.8592E-02
   89.00      0.7792E-02
   90.00      0.7047E-02
   91.00      0.6315E-02
   92.00      0.5590E-02
   93.00      0.4912E-02
   94.00      0.4323E-02
   95.00      0.3833E-02
   96.00      0.3422E-02
   97.00      0.3064E-02
   98.00      0.2750E-02
   99.00      0.2486E-02
   100.0      0.2279E-02
   101.0      0.2119E-02
   102.0      0.1980E-02
   103.0      0.1845E-02
   104.0      0.1718E-02
   105.0      0.1606E-02
   106.0      0.1510E-02
   107.0      0.1423E-02
   108.0      0.1332E-02
   109.0      0.1230E-02
   110.0      0.1123E-02
   111.0      0.1023E-02
   112.0      0.9315E-03
   113.0      0.8414E-03
   114.0      0.7500E-03
   115.0      0.6629E-03
   116.0      0.5883E-03
   117.0      0.5303E-03
   118.0      0.4848E-03
   119.0      0.4402E-03
   120.0      0.3890E-03
   121.0      0.3376E-03
   122.0      0.2983E-03
   123.0      0.2757E-03
   124.0      0.2642E-03
   125.0      0.2548E-03
   126.0      0.2403E-03
   127.0      0.2210E-03
   128.0      0.2041E-03
   129.0      0.1944E-03
   130.0      0.1873E-03
   131.0      0.1765E-03
   132.0      0.1621E-03
   133.0      0.1488E-03
   134.0      0.1403E-03
   135.0      0.1375E-03
   136.0      0.1360E-03
   137.0      0.1281E-03
   138.0      0.1119E-03
   139.0      0.9444E-04
   140.0      0.8335E-04
   141.0      0.7912E-04
   142.0      0.7839E-04
   143.0      0.7715E-04
   144.0      0.7168E-04
   145.0      0.6249E-04
   146.0      0.5497E-04
   147.0      0.5159E-04
   148.0      0.4894E-04
   149.0      0.4489E-04
   150.0      0.4128E-04
   151.0      0.3891E-04
   152.0      0.3730E-04
   153.0      0.3745E-04
   154.0      0.3838E-04
   155.0      0.3619E-04
   156.0      0.3100E-04
   157.0      0.2756E-04
   158.0      0.2691E-04
   159.0      0.2615E-04
   160.0      0.2525E-04
   161.0      0.2525E-04
   162.0      0.2399E-04
   163.0      0.2122E-04
   164.0      0.2052E-04
   165.0      0.2149E-04
   166.0      0.1978E-04
   167.0      0.1649E-04
   168.0      0.1607E-04
   169.0      0.1710E-04
   170.0      0.1641E-04
   171.0      0.1634E-04
   172.0      0.1837E-04
   173.0      0.1942E-04
   174.0      0.2023E-04
   175.0      0.2432E-04
   176.0      0.2747E-04
   177.0      0.2397E-04
   178.0      0.1974E-04
   179.0      0.2212E-04
   180.0      0.2515E-04
 END
