# 178 angles,  1 tensor ranks for 0=projectile
@subtitle   "p+O20 with CH89;"                                                              
@legend ON
@legend x1 0.2
@legend y1 0.8
@g0 type LOGY
@yaxis ticklabel format power
@legend string   0 "Lab energy =   35.0000"
#legend string   0 "Partition=  1 Excit=  1 near/far= 1"
#  Theta       sigma       iT11        T20         T21         T22         Kyy for projectile
   3.000      0.1318E+06
   4.000      0.3784E+05
   5.000      0.1441E+05
   6.000       6871.    
   7.000       4008.    
   8.000       2780.    
   9.000       2190.    
   10.00       1869.    
   11.00       1667.    
   12.00       1519.    
   13.00       1395.    
   14.00       1282.    
   15.00       1175.    
   16.00       1072.    
   17.00       971.1    
   18.00       873.9    
   19.00       780.5    
   20.00       691.5    
   21.00       607.6    
   22.00       529.2    
   23.00       456.7    
   24.00       390.4    
   25.00       330.3    
   26.00       276.5    
   27.00       228.7    
   28.00       186.8    
   29.00       150.4    
   30.00       119.3    
   31.00       92.98    
   32.00       71.07    
   33.00       53.13    
   34.00       38.69    
   35.00       27.34    
   36.00       18.65    
   37.00       12.21    
   38.00       7.659    
   39.00       4.648    
   40.00       2.868    
   41.00       2.046    
   42.00       1.940    
   43.00       2.344    
   44.00       3.084    
   45.00       4.015    
   46.00       5.024    
   47.00       6.019    
   48.00       6.935    
   49.00       7.723    
   50.00       8.354    
   51.00       8.811    
   52.00       9.090    
   53.00       9.196    
   54.00       9.140    
   55.00       8.938    
   56.00       8.610    
   57.00       8.179    
   58.00       7.664    
   59.00       7.090    
   60.00       6.476    
   61.00       5.842    
   62.00       5.203    
   63.00       4.576    
   64.00       3.973    
   65.00       3.402    
   66.00       2.873    
   67.00       2.390    
   68.00       1.956    
   69.00       1.574    
   70.00       1.242    
   71.00      0.9608    
   72.00      0.7270    
   73.00      0.5377    
   74.00      0.3890    
   75.00      0.2770    
   76.00      0.1972    
   77.00      0.1452    
   78.00      0.1165    
   79.00      0.1071    
   80.00      0.1128    
   81.00      0.1301    
   82.00      0.1555    
   83.00      0.1863    
   84.00      0.2198    
   85.00      0.2539    
   86.00      0.2868    
   87.00      0.3172    
   88.00      0.3439    
   89.00      0.3663    
   90.00      0.3837    
   91.00      0.3961    
   92.00      0.4032    
   93.00      0.4054    
   94.00      0.4027    
   95.00      0.3957    
   96.00      0.3847    
   97.00      0.3703    
   98.00      0.3530    
   99.00      0.3334    
   100.0      0.3119    
   101.0      0.2892    
   102.0      0.2657    
   103.0      0.2418    
   104.0      0.2180    
   105.0      0.1947    
   106.0      0.1721    
   107.0      0.1506    
   108.0      0.1303    
   109.0      0.1114    
   110.0      0.9400E-01
   111.0      0.7822E-01
   112.0      0.6409E-01
   113.0      0.5161E-01
   114.0      0.4076E-01
   115.0      0.3149E-01
   116.0      0.2374E-01
   117.0      0.1742E-01
   118.0      0.1243E-01
   119.0      0.8663E-02
   120.0      0.6002E-02
   121.0      0.4332E-02
   122.0      0.3533E-02
   123.0      0.3486E-02
   124.0      0.4078E-02
   125.0      0.5197E-02
   126.0      0.6740E-02
   127.0      0.8609E-02
   128.0      0.1072E-01
   129.0      0.1298E-01
   130.0      0.1532E-01
   131.0      0.1768E-01
   132.0      0.2000E-01
   133.0      0.2224E-01
   134.0      0.2434E-01
   135.0      0.2629E-01
   136.0      0.2805E-01
   137.0      0.2960E-01
   138.0      0.3093E-01
   139.0      0.3204E-01
   140.0      0.3292E-01
   141.0      0.3356E-01
   142.0      0.3398E-01
   143.0      0.3419E-01
   144.0      0.3419E-01
   145.0      0.3399E-01
   146.0      0.3362E-01
   147.0      0.3308E-01
   148.0      0.3240E-01
   149.0      0.3158E-01
   150.0      0.3066E-01
   151.0      0.2964E-01
   152.0      0.2854E-01
   153.0      0.2738E-01
   154.0      0.2617E-01
   155.0      0.2493E-01
   156.0      0.2367E-01
   157.0      0.2241E-01
   158.0      0.2116E-01
   159.0      0.1992E-01
   160.0      0.1871E-01
   161.0      0.1754E-01
   162.0      0.1641E-01
   163.0      0.1532E-01
   164.0      0.1429E-01
   165.0      0.1332E-01
   166.0      0.1241E-01
   167.0      0.1156E-01
   168.0      0.1077E-01
   169.0      0.1005E-01
   170.0      0.9395E-02
   171.0      0.8805E-02
   172.0      0.8280E-02
   173.0      0.7820E-02
   174.0      0.7423E-02
   175.0      0.7090E-02
   176.0      0.6818E-02
   177.0      0.6608E-02
   178.0      0.6458E-02
   179.0      0.6369E-02
   180.0      0.6339E-02
 END
