# 178 angles,  1 tensor ranks for 0=projectile
@subtitle   "20O + d 2+1 inelastic;"                                                        
@legend ON
@legend x1 0.2
@legend y1 0.8
@g0 type LOGY
@yaxis ticklabel format power
@legend string   0 "Lab energy =   70.0000"
#legend string   0 "Partition=  1 Excit=  2 near/far= 1"
#  Theta       sigma       iT11        T20         T21         T22         Kyy for projectile
   3.000       1.657    
   4.000       1.490    
   5.000       1.322    
   6.000       1.223    
   7.000       1.257    
   8.000       1.436    
   9.000       1.713    
   10.00       2.016    
   11.00       2.289    
   12.00       2.497    
   13.00       2.625    
   14.00       2.659    
   15.00       2.584    
   16.00       2.397    
   17.00       2.118    
   18.00       1.786    
   19.00       1.448    
   20.00       1.140    
   21.00      0.8852    
   22.00      0.6945    
   23.00      0.5695    
   24.00      0.5068    
   25.00      0.4966    
   26.00      0.5229    
   27.00      0.5665    
   28.00      0.6103    
   29.00      0.6430    
   30.00      0.6593    
   31.00      0.6574    
   32.00      0.6373    
   33.00      0.6003    
   34.00      0.5501    
   35.00      0.4924    
   36.00      0.4336    
   37.00      0.3790    
   38.00      0.3314    
   39.00      0.2919    
   40.00      0.2606    
   41.00      0.2377    
   42.00      0.2224    
   43.00      0.2130    
   44.00      0.2070    
   45.00      0.2019    
   46.00      0.1958    
   47.00      0.1879    
   48.00      0.1782    
   49.00      0.1668    
   50.00      0.1538    
   51.00      0.1395    
   52.00      0.1243    
   53.00      0.1090    
   54.00      0.9441E-01
   55.00      0.8100E-01
   56.00      0.6903E-01
   57.00      0.5860E-01
   58.00      0.4982E-01
   59.00      0.4274E-01
   60.00      0.3723E-01
   61.00      0.3302E-01
   62.00      0.2977E-01
   63.00      0.2717E-01
   64.00      0.2502E-01
   65.00      0.2320E-01
   66.00      0.2154E-01
   67.00      0.1992E-01
   68.00      0.1823E-01
   69.00      0.1650E-01
   70.00      0.1481E-01
   71.00      0.1321E-01
   72.00      0.1170E-01
   73.00      0.1026E-01
   74.00      0.8868E-02
   75.00      0.7573E-02
   76.00      0.6451E-02
   77.00      0.5540E-02
   78.00      0.4817E-02
   79.00      0.4228E-02
   80.00      0.3729E-02
   81.00      0.3309E-02
   82.00      0.2979E-02
   83.00      0.2733E-02
   84.00      0.2532E-02
   85.00      0.2337E-02
   86.00      0.2133E-02
   87.00      0.1934E-02
   88.00      0.1759E-02
   89.00      0.1612E-02
   90.00      0.1477E-02
   91.00      0.1332E-02
   92.00      0.1174E-02
   93.00      0.1019E-02
   94.00      0.8878E-03
   95.00      0.7832E-03
   96.00      0.6970E-03
   97.00      0.6205E-03
   98.00      0.5511E-03
   99.00      0.4929E-03
   100.0      0.4519E-03
   101.0      0.4246E-03
   102.0      0.4002E-03
   103.0      0.3731E-03
   104.0      0.3469E-03
   105.0      0.3264E-03
   106.0      0.3118E-03
   107.0      0.3001E-03
   108.0      0.2861E-03
   109.0      0.2661E-03
   110.0      0.2429E-03
   111.0      0.2224E-03
   112.0      0.2045E-03
   113.0      0.1850E-03
   114.0      0.1630E-03
   115.0      0.1418E-03
   116.0      0.1242E-03
   117.0      0.1119E-03
   118.0      0.1040E-03
   119.0      0.9497E-04
   120.0      0.8098E-04
   121.0      0.6561E-04
   122.0      0.5526E-04
   123.0      0.5129E-04
   124.0      0.5091E-04
   125.0      0.5103E-04
   126.0      0.4870E-04
   127.0      0.4338E-04
   128.0      0.3892E-04
   129.0      0.3826E-04
   130.0      0.3867E-04
   131.0      0.3668E-04
   132.0      0.3323E-04
   133.0      0.3045E-04
   134.0      0.2910E-04
   135.0      0.2991E-04
   136.0      0.3193E-04
   137.0      0.3114E-04
   138.0      0.2597E-04
   139.0      0.2045E-04
   140.0      0.1806E-04
   141.0      0.1794E-04
   142.0      0.1876E-04
   143.0      0.1985E-04
   144.0      0.1904E-04
   145.0      0.1580E-04
   146.0      0.1345E-04
   147.0      0.1349E-04
   148.0      0.1322E-04
   149.0      0.1168E-04
   150.0      0.1092E-04
   151.0      0.1085E-04
   152.0      0.1025E-04
   153.0      0.1049E-04
   154.0      0.1184E-04
   155.0      0.1126E-04
   156.0      0.8559E-05
   157.0      0.7355E-05
   158.0      0.7926E-05
   159.0      0.7612E-05
   160.0      0.7201E-05
   161.0      0.8177E-05
   162.0      0.8085E-05
   163.0      0.6120E-05
   164.0      0.5825E-05
   165.0      0.7317E-05
   166.0      0.6737E-05
   167.0      0.5014E-05
   168.0      0.5855E-05
   169.0      0.7285E-05
   170.0      0.6357E-05
   171.0      0.6067E-05
   172.0      0.8243E-05
   173.0      0.9419E-05
   174.0      0.9722E-05
   175.0      0.1278E-04
   176.0      0.1542E-04
   177.0      0.1313E-04
   178.0      0.1186E-04
   179.0      0.1743E-04
   180.0      0.2184E-04
 END
