# 178 angles,  1 tensor ranks for 0=projectile
@subtitle   "p+O20 with CH89;"                                                              
@legend ON
@legend x1 0.2
@legend y1 0.8
@g0 type LOGY
@yaxis ticklabel format power
@legend string   0 "Lab energy =   35.0000"
#legend string   0 "Partition=  1 Excit=  1 near/far= 1"
#  Theta       sigma       iT11        T20         T21         T22         Kyy for projectile
   3.000      0.1290E+06
   4.000      0.3666E+05
   5.000      0.1395E+05
   6.000       6771.    
   7.000       4109.    
   8.000       2996.    
   9.000       2474.    
   10.00       2191.    
   11.00       2008.    
   12.00       1866.    
   13.00       1740.    
   14.00       1619.    
   15.00       1499.    
   16.00       1380.    
   17.00       1262.    
   18.00       1147.    
   19.00       1034.    
   20.00       925.9    
   21.00       823.1    
   22.00       726.3    
   23.00       636.3    
   24.00       553.3    
   25.00       477.8    
   26.00       409.6    
   27.00       348.7    
   28.00       295.0    
   29.00       248.2    
   30.00       207.7    
   31.00       173.3    
   32.00       144.4    
   33.00       120.5    
   34.00       101.0    
   35.00       85.46    
   36.00       73.34    
   37.00       64.14    
   38.00       57.38    
   39.00       52.62    
   40.00       49.47    
   41.00       47.56    
   42.00       46.59    
   43.00       46.27    
   44.00       46.38    
   45.00       46.71    
   46.00       47.10    
   47.00       47.44    
   48.00       47.63    
   49.00       47.61    
   50.00       47.32    
   51.00       46.76    
   52.00       45.91    
   53.00       44.78    
   54.00       43.39    
   55.00       41.78    
   56.00       39.96    
   57.00       37.98    
   58.00       35.88    
   59.00       33.70    
   60.00       31.46    
   61.00       29.22    
   62.00       26.99    
   63.00       24.80    
   64.00       22.68    
   65.00       20.66    
   66.00       18.74    
   67.00       16.94    
   68.00       15.27    
   69.00       13.74    
   70.00       12.33    
   71.00       11.07    
   72.00       9.935    
   73.00       8.930    
   74.00       8.046    
   75.00       7.276    
   76.00       6.612    
   77.00       6.044    
   78.00       5.563    
   79.00       5.159    
   80.00       4.823    
   81.00       4.545    
   82.00       4.318    
   83.00       4.132    
   84.00       3.979    
   85.00       3.854    
   86.00       3.750    
   87.00       3.661    
   88.00       3.583    
   89.00       3.512    
   90.00       3.443    
   91.00       3.375    
   92.00       3.306    
   93.00       3.233    
   94.00       3.155    
   95.00       3.073    
   96.00       2.984    
   97.00       2.891    
   98.00       2.792    
   99.00       2.688    
   100.0       2.580    
   101.0       2.468    
   102.0       2.354    
   103.0       2.238    
   104.0       2.121    
   105.0       2.005    
   106.0       1.889    
   107.0       1.776    
   108.0       1.665    
   109.0       1.557    
   110.0       1.454    
   111.0       1.355    
   112.0       1.261    
   113.0       1.173    
   114.0       1.090    
   115.0       1.014    
   116.0      0.9432    
   117.0      0.8789    
   118.0      0.8206    
   119.0      0.7682    
   120.0      0.7216    
   121.0      0.6804    
   122.0      0.6444    
   123.0      0.6132    
   124.0      0.5864    
   125.0      0.5637    
   126.0      0.5445    
   127.0      0.5285    
   128.0      0.5151    
   129.0      0.5041    
   130.0      0.4949    
   131.0      0.4872    
   132.0      0.4807    
   133.0      0.4748    
   134.0      0.4695    
   135.0      0.4644    
   136.0      0.4593    
   137.0      0.4541    
   138.0      0.4486    
   139.0      0.4428    
   140.0      0.4367    
   141.0      0.4302    
   142.0      0.4235    
   143.0      0.4166    
   144.0      0.4098    
   145.0      0.4031    
   146.0      0.3968    
   147.0      0.3911    
   148.0      0.3862    
   149.0      0.3823    
   150.0      0.3796    
   151.0      0.3785    
   152.0      0.3790    
   153.0      0.3814    
   154.0      0.3857    
   155.0      0.3923    
   156.0      0.4010    
   157.0      0.4120    
   158.0      0.4252    
   159.0      0.4407    
   160.0      0.4583    
   161.0      0.4779    
   162.0      0.4994    
   163.0      0.5224    
   164.0      0.5468    
   165.0      0.5723    
   166.0      0.5985    
   167.0      0.6251    
   168.0      0.6518    
   169.0      0.6782    
   170.0      0.7038    
   171.0      0.7284    
   172.0      0.7515    
   173.0      0.7728    
   174.0      0.7920    
   175.0      0.8088    
   176.0      0.8229    
   177.0      0.8341    
   178.0      0.8422    
   179.0      0.8472    
   180.0      0.8488    
 END
