# Fusion cross sections for ELAB=  70.000, ECM=  63.597
     0.0   1.756     -1
     1.0   10.54      1
     1.0   15.80     -1
     2.0   8.790      1
     2.0   26.39     -1
     3.0   24.72      1
     3.0   37.06     -1
     4.0   15.93      1
     4.0   47.85     -1
     5.0   39.20      1
     5.0   58.77     -1
     6.0   23.29      1
     6.0   69.85     -1
     7.0   53.94      1
     7.0   80.98     -1
     8.0   30.92      1
     8.0   91.42     -1
     9.0   64.84      1
     9.0   99.34     -1
    10.0   35.70      1
    10.0   101.9     -1
    11.0   63.50      1
    11.0   95.96     -1
    12.0   25.62      1
    12.0   79.94     -1
    13.0   40.53      1
    13.0   58.63     -1
    14.0   11.91      1
    14.0   39.27     -1
    15.0   17.46      1
    15.0   24.98     -1
    16.0   4.644      1
    16.0   15.46     -1
    17.0   6.593      1
    17.0   9.424     -1
    18.0   1.713      1
    18.0   5.700     -1
    19.0   2.399      1
    19.0   3.431     -1
    20.0  0.6188      1
    20.0   2.058     -1
    21.0  0.8608      1
    21.0   1.231     -1
    22.0  0.2209      1
    22.0  0.7345     -1
    23.0  0.3058      1
    23.0  0.4373     -1
    24.0  0.7811E-01  1
    24.0  0.2597     -1
    25.0  0.1077      1
    25.0  0.1540     -1
    26.0  0.2738E-01  1
    26.0  0.9107E-01 -1
    27.0  0.3760E-01  1
    27.0  0.5377E-01 -1
    28.0  0.9524E-02  1
    28.0  0.3169E-01 -1
    29.0  0.1304E-01  1
    29.0  0.1864E-01 -1
    30.0  0.3290E-02  1
    30.0  0.1095E-01 -1
    31.0  0.4492E-02  1
    31.0  0.6421E-02 -1
    32.0  0.1129E-02  1
    32.0  0.3760E-02 -1
    33.0  0.1539E-02  1
    33.0  0.2199E-02 -1
    34.0  0.3856E-03  1
    34.0  0.1284E-02 -1
    35.0  0.5243E-03  1
    35.0  0.7492E-03 -1
    36.0  0.1310E-03  1
    36.0  0.4365E-03 -1
    37.0  0.1778E-03  1
    37.0  0.2541E-03 -1
    38.0  0.4433E-04  1
    38.0  0.1477E-03 -1
    39.0  0.6006E-04  1
    39.0  0.8580E-04 -1
    40.0  0.1494E-04  1
    40.0  0.4979E-04 -1
    41.0  0.2021E-04  1
    41.0  0.2887E-04 -1
    42.0  0.5017E-05  1
    42.0  0.1672E-04 -1
    43.0  0.6776E-05  1
    43.0  0.9680E-05 -1
    44.0  0.1679E-05  1
    44.0  0.5598E-05 -1
    45.0  0.2265E-05  1
    45.0  0.3236E-05 -1
    46.0  0.5604E-06  1
    46.0  0.1869E-05 -1
    47.0  0.7552E-06  1
    47.0  0.1079E-05 -1
    48.0  0.1866E-06  1
    48.0  0.6222E-06 -1
    49.0  0.2512E-06  1
    49.0  0.3587E-06 -1
    50.0  0.6198E-07  1
    50.0  0.2067E-06 -1
 &
