# 178 angles,  1 tensor ranks for 0=projectile
@subtitle   "20O + d 2+2 inelastic;"                                                        
@legend ON
@legend x1 0.2
@legend y1 0.8
@g0 type LOGY
@yaxis ticklabel format power
@legend string   0 "Lab energy =   70.0000"
#legend string   0 "Partition=  1 Excit=  2 near/far= 1"
#  Theta       sigma       iT11        T20         T21         T22         Kyy for projectile
   3.000       7.975    
   4.000       7.303    
   5.000       6.926    
   6.000       7.077    
   7.000       7.878    
   8.000       9.296    
   9.000       11.15    
   10.00       13.14    
   11.00       14.98    
   12.00       16.40    
   13.00       17.19    
   14.00       17.27    
   15.00       16.61    
   16.00       15.30    
   17.00       13.51    
   18.00       11.47    
   19.00       9.393    
   20.00       7.494    
   21.00       5.915    
   22.00       4.738    
   23.00       3.979    
   24.00       3.605    
   25.00       3.541    
   26.00       3.691    
   27.00       3.952    
   28.00       4.231    
   29.00       4.453    
   30.00       4.572    
   31.00       4.566    
   32.00       4.435    
   33.00       4.195    
   34.00       3.876    
   35.00       3.512    
   36.00       3.136    
   37.00       2.777    
   38.00       2.457    
   39.00       2.186    
   40.00       1.969    
   41.00       1.803    
   42.00       1.681    
   43.00       1.593    
   44.00       1.525    
   45.00       1.467    
   46.00       1.409    
   47.00       1.344    
   48.00       1.270    
   49.00       1.186    
   50.00       1.092    
   51.00      0.9912    
   52.00      0.8872    
   53.00      0.7839    
   54.00      0.6849    
   55.00      0.5933    
   56.00      0.5110    
   57.00      0.4394    
   58.00      0.3785    
   59.00      0.3282    
   60.00      0.2874    
   61.00      0.2547    
   62.00      0.2285    
   63.00      0.2072    
   64.00      0.1895    
   65.00      0.1741    
   66.00      0.1601    
   67.00      0.1469    
   68.00      0.1341    
   69.00      0.1216    
   70.00      0.1094    
   71.00      0.9757E-01
   72.00      0.8633E-01
   73.00      0.7579E-01
   74.00      0.6611E-01
   75.00      0.5740E-01
   76.00      0.4974E-01
   77.00      0.4316E-01
   78.00      0.3761E-01
   79.00      0.3297E-01
   80.00      0.2911E-01
   81.00      0.2593E-01
   82.00      0.2330E-01
   83.00      0.2112E-01
   84.00      0.1925E-01
   85.00      0.1760E-01
   86.00      0.1608E-01
   87.00      0.1467E-01
   88.00      0.1334E-01
   89.00      0.1209E-01
   90.00      0.1091E-01
   91.00      0.9792E-02
   92.00      0.8735E-02
   93.00      0.7756E-02
   94.00      0.6872E-02
   95.00      0.6090E-02
   96.00      0.5406E-02
   97.00      0.4812E-02
   98.00      0.4302E-02
   99.00      0.3873E-02
   100.0      0.3519E-02
   101.0      0.3229E-02
   102.0      0.2986E-02
   103.0      0.2775E-02
   104.0      0.2588E-02
   105.0      0.2421E-02
   106.0      0.2268E-02
   107.0      0.2123E-02
   108.0      0.1980E-02
   109.0      0.1837E-02
   110.0      0.1695E-02
   111.0      0.1557E-02
   112.0      0.1424E-02
   113.0      0.1294E-02
   114.0      0.1168E-02
   115.0      0.1049E-02
   116.0      0.9397E-03
   117.0      0.8423E-03
   118.0      0.7559E-03
   119.0      0.6776E-03
   120.0      0.6059E-03
   121.0      0.5422E-03
   122.0      0.4893E-03
   123.0      0.4477E-03
   124.0      0.4146E-03
   125.0      0.3857E-03
   126.0      0.3583E-03
   127.0      0.3325E-03
   128.0      0.3100E-03
   129.0      0.2917E-03
   130.0      0.2763E-03
   131.0      0.2614E-03
   132.0      0.2460E-03
   133.0      0.2308E-03
   134.0      0.2171E-03
   135.0      0.2050E-03
   136.0      0.1931E-03
   137.0      0.1798E-03
   138.0      0.1650E-03
   139.0      0.1506E-03
   140.0      0.1386E-03
   141.0      0.1296E-03
   142.0      0.1221E-03
   143.0      0.1141E-03
   144.0      0.1050E-03
   145.0      0.9557E-04
   146.0      0.8721E-04
   147.0      0.8063E-04
   148.0      0.7529E-04
   149.0      0.7034E-04
   150.0      0.6559E-04
   151.0      0.6143E-04
   152.0      0.5821E-04
   153.0      0.5568E-04
   154.0      0.5306E-04
   155.0      0.4972E-04
   156.0      0.4593E-04
   157.0      0.4269E-04
   158.0      0.4066E-04
   159.0      0.3954E-04
   160.0      0.3854E-04
   161.0      0.3702E-04
   162.0      0.3486E-04
   163.0      0.3252E-04
   164.0      0.3062E-04
   165.0      0.2922E-04
   166.0      0.2791E-04
   167.0      0.2647E-04
   168.0      0.2517E-04
   169.0      0.2426E-04
   170.0      0.2374E-04
   171.0      0.2344E-04
   172.0      0.2308E-04
   173.0      0.2249E-04
   174.0      0.2190E-04
   175.0      0.2171E-04
   176.0      0.2196E-04
   177.0      0.2235E-04
   178.0      0.2274E-04
   179.0      0.2315E-04
   180.0      0.2335E-04
 END
