           2           1           1
    0.0+     1 1   1.743       0.000      0.2189E-02   1.741    
    1.0+     1 1   5.241       0.000      0.1819E-01   5.223    
    1.0-     0 1   5.218      0.1080E-04  0.1377E-01   5.204    
    1.0-     2 2   5.291      0.1080E-04  0.3680E-01   5.254    
    2.0+     1 1   8.804      0.1694E-04  0.8968E-01   8.714    
    2.0+     3 2   8.945      0.1694E-04  0.1180       8.827    
    2.0-     2 1   8.867       0.000      0.1067       8.760    
    3.0+     3 1   12.60       0.000      0.2433       12.35    
    3.0-     2 1   12.52      0.1940E-04  0.2475       12.27    
    3.0-     4 2   12.68      0.1940E-04  0.2256       12.45    
    4.0+     3 1   16.30      0.1709E-04  0.4328       15.86    
    4.0+     5 2   16.50      0.1709E-04  0.3682       16.13    
    4.0-     4 1   16.35       0.000      0.3812       15.97    
    5.0+     5 1   20.15       0.000      0.5092       19.64    
    5.0-     4 1   20.05      0.1076E-04  0.6025       19.45    
    5.0-     6 2   20.23      0.1076E-04  0.5475       19.68    
    6.0+     5 1   23.78      0.5082E-05  0.6939       23.09    
    6.0+     7 2   23.97      0.5082E-05  0.6091       23.37    
    6.0-     6 1   23.91       0.000      0.6897       23.22    
    7.0+     7 1   27.56       0.000      0.7481       26.82    
    7.0-     6 1   27.54      0.3331E-05  0.8094       26.73    
    7.0-     8 2   27.88      0.3331E-05  0.8181       27.06    
    8.0+     7 1   31.19      0.1915E-05  0.9038       30.29    
    8.0+     9 2   30.97      0.1915E-05   1.352       29.62    
    8.0-     8 1   31.51       0.000      0.7528       30.75    
    9.0+     9 1   35.31       0.000       1.201       34.11    
    9.0-     8 1   34.91      0.6058E-06  0.7948       34.11    
    9.0-    10 2   31.56      0.6058E-06   1.810       29.75    
   10.0+     9 1   39.20      0.1556E-06  0.9216       38.28    
   10.0+    11 2   28.63      0.1556E-06   1.912       26.71    
   10.0-    10 1   36.66       0.000       1.861       34.80    
   11.0+    11 1   33.40       0.000       2.075       31.33    
   11.0-    10 1   42.07      0.3535E-07   1.701       40.37    
   11.0-    12 2   22.99      0.3535E-07   1.637       21.36    
   12.0+    11 1   39.14      0.3863E-08   2.236       36.90    
   12.0+    13 2   16.67      0.3863E-08   1.154       15.52    
   12.0-    12 1   26.43       0.000       1.778       24.65    
   13.0+    13 1   18.73       0.000       1.265       17.47    
   13.0-    12 1   30.60      0.1749E-09   1.916       28.68    
   13.0-    14 2   11.22      0.1749E-09  0.6774       10.54    
   14.0+    13 1   21.10      0.4181E-11   1.360       19.74    
   14.0+    15 2   7.178      0.4181E-11  0.3386       6.839    
   14.0-    14 1   12.37       0.000      0.7493       11.62    
   15.0+    15 1   7.800       0.000      0.3727       7.427    
   15.0-    14 1   13.62      0.7085E-13  0.8227       12.79    
   15.0-    16 2   4.452      0.7085E-13  0.1504       4.302    
   16.0+    15 1   8.456      0.1028E-14  0.4095       8.047    
   16.0+    17 2   2.715      0.1028E-14  0.6194E-01   2.653    
   16.0-    16 1   4.787       0.000      0.1636       4.623    
   17.0+    17 1   2.897       0.000      0.6662E-01   2.830    
   17.0-    16 1   5.133      0.1405E-16  0.1777       4.955    
   17.0-    18 2   1.641      0.1405E-16  0.2431E-01   1.617    
   18.0+    17 1   3.081      0.1895E-18  0.7149E-01   3.010    
   18.0+    19 2  0.9875      0.1895E-18  0.9212E-02  0.9783    
   18.0-    18 1   1.741       0.000      0.2592E-01   1.715    
   19.0+    19 1   1.043       0.000      0.9758E-02   1.033    
   19.0-    18 1   1.842      0.2561E-20  0.2756E-01   1.814    
   19.0-    20 2  0.5923      0.2561E-20  0.3378E-02  0.5889    
   20.0+    19 1   1.099      0.3490E-22  0.1031E-01   1.088    
   20.0+    21 2  0.3544      0.3483E-22  0.1191E-02  0.3532    
   20.0-    20 1  0.6234       0.000      0.3562E-02  0.6198    
   21.0+    21 1  0.3719       0.000      0.1251E-02  0.3707    
   21.0-    20 1  0.6545      0.4810E-24  0.3747E-02  0.6508    
   21.0-    22 2  0.2116      0.4756E-24  0.3964E-03  0.2112    
   22.0+    21 1  0.3895      0.4573E-26  0.1311E-02  0.3882    
   22.0+    23 2  0.1261      0.6491E-26  0.1205E-03  0.1260    
   22.0-    22 1  0.2215       0.000      0.4153E-03  0.2211    
   23.0+    23 1  0.1317       0.000      0.1260E-03  0.1316    
   23.0-    22 1  0.2315      0.1517E-28  0.4342E-03  0.2310    
   23.0-    24 2  0.7498E-01  0.8771E-28  0.3130E-04  0.7495E-01
   24.0+    23 1  0.1374      0.8417E-28  0.1314E-03  0.1372    
   24.0+    25 2  0.4449E-01  0.1173E-29  0.6181E-05  0.4449E-01
   24.0-    24 1  0.7818E-01   0.000      0.3265E-04  0.7815E-01
   25.0+    25 1  0.4631E-01   0.000      0.6435E-05  0.4631E-01
   25.0-    24 1  0.8138E-01  0.8820E-28  0.3400E-04  0.8134E-01
   25.0-    26 2  0.2635E-01  0.1511E-31  0.1306E-05  0.2635E-01
   26.0+    25 1  0.4813E-01  0.5113E-29  0.6689E-05  0.4813E-01
   26.0+    27 2  0.1558E-01  0.2301E-33  0.1780E-05  0.1558E-01
   26.0-    26 1  0.2739E-01   0.000      0.1357E-05  0.2738E-01
   27.0+    27 1  0.1617E-01   0.000      0.1848E-05  0.1616E-01
   27.0-    26 1  0.2842E-01  0.3415E-28  0.1408E-05  0.2842E-01
   27.0-    28 2  0.9193E-02  0.2057E-35  0.2994E-05  0.9190E-02
   28.0+    27 1  0.1675E-01  0.1059E-28  0.1915E-05  0.1675E-01
   28.0+    29 2  0.5416E-02  0.8202E-35  0.3797E-05  0.5412E-02
   28.0-    28 1  0.9527E-02   0.000      0.3103E-05  0.9524E-02
   29.0+    29 1  0.5606E-02   0.000      0.3931E-05  0.5602E-02
   29.0-    28 1  0.9861E-02  0.3955E-29  0.3211E-05  0.9858E-02
   29.0-    30 2  0.3186E-02  0.1192E-35  0.4093E-05  0.3182E-02
   30.0+    29 1  0.5796E-02  0.4732E-28  0.4064E-05  0.5792E-02
   30.0+    31 2  0.1872E-02  0.2379E-34  0.4029E-05  0.1868E-02
   30.0-    30 1  0.3294E-02   0.000      0.4231E-05  0.3290E-02
   31.0+    31 1  0.1933E-02   0.000      0.4161E-05  0.1929E-02
   31.0-    30 1  0.3402E-02  0.1800E-28  0.4370E-05  0.3398E-02
   31.0-    32 2  0.1098E-02  0.1259E-35  0.3760E-05  0.1095E-02
   32.0+    31 1  0.1994E-02  0.1149E-28  0.4293E-05  0.1990E-02
   32.0+    33 2  0.6441E-03  0.5791E-35  0.3400E-05  0.6407E-03
   32.0-    32 1  0.1133E-02   0.000      0.3880E-05  0.1129E-02
   33.0+    33 1  0.6639E-03   0.000      0.3505E-05  0.6604E-03
   33.0-    32 1  0.1168E-02  0.6444E-29  0.3999E-05  0.1164E-02
   33.0-    34 2  0.3775E-03  0.1647E-36  0.3014E-05  0.3745E-03
   34.0+    33 1  0.6837E-03  0.9073E-28  0.3610E-05  0.6801E-03
   34.0+    35 2  0.2212E-03  0.7456E-37  0.2640E-05  0.2186E-03
   34.0-    34 1  0.3887E-03   0.000      0.3104E-05  0.3856E-03
   35.0+    35 1  0.2276E-03   0.000      0.2717E-05  0.2249E-03
   35.0-    34 1  0.4000E-03  0.3694E-30  0.3194E-05  0.3968E-03
   35.0-    36 2  0.1297E-03  0.1482E-36  0.2296E-05  0.1274E-03
   36.0+    35 1  0.2341E-03  0.1540E-28  0.2793E-05  0.2313E-03
   36.0+    37 2  0.7621E-04  0.8028E-37  0.1988E-05  0.7422E-04
   36.0-    36 1  0.1334E-03   0.000      0.2361E-05  0.1310E-03
   37.0+    37 1  0.7830E-04   0.000      0.2042E-05  0.7626E-04
   37.0-    36 1  0.1371E-03  0.9147E-28  0.2426E-05  0.1346E-03
   37.0-    38 2  0.4490E-04  0.1511E-37  0.1717E-05  0.4318E-04
   38.0+    37 1  0.8039E-04  0.2316E-30  0.2097E-05  0.7829E-04
   38.0+    39 2  0.2658E-04  0.8409E-37  0.1481E-05  0.2509E-04
   38.0-    38 1  0.4609E-04   0.000      0.1763E-05  0.4433E-04
   39.0+    39 1  0.2727E-04   0.000      0.1520E-05  0.2575E-04
   39.0-    38 1  0.4729E-04  0.1190E-29  0.1809E-05  0.4548E-04
   39.0-    40 2  0.1585E-04  0.8381E-36  0.1278E-05  0.1457E-04
   40.0+    39 1  0.2796E-04  0.2871E-30  0.1558E-05  0.2640E-04
   40.0+    41 2  0.9554E-05  0.5184E-37  0.1102E-05  0.8452E-05
   40.0-    40 1  0.1625E-04   0.000      0.1310E-05  0.1494E-04
   41.0+    41 1  0.9790E-05   0.000      0.1130E-05  0.8661E-05
   41.0-    40 1  0.1665E-04  0.3522E-28  0.1343E-05  0.1531E-04
   41.0-    42 2  0.5850E-05  0.8799E-38  0.9512E-06  0.4898E-05
   42.0+    41 1  0.1003E-04  0.9685E-30  0.1157E-05  0.8869E-05
   42.0+    43 2  0.3658E-05  0.2387E-36  0.8217E-06  0.2837E-05
   42.0-    42 1  0.5991E-05   0.000      0.9741E-06  0.5016E-05
   43.0+    43 1  0.3744E-05   0.000      0.8410E-06  0.2903E-05
   43.0-    42 1  0.6132E-05  0.1597E-28  0.9970E-06  0.5135E-05
   43.0-    44 2  0.2351E-05  0.3833E-37  0.7097E-06  0.1641E-05
   44.0+    43 1  0.3830E-05  0.2139E-28  0.8603E-06  0.2970E-05
   44.0+    45 2  0.1563E-05  0.2206E-37  0.6138E-06  0.9490E-06
   44.0-    44 1  0.2405E-05   0.000      0.7260E-06  0.1679E-05
   45.0+    45 1  0.1598E-05   0.000      0.6276E-06  0.9703E-06
   45.0-    44 1  0.2459E-05  0.2341E-29  0.7423E-06  0.1717E-05
   45.0-    46 2  0.1079E-05  0.3225E-37  0.5311E-06  0.5483E-06
   46.0+    45 1  0.1633E-05  0.1230E-30  0.6414E-06  0.9916E-06
   46.0+    47 2  0.7762E-06  0.1449E-37  0.4596E-06  0.3165E-06
   46.0-    46 1  0.1103E-05   0.000      0.5428E-06  0.5603E-06
   47.0+    47 1  0.7929E-06   0.000      0.4695E-06  0.3234E-06
   47.0-    46 1  0.1127E-05  0.4875E-29  0.5545E-06  0.5724E-06
   47.0-    48 2  0.5811E-06  0.4285E-39  0.3985E-06  0.1826E-06
   48.0+    47 1  0.8096E-06  0.4974E-29  0.4794E-06  0.3302E-06
   48.0+    49 2  0.4506E-06  0.5241E-37  0.3453E-06  0.1053E-06
   48.0-    48 1  0.5934E-06   0.000      0.4069E-06  0.1865E-06
   49.0+    49 1  0.4598E-06   0.000      0.3524E-06  0.1075E-06
   49.0-    48 1  0.6056E-06  0.7148E-29  0.4153E-06  0.1903E-06
   49.0-    50 2  0.3602E-06  0.1304E-38  0.2995E-06  0.6068E-07
   50.0+    49 1  0.4691E-06  0.3785E-31  0.3595E-06  0.1097E-06
   50.0+    51 2  0.2950E-06  0.1314E-37  0.2601E-06  0.3494E-07
   50.0-    50 1  0.3675E-06   0.000      0.3056E-06  0.6190E-07
