# 178 angles,  1 tensor ranks for 0=projectile
@subtitle   "20O + d elastic scattering;"                                                   
@legend ON
@legend x1 0.2
@legend y1 0.8
@g0 type LOGY
@yaxis ticklabel format power
@legend string   0 "Lab energy =   21.0600"
#legend string   0 "Partition=  1 Excit=  1 near/far= 1"
#  Theta       sigma       iT11        T20         T21         T22         Kyy for projectile
   3.000      0.4010E+06
   4.000      0.1139E+06
   5.000      0.4269E+05
   6.000      0.1984E+05
   7.000      0.1113E+05
   8.000       7311.    
   9.000       5403.    
   10.00       4302.    
   11.00       3570.    
   12.00       3019.    
   13.00       2566.    
   14.00       2173.    
   15.00       1825.    
   16.00       1514.    
   17.00       1238.    
   18.00       994.3    
   19.00       782.6    
   20.00       601.7    
   21.00       450.1    
   22.00       325.7    
   23.00       226.2    
   24.00       149.2    
   25.00       91.65    
   26.00       50.88    
   27.00       24.02    
   28.00       8.363    
   29.00       1.398    
   30.00      0.8496    
   31.00       4.722    
   32.00       11.32    
   33.00       19.24    
   34.00       27.40    
   35.00       34.96    
   36.00       41.36    
   37.00       46.24    
   38.00       49.45    
   39.00       50.96    
   40.00       50.88    
   41.00       49.40    
   42.00       46.74    
   43.00       43.18    
   44.00       38.98    
   45.00       34.41    
   46.00       29.69    
   47.00       25.04    
   48.00       20.62    
   49.00       16.56    
   50.00       12.93    
   51.00       9.804    
   52.00       7.187    
   53.00       5.077    
   54.00       3.443    
   55.00       2.241    
   56.00       1.414    
   57.00      0.9017    
   58.00      0.6402    
   59.00      0.5682    
   60.00      0.6292    
   61.00      0.7728    
   62.00      0.9568    
   63.00       1.147    
   64.00       1.318    
   65.00       1.453    
   66.00       1.540    
   67.00       1.577    
   68.00       1.564    
   69.00       1.506    
   70.00       1.411    
   71.00       1.289    
   72.00       1.150    
   73.00       1.006    
   74.00      0.8638    
   75.00      0.7336    
   76.00      0.6216    
   77.00      0.5330    
   78.00      0.4706    
   79.00      0.4361    
   80.00      0.4290    
   81.00      0.4479    
   82.00      0.4897    
   83.00      0.5509    
   84.00      0.6272    
   85.00      0.7141    
   86.00      0.8067    
   87.00      0.9008    
   88.00      0.9920    
   89.00       1.077    
   90.00       1.152    
   91.00       1.215    
   92.00       1.265    
   93.00       1.300    
   94.00       1.319    
   95.00       1.323    
   96.00       1.313    
   97.00       1.289    
   98.00       1.253    
   99.00       1.207    
   100.0       1.153    
   101.0       1.092    
   102.0       1.027    
   103.0      0.9588    
   104.0      0.8901    
   105.0      0.8226    
   106.0      0.7575    
   107.0      0.6963    
   108.0      0.6400    
   109.0      0.5896    
   110.0      0.5456    
   111.0      0.5085    
   112.0      0.4783    
   113.0      0.4552    
   114.0      0.4389    
   115.0      0.4290    
   116.0      0.4249    
   117.0      0.4261    
   118.0      0.4318    
   119.0      0.4411    
   120.0      0.4532    
   121.0      0.4672    
   122.0      0.4822    
   123.0      0.4973    
   124.0      0.5117    
   125.0      0.5248    
   126.0      0.5357    
   127.0      0.5441    
   128.0      0.5494    
   129.0      0.5513    
   130.0      0.5496    
   131.0      0.5444    
   132.0      0.5356    
   133.0      0.5235    
   134.0      0.5083    
   135.0      0.4904    
   136.0      0.4704    
   137.0      0.4487    
   138.0      0.4260    
   139.0      0.4028    
   140.0      0.3797    
   141.0      0.3574    
   142.0      0.3363    
   143.0      0.3171    
   144.0      0.3000    
   145.0      0.2855    
   146.0      0.2739    
   147.0      0.2651    
   148.0      0.2595    
   149.0      0.2568    
   150.0      0.2570    
   151.0      0.2599    
   152.0      0.2652    
   153.0      0.2726    
   154.0      0.2817    
   155.0      0.2922    
   156.0      0.3035    
   157.0      0.3153    
   158.0      0.3271    
   159.0      0.3387    
   160.0      0.3496    
   161.0      0.3595    
   162.0      0.3683    
   163.0      0.3757    
   164.0      0.3816    
   165.0      0.3860    
   166.0      0.3888    
   167.0      0.3902    
   168.0      0.3902    
   169.0      0.3891    
   170.0      0.3869    
   171.0      0.3839    
   172.0      0.3804    
   173.0      0.3766    
   174.0      0.3727    
   175.0      0.3689    
   176.0      0.3655    
   177.0      0.3627    
   178.0      0.3606    
   179.0      0.3593    
   180.0      0.3588    
 END
