# 178 angles,  1 tensor ranks for 0=projectile
@subtitle   "20O + d 2+1 inelastic;"                                                        
@legend ON
@legend x1 0.2
@legend y1 0.8
@g0 type LOGY
@yaxis ticklabel format power
@legend string   0 "Lab energy =   70.0000"
#legend string   0 "Partition=  1 Excit=  2 near/far= 1"
#  Theta       sigma       iT11        T20         T21         T22         Kyy for projectile
   3.000       27.13    
   4.000       24.91    
   5.000       23.81    
   6.000       24.68    
   7.000       27.91    
   8.000       33.29    
   9.000       40.03    
   10.00       47.06    
   11.00       53.31    
   12.00       57.92    
   13.00       60.27    
   14.00       60.05    
   15.00       57.25    
   16.00       52.19    
   17.00       45.51    
   18.00       38.01    
   19.00       30.57    
   20.00       23.90    
   21.00       18.47    
   22.00       14.54    
   23.00       12.13    
   24.00       11.12    
   25.00       11.21    
   26.00       12.04    
   27.00       13.22    
   28.00       14.40    
   29.00       15.33    
   30.00       15.85    
   31.00       15.89    
   32.00       15.47    
   33.00       14.64    
   34.00       13.51    
   35.00       12.20    
   36.00       10.84    
   37.00       9.548    
   38.00       8.389    
   39.00       7.406    
   40.00       6.613    
   41.00       6.004    
   42.00       5.554    
   43.00       5.228    
   44.00       4.982    
   45.00       4.773    
   46.00       4.568    
   47.00       4.345    
   48.00       4.093    
   49.00       3.810    
   50.00       3.498    
   51.00       3.165    
   52.00       2.821    
   53.00       2.481    
   54.00       2.156    
   55.00       1.857    
   56.00       1.590    
   57.00       1.358    
   58.00       1.163    
   59.00       1.002    
   60.00      0.8742    
   61.00      0.7731    
   62.00      0.6932    
   63.00      0.6291    
   64.00      0.5761    
   65.00      0.5306    
   66.00      0.4896    
   67.00      0.4508    
   68.00      0.4127    
   69.00      0.3748    
   70.00      0.3376    
   71.00      0.3016    
   72.00      0.2672    
   73.00      0.2347    
   74.00      0.2045    
   75.00      0.1771    
   76.00      0.1529    
   77.00      0.1322    
   78.00      0.1149    
   79.00      0.1005    
   80.00      0.8851E-01
   81.00      0.7850E-01
   82.00      0.7026E-01
   83.00      0.6348E-01
   84.00      0.5779E-01
   85.00      0.5277E-01
   86.00      0.4815E-01
   87.00      0.4386E-01
   88.00      0.3989E-01
   89.00      0.3623E-01
   90.00      0.3279E-01
   91.00      0.2948E-01
   92.00      0.2629E-01
   93.00      0.2330E-01
   94.00      0.2063E-01
   95.00      0.1831E-01
   96.00      0.1631E-01
   97.00      0.1457E-01
   98.00      0.1305E-01
   99.00      0.1177E-01
   100.0      0.1072E-01
   101.0      0.9879E-02
   102.0      0.9181E-02
   103.0      0.8567E-02
   104.0      0.8018E-02
   105.0      0.7539E-02
   106.0      0.7128E-02
   107.0      0.6757E-02
   108.0      0.6388E-02
   109.0      0.5997E-02
   110.0      0.5591E-02
   111.0      0.5190E-02
   112.0      0.4805E-02
   113.0      0.4426E-02
   114.0      0.4045E-02
   115.0      0.3673E-02
   116.0      0.3326E-02
   117.0      0.3018E-02
   118.0      0.2741E-02
   119.0      0.2474E-02
   120.0      0.2204E-02
   121.0      0.1944E-02
   122.0      0.1721E-02
   123.0      0.1548E-02
   124.0      0.1417E-02
   125.0      0.1305E-02
   126.0      0.1195E-02
   127.0      0.1085E-02
   128.0      0.9917E-03
   129.0      0.9260E-03
   130.0      0.8816E-03
   131.0      0.8443E-03
   132.0      0.8087E-03
   133.0      0.7805E-03
   134.0      0.7682E-03
   135.0      0.7738E-03
   136.0      0.7871E-03
   137.0      0.7924E-03
   138.0      0.7835E-03
   139.0      0.7709E-03
   140.0      0.7685E-03
   141.0      0.7797E-03
   142.0      0.7973E-03
   143.0      0.8107E-03
   144.0      0.8122E-03
   145.0      0.8035E-03
   146.0      0.7936E-03
   147.0      0.7869E-03
   148.0      0.7790E-03
   149.0      0.7658E-03
   150.0      0.7495E-03
   151.0      0.7337E-03
   152.0      0.7204E-03
   153.0      0.7103E-03
   154.0      0.6995E-03
   155.0      0.6819E-03
   156.0      0.6584E-03
   157.0      0.6377E-03
   158.0      0.6245E-03
   159.0      0.6167E-03
   160.0      0.6120E-03
   161.0      0.6084E-03
   162.0      0.6024E-03
   163.0      0.5950E-03
   164.0      0.5917E-03
   165.0      0.5936E-03
   166.0      0.5963E-03
   167.0      0.5995E-03
   168.0      0.6063E-03
   169.0      0.6139E-03
   170.0      0.6183E-03
   171.0      0.6226E-03
   172.0      0.6303E-03
   173.0      0.6407E-03
   174.0      0.6543E-03
   175.0      0.6711E-03
   176.0      0.6814E-03
   177.0      0.6756E-03
   178.0      0.6610E-03
   179.0      0.6518E-03
   180.0      0.6498E-03
 END
