# 178 angles,  1 tensor ranks for 0=projectile
@subtitle   "20O(d,t) @ 30AMeV Daeh (d) + Pang (t)"                                         
@legend ON
@legend x1 0.2
@legend y1 0.8
@g0 type LOGY
@yaxis ticklabel format power
@legend string   0 "Lab energy =   70.0000"
#legend string   0 "Partition=  2 Excit=  1 near/far= 1"
#  Theta       sigma       iT11        T20         T21         T22         Kyy for projectile
   3.000       23.21    
   4.000       16.61    
   5.000       10.42    
   6.000       5.498    
   7.000       2.296    
   8.000      0.8268    
   9.000      0.7593    
   10.00       1.570    
   11.00       2.709    
   12.00       3.730    
   13.00       4.358    
   14.00       4.503    
   15.00       4.222    
   16.00       3.661    
   17.00       2.995    
   18.00       2.377    
   19.00       1.909    
   20.00       1.637    
   21.00       1.550    
   22.00       1.603    
   23.00       1.735    
   24.00       1.882    
   25.00       1.994    
   26.00       2.039    
   27.00       2.004    
   28.00       1.895    
   29.00       1.725    
   30.00       1.517    
   31.00       1.292    
   32.00       1.071    
   33.00      0.8679    
   34.00      0.6916    
   35.00      0.5462    
   36.00      0.4315    
   37.00      0.3446    
   38.00      0.2810    
   39.00      0.2359    
   40.00      0.2047    
   41.00      0.1833    
   42.00      0.1687    
   43.00      0.1585    
   44.00      0.1510    
   45.00      0.1450    
   46.00      0.1397    
   47.00      0.1345    
   48.00      0.1290    
   49.00      0.1230    
   50.00      0.1163    
   51.00      0.1089    
   52.00      0.1010    
   53.00      0.9259E-01
   54.00      0.8407E-01
   55.00      0.7568E-01
   56.00      0.6768E-01
   57.00      0.6029E-01
   58.00      0.5371E-01
   59.00      0.4800E-01
   60.00      0.4320E-01
   61.00      0.3925E-01
   62.00      0.3604E-01
   63.00      0.3344E-01
   64.00      0.3129E-01
   65.00      0.2942E-01
   66.00      0.2772E-01
   67.00      0.2606E-01
   68.00      0.2439E-01
   69.00      0.2266E-01
   70.00      0.2086E-01
   71.00      0.1901E-01
   72.00      0.1716E-01
   73.00      0.1533E-01
   74.00      0.1358E-01
   75.00      0.1194E-01
   76.00      0.1045E-01
   77.00      0.9120E-02
   78.00      0.7966E-02
   79.00      0.6983E-02
   80.00      0.6160E-02
   81.00      0.5480E-02
   82.00      0.4920E-02
   83.00      0.4459E-02
   84.00      0.4072E-02
   85.00      0.3741E-02
   86.00      0.3447E-02
   87.00      0.3178E-02
   88.00      0.2925E-02
   89.00      0.2682E-02
   90.00      0.2445E-02
   91.00      0.2215E-02
   92.00      0.1992E-02
   93.00      0.1779E-02
   94.00      0.1578E-02
   95.00      0.1391E-02
   96.00      0.1220E-02
   97.00      0.1066E-02
   98.00      0.9300E-03
   99.00      0.8108E-03
   100.0      0.7078E-03
   101.0      0.6198E-03
   102.0      0.5452E-03
   103.0      0.4821E-03
   104.0      0.4288E-03
   105.0      0.3836E-03
   106.0      0.3450E-03
   107.0      0.3116E-03
   108.0      0.2824E-03
   109.0      0.2566E-03
   110.0      0.2335E-03
   111.0      0.2127E-03
   112.0      0.1939E-03
   113.0      0.1770E-03
   114.0      0.1617E-03
   115.0      0.1480E-03
   116.0      0.1358E-03
   117.0      0.1250E-03
   118.0      0.1155E-03
   119.0      0.1072E-03
   120.0      0.9982E-04
   121.0      0.9330E-04
   122.0      0.8744E-04
   123.0      0.8209E-04
   124.0      0.7708E-04
   125.0      0.7229E-04
   126.0      0.6761E-04
   127.0      0.6296E-04
   128.0      0.5830E-04
   129.0      0.5361E-04
   130.0      0.4890E-04
   131.0      0.4418E-04
   132.0      0.3952E-04
   133.0      0.3495E-04
   134.0      0.3054E-04
   135.0      0.2635E-04
   136.0      0.2244E-04
   137.0      0.1883E-04
   138.0      0.1558E-04
   139.0      0.1271E-04
   140.0      0.1023E-04
   141.0      0.8137E-05
   142.0      0.6428E-05
   143.0      0.5084E-05
   144.0      0.4082E-05
   145.0      0.3392E-05
   146.0      0.2981E-05
   147.0      0.2813E-05
   148.0      0.2853E-05
   149.0      0.3064E-05
   150.0      0.3410E-05
   151.0      0.3855E-05
   152.0      0.4365E-05
   153.0      0.4907E-05
   154.0      0.5450E-05
   155.0      0.5965E-05
   156.0      0.6427E-05
   157.0      0.6814E-05
   158.0      0.7107E-05
   159.0      0.7293E-05
   160.0      0.7363E-05
   161.0      0.7315E-05
   162.0      0.7150E-05
   163.0      0.6877E-05
   164.0      0.6507E-05
   165.0      0.6057E-05
   166.0      0.5545E-05
   167.0      0.4992E-05
   168.0      0.4419E-05
   169.0      0.3846E-05
   170.0      0.3290E-05
   171.0      0.2768E-05
   172.0      0.2290E-05
   173.0      0.1867E-05
   174.0      0.1501E-05
   175.0      0.1197E-05
   176.0      0.9520E-06
   177.0      0.7660E-06
   178.0      0.6358E-06
   179.0      0.5589E-06
   180.0      0.5336E-06
 END
