# 181 angles,  1 tensor ranks for 0=projectile
@subtitle   "p+O20 1st ex with BG ;"                                                        
@legend ON
@legend x1 0.2
@legend y1 0.8
@g0 type LOGY
@yaxis ticklabel format power
@legend string   0 "Lab energy =   35.0000"
#legend string   0 "Partition=  1 Excit=  1 near/far= 1"
#  Theta       sigma       iT11        T20         T21         T22         Kyy for projectile
  0.1000E-01  0.1288E+16
   1.000      0.1250E+08
   2.000      0.7233E+06
   3.000      0.1288E+06
   4.000      0.3679E+05
   5.000      0.1417E+05
   6.000       7004.    
   7.000       4330.    
   8.000       3195.    
   9.000       2645.    
   10.00       2333.    
   11.00       2120.    
   12.00       1949.    
   13.00       1796.    
   14.00       1649.    
   15.00       1506.    
   16.00       1366.    
   17.00       1230.    
   18.00       1098.    
   19.00       971.6    
   20.00       852.4    
   21.00       741.1    
   22.00       638.3    
   23.00       544.4    
   24.00       459.6    
   25.00       384.0    
   26.00       317.3    
   27.00       259.3    
   28.00       209.5    
   29.00       167.4    
   30.00       132.3    
   31.00       103.5    
   32.00       80.55    
   33.00       62.59    
   34.00       48.97    
   35.00       39.05    
   36.00       32.20    
   37.00       27.87    
   38.00       25.53    
   39.00       24.70    
   40.00       24.98    
   41.00       26.02    
   42.00       27.51    
   43.00       29.21    
   44.00       30.92    
   45.00       32.49    
   46.00       33.79    
   47.00       34.77    
   48.00       35.37    
   49.00       35.57    
   50.00       35.37    
   51.00       34.79    
   52.00       33.86    
   53.00       32.63    
   54.00       31.13    
   55.00       29.42    
   56.00       27.56    
   57.00       25.57    
   58.00       23.53    
   59.00       21.46    
   60.00       19.40    
   61.00       17.40    
   62.00       15.47    
   63.00       13.65    
   64.00       11.94    
   65.00       10.36    
   66.00       8.927    
   67.00       7.632    
   68.00       6.481    
   69.00       5.471    
   70.00       4.596    
   71.00       3.848    
   72.00       3.221    
   73.00       2.702    
   74.00       2.281    
   75.00       1.948    
   76.00       1.691    
   77.00       1.500    
   78.00       1.363    
   79.00       1.271    
   80.00       1.215    
   81.00       1.187    
   82.00       1.179    
   83.00       1.185    
   84.00       1.200    
   85.00       1.219    
   86.00       1.238    
   87.00       1.254    
   88.00       1.266    
   89.00       1.270    
   90.00       1.267    
   91.00       1.255    
   92.00       1.236    
   93.00       1.208    
   94.00       1.172    
   95.00       1.129    
   96.00       1.081    
   97.00       1.027    
   98.00      0.9692    
   99.00      0.9083    
   100.0      0.8454    
   101.0      0.7815    
   102.0      0.7174    
   103.0      0.6541    
   104.0      0.5922    
   105.0      0.5324    
   106.0      0.4752    
   107.0      0.4212    
   108.0      0.3706    
   109.0      0.3237    
   110.0      0.2807    
   111.0      0.2417    
   112.0      0.2066    
   113.0      0.1755    
   114.0      0.1482    
   115.0      0.1246    
   116.0      0.1045    
   117.0      0.8763E-01
   118.0      0.7379E-01
   119.0      0.6272E-01
   120.0      0.5413E-01
   121.0      0.4777E-01
   122.0      0.4335E-01
   123.0      0.4061E-01
   124.0      0.3930E-01
   125.0      0.3917E-01
   126.0      0.3998E-01
   127.0      0.4152E-01
   128.0      0.4361E-01
   129.0      0.4604E-01
   130.0      0.4868E-01
   131.0      0.5137E-01
   132.0      0.5400E-01
   133.0      0.5646E-01
   134.0      0.5866E-01
   135.0      0.6055E-01
   136.0      0.6206E-01
   137.0      0.6316E-01
   138.0      0.6383E-01
   139.0      0.6406E-01
   140.0      0.6385E-01
   141.0      0.6320E-01
   142.0      0.6214E-01
   143.0      0.6070E-01
   144.0      0.5890E-01
   145.0      0.5679E-01
   146.0      0.5441E-01
   147.0      0.5181E-01
   148.0      0.4902E-01
   149.0      0.4610E-01
   150.0      0.4309E-01
   151.0      0.4005E-01
   152.0      0.3700E-01
   153.0      0.3399E-01
   154.0      0.3107E-01
   155.0      0.2825E-01
   156.0      0.2558E-01
   157.0      0.2308E-01
   158.0      0.2076E-01
   159.0      0.1865E-01
   160.0      0.1675E-01
   161.0      0.1507E-01
   162.0      0.1362E-01
   163.0      0.1238E-01
   164.0      0.1136E-01
   165.0      0.1053E-01
   166.0      0.9901E-02
   167.0      0.9439E-02
   168.0      0.9131E-02
   169.0      0.8956E-02
   170.0      0.8893E-02
   171.0      0.8920E-02
   172.0      0.9015E-02
   173.0      0.9157E-02
   174.0      0.9326E-02
   175.0      0.9503E-02
   176.0      0.9672E-02
   177.0      0.9819E-02
   178.0      0.9932E-02
   179.0      0.1000E-01
   180.0      0.1003E-01
 END
