# 178 angles,  1 tensor ranks for 0=projectile
@subtitle   "20O + d inelastic scattering;"                                                 
@legend ON
@legend x1 0.2
@legend y1 0.8
@g0 type LOGY
@yaxis ticklabel format power
@legend string   0 "Lab energy =   70.0000"
#legend string   0 "Partition=  1 Excit=  1 near/far= 1"
#  Theta       sigma       iT11        T20         T21         T22         Kyy for projectile
   3.000      0.2948E+05
   4.000      0.1222E+05
   5.000       8304.    
   6.000       6635.    
   7.000       5399.    
   8.000       4281.    
   9.000       3256.    
   10.00       2356.    
   11.00       1605.    
   12.00       1016.    
   13.00       583.9    
   14.00       293.1    
   15.00       119.4    
   16.00       35.62    
   17.00       14.55    
   18.00       31.82    
   19.00       67.46    
   20.00       106.7    
   21.00       139.7    
   22.00       161.5    
   23.00       170.3    
   24.00       167.3    
   25.00       154.9    
   26.00       136.4    
   27.00       115.0    
   28.00       93.47    
   29.00       73.87    
   30.00       57.48    
   31.00       44.86    
   32.00       35.97    
   33.00       30.35    
   34.00       27.32    
   35.00       26.08    
   36.00       25.88    
   37.00       26.08    
   38.00       26.21    
   39.00       25.96    
   40.00       25.16    
   41.00       23.81    
   42.00       21.97    
   43.00       19.78    
   44.00       17.39    
   45.00       14.96    
   46.00       12.63    
   47.00       10.49    
   48.00       8.612    
   49.00       7.032    
   50.00       5.750    
   51.00       4.746    
   52.00       3.986    
   53.00       3.424    
   54.00       3.014    
   55.00       2.714    
   56.00       2.486    
   57.00       2.299    
   58.00       2.132    
   59.00       1.970    
   60.00       1.807    
   61.00       1.638    
   62.00       1.467    
   63.00       1.294    
   64.00       1.126    
   65.00      0.9661    
   66.00      0.8182    
   67.00      0.6853    
   68.00      0.5689    
   69.00      0.4696    
   70.00      0.3870    
   71.00      0.3197    
   72.00      0.2662    
   73.00      0.2243    
   74.00      0.1919    
   75.00      0.1670    
   76.00      0.1477    
   77.00      0.1324    
   78.00      0.1200    
   79.00      0.1093    
   80.00      0.9980E-01
   81.00      0.9092E-01
   82.00      0.8243E-01
   83.00      0.7423E-01
   84.00      0.6629E-01
   85.00      0.5866E-01
   86.00      0.5143E-01
   87.00      0.4466E-01
   88.00      0.3845E-01
   89.00      0.3283E-01
   90.00      0.2784E-01
   91.00      0.2348E-01
   92.00      0.1974E-01
   93.00      0.1657E-01
   94.00      0.1393E-01
   95.00      0.1176E-01
   96.00      0.9988E-02
   97.00      0.8565E-02
   98.00      0.7427E-02
   99.00      0.6519E-02
   100.0      0.5795E-02
   101.0      0.5212E-02
   102.0      0.4736E-02
   103.0      0.4339E-02
   104.0      0.4000E-02
   105.0      0.3702E-02
   106.0      0.3432E-02
   107.0      0.3182E-02
   108.0      0.2946E-02
   109.0      0.2721E-02
   110.0      0.2505E-02
   111.0      0.2297E-02
   112.0      0.2096E-02
   113.0      0.1905E-02
   114.0      0.1722E-02
   115.0      0.1550E-02
   116.0      0.1389E-02
   117.0      0.1239E-02
   118.0      0.1102E-02
   119.0      0.9768E-03
   120.0      0.8644E-03
   121.0      0.7642E-03
   122.0      0.6760E-03
   123.0      0.5992E-03
   124.0      0.5331E-03
   125.0      0.4768E-03
   126.0      0.4294E-03
   127.0      0.3900E-03
   128.0      0.3575E-03
   129.0      0.3308E-03
   130.0      0.3091E-03
   131.0      0.2914E-03
   132.0      0.2767E-03
   133.0      0.2645E-03
   134.0      0.2539E-03
   135.0      0.2443E-03
   136.0      0.2354E-03
   137.0      0.2266E-03
   138.0      0.2178E-03
   139.0      0.2087E-03
   140.0      0.1991E-03
   141.0      0.1892E-03
   142.0      0.1787E-03
   143.0      0.1679E-03
   144.0      0.1568E-03
   145.0      0.1456E-03
   146.0      0.1343E-03
   147.0      0.1232E-03
   148.0      0.1125E-03
   149.0      0.1021E-03
   150.0      0.9244E-04
   151.0      0.8348E-04
   152.0      0.7534E-04
   153.0      0.6813E-04
   154.0      0.6188E-04
   155.0      0.5662E-04
   156.0      0.5233E-04
   157.0      0.4900E-04
   158.0      0.4655E-04
   159.0      0.4490E-04
   160.0      0.4395E-04
   161.0      0.4359E-04
   162.0      0.4370E-04
   163.0      0.4415E-04
   164.0      0.4482E-04
   165.0      0.4561E-04
   166.0      0.4640E-04
   167.0      0.4711E-04
   168.0      0.4769E-04
   169.0      0.4809E-04
   170.0      0.4828E-04
   171.0      0.4826E-04
   172.0      0.4806E-04
   173.0      0.4770E-04
   174.0      0.4723E-04
   175.0      0.4671E-04
   176.0      0.4619E-04
   177.0      0.4572E-04
   178.0      0.4534E-04
   179.0      0.4510E-04
   180.0      0.4502E-04
 END
