# 178 angles,  1 tensor ranks for 0=projectile
@subtitle   "20O + d inelastic scattering;"                                                 
@legend ON
@legend x1 0.2
@legend y1 0.8
@g0 type LOGY
@yaxis ticklabel format power
@legend string   0 "Lab energy =   70.0000"
#legend string   0 "Partition=  1 Excit=  2 near/far= 1"
#  Theta       sigma       iT11        T20         T21         T22         Kyy for projectile
   3.000       2.948    
   4.000       2.657    
   5.000       2.381    
   6.000       2.233    
   7.000       2.308    
   8.000       2.629    
   9.000       3.141    
   10.00       3.742    
   11.00       4.327    
   12.00       4.818    
   13.00       5.162    
   14.00       5.319    
   15.00       5.263    
   16.00       4.985    
   17.00       4.511    
   18.00       3.900    
   19.00       3.232    
   20.00       2.587    
   21.00       2.023    
   22.00       1.577    
   23.00       1.262    
   24.00       1.077    
   25.00       1.007    
   26.00       1.026    
   27.00       1.102    
   28.00       1.200    
   29.00       1.291    
   30.00       1.354    
   31.00       1.378    
   32.00       1.358    
   33.00       1.296    
   34.00       1.200    
   35.00       1.081    
   36.00      0.9511    
   37.00      0.8236    
   38.00      0.7076    
   39.00      0.6093    
   40.00      0.5320    
   41.00      0.4761    
   42.00      0.4401    
   43.00      0.4203    
   44.00      0.4117    
   45.00      0.4087    
   46.00      0.4065    
   47.00      0.4018    
   48.00      0.3926    
   49.00      0.3781    
   50.00      0.3580    
   51.00      0.3327    
   52.00      0.3031    
   53.00      0.2709    
   54.00      0.2377    
   55.00      0.2055    
   56.00      0.1754    
   57.00      0.1484    
   58.00      0.1250    
   59.00      0.1055    
   60.00      0.8967E-01
   61.00      0.7737E-01
   62.00      0.6805E-01
   63.00      0.6106E-01
   64.00      0.5576E-01
   65.00      0.5162E-01
   66.00      0.4822E-01
   67.00      0.4523E-01
   68.00      0.4238E-01
   69.00      0.3949E-01
   70.00      0.3647E-01
   71.00      0.3330E-01
   72.00      0.3003E-01
   73.00      0.2675E-01
   74.00      0.2353E-01
   75.00      0.2046E-01
   76.00      0.1760E-01
   77.00      0.1501E-01
   78.00      0.1272E-01
   79.00      0.1073E-01
   80.00      0.9042E-02
   81.00      0.7634E-02
   82.00      0.6488E-02
   83.00      0.5576E-02
   84.00      0.4855E-02
   85.00      0.4281E-02
   86.00      0.3814E-02
   87.00      0.3431E-02
   88.00      0.3119E-02
   89.00      0.2865E-02
   90.00      0.2653E-02
   91.00      0.2462E-02
   92.00      0.2278E-02
   93.00      0.2100E-02
   94.00      0.1931E-02
   95.00      0.1777E-02
   96.00      0.1635E-02
   97.00      0.1500E-02
   98.00      0.1366E-02
   99.00      0.1235E-02
   100.0      0.1111E-02
   101.0      0.1001E-02
   102.0      0.9023E-03
   103.0      0.8109E-03
   104.0      0.7225E-03
   105.0      0.6367E-03
   106.0      0.5568E-03
   107.0      0.4871E-03
   108.0      0.4289E-03
   109.0      0.3790E-03
   110.0      0.3339E-03
   111.0      0.2923E-03
   112.0      0.2555E-03
   113.0      0.2255E-03
   114.0      0.2038E-03
   115.0      0.1890E-03
   116.0      0.1780E-03
   117.0      0.1684E-03
   118.0      0.1602E-03
   119.0      0.1545E-03
   120.0      0.1518E-03
   121.0      0.1520E-03
   122.0      0.1534E-03
   123.0      0.1535E-03
   124.0      0.1515E-03
   125.0      0.1483E-03
   126.0      0.1451E-03
   127.0      0.1422E-03
   128.0      0.1391E-03
   129.0      0.1348E-03
   130.0      0.1285E-03
   131.0      0.1203E-03
   132.0      0.1121E-03
   133.0      0.1050E-03
   134.0      0.9855E-04
   135.0      0.9183E-04
   136.0      0.8436E-04
   137.0      0.7607E-04
   138.0      0.6787E-04
   139.0      0.6135E-04
   140.0      0.5686E-04
   141.0      0.5305E-04
   142.0      0.4885E-04
   143.0      0.4441E-04
   144.0      0.4027E-04
   145.0      0.3712E-04
   146.0      0.3563E-04
   147.0      0.3522E-04
   148.0      0.3423E-04
   149.0      0.3218E-04
   150.0      0.3029E-04
   151.0      0.2965E-04
   152.0      0.3035E-04
   153.0      0.3203E-04
   154.0      0.3347E-04
   155.0      0.3306E-04
   156.0      0.3095E-04
   157.0      0.2930E-04
   158.0      0.2953E-04
   159.0      0.3123E-04
   160.0      0.3345E-04
   161.0      0.3498E-04
   162.0      0.3439E-04
   163.0      0.3186E-04
   164.0      0.2973E-04
   165.0      0.2954E-04
   166.0      0.3058E-04
   167.0      0.3183E-04
   168.0      0.3265E-04
   169.0      0.3194E-04
   170.0      0.2944E-04
   171.0      0.2696E-04
   172.0      0.2620E-04
   173.0      0.2687E-04
   174.0      0.2830E-04
   175.0      0.3013E-04
   176.0      0.3106E-04
   177.0      0.3016E-04
   178.0      0.2904E-04
   179.0      0.2939E-04
   180.0      0.2998E-04
 END
