# 178 angles,  1 tensor ranks for 0=projectile
@subtitle   "20O + d 2+1 inelastic;"                                                        
@legend ON
@legend x1 0.2
@legend y1 0.8
@g0 type LOGY
@yaxis ticklabel format power
@legend string   0 "Lab energy =   70.0000"
#legend string   0 "Partition=  1 Excit=  2 near/far= 1"
#  Theta       sigma       iT11        T20         T21         T22         Kyy for projectile
   3.000       20.00    
   4.000       18.12    
   5.000       17.30    
   6.000       18.30    
   7.000       21.49    
   8.000       26.66    
   9.000       33.08    
   10.00       39.72    
   11.00       45.61    
   12.00       49.93    
   13.00       52.17    
   14.00       52.04    
   15.00       49.58    
   16.00       45.08    
   17.00       39.16    
   18.00       32.57    
   19.00       26.09    
   20.00       20.34    
   21.00       15.74    
   22.00       12.50    
   23.00       10.60    
   24.00       9.903    
   25.00       10.14    
   26.00       10.96    
   27.00       12.03    
   28.00       13.04    
   29.00       13.77    
   30.00       14.12    
   31.00       14.03    
   32.00       13.53    
   33.00       12.69    
   34.00       11.62    
   35.00       10.43    
   36.00       9.223    
   37.00       8.100    
   38.00       7.116    
   39.00       6.298    
   40.00       5.650    
   41.00       5.160    
   42.00       4.802    
   43.00       4.540    
   44.00       4.336    
   45.00       4.152    
   46.00       3.963    
   47.00       3.752    
   48.00       3.514    
   49.00       3.249    
   50.00       2.962    
   51.00       2.661    
   52.00       2.356    
   53.00       2.060    
   54.00       1.783    
   55.00       1.533    
   56.00       1.313    
   57.00       1.124    
   58.00      0.9672    
   59.00      0.8396    
   60.00      0.7379    
   61.00      0.6573    
   62.00      0.5928    
   63.00      0.5397    
   64.00      0.4944    
   65.00      0.4541    
   66.00      0.4167    
   67.00      0.3808    
   68.00      0.3454    
   69.00      0.3107    
   70.00      0.2771    
   71.00      0.2453    
   72.00      0.2156    
   73.00      0.1881    
   74.00      0.1632    
   75.00      0.1409    
   76.00      0.1218    
   77.00      0.1057    
   78.00      0.9250E-01
   79.00      0.8159E-01
   80.00      0.7250E-01
   81.00      0.6491E-01
   82.00      0.5857E-01
   83.00      0.5327E-01
   84.00      0.4867E-01
   85.00      0.4448E-01
   86.00      0.4052E-01
   87.00      0.3677E-01
   88.00      0.3328E-01
   89.00      0.3006E-01
   90.00      0.2706E-01
   91.00      0.2419E-01
   92.00      0.2146E-01
   93.00      0.1896E-01
   94.00      0.1675E-01
   95.00      0.1488E-01
   96.00      0.1329E-01
   97.00      0.1192E-01
   98.00      0.1072E-01
   99.00      0.9711E-02
   100.0      0.8881E-02
   101.0      0.8204E-02
   102.0      0.7620E-02
   103.0      0.7085E-02
   104.0      0.6589E-02
   105.0      0.6140E-02
   106.0      0.5739E-02
   107.0      0.5366E-02
   108.0      0.4993E-02
   109.0      0.4606E-02
   110.0      0.4217E-02
   111.0      0.3848E-02
   112.0      0.3505E-02
   113.0      0.3179E-02
   114.0      0.2864E-02
   115.0      0.2566E-02
   116.0      0.2303E-02
   117.0      0.2084E-02
   118.0      0.1899E-02
   119.0      0.1725E-02
   120.0      0.1549E-02
   121.0      0.1380E-02
   122.0      0.1241E-02
   123.0      0.1141E-02
   124.0      0.1071E-02
   125.0      0.1010E-02
   126.0      0.9440E-03
   127.0      0.8712E-03
   128.0      0.8046E-03
   129.0      0.7526E-03
   130.0      0.7087E-03
   131.0      0.6616E-03
   132.0      0.6100E-03
   133.0      0.5619E-03
   134.0      0.5257E-03
   135.0      0.5021E-03
   136.0      0.4812E-03
   137.0      0.4491E-03
   138.0      0.4026E-03
   139.0      0.3542E-03
   140.0      0.3182E-03
   141.0      0.2978E-03
   142.0      0.2861E-03
   143.0      0.2737E-03
   144.0      0.2538E-03
   145.0      0.2285E-03
   146.0      0.2063E-03
   147.0      0.1912E-03
   148.0      0.1786E-03
   149.0      0.1648E-03
   150.0      0.1516E-03
   151.0      0.1412E-03
   152.0      0.1345E-03
   153.0      0.1315E-03
   154.0      0.1288E-03
   155.0      0.1210E-03
   156.0      0.1090E-03
   157.0      0.9934E-04
   158.0      0.9439E-04
   159.0      0.9078E-04
   160.0      0.8711E-04
   161.0      0.8371E-04
   162.0      0.7897E-04
   163.0      0.7347E-04
   164.0      0.7074E-04
   165.0      0.6925E-04
   166.0      0.6381E-04
   167.0      0.5592E-04
   168.0      0.5141E-04
   169.0      0.4981E-04
   170.0      0.4761E-04
   171.0      0.4606E-04
   172.0      0.4624E-04
   173.0      0.4595E-04
   174.0      0.4691E-04
   175.0      0.5208E-04
   176.0      0.5489E-04
   177.0      0.4739E-04
   178.0      0.3576E-04
   179.0      0.3073E-04
   180.0      0.3064E-04
 END
