# 178 angles,  1 tensor ranks for 0=projectile
@subtitle   "p+O20 with CH89;"                                                              
@legend ON
@legend x1 0.2
@legend y1 0.8
@g0 type LOGY
@yaxis ticklabel format power
@legend string   0 "Lab energy =   35.0000"
#legend string   0 "Partition=  1 Excit=  1 near/far= 1"
#  Theta       sigma       iT11        T20         T21         T22         Kyy for projectile
   3.000      0.1318E+06
   4.000      0.3820E+05
   5.000      0.1489E+05
   6.000       7370.    
   7.000       4494.    
   8.000       3239.    
   9.000       2617.    
   10.00       2261.    
   11.00       2024.    
   12.00       1840.    
   13.00       1682.    
   14.00       1536.    
   15.00       1398.    
   16.00       1265.    
   17.00       1137.    
   18.00       1015.    
   19.00       899.2    
   20.00       790.2    
   21.00       688.8    
   22.00       595.4    
   23.00       510.4    
   24.00       434.0    
   25.00       366.0    
   26.00       306.3    
   27.00       254.7    
   28.00       210.6    
   29.00       173.6    
   30.00       143.1    
   31.00       118.5    
   32.00       99.21    
   33.00       84.48    
   34.00       73.72    
   35.00       66.29    
   36.00       61.62    
   37.00       59.15    
   38.00       58.38    
   39.00       58.87    
   40.00       60.20    
   41.00       62.05    
   42.00       64.12    
   43.00       66.17    
   44.00       68.03    
   45.00       69.54    
   46.00       70.60    
   47.00       71.16    
   48.00       71.18    
   49.00       70.65    
   50.00       69.59    
   51.00       68.03    
   52.00       66.03    
   53.00       63.64    
   54.00       60.92    
   55.00       57.94    
   56.00       54.77    
   57.00       51.47    
   58.00       48.10    
   59.00       44.71    
   60.00       41.36    
   61.00       38.10    
   62.00       34.95    
   63.00       31.96    
   64.00       29.13    
   65.00       26.50    
   66.00       24.07    
   67.00       21.85    
   68.00       19.83    
   69.00       18.02    
   70.00       16.41    
   71.00       14.99    
   72.00       13.75    
   73.00       12.67    
   74.00       11.74    
   75.00       10.95    
   76.00       10.27    
   77.00       9.700    
   78.00       9.219    
   79.00       8.815    
   80.00       8.473    
   81.00       8.183    
   82.00       7.933    
   83.00       7.714    
   84.00       7.517    
   85.00       7.336    
   86.00       7.164    
   87.00       6.997    
   88.00       6.830    
   89.00       6.661    
   90.00       6.488    
   91.00       6.308    
   92.00       6.122    
   93.00       5.928    
   94.00       5.728    
   95.00       5.522    
   96.00       5.310    
   97.00       5.093    
   98.00       4.873    
   99.00       4.651    
   100.0       4.429    
   101.0       4.207    
   102.0       3.987    
   103.0       3.770    
   104.0       3.557    
   105.0       3.350    
   106.0       3.150    
   107.0       2.957    
   108.0       2.772    
   109.0       2.597    
   110.0       2.431    
   111.0       2.275    
   112.0       2.130    
   113.0       1.995    
   114.0       1.871    
   115.0       1.758    
   116.0       1.656    
   117.0       1.564    
   118.0       1.482    
   119.0       1.411    
   120.0       1.349    
   121.0       1.296    
   122.0       1.251    
   123.0       1.214    
   124.0       1.183    
   125.0       1.159    
   126.0       1.140    
   127.0       1.125    
   128.0       1.114    
   129.0       1.105    
   130.0       1.099    
   131.0       1.093    
   132.0       1.088    
   133.0       1.083    
   134.0       1.077    
   135.0       1.069    
   136.0       1.060    
   137.0       1.048    
   138.0       1.034    
   139.0       1.018    
   140.0      0.9993    
   141.0      0.9786    
   142.0      0.9559    
   143.0      0.9317    
   144.0      0.9065    
   145.0      0.8807    
   146.0      0.8551    
   147.0      0.8303    
   148.0      0.8071    
   149.0      0.7861    
   150.0      0.7682    
   151.0      0.7540    
   152.0      0.7444    
   153.0      0.7398    
   154.0      0.7410    
   155.0      0.7483    
   156.0      0.7621    
   157.0      0.7827    
   158.0      0.8102    
   159.0      0.8446    
   160.0      0.8857    
   161.0      0.9332    
   162.0      0.9867    
   163.0       1.046    
   164.0       1.109    
   165.0       1.177    
   166.0       1.247    
   167.0       1.319    
   168.0       1.393    
   169.0       1.466    
   170.0       1.537    
   171.0       1.606    
   172.0       1.671    
   173.0       1.732    
   174.0       1.786    
   175.0       1.834    
   176.0       1.875    
   177.0       1.907    
   178.0       1.931    
   179.0       1.945    
   180.0       1.949    
 END
