# Fusion cross sections for ELAB=  70.000, ECM=  63.596
     0.0   1.744       1.753      0.9386E-02
     1.0   15.70       15.78      0.7897E-01
     2.0   26.23       26.36      0.1250    
     3.0   36.86       37.02      0.1611    
     4.0   47.62       47.81      0.1845    
     5.0   58.59       58.79      0.1934    
     6.0   69.74       69.93      0.1873    
     7.0   81.24       81.41      0.1636    
     8.0   92.61       92.77      0.1599    
     9.0   101.3       101.6      0.2237    
    10.0   103.7       104.0      0.3195    
    11.0   96.43       96.80      0.3672    
    12.0   79.64       79.97      0.3356    
    13.0   58.59       58.85      0.2544    
    14.0   39.43       39.59      0.1670    
    15.0   25.05       25.15      0.9878E-01
    16.0   15.40       15.45      0.5466E-01
    17.0   9.288       9.317      0.2901E-01
    18.0   5.543       5.558      0.1498E-01
    19.0   3.286       3.293      0.7585E-02
    20.0   1.939       1.943      0.3792E-02
    21.0   1.140       1.142      0.1880E-02
    22.0  0.6686      0.6696      0.9274E-03
    23.0  0.3911      0.3916      0.4562E-03
    24.0  0.2283      0.2285      0.2241E-03
    25.0  0.1330      0.1331      0.1100E-03
    26.0  0.7729E-01  0.7735E-01  0.5399E-04
    27.0  0.4485E-01  0.4488E-01  0.2650E-04
    28.0  0.2598E-01  0.2599E-01  0.1302E-04
    29.0  0.1503E-01  0.1503E-01  0.6394E-05
    30.0  0.8677E-02  0.8680E-02  0.3143E-05
    31.0  0.5004E-02  0.5005E-02  0.1545E-05
    32.0  0.2881E-02  0.2882E-02  0.7602E-06
    33.0  0.1657E-02  0.1658E-02  0.3741E-06
    34.0  0.9520E-03  0.9522E-03  0.1842E-06
    35.0  0.5462E-03  0.5463E-03  0.9072E-07
    36.0  0.3131E-03  0.3131E-03  0.4469E-07
    37.0  0.1793E-03  0.1793E-03  0.2203E-07
    38.0  0.1025E-03  0.1025E-03  0.1086E-07
    39.0  0.5860E-04  0.5860E-04  0.5354E-08
    40.0  0.3346E-04  0.3346E-04  0.2641E-08
    41.0  0.1909E-04  0.1909E-04  0.1303E-08
    42.0  0.1088E-04  0.1088E-04  0.6428E-09
    43.0  0.6196E-05  0.6197E-05  0.3173E-09
    44.0  0.3527E-05  0.3527E-05  0.1566E-09
    45.0  0.2006E-05  0.2006E-05  0.7732E-10
    46.0  0.1140E-05  0.1140E-05  0.3818E-10
    47.0  0.6474E-06  0.6475E-06  0.1886E-10
    48.0  0.3675E-06  0.3675E-06  0.9314E-11
    49.0  0.2085E-06  0.2085E-06  0.4601E-11
    50.0  0.1182E-06  0.1182E-06  0.2273E-11
    51.0  0.6696E-07  0.6696E-07  0.1123E-11
    52.0  0.3792E-07  0.3792E-07  0.5550E-12
    53.0  0.2146E-07  0.2146E-07  0.2743E-12
    54.0  0.1214E-07  0.1214E-07  0.1356E-12
    55.0  0.6865E-08  0.6865E-08  0.6702E-13
    56.0  0.3880E-08  0.3880E-08  0.3313E-13
    57.0  0.2192E-08  0.2192E-08  0.1638E-13
    58.0  0.1238E-08  0.1238E-08  0.8099E-14
    59.0  0.6991E-09  0.6991E-09  0.4005E-14
    60.0  0.3944E-09  0.3944E-09  0.1980E-14
 &
