# 178 angles,  1 tensor ranks for 0=projectile
@subtitle   "p+O20 with CH89;"                                                              
@legend ON
@legend x1 0.2
@legend y1 0.8
@g0 type LOGY
@yaxis ticklabel format power
@legend string   0 "Lab energy =   35.0000"
#legend string   0 "Partition=  1 Excit=  1 near/far= 1"
#  Theta       sigma       iT11        T20         T21         T22         Kyy for projectile
   3.000      0.1260E+06
   4.000      0.3435E+05
   5.000      0.1215E+05
   6.000       5341.    
   7.000       2947.    
   8.000       2039.    
   9.000       1678.    
   10.00       1525.    
   11.00       1451.    
   12.00       1400.    
   13.00       1353.    
   14.00       1300.    
   15.00       1240.    
   16.00       1173.    
   17.00       1101.    
   18.00       1025.    
   19.00       947.1    
   20.00       868.3    
   21.00       790.4    
   22.00       714.3    
   23.00       641.0    
   24.00       571.3    
   25.00       505.7    
   26.00       444.6    
   27.00       388.2    
   28.00       336.7    
   29.00       290.0    
   30.00       248.1    
   31.00       210.8    
   32.00       177.9    
   33.00       149.2    
   34.00       124.4    
   35.00       103.2    
   36.00       85.25    
   37.00       70.21    
   38.00       57.77    
   39.00       47.63    
   40.00       39.49    
   41.00       33.05    
   42.00       28.06    
   43.00       24.28    
   44.00       21.48    
   45.00       19.48    
   46.00       18.11    
   47.00       17.21    
   48.00       16.65    
   49.00       16.34    
   50.00       16.18    
   51.00       16.11    
   52.00       16.06    
   53.00       15.99    
   54.00       15.88    
   55.00       15.70    
   56.00       15.44    
   57.00       15.10    
   58.00       14.68    
   59.00       14.18    
   60.00       13.61    
   61.00       12.97    
   62.00       12.29    
   63.00       11.57    
   64.00       10.82    
   65.00       10.07    
   66.00       9.307    
   67.00       8.555    
   68.00       7.822    
   69.00       7.113    
   70.00       6.437    
   71.00       5.797    
   72.00       5.198    
   73.00       4.643    
   74.00       4.134    
   75.00       3.670    
   76.00       3.252    
   77.00       2.879    
   78.00       2.549    
   79.00       2.260    
   80.00       2.009    
   81.00       1.793    
   82.00       1.611    
   83.00       1.457    
   84.00       1.329    
   85.00       1.225    
   86.00       1.140    
   87.00       1.073    
   88.00       1.020    
   89.00      0.9783    
   90.00      0.9463    
   91.00      0.9217    
   92.00      0.9025    
   93.00      0.8873    
   94.00      0.8746    
   95.00      0.8632    
   96.00      0.8522    
   97.00      0.8408    
   98.00      0.8284    
   99.00      0.8146    
   100.0      0.7990    
   101.0      0.7816    
   102.0      0.7621    
   103.0      0.7408    
   104.0      0.7175    
   105.0      0.6926    
   106.0      0.6662    
   107.0      0.6385    
   108.0      0.6098    
   109.0      0.5804    
   110.0      0.5505    
   111.0      0.5204    
   112.0      0.4903    
   113.0      0.4605    
   114.0      0.4312    
   115.0      0.4026    
   116.0      0.3749    
   117.0      0.3482    
   118.0      0.3227    
   119.0      0.2984    
   120.0      0.2754    
   121.0      0.2539    
   122.0      0.2337    
   123.0      0.2150    
   124.0      0.1977    
   125.0      0.1818    
   126.0      0.1673    
   127.0      0.1541    
   128.0      0.1422    
   129.0      0.1315    
   130.0      0.1220    
   131.0      0.1136    
   132.0      0.1061    
   133.0      0.9965E-01
   134.0      0.9405E-01
   135.0      0.8927E-01
   136.0      0.8523E-01
   137.0      0.8189E-01
   138.0      0.7919E-01
   139.0      0.7708E-01
   140.0      0.7552E-01
   141.0      0.7446E-01
   142.0      0.7388E-01
   143.0      0.7375E-01
   144.0      0.7404E-01
   145.0      0.7473E-01
   146.0      0.7581E-01
   147.0      0.7726E-01
   148.0      0.7908E-01
   149.0      0.8124E-01
   150.0      0.8374E-01
   151.0      0.8658E-01
   152.0      0.8974E-01
   153.0      0.9321E-01
   154.0      0.9699E-01
   155.0      0.1010    
   156.0      0.1054    
   157.0      0.1099    
   158.0      0.1148    
   159.0      0.1198    
   160.0      0.1249    
   161.0      0.1302    
   162.0      0.1357    
   163.0      0.1411    
   164.0      0.1466    
   165.0      0.1521    
   166.0      0.1575    
   167.0      0.1628    
   168.0      0.1680    
   169.0      0.1729    
   170.0      0.1776    
   171.0      0.1821    
   172.0      0.1861    
   173.0      0.1898    
   174.0      0.1931    
   175.0      0.1959    
   176.0      0.1983    
   177.0      0.2002    
   178.0      0.2015    
   179.0      0.2023    
   180.0      0.2026    
 END
