# 178 angles,  1 tensor ranks for 0=projectile
@subtitle   "20O + d 2+1 inelastic;"                                                        
@legend ON
@legend x1 0.2
@legend y1 0.8
@g0 type LOGY
@yaxis ticklabel format power
@legend string   0 "Lab energy =   70.0000"
#legend string   0 "Partition=  1 Excit=  2 near/far= 1"
#  Theta       sigma       iT11        T20         T21         T22         Kyy for projectile
   3.000      0.4715    
   4.000      0.4494    
   5.000      0.4004    
   6.000      0.3442    
   7.000      0.3155    
   8.000      0.3337    
   9.000      0.3889    
   10.00      0.4562    
   11.00      0.5166    
   12.00      0.5631    
   13.00      0.5946    
   14.00      0.6086    
   15.00      0.5996    
   16.00      0.5627    
   17.00      0.4997    
   18.00      0.4204    
   19.00      0.3381    
   20.00      0.2635    
   21.00      0.2022    
   22.00      0.1559    
   23.00      0.1250    
   24.00      0.1091    
   25.00      0.1064    
   26.00      0.1132    
   27.00      0.1244    
   28.00      0.1352    
   29.00      0.1430    
   30.00      0.1469    
   31.00      0.1469    
   32.00      0.1429    
   33.00      0.1348    
   34.00      0.1233    
   35.00      0.1097    
   36.00      0.9578E-01
   37.00      0.8305E-01
   38.00      0.7209E-01
   39.00      0.6298E-01
   40.00      0.5573E-01
   41.00      0.5049E-01
   42.00      0.4724E-01
   43.00      0.4562E-01
   44.00      0.4490E-01
   45.00      0.4428E-01
   46.00      0.4323E-01
   47.00      0.4165E-01
   48.00      0.3962E-01
   49.00      0.3722E-01
   50.00      0.3443E-01
   51.00      0.3127E-01
   52.00      0.2783E-01
   53.00      0.2432E-01
   54.00      0.2098E-01
   55.00      0.1792E-01
   56.00      0.1518E-01
   57.00      0.1278E-01
   58.00      0.1075E-01
   59.00      0.9137E-02
   60.00      0.7921E-02
   61.00      0.7028E-02
   62.00      0.6356E-02
   63.00      0.5821E-02
   64.00      0.5383E-02
   65.00      0.5022E-02
   66.00      0.4699E-02
   67.00      0.4365E-02
   68.00      0.3995E-02
   69.00      0.3604E-02
   70.00      0.3224E-02
   71.00      0.2878E-02
   72.00      0.2562E-02
   73.00      0.2250E-02
   74.00      0.1931E-02
   75.00      0.1622E-02
   76.00      0.1360E-02
   77.00      0.1158E-02
   78.00      0.1007E-02
   79.00      0.8864E-03
   80.00      0.7810E-03
   81.00      0.6897E-03
   82.00      0.6220E-03
   83.00      0.5800E-03
   84.00      0.5484E-03
   85.00      0.5104E-03
   86.00      0.4635E-03
   87.00      0.4168E-03
   88.00      0.3786E-03
   89.00      0.3512E-03
   90.00      0.3282E-03
   91.00      0.2987E-03
   92.00      0.2598E-03
   93.00      0.2203E-03
   94.00      0.1891E-03
   95.00      0.1663E-03
   96.00      0.1481E-03
   97.00      0.1320E-03
   98.00      0.1164E-03
   99.00      0.1031E-03
   100.0      0.9556E-04
   101.0      0.9283E-04
   102.0      0.8929E-04
   103.0      0.8288E-04
   104.0      0.7683E-04
   105.0      0.7319E-04
   106.0      0.7130E-04
   107.0      0.7044E-04
   108.0      0.6884E-04
   109.0      0.6417E-04
   110.0      0.5780E-04
   111.0      0.5324E-04
   112.0      0.5000E-04
   113.0      0.4507E-04
   114.0      0.3866E-04
   115.0      0.3293E-04
   116.0      0.2851E-04
   117.0      0.2588E-04
   118.0      0.2530E-04
   119.0      0.2410E-04
   120.0      0.1965E-04
   121.0      0.1425E-04
   122.0      0.1159E-04
   123.0      0.1150E-04
   124.0      0.1226E-04
   125.0      0.1330E-04
   126.0      0.1337E-04
   127.0      0.1148E-04
   128.0      0.9858E-05
   129.0      0.1055E-04
   130.0      0.1150E-04
   131.0      0.1063E-04
   132.0      0.9323E-05
   133.0      0.8766E-05
   134.0      0.8411E-05
   135.0      0.8829E-05
   136.0      0.1034E-04
   137.0      0.1045E-04
   138.0      0.7868E-05
   139.0      0.5429E-05
   140.0      0.5006E-05
   141.0      0.5146E-05
   142.0      0.5340E-05
   143.0      0.6227E-05
   144.0      0.6286E-05
   145.0      0.4553E-05
   146.0      0.3469E-05
   147.0      0.4138E-05
   148.0      0.4171E-05
   149.0      0.3117E-05
   150.0      0.3094E-05
   151.0      0.3630E-05
   152.0      0.3141E-05
   153.0      0.3127E-05
   154.0      0.4398E-05
   155.0      0.4333E-05
   156.0      0.2612E-05
   157.0      0.2331E-05
   158.0      0.3323E-05
   159.0      0.2955E-05
   160.0      0.2415E-05
   161.0      0.3531E-05
   162.0      0.3851E-05
   163.0      0.2320E-05
   164.0      0.2286E-05
   165.0      0.3902E-05
   166.0      0.3465E-05
   167.0      0.1956E-05
   168.0      0.2970E-05
   169.0      0.4418E-05
   170.0      0.3383E-05
   171.0      0.2998E-05
   172.0      0.5134E-05
   173.0      0.6178E-05
   174.0      0.6101E-05
   175.0      0.8625E-05
   176.0      0.1099E-04
   177.0      0.9086E-05
   178.0      0.8837E-05
   179.0      0.1551E-04
   180.0      0.2040E-04
 END
