# 178 angles,  1 tensor ranks for 0=projectile
@subtitle   "20O + d inelastic scattering;"                                                 
@legend ON
@legend x1 0.2
@legend y1 0.8
@g0 type LOGY
@yaxis ticklabel format power
@legend string   0 "Lab energy =   70.0000"
#legend string   0 "Partition=  1 Excit=  1 near/far= 1"
#  Theta       sigma       iT11        T20         T21         T22         Kyy for projectile
   3.000      0.2943E+05
   4.000      0.1220E+05
   5.000       8300.    
   6.000       6636.    
   7.000       5402.    
   8.000       4283.    
   9.000       3258.    
   10.00       2356.    
   11.00       1604.    
   12.00       1014.    
   13.00       581.9    
   14.00       291.2    
   15.00       117.9    
   16.00       34.76    
   17.00       14.39    
   18.00       32.36    
   19.00       68.63    
   20.00       108.3    
   21.00       141.7    
   22.00       163.7    
   23.00       172.6    
   24.00       169.5    
   25.00       156.9    
   26.00       138.3    
   27.00       116.6    
   28.00       94.91    
   29.00       75.12    
   30.00       58.58    
   31.00       45.83    
   32.00       36.85    
   33.00       31.17    
   34.00       28.09    
   35.00       26.82    
   36.00       26.60    
   37.00       26.78    
   38.00       26.87    
   39.00       26.57    
   40.00       25.73    
   41.00       24.32    
   42.00       22.42    
   43.00       20.17    
   44.00       17.72    
   45.00       15.23    
   46.00       12.84    
   47.00       10.66    
   48.00       8.742    
   49.00       7.130    
   50.00       5.824    
   51.00       4.803    
   52.00       4.029    
   53.00       3.458    
   54.00       3.042    
   55.00       2.738    
   56.00       2.507    
   57.00       2.319    
   58.00       2.150    
   59.00       1.987    
   60.00       1.821    
   61.00       1.651    
   62.00       1.477    
   63.00       1.303    
   64.00       1.132    
   65.00      0.9708    
   66.00      0.8214    
   67.00      0.6872    
   68.00      0.5699    
   69.00      0.4700    
   70.00      0.3869    
   71.00      0.3195    
   72.00      0.2659    
   73.00      0.2240    
   74.00      0.1918    
   75.00      0.1670    
   76.00      0.1479    
   77.00      0.1328    
   78.00      0.1205    
   79.00      0.1099    
   80.00      0.1004    
   81.00      0.9149E-01
   82.00      0.8297E-01
   83.00      0.7472E-01
   84.00      0.6672E-01
   85.00      0.5903E-01
   86.00      0.5173E-01
   87.00      0.4491E-01
   88.00      0.3864E-01
   89.00      0.3298E-01
   90.00      0.2795E-01
   91.00      0.2357E-01
   92.00      0.1980E-01
   93.00      0.1661E-01
   94.00      0.1395E-01
   95.00      0.1177E-01
   96.00      0.9996E-02
   97.00      0.8568E-02
   98.00      0.7427E-02
   99.00      0.6518E-02
   100.0      0.5792E-02
   101.0      0.5209E-02
   102.0      0.4734E-02
   103.0      0.4339E-02
   104.0      0.4002E-02
   105.0      0.3705E-02
   106.0      0.3438E-02
   107.0      0.3190E-02
   108.0      0.2957E-02
   109.0      0.2733E-02
   110.0      0.2518E-02
   111.0      0.2311E-02
   112.0      0.2111E-02
   113.0      0.1920E-02
   114.0      0.1737E-02
   115.0      0.1564E-02
   116.0      0.1401E-02
   117.0      0.1250E-02
   118.0      0.1112E-02
   119.0      0.9851E-03
   120.0      0.8712E-03
   121.0      0.7697E-03
   122.0      0.6803E-03
   123.0      0.6026E-03
   124.0      0.5358E-03
   125.0      0.4792E-03
   126.0      0.4318E-03
   127.0      0.3926E-03
   128.0      0.3605E-03
   129.0      0.3345E-03
   130.0      0.3136E-03
   131.0      0.2967E-03
   132.0      0.2831E-03
   133.0      0.2717E-03
   134.0      0.2621E-03
   135.0      0.2534E-03
   136.0      0.2452E-03
   137.0      0.2371E-03
   138.0      0.2287E-03
   139.0      0.2200E-03
   140.0      0.2107E-03
   141.0      0.2007E-03
   142.0      0.1902E-03
   143.0      0.1792E-03
   144.0      0.1678E-03
   145.0      0.1562E-03
   146.0      0.1444E-03
   147.0      0.1328E-03
   148.0      0.1215E-03
   149.0      0.1106E-03
   150.0      0.1003E-03
   151.0      0.9074E-04
   152.0      0.8206E-04
   153.0      0.7434E-04
   154.0      0.6762E-04
   155.0      0.6193E-04
   156.0      0.5726E-04
   157.0      0.5358E-04
   158.0      0.5082E-04
   159.0      0.4889E-04
   160.0      0.4769E-04
   161.0      0.4710E-04
   162.0      0.4698E-04
   163.0      0.4720E-04
   164.0      0.4765E-04
   165.0      0.4820E-04
   166.0      0.4875E-04
   167.0      0.4921E-04
   168.0      0.4952E-04
   169.0      0.4965E-04
   170.0      0.4956E-04
   171.0      0.4927E-04
   172.0      0.4879E-04
   173.0      0.4817E-04
   174.0      0.4747E-04
   175.0      0.4673E-04
   176.0      0.4602E-04
   177.0      0.4539E-04
   178.0      0.4491E-04
   179.0      0.4460E-04
   180.0      0.4449E-04
 END
