# 178 angles,  1 tensor ranks for 0=projectile
@subtitle   "20O + d Ex 8.575 2+;"                                                          
@legend ON
@legend x1 0.2
@legend y1 0.8
@g0 type LOGY
@yaxis ticklabel format power
@legend string   0 "Lab energy =   70.0000"
#legend string   0 "Partition=  1 Excit=  2 near/far= 1"
#  Theta       sigma       iT11        T20         T21         T22         Kyy for projectile
   3.000       20.63    
   4.000       19.60    
   5.000       19.32    
   6.000       20.20    
   7.000       22.41    
   8.000       25.87    
   9.000       30.20    
   10.00       34.86    
   11.00       39.17    
   12.00       42.52    
   13.00       44.41    
   14.00       44.57    
   15.00       42.95    
   16.00       39.75    
   17.00       35.36    
   18.00       30.25    
   19.00       24.98    
   20.00       20.01    
   21.00       15.73    
   22.00       12.40    
   23.00       10.11    
   24.00       8.827    
   25.00       8.405    
   26.00       8.632    
   27.00       9.263    
   28.00       10.06    
   29.00       10.82    
   30.00       11.38    
   31.00       11.65    
   32.00       11.60    
   33.00       11.24    
   34.00       10.63    
   35.00       9.832    
   36.00       8.933    
   37.00       8.014    
   38.00       7.138    
   39.00       6.355    
   40.00       5.691    
   41.00       5.156    
   42.00       4.743    
   43.00       4.433    
   44.00       4.201    
   45.00       4.019    
   46.00       3.862    
   47.00       3.706    
   48.00       3.538    
   49.00       3.347    
   50.00       3.131    
   51.00       2.891    
   52.00       2.635    
   53.00       2.369    
   54.00       2.105    
   55.00       1.849    
   56.00       1.610    
   57.00       1.394    
   58.00       1.204    
   59.00       1.041    
   60.00      0.9044    
   61.00      0.7927    
   62.00      0.7025    
   63.00      0.6302    
   64.00      0.5718    
   65.00      0.5236    
   66.00      0.4826    
   67.00      0.4461    
   68.00      0.4121    
   69.00      0.3795    
   70.00      0.3475    
   71.00      0.3159    
   72.00      0.2849    
   73.00      0.2548    
   74.00      0.2260    
   75.00      0.1990    
   76.00      0.1743    
   77.00      0.1520    
   78.00      0.1323    
   79.00      0.1153    
   80.00      0.1007    
   81.00      0.8846E-01
   82.00      0.7825E-01
   83.00      0.6976E-01
   84.00      0.6268E-01
   85.00      0.5670E-01
   86.00      0.5156E-01
   87.00      0.4703E-01
   88.00      0.4294E-01
   89.00      0.3916E-01
   90.00      0.3563E-01
   91.00      0.3228E-01
   92.00      0.2910E-01
   93.00      0.2609E-01
   94.00      0.2328E-01
   95.00      0.2068E-01
   96.00      0.1832E-01
   97.00      0.1620E-01
   98.00      0.1433E-01
   99.00      0.1271E-01
   100.0      0.1134E-01
   101.0      0.1019E-01
   102.0      0.9236E-02
   103.0      0.8456E-02
   104.0      0.7816E-02
   105.0      0.7289E-02
   106.0      0.6847E-02
   107.0      0.6466E-02
   108.0      0.6126E-02
   109.0      0.5809E-02
   110.0      0.5502E-02
   111.0      0.5199E-02
   112.0      0.4892E-02
   113.0      0.4581E-02
   114.0      0.4265E-02
   115.0      0.3946E-02
   116.0      0.3629E-02
   117.0      0.3317E-02
   118.0      0.3015E-02
   119.0      0.2725E-02
   120.0      0.2451E-02
   121.0      0.2195E-02
   122.0      0.1959E-02
   123.0      0.1746E-02
   124.0      0.1556E-02
   125.0      0.1387E-02
   126.0      0.1239E-02
   127.0      0.1110E-02
   128.0      0.1002E-02
   129.0      0.9116E-03
   130.0      0.8385E-03
   131.0      0.7802E-03
   132.0      0.7346E-03
   133.0      0.7000E-03
   134.0      0.6750E-03
   135.0      0.6585E-03
   136.0      0.6490E-03
   137.0      0.6449E-03
   138.0      0.6448E-03
   139.0      0.6479E-03
   140.0      0.6531E-03
   141.0      0.6596E-03
   142.0      0.6662E-03
   143.0      0.6716E-03
   144.0      0.6751E-03
   145.0      0.6764E-03
   146.0      0.6757E-03
   147.0      0.6729E-03
   148.0      0.6678E-03
   149.0      0.6603E-03
   150.0      0.6502E-03
   151.0      0.6380E-03
   152.0      0.6240E-03
   153.0      0.6087E-03
   154.0      0.5924E-03
   155.0      0.5754E-03
   156.0      0.5583E-03
   157.0      0.5418E-03
   158.0      0.5266E-03
   159.0      0.5128E-03
   160.0      0.5006E-03
   161.0      0.4899E-03
   162.0      0.4809E-03
   163.0      0.4737E-03
   164.0      0.4688E-03
   165.0      0.4663E-03
   166.0      0.4661E-03
   167.0      0.4678E-03
   168.0      0.4712E-03
   169.0      0.4759E-03
   170.0      0.4817E-03
   171.0      0.4884E-03
   172.0      0.4954E-03
   173.0      0.5026E-03
   174.0      0.5095E-03
   175.0      0.5161E-03
   176.0      0.5222E-03
   177.0      0.5276E-03
   178.0      0.5318E-03
   179.0      0.5346E-03
   180.0      0.5356E-03
 END
