# 178 angles,  1 tensor ranks for 0=projectile
@subtitle   "p+O20 1st with BG ;"                                                           
@legend ON
@legend x1 0.2
@legend y1 0.8
@g0 type LOGY
@yaxis ticklabel format power
@legend string   0 "Lab energy =   43.2700"
#legend string   0 "Partition=  1 Excit=  2 near/far= 1"
#  Theta       sigma       iT11        T20         T21         T22         Kyy for projectile
   3.000       52.33    
   4.000       51.23    
   5.000       49.71    
   6.000       47.84    
   7.000       45.80    
   8.000       43.76    
   9.000       41.87    
   10.00       40.23    
   11.00       38.92    
   12.00       37.97    
   13.00       37.44    
   14.00       37.34    
   15.00       37.65    
   16.00       38.33    
   17.00       39.30    
   18.00       40.49    
   19.00       41.81    
   20.00       43.20    
   21.00       44.58    
   22.00       45.84    
   23.00       46.89    
   24.00       47.63    
   25.00       48.02    
   26.00       48.03    
   27.00       47.65    
   28.00       46.88    
   29.00       45.72    
   30.00       44.19    
   31.00       42.31    
   32.00       40.14    
   33.00       37.74    
   34.00       35.18    
   35.00       32.53    
   36.00       29.84    
   37.00       27.16    
   38.00       24.54    
   39.00       22.03    
   40.00       19.69    
   41.00       17.53    
   42.00       15.58    
   43.00       13.85    
   44.00       12.35    
   45.00       11.07    
   46.00       10.02    
   47.00       9.162    
   48.00       8.496    
   49.00       7.992    
   50.00       7.629    
   51.00       7.380    
   52.00       7.225    
   53.00       7.140    
   54.00       7.103    
   55.00       7.092    
   56.00       7.088    
   57.00       7.076    
   58.00       7.045    
   59.00       6.988    
   60.00       6.899    
   61.00       6.773    
   62.00       6.608    
   63.00       6.402    
   64.00       6.158    
   65.00       5.882    
   66.00       5.578    
   67.00       5.253    
   68.00       4.912    
   69.00       4.559    
   70.00       4.201    
   71.00       3.843    
   72.00       3.492    
   73.00       3.151    
   74.00       2.827    
   75.00       2.521    
   76.00       2.235    
   77.00       1.971    
   78.00       1.731    
   79.00       1.516    
   80.00       1.325    
   81.00       1.158    
   82.00       1.014    
   83.00      0.8912    
   84.00      0.7880    
   85.00      0.7028    
   86.00      0.6337    
   87.00      0.5787    
   88.00      0.5359    
   89.00      0.5031    
   90.00      0.4786    
   91.00      0.4607    
   92.00      0.4479    
   93.00      0.4387    
   94.00      0.4320    
   95.00      0.4266    
   96.00      0.4217    
   97.00      0.4166    
   98.00      0.4108    
   99.00      0.4040    
   100.0      0.3958    
   101.0      0.3861    
   102.0      0.3749    
   103.0      0.3621    
   104.0      0.3480    
   105.0      0.3327    
   106.0      0.3165    
   107.0      0.2994    
   108.0      0.2817    
   109.0      0.2637    
   110.0      0.2455    
   111.0      0.2276    
   112.0      0.2100    
   113.0      0.1928    
   114.0      0.1763    
   115.0      0.1606    
   116.0      0.1458    
   117.0      0.1319    
   118.0      0.1190    
   119.0      0.1072    
   120.0      0.9638E-01
   121.0      0.8662E-01
   122.0      0.7790E-01
   123.0      0.7018E-01
   124.0      0.6340E-01
   125.0      0.5746E-01
   126.0      0.5230E-01
   127.0      0.4788E-01
   128.0      0.4415E-01
   129.0      0.4106E-01
   130.0      0.3855E-01
   131.0      0.3650E-01
   132.0      0.3482E-01
   133.0      0.3345E-01
   134.0      0.3235E-01
   135.0      0.3151E-01
   136.0      0.3091E-01
   137.0      0.3047E-01
   138.0      0.3013E-01
   139.0      0.2983E-01
   140.0      0.2954E-01
   141.0      0.2927E-01
   142.0      0.2901E-01
   143.0      0.2874E-01
   144.0      0.2844E-01
   145.0      0.2808E-01
   146.0      0.2764E-01
   147.0      0.2712E-01
   148.0      0.2654E-01
   149.0      0.2589E-01
   150.0      0.2518E-01
   151.0      0.2439E-01
   152.0      0.2354E-01
   153.0      0.2264E-01
   154.0      0.2169E-01
   155.0      0.2071E-01
   156.0      0.1969E-01
   157.0      0.1865E-01
   158.0      0.1758E-01
   159.0      0.1651E-01
   160.0      0.1546E-01
   161.0      0.1444E-01
   162.0      0.1346E-01
   163.0      0.1250E-01
   164.0      0.1158E-01
   165.0      0.1070E-01
   166.0      0.9865E-02
   167.0      0.9100E-02
   168.0      0.8407E-02
   169.0      0.7784E-02
   170.0      0.7221E-02
   171.0      0.6712E-02
   172.0      0.6255E-02
   173.0      0.5855E-02
   174.0      0.5520E-02
   175.0      0.5247E-02
   176.0      0.5034E-02
   177.0      0.4873E-02
   178.0      0.4760E-02
   179.0      0.4691E-02
   180.0      0.4667E-02
 END
