# 178 angles,  1 tensor ranks for 0=projectile
@subtitle   "20O(d,d') Daehnick OMP with step defs and iblock=5"                            
@legend ON
@legend x1 0.2
@legend y1 0.8
@g0 type LOGY
@yaxis ticklabel format power
@legend string   0 "Lab energy =   70.0000"
#legend string   0 "Partition=  1 Excit=  2 near/far= 1"
#  Theta       sigma       iT11        T20         T21         T22         Kyy for projectile
   3.000       11.33    
   4.000       9.982    
   5.000       8.870    
   6.000       8.393    
   7.000       8.808    
   8.000       10.11    
   9.000       12.04    
   10.00       14.20    
   11.00       16.22    
   12.00       17.79    
   13.00       18.72    
   14.00       18.86    
   15.00       18.17    
   16.00       16.70    
   17.00       14.63    
   18.00       12.22    
   19.00       9.784    
   20.00       7.559    
   21.00       5.723    
   22.00       4.362    
   23.00       3.493    
   24.00       3.078    
   25.00       3.034    
   26.00       3.243    
   27.00       3.576    
   28.00       3.918    
   29.00       4.181    
   30.00       4.316    
   31.00       4.304    
   32.00       4.146    
   33.00       3.864    
   34.00       3.491    
   35.00       3.071    
   36.00       2.647    
   37.00       2.255    
   38.00       1.920    
   39.00       1.654    
   40.00       1.458    
   41.00       1.328    
   42.00       1.255    
   43.00       1.222    
   44.00       1.213    
   45.00       1.210    
   46.00       1.200    
   47.00       1.176    
   48.00       1.133    
   49.00       1.071    
   50.00      0.9921    
   51.00      0.8996    
   52.00      0.7983    
   53.00      0.6942    
   54.00      0.5931    
   55.00      0.4993    
   56.00      0.4158    
   57.00      0.3444    
   58.00      0.2858    
   59.00      0.2399    
   60.00      0.2055    
   61.00      0.1806    
   62.00      0.1630    
   63.00      0.1505    
   64.00      0.1413    
   65.00      0.1339    
   66.00      0.1270    
   67.00      0.1197    
   68.00      0.1116    
   69.00      0.1025    
   70.00      0.9283E-01
   71.00      0.8283E-01
   72.00      0.7282E-01
   73.00      0.6302E-01
   74.00      0.5367E-01
   75.00      0.4512E-01
   76.00      0.3766E-01
   77.00      0.3147E-01
   78.00      0.2650E-01
   79.00      0.2259E-01
   80.00      0.1953E-01
   81.00      0.1721E-01
   82.00      0.1553E-01
   83.00      0.1434E-01
   84.00      0.1345E-01
   85.00      0.1267E-01
   86.00      0.1189E-01
   87.00      0.1109E-01
   88.00      0.1029E-01
   89.00      0.9496E-02
   90.00      0.8682E-02
   91.00      0.7810E-02
   92.00      0.6889E-02
   93.00      0.5979E-02
   94.00      0.5145E-02
   95.00      0.4419E-02
   96.00      0.3799E-02
   97.00      0.3267E-02
   98.00      0.2819E-02
   99.00      0.2463E-02
   100.0      0.2204E-02
   101.0      0.2026E-02
   102.0      0.1899E-02
   103.0      0.1798E-02
   104.0      0.1716E-02
   105.0      0.1655E-02
   106.0      0.1610E-02
   107.0      0.1567E-02
   108.0      0.1511E-02
   109.0      0.1431E-02
   110.0      0.1334E-02
   111.0      0.1231E-02
   112.0      0.1127E-02
   113.0      0.1018E-02
   114.0      0.9010E-03
   115.0      0.7845E-03
   116.0      0.6776E-03
   117.0      0.5868E-03
   118.0      0.5112E-03
   119.0      0.4416E-03
   120.0      0.3716E-03
   121.0      0.3070E-03
   122.0      0.2590E-03
   123.0      0.2315E-03
   124.0      0.2189E-03
   125.0      0.2120E-03
   126.0      0.2029E-03
   127.0      0.1902E-03
   128.0      0.1804E-03
   129.0      0.1780E-03
   130.0      0.1790E-03
   131.0      0.1764E-03
   132.0      0.1694E-03
   133.0      0.1612E-03
   134.0      0.1549E-03
   135.0      0.1521E-03
   136.0      0.1501E-03
   137.0      0.1417E-03
   138.0      0.1248E-03
   139.0      0.1058E-03
   140.0      0.9209E-04
   141.0      0.8479E-04
   142.0      0.8135E-04
   143.0      0.7807E-04
   144.0      0.7059E-04
   145.0      0.5882E-04
   146.0      0.4843E-04
   147.0      0.4292E-04
   148.0      0.3961E-04
   149.0      0.3624E-04
   150.0      0.3374E-04
   151.0      0.3185E-04
   152.0      0.2986E-04
   153.0      0.2952E-04
   154.0      0.3065E-04
   155.0      0.2924E-04
   156.0      0.2484E-04
   157.0      0.2191E-04
   158.0      0.2163E-04
   159.0      0.2150E-04
   160.0      0.2172E-04
   161.0      0.2283E-04
   162.0      0.2177E-04
   163.0      0.1805E-04
   164.0      0.1620E-04
   165.0      0.1685E-04
   166.0      0.1582E-04
   167.0      0.1361E-04
   168.0      0.1385E-04
   169.0      0.1466E-04
   170.0      0.1331E-04
   171.0      0.1307E-04
   172.0      0.1557E-04
   173.0      0.1670E-04
   174.0      0.1644E-04
   175.0      0.1892E-04
   176.0      0.2144E-04
   177.0      0.1960E-04
   178.0      0.1949E-04
   179.0      0.2658E-04
   180.0      0.3172E-04
 END
