# 178 angles,  1 tensor ranks for 0=projectile
@subtitle   "p+O20 with BG;"                                                                
@legend ON
@legend x1 0.2
@legend y1 0.8
@g0 type LOGY
@yaxis ticklabel format power
@legend string   0 "Lab energy =   10.5300"
#legend string   0 "Partition=  1 Excit=  1 near/far= 1"
#  Theta       sigma       iT11        T20         T21         T22         Kyy for projectile
   3.000      0.1690E+07
   4.000      0.5181E+06
   5.000      0.2045E+06
   6.000      0.9477E+05
   7.000      0.4910E+05
   8.000      0.2768E+05
   9.000      0.1669E+05
   10.00      0.1065E+05
   11.00       7142.    
   12.00       5008.    
   13.00       3658.    
   14.00       2772.    
   15.00       2173.    
   16.00       1754.    
   17.00       1452.    
   18.00       1229.    
   19.00       1059.    
   20.00       924.9    
   21.00       817.2    
   22.00       728.2    
   23.00       652.9    
   24.00       588.0    
   25.00       531.0    
   26.00       480.3    
   27.00       434.7    
   28.00       393.3    
   29.00       355.4    
   30.00       320.7    
   31.00       288.7    
   32.00       259.3    
   33.00       232.1    
   34.00       207.2    
   35.00       184.2    
   36.00       163.1    
   37.00       143.9    
   38.00       126.4    
   39.00       110.4    
   40.00       96.08    
   41.00       83.18    
   42.00       71.66    
   43.00       61.44    
   44.00       52.45    
   45.00       44.61    
   46.00       37.82    
   47.00       32.03    
   48.00       27.15    
   49.00       23.09    
   50.00       19.79    
   51.00       17.18    
   52.00       15.18    
   53.00       13.71    
   54.00       12.73    
   55.00       12.16    
   56.00       11.94    
   57.00       12.02    
   58.00       12.34    
   59.00       12.86    
   60.00       13.53    
   61.00       14.31    
   62.00       15.16    
   63.00       16.06    
   64.00       16.96    
   65.00       17.84    
   66.00       18.69    
   67.00       19.48    
   68.00       20.19    
   69.00       20.82    
   70.00       21.35    
   71.00       21.77    
   72.00       22.09    
   73.00       22.29    
   74.00       22.38    
   75.00       22.36    
   76.00       22.23    
   77.00       21.99    
   78.00       21.65    
   79.00       21.22    
   80.00       20.71    
   81.00       20.11    
   82.00       19.45    
   83.00       18.72    
   84.00       17.94    
   85.00       17.11    
   86.00       16.25    
   87.00       15.36    
   88.00       14.46    
   89.00       13.54    
   90.00       12.62    
   91.00       11.70    
   92.00       10.80    
   93.00       9.912    
   94.00       9.047    
   95.00       8.210    
   96.00       7.405    
   97.00       6.637    
   98.00       5.908    
   99.00       5.222    
   100.0       4.580    
   101.0       3.984    
   102.0       3.435    
   103.0       2.934    
   104.0       2.481    
   105.0       2.076    
   106.0       1.718    
   107.0       1.406    
   108.0       1.139    
   109.0      0.9149    
   110.0      0.7323    
   111.0      0.5890    
   112.0      0.4828    
   113.0      0.4114    
   114.0      0.3724    
   115.0      0.3633    
   116.0      0.3814    
   117.0      0.4242    
   118.0      0.4893    
   119.0      0.5741    
   120.0      0.6761    
   121.0      0.7930    
   122.0      0.9226    
   123.0       1.063    
   124.0       1.211    
   125.0       1.366    
   126.0       1.526    
   127.0       1.690    
   128.0       1.855    
   129.0       2.020    
   130.0       2.186    
   131.0       2.349    
   132.0       2.510    
   133.0       2.668    
   134.0       2.823    
   135.0       2.973    
   136.0       3.119    
   137.0       3.261    
   138.0       3.398    
   139.0       3.531    
   140.0       3.659    
   141.0       3.782    
   142.0       3.902    
   143.0       4.018    
   144.0       4.130    
   145.0       4.239    
   146.0       4.345    
   147.0       4.449    
   148.0       4.550    
   149.0       4.649    
   150.0       4.747    
   151.0       4.843    
   152.0       4.938    
   153.0       5.032    
   154.0       5.126    
   155.0       5.218    
   156.0       5.310    
   157.0       5.401    
   158.0       5.492    
   159.0       5.581    
   160.0       5.670    
   161.0       5.757    
   162.0       5.843    
   163.0       5.927    
   164.0       6.009    
   165.0       6.089    
   166.0       6.166    
   167.0       6.240    
   168.0       6.310    
   169.0       6.376    
   170.0       6.439    
   171.0       6.496    
   172.0       6.549    
   173.0       6.597    
   174.0       6.638    
   175.0       6.674    
   176.0       6.704    
   177.0       6.727    
   178.0       6.744    
   179.0       6.754    
   180.0       6.757    
 END
