# Fusion cross sections for ELAB=  70.000, ECM=  63.597
     0.0   1.745       1.749      0.3215E-02
     1.0   15.72       15.80      0.7530E-01
     2.0   26.36       26.67      0.3119    
     3.0   37.13       37.83      0.6956    
     4.0   48.00       49.15       1.154    
     5.0   58.75       60.38       1.635    
     6.0   69.60       71.60       1.999    
     7.0   80.48       82.92       2.431    
     8.0   90.47       93.60       3.127    
     9.0   97.75       101.7       3.956    
    10.0   99.57       104.4       4.827    
    11.0   92.84       98.33       5.486    
    12.0   76.86       82.04       5.181    
    13.0   56.55       60.37       3.821    
    14.0   38.10       40.47       2.379    
    15.0   24.43       25.74       1.310    
    16.0   15.26       15.89      0.6298    
    17.0   9.373       9.644      0.2717    
    18.0   5.691       5.800      0.1096    
    19.0   3.431       3.474      0.4234E-01
    20.0   2.059       2.075      0.1581E-01
    21.0   1.232       1.238      0.5693E-02
    22.0  0.7351      0.7370      0.1953E-02
    23.0  0.4375      0.4381      0.6234E-03
    24.0  0.2598      0.2600      0.1786E-03
    25.0  0.1540      0.1540      0.4512E-04
    26.0  0.9109E-01  0.9110E-01  0.1399E-04
    27.0  0.5377E-01  0.5379E-01  0.1220E-04
    28.0  0.3169E-01  0.3170E-01  0.1610E-04
    29.0  0.1864E-01  0.1866E-01  0.1919E-04
    30.0  0.1095E-01  0.1097E-01  0.2040E-04
    31.0  0.6421E-02  0.6441E-02  0.2013E-04
    32.0  0.3760E-02  0.3779E-02  0.1897E-04
    33.0  0.2199E-02  0.2216E-02  0.1738E-04
    34.0  0.1284E-02  0.1300E-02  0.1565E-04
    35.0  0.7492E-03  0.7631E-03  0.1395E-04
    36.0  0.4365E-03  0.4489E-03  0.1236E-04
    37.0  0.2541E-03  0.2650E-03  0.1092E-04
    38.0  0.1477E-03  0.1573E-03  0.9631E-05
    39.0  0.8580E-04  0.9430E-04  0.8495E-05
    40.0  0.4979E-04  0.5729E-04  0.7498E-05
    41.0  0.2887E-04  0.3549E-04  0.6624E-05
    42.0  0.1672E-04  0.2258E-04  0.5859E-05
    43.0  0.9679E-05  0.1487E-04  0.5189E-05
    44.0  0.5598E-05  0.1020E-04  0.4602E-05
    45.0  0.3235E-05  0.7323E-05  0.4088E-05
    46.0  0.1869E-05  0.5504E-05  0.3635E-05
    47.0  0.1078E-05  0.4316E-05  0.3237E-05
    48.0  0.6220E-06  0.3508E-05  0.2886E-05
    49.0  0.3585E-06  0.2935E-05  0.2576E-05
    50.0  0.2065E-06  0.2509E-05  0.2302E-05
 &
