           2           1           1
    0.0-     1 1   1.749       0.000      0.3215E-02   1.745    
    1.0+     0 1   5.237      0.1042E-04  0.1899E-01   5.218    
    1.0+     2 2   5.302      0.1042E-04  0.3490E-01   5.268    
    1.0-     1 1   5.258       0.000      0.2139E-01   5.236    
    2.0+     2 1   8.885       0.000      0.1049       8.780    
    2.0-     1 1   8.828      0.1641E-04  0.9648E-01   8.732    
    2.0-     3 2   8.957      0.1641E-04  0.1105       8.847    
    3.0+     2 1   12.54      0.1891E-04  0.2485       12.29    
    3.0+     4 2   12.68      0.1891E-04  0.2108       12.47    
    3.0-     3 1   12.61       0.000      0.2363       12.37    
    4.0+     4 1   16.35       0.000      0.3691       15.99    
    4.0-     3 1   16.31      0.1699E-04  0.4292       15.88    
    4.0-     5 2   16.49      0.1699E-04  0.3554       16.14    
    5.0+     4 1   20.05      0.1085E-04  0.5985       19.45    
    5.0+     6 2   20.20      0.1085E-04  0.5369       19.66    
    5.0-     5 1   20.14       0.000      0.4992       19.64    
    6.0+     6 1   23.88       0.000      0.6884       23.19    
    6.0-     5 1   23.77      0.4713E-05  0.6965       23.08    
    6.0-     7 2   23.94      0.4713E-05  0.6136       23.33    
    7.0+     6 1   27.52      0.2782E-05  0.8240       26.70    
    7.0+     8 2   27.86      0.2782E-05  0.8450       27.02    
    7.0-     7 1   27.53       0.000      0.7624       26.77    
    8.0+     8 1   31.49       0.000      0.7857       30.70    
    8.0-     7 1   31.17      0.1677E-05  0.9355       30.23    
    8.0-     9 2   30.95      0.1677E-05   1.406       29.54    
    9.0+     8 1   34.88      0.5385E-06  0.8369       34.05    
    9.0+    10 2   31.53      0.5385E-06   1.867       29.66    
    9.0-     9 1   35.29       0.000       1.252       34.04    
   10.0+    10 1   36.62       0.000       1.926       34.69    
   10.0-     9 1   39.20      0.1248E-06  0.9733       38.22    
   10.0-    11 2   28.58      0.1248E-06   1.927       26.66    
   11.0+    10 1   42.04      0.2835E-07   1.759       40.28    
   11.0+    12 2   22.93      0.2835E-07   1.609       21.32    
   11.0-    11 1   33.36       0.000       2.117       31.24    
   12.0+    12 1   26.37       0.000       1.764       24.61    
   12.0-    11 1   39.07      0.3462E-08   2.298       36.77    
   12.0-    13 2   16.60      0.3462E-08   1.119       15.48    
   13.0+    12 1   30.55      0.1776E-09   1.937       28.62    
   13.0+    14 2   11.16      0.1776E-09  0.6590       10.50    
   13.0-    13 1   18.66       0.000       1.225       17.43    
   14.0+    14 1   12.30       0.000      0.7256       11.58    
   14.0-    13 1   21.03      0.4676E-11   1.319       19.71    
   14.0-    15 2   7.144      0.4676E-11  0.3345       6.809    
   15.0+    14 1   13.54      0.8441E-13  0.7916       12.75    
   15.0+    16 2   4.438      0.8441E-13  0.1513       4.286    
   15.0-    15 1   7.762       0.000      0.3672       7.395    
   16.0+    16 1   4.771       0.000      0.1645       4.606    
   16.0-    15 1   8.414      0.1274E-14  0.4020       8.011    
   16.0-    17 2   2.710      0.1274E-14  0.6333E-01   2.646    
   17.0+    16 1   5.114      0.1789E-16  0.1784       4.936    
   17.0+    18 2   1.639      0.1789E-16  0.2518E-01   1.614    
   17.0-    17 1   2.891       0.000      0.6811E-01   2.822    
   18.0+    18 1   1.739       0.000      0.2685E-01   1.712    
   18.0-    17 1   3.075      0.2457E-18  0.7309E-01   3.002    
   18.0-    19 2  0.9869      0.2457E-18  0.9641E-02  0.9772    
   19.0+    18 1   1.839      0.3365E-20  0.2857E-01   1.811    
   19.0+    20 2  0.5921      0.3367E-20  0.3561E-02  0.5885    
   19.0-    19 1   1.042       0.000      0.1021E-01   1.032    
   20.0+    20 1  0.6231       0.000      0.3755E-02  0.6194    
   20.0-    19 1   1.098      0.4611E-22  0.1080E-01   1.087    
   20.0-    21 2  0.3544      0.4629E-22  0.1259E-02  0.3531    
   21.0+    20 1  0.6543      0.6512E-24  0.3951E-02  0.6503    
   21.0+    22 2  0.2116      0.6376E-24  0.4188E-03  0.2112    
   21.0-    21 1  0.3719       0.000      0.1323E-02  0.3706    
   22.0+    22 1  0.2215       0.000      0.4388E-03  0.2211    
   22.0-    21 1  0.3894      0.7803E-26  0.1388E-02  0.3880    
   22.0-    23 2  0.1261      0.8756E-26  0.1263E-03  0.1260    
   23.0+    22 1  0.2315      0.1153E-26  0.4588E-03  0.2310    
   23.0+    24 2  0.7498E-01  0.1188E-27  0.3249E-04  0.7494E-01
   23.0-    23 1  0.1317       0.000      0.1320E-03  0.1316    
   24.0+    24 1  0.7818E-01   0.000      0.3389E-04  0.7814E-01
   24.0-    23 1  0.1374      0.2102E-28  0.1378E-03  0.1372    
   24.0-    25 2  0.4449E-01  0.1602E-29  0.6896E-05  0.4449E-01
   25.0+    24 1  0.8138E-01  0.3235E-28  0.3529E-04  0.8134E-01
   25.0+    26 2  0.2635E-01  0.2022E-31  0.2643E-05  0.2635E-01
   25.0-    25 1  0.4631E-01   0.000      0.7180E-05  0.4631E-01
   26.0+    26 1  0.2739E-01   0.000      0.2747E-05  0.2738E-01
   26.0-    25 1  0.4813E-01  0.5018E-29  0.7464E-05  0.4812E-01
   26.0-    27 2  0.1558E-01  0.1600E-33  0.3780E-05  0.1558E-01
   27.0+    26 1  0.2842E-01  0.3907E-28  0.2851E-05  0.2842E-01
   27.0+    28 2  0.9195E-02  0.8211E-35  0.5423E-05  0.9190E-02
   27.0-    27 1  0.1617E-01   0.000      0.3923E-05  0.1616E-01
   28.0+    28 1  0.9530E-02   0.000      0.5620E-05  0.9524E-02
   28.0-    27 1  0.1676E-01  0.6108E-28  0.4065E-05  0.1675E-01
   28.0-    29 2  0.5418E-02  0.7880E-36  0.6417E-05  0.5412E-02
   29.0+    28 1  0.9864E-02  0.4140E-28  0.5817E-05  0.9858E-02
   29.0+    30 2  0.3189E-02  0.5748E-35  0.6729E-05  0.3182E-02
   29.0-    29 1  0.5609E-02   0.000      0.6642E-05  0.5602E-02
   30.0+    30 1  0.3297E-02   0.000      0.6957E-05  0.3290E-02
   30.0-    29 1  0.5799E-02  0.2235E-28  0.6867E-05  0.5792E-02
   30.0-    31 2  0.1874E-02  0.2038E-34  0.6572E-05  0.1868E-02
   31.0+    30 1  0.3405E-02  0.6164E-29  0.7185E-05  0.3398E-02
   31.0+    32 2  0.1101E-02  0.2205E-36  0.6154E-05  0.1095E-02
   31.0-    31 1  0.1936E-02   0.000      0.6788E-05  0.1929E-02
   32.0+    32 1  0.1136E-02   0.000      0.6349E-05  0.1129E-02
   32.0-    31 1  0.1997E-02  0.1067E-28  0.7003E-05  0.1990E-02
   32.0-    33 2  0.6463E-03  0.4774E-37  0.5615E-05  0.6407E-03
   33.0+    32 1  0.1171E-02  0.6919E-29  0.6544E-05  0.1164E-02
   33.0+    34 2  0.3795E-03  0.4159E-36  0.5045E-05  0.3745E-03
   33.0-    33 1  0.6662E-03   0.000      0.5787E-05  0.6604E-03
   34.0+    34 1  0.3908E-03   0.000      0.5196E-05  0.3856E-03
   34.0-    33 1  0.6861E-03  0.1539E-28  0.5960E-05  0.6801E-03
   34.0-    35 2  0.2231E-03  0.1912E-36  0.4492E-05  0.2186E-03
   35.0+    34 1  0.4022E-03  0.1269E-28  0.5347E-05  0.3968E-03
   35.0+    36 2  0.1314E-03  0.2299E-35  0.3979E-05  0.1274E-03
   35.0-    35 1  0.2295E-03   0.000      0.4622E-05  0.2249E-03
   36.0+    36 1  0.1351E-03   0.000      0.4091E-05  0.1310E-03
   36.0-    35 1  0.2360E-03  0.2471E-28  0.4752E-05  0.2313E-03
   36.0-    37 2  0.7774E-04  0.6713E-39  0.3515E-05  0.7422E-04
   37.0+    36 1  0.1388E-03  0.2424E-29  0.4203E-05  0.1346E-03
   37.0+    38 2  0.4628E-04  0.7570E-37  0.3102E-05  0.4318E-04
   37.0-    37 1  0.7987E-04   0.000      0.3611E-05  0.7626E-04
   38.0+    38 1  0.4752E-04   0.000      0.3185E-05  0.4433E-04
   38.0-    37 1  0.8200E-04  0.4053E-29  0.3708E-05  0.7829E-04
   38.0-    39 2  0.2783E-04  0.2468E-36  0.2738E-05  0.2510E-04
   39.0+    38 1  0.4875E-04  0.5934E-30  0.3267E-05  0.4548E-04
   39.0+    40 2  0.1699E-04  0.4340E-37  0.2418E-05  0.1457E-04
   39.0-    39 1  0.2856E-04   0.000      0.2809E-05  0.2575E-04
   40.0+    40 1  0.1742E-04   0.000      0.2479E-05  0.1494E-04
   40.0-    39 1  0.2928E-04  0.1815E-29  0.2881E-05  0.2640E-04
   40.0-    41 2  0.1059E-04  0.1444E-36  0.2138E-05  0.8452E-05
   41.0+    40 1  0.1785E-04  0.5369E-29  0.2540E-05  0.1531E-04
   41.0+    42 2  0.6791E-05  0.6419E-37  0.1892E-05  0.4898E-05
   41.0-    41 1  0.1085E-04   0.000      0.2191E-05  0.8661E-05
   42.0+    42 1  0.6955E-05   0.000      0.1938E-05  0.5016E-05
   42.0-    41 1  0.1111E-04  0.1500E-28  0.2244E-05  0.8869E-05
   42.0-    43 2  0.4514E-05  0.2178E-37  0.1677E-05  0.2837E-05
   43.0+    42 1  0.7118E-05  0.6832E-29  0.1984E-05  0.5135E-05
   43.0+    44 2  0.3130E-05  0.2278E-38  0.1489E-05  0.1641E-05
   43.0-    43 1  0.4620E-05   0.000      0.1717E-05  0.2903E-05
   44.0+    44 1  0.3202E-05   0.000      0.1523E-05  0.1679E-05
   44.0-    43 1  0.4726E-05  0.2572E-30  0.1756E-05  0.2970E-05
   44.0-    45 2  0.2272E-05  0.9344E-38  0.1323E-05  0.9490E-06
   45.0+    44 1  0.3274E-05  0.2359E-29  0.1558E-05  0.1717E-05
   45.0+    46 2  0.1726E-05  0.1986E-38  0.1178E-05  0.5483E-06
   45.0-    45 1  0.2323E-05   0.000      0.1353E-05  0.9703E-06
   46.0+    46 1  0.1764E-05   0.000      0.1204E-05  0.5603E-06
   46.0-    45 1  0.2374E-05  0.3740E-30  0.1382E-05  0.9916E-06
   46.0-    47 2  0.1366E-05  0.3578E-37  0.1049E-05  0.3166E-06
   47.0+    46 1  0.1802E-05  0.1440E-29  0.1229E-05  0.5724E-06
   47.0+    48 2  0.1119E-05  0.1973E-37  0.9359E-06  0.1826E-06
   47.0-    47 1  0.1395E-05   0.000      0.1072E-05  0.3234E-06
   48.0+    48 1  0.1142E-05   0.000      0.9556E-06  0.1865E-06
   48.0-    47 1  0.1425E-05  0.8427E-29  0.1094E-05  0.3302E-06
   48.0-    49 2  0.9416E-06  0.6629E-38  0.8363E-06  0.1053E-06
   49.0+    48 1  0.1166E-05  0.2793E-30  0.9753E-06  0.1903E-06
   49.0+    50 2  0.8081E-06  0.1297E-37  0.7474E-06  0.6069E-07
   49.0-    49 1  0.9611E-06   0.000      0.8536E-06  0.1075E-06
   50.0+    50 1  0.8244E-06   0.000      0.7625E-06  0.6192E-07
   50.0-    49 1  0.9805E-06  0.4584E-29  0.8708E-06  0.1097E-06
   50.0-    51 2  0.7041E-06  0.1485E-37  0.6691E-06  0.3495E-07
