# 178 angles,  1 tensor ranks for 0=projectile
@subtitle   "p+O20 1.with BG ;"                                                             
@legend ON
@legend x1 0.2
@legend y1 0.8
@g0 type LOGY
@yaxis ticklabel format power
@legend string   0 "Lab energy =   43.0000"
#legend string   0 "Partition=  1 Excit=  2 near/far= 1"
#  Theta       sigma       iT11        T20         T21         T22         Kyy for projectile
   3.000       29.04    
   4.000       28.31    
   5.000       27.43    
   6.000       26.44    
   7.000       25.38    
   8.000       24.29    
   9.000       23.23    
   10.00       22.22    
   11.00       21.32    
   12.00       20.56    
   13.00       19.94    
   14.00       19.49    
   15.00       19.20    
   16.00       19.07    
   17.00       19.08    
   18.00       19.20    
   19.00       19.40    
   20.00       19.63    
   21.00       19.87    
   22.00       20.06    
   23.00       20.19    
   24.00       20.21    
   25.00       20.11    
   26.00       19.87    
   27.00       19.48    
   28.00       18.94    
   29.00       18.26    
   30.00       17.46    
   31.00       16.54    
   32.00       15.53    
   33.00       14.46    
   34.00       13.34    
   35.00       12.20    
   36.00       11.06    
   37.00       9.952    
   38.00       8.887    
   39.00       7.883    
   40.00       6.955    
   41.00       6.114    
   42.00       5.368    
   43.00       4.721    
   44.00       4.175    
   45.00       3.728    
   46.00       3.376    
   47.00       3.111    
   48.00       2.925    
   49.00       2.808    
   50.00       2.748    
   51.00       2.733    
   52.00       2.752    
   53.00       2.793    
   54.00       2.847    
   55.00       2.903    
   56.00       2.954    
   57.00       2.994    
   58.00       3.017    
   59.00       3.022    
   60.00       3.005    
   61.00       2.966    
   62.00       2.905    
   63.00       2.823    
   64.00       2.722    
   65.00       2.603    
   66.00       2.469    
   67.00       2.323    
   68.00       2.168    
   69.00       2.007    
   70.00       1.842    
   71.00       1.676    
   72.00       1.512    
   73.00       1.353    
   74.00       1.200    
   75.00       1.056    
   76.00      0.9219    
   77.00      0.7989    
   78.00      0.6878    
   79.00      0.5889    
   80.00      0.5022    
   81.00      0.4274    
   82.00      0.3640    
   83.00      0.3111    
   84.00      0.2680    
   85.00      0.2335    
   86.00      0.2068    
   87.00      0.1866    
   88.00      0.1722    
   89.00      0.1624    
   90.00      0.1565    
   91.00      0.1535    
   92.00      0.1529    
   93.00      0.1538    
   94.00      0.1557    
   95.00      0.1581    
   96.00      0.1604    
   97.00      0.1623    
   98.00      0.1635    
   99.00      0.1638    
   100.0      0.1629    
   101.0      0.1609    
   102.0      0.1576    
   103.0      0.1532    
   104.0      0.1478    
   105.0      0.1414    
   106.0      0.1343    
   107.0      0.1266    
   108.0      0.1185    
   109.0      0.1102    
   110.0      0.1017    
   111.0      0.9326E-01
   112.0      0.8493E-01
   113.0      0.7682E-01
   114.0      0.6899E-01
   115.0      0.6151E-01
   116.0      0.5444E-01
   117.0      0.4781E-01
   118.0      0.4166E-01
   119.0      0.3603E-01
   120.0      0.3093E-01
   121.0      0.2638E-01
   122.0      0.2238E-01
   123.0      0.1892E-01
   124.0      0.1599E-01
   125.0      0.1355E-01
   126.0      0.1157E-01
   127.0      0.9998E-02
   128.0      0.8783E-02
   129.0      0.7875E-02
   130.0      0.7224E-02
   131.0      0.6784E-02
   132.0      0.6517E-02
   133.0      0.6389E-02
   134.0      0.6375E-02
   135.0      0.6455E-02
   136.0      0.6609E-02
   137.0      0.6821E-02
   138.0      0.7075E-02
   139.0      0.7355E-02
   140.0      0.7641E-02
   141.0      0.7916E-02
   142.0      0.8162E-02
   143.0      0.8363E-02
   144.0      0.8507E-02
   145.0      0.8582E-02
   146.0      0.8583E-02
   147.0      0.8508E-02
   148.0      0.8359E-02
   149.0      0.8140E-02
   150.0      0.7862E-02
   151.0      0.7534E-02
   152.0      0.7171E-02
   153.0      0.6784E-02
   154.0      0.6386E-02
   155.0      0.5985E-02
   156.0      0.5588E-02
   157.0      0.5198E-02
   158.0      0.4817E-02
   159.0      0.4444E-02
   160.0      0.4079E-02
   161.0      0.3724E-02
   162.0      0.3379E-02
   163.0      0.3048E-02
   164.0      0.2735E-02
   165.0      0.2445E-02
   166.0      0.2181E-02
   167.0      0.1944E-02
   168.0      0.1737E-02
   169.0      0.1556E-02
   170.0      0.1401E-02
   171.0      0.1268E-02
   172.0      0.1157E-02
   173.0      0.1064E-02
   174.0      0.9877E-03
   175.0      0.9275E-03
   176.0      0.8817E-03
   177.0      0.8486E-03
   178.0      0.8266E-03
   179.0      0.8142E-03
   180.0      0.8101E-03
 END
