# 178 angles,  1 tensor ranks for 0=projectile
@subtitle   "20O + d inelastic scattering;"                                                 
@legend ON
@legend x1 0.2
@legend y1 0.8
@g0 type LOGY
@yaxis ticklabel format power
@legend string   0 "Lab energy =   70.0000"
#legend string   0 "Partition=  1 Excit=  1 near/far= 1"
#  Theta       sigma       iT11        T20         T21         T22         Kyy for projectile
   3.000      0.2999E+05
   4.000      0.1236E+05
   5.000       8309.    
   6.000       6595.    
   7.000       5355.    
   8.000       4249.    
   9.000       3242.    
   10.00       2358.    
   11.00       1621.    
   12.00       1040.    
   13.00       610.1    
   14.00       316.5    
   15.00       136.6    
   16.00       44.28    
   17.00       13.91    
   18.00       22.29    
   19.00       50.34    
   20.00       83.84    
   21.00       113.3    
   22.00       133.5    
   23.00       142.5    
   24.00       141.1    
   25.00       131.2    
   26.00       115.7    
   27.00       97.29    
   28.00       78.53    
   29.00       61.27    
   30.00       46.69    
   31.00       35.34    
   32.00       27.25    
   33.00       22.07    
   34.00       19.24    
   35.00       18.08    
   36.00       17.94    
   37.00       18.28    
   38.00       18.65    
   39.00       18.77    
   40.00       18.48    
   41.00       17.74    
   42.00       16.58    
   43.00       15.10    
   44.00       13.42    
   45.00       11.65    
   46.00       9.905    
   47.00       8.277    
   48.00       6.824    
   49.00       5.580    
   50.00       4.556    
   51.00       3.743    
   52.00       3.118    
   53.00       2.653    
   54.00       2.313    
   55.00       2.066    
   56.00       1.884    
   57.00       1.741    
   58.00       1.620    
   59.00       1.508    
   60.00       1.397    
   61.00       1.282    
   62.00       1.163    
   63.00       1.043    
   64.00      0.9218    
   65.00      0.8042    
   66.00      0.6926    
   67.00      0.5895    
   68.00      0.4968    
   69.00      0.4153    
   70.00      0.3453    
   71.00      0.2867    
   72.00      0.2385    
   73.00      0.1997    
   74.00      0.1689    
   75.00      0.1448    
   76.00      0.1259    
   77.00      0.1112    
   78.00      0.9948E-01
   79.00      0.8994E-01
   80.00      0.8187E-01
   81.00      0.7476E-01
   82.00      0.6826E-01
   83.00      0.6213E-01
   84.00      0.5627E-01
   85.00      0.5062E-01
   86.00      0.4518E-01
   87.00      0.3998E-01
   88.00      0.3508E-01
   89.00      0.3052E-01
   90.00      0.2634E-01
   91.00      0.2257E-01
   92.00      0.1922E-01
   93.00      0.1629E-01
   94.00      0.1376E-01
   95.00      0.1162E-01
   96.00      0.9832E-02
   97.00      0.8354E-02
   98.00      0.7149E-02
   99.00      0.6176E-02
   100.0      0.5397E-02
   101.0      0.4775E-02
   102.0      0.4278E-02
   103.0      0.3878E-02
   104.0      0.3551E-02
   105.0      0.3279E-02
   106.0      0.3045E-02
   107.0      0.2838E-02
   108.0      0.2649E-02
   109.0      0.2473E-02
   110.0      0.2304E-02
   111.0      0.2141E-02
   112.0      0.1982E-02
   113.0      0.1827E-02
   114.0      0.1676E-02
   115.0      0.1530E-02
   116.0      0.1390E-02
   117.0      0.1256E-02
   118.0      0.1129E-02
   119.0      0.1009E-02
   120.0      0.8981E-03
   121.0      0.7957E-03
   122.0      0.7022E-03
   123.0      0.6177E-03
   124.0      0.5421E-03
   125.0      0.4753E-03
   126.0      0.4169E-03
   127.0      0.3664E-03
   128.0      0.3235E-03
   129.0      0.2875E-03
   130.0      0.2577E-03
   131.0      0.2336E-03
   132.0      0.2145E-03
   133.0      0.1995E-03
   134.0      0.1882E-03
   135.0      0.1797E-03
   136.0      0.1735E-03
   137.0      0.1690E-03
   138.0      0.1656E-03
   139.0      0.1630E-03
   140.0      0.1606E-03
   141.0      0.1582E-03
   142.0      0.1555E-03
   143.0      0.1523E-03
   144.0      0.1485E-03
   145.0      0.1440E-03
   146.0      0.1387E-03
   147.0      0.1328E-03
   148.0      0.1264E-03
   149.0      0.1194E-03
   150.0      0.1122E-03
   151.0      0.1048E-03
   152.0      0.9744E-04
   153.0      0.9027E-04
   154.0      0.8345E-04
   155.0      0.7715E-04
   156.0      0.7151E-04
   157.0      0.6661E-04
   158.0      0.6256E-04
   159.0      0.5940E-04
   160.0      0.5715E-04
   161.0      0.5581E-04
   162.0      0.5534E-04
   163.0      0.5567E-04
   164.0      0.5673E-04
   165.0      0.5841E-04
   166.0      0.6061E-04
   167.0      0.6321E-04
   168.0      0.6610E-04
   169.0      0.6916E-04
   170.0      0.7227E-04
   171.0      0.7535E-04
   172.0      0.7829E-04
   173.0      0.8104E-04
   174.0      0.8353E-04
   175.0      0.8570E-04
   176.0      0.8752E-04
   177.0      0.8896E-04
   178.0      0.9000E-04
   179.0      0.9063E-04
   180.0      0.9084E-04
 END
