# 178 angles,  1 tensor ranks for 0=projectile
@subtitle   "p+O20 with CH89;"                                                              
@legend ON
@legend x1 0.2
@legend y1 0.8
@g0 type LOGY
@yaxis ticklabel format power
@legend string   0 "Lab energy =   35.0000"
#legend string   0 "Partition=  1 Excit=  1 near/far= 1"
#  Theta       sigma       iT11        T20         T21         T22         Kyy for projectile
   3.000      0.1324E+06
   4.000      0.3795E+05
   5.000      0.1437E+05
   6.000       6760.    
   7.000       3868.    
   8.000       2629.    
   9.000       2038.    
   10.00       1722.    
   11.00       1526.    
   12.00       1387.    
   13.00       1272.    
   14.00       1170.    
   15.00       1074.    
   16.00       980.6    
   17.00       890.3    
   18.00       802.7    
   19.00       718.5    
   20.00       638.1    
   21.00       562.1    
   22.00       490.9    
   23.00       425.0    
   24.00       364.5    
   25.00       309.5    
   26.00       260.1    
   27.00       216.1    
   28.00       177.4    
   29.00       143.8    
   30.00       114.8    
   31.00       90.17    
   32.00       69.55    
   33.00       52.53    
   34.00       38.73    
   35.00       27.76    
   36.00       19.23    
   37.00       12.80    
   38.00       8.126    
   39.00       4.902    
   40.00       2.849    
   41.00       1.719    
   42.00       1.291    
   43.00       1.378    
   44.00       1.820    
   45.00       2.483    
   46.00       3.259    
   47.00       4.065    
   48.00       4.834    
   49.00       5.521    
   50.00       6.093    
   51.00       6.532    
   52.00       6.830    
   53.00       6.987    
   54.00       7.011    
   55.00       6.912    
   56.00       6.705    
   57.00       6.408    
   58.00       6.038    
   59.00       5.612    
   60.00       5.149    
   61.00       4.663    
   62.00       4.168    
   63.00       3.679    
   64.00       3.204    
   65.00       2.752    
   66.00       2.331    
   67.00       1.944    
   68.00       1.596    
   69.00       1.287    
   70.00       1.019    
   71.00      0.7908    
   72.00      0.6003    
   73.00      0.4454    
   74.00      0.3234    
   75.00      0.2310    
   76.00      0.1648    
   77.00      0.1212    
   78.00      0.9682E-01
   79.00      0.8822E-01
   80.00      0.9220E-01
   81.00      0.1058    
   82.00      0.1263    
   83.00      0.1514    
   84.00      0.1789    
   85.00      0.2071    
   86.00      0.2345    
   87.00      0.2600    
   88.00      0.2826    
   89.00      0.3018    
   90.00      0.3171    
   91.00      0.3282    
   92.00      0.3351    
   93.00      0.3380    
   94.00      0.3369    
   95.00      0.3322    
   96.00      0.3243    
   97.00      0.3134    
   98.00      0.3001    
   99.00      0.2848    
   100.0      0.2679    
   101.0      0.2499    
   102.0      0.2311    
   103.0      0.2119    
   104.0      0.1927    
   105.0      0.1737    
   106.0      0.1552    
   107.0      0.1375    
   108.0      0.1206    
   109.0      0.1048    
   110.0      0.9021E-01
   111.0      0.7681E-01
   112.0      0.6469E-01
   113.0      0.5385E-01
   114.0      0.4430E-01
   115.0      0.3600E-01
   116.0      0.2890E-01
   117.0      0.2295E-01
   118.0      0.1807E-01
   119.0      0.1419E-01
   120.0      0.1121E-01
   121.0      0.9046E-02
   122.0      0.7614E-02
   123.0      0.6819E-02
   124.0      0.6574E-02
   125.0      0.6794E-02
   126.0      0.7399E-02
   127.0      0.8311E-02
   128.0      0.9461E-02
   129.0      0.1079E-01
   130.0      0.1222E-01
   131.0      0.1373E-01
   132.0      0.1525E-01
   133.0      0.1675E-01
   134.0      0.1820E-01
   135.0      0.1956E-01
   136.0      0.2082E-01
   137.0      0.2196E-01
   138.0      0.2296E-01
   139.0      0.2382E-01
   140.0      0.2453E-01
   141.0      0.2509E-01
   142.0      0.2550E-01
   143.0      0.2576E-01
   144.0      0.2588E-01
   145.0      0.2587E-01
   146.0      0.2573E-01
   147.0      0.2548E-01
   148.0      0.2512E-01
   149.0      0.2466E-01
   150.0      0.2412E-01
   151.0      0.2351E-01
   152.0      0.2284E-01
   153.0      0.2212E-01
   154.0      0.2136E-01
   155.0      0.2056E-01
   156.0      0.1975E-01
   157.0      0.1893E-01
   158.0      0.1810E-01
   159.0      0.1727E-01
   160.0      0.1646E-01
   161.0      0.1566E-01
   162.0      0.1489E-01
   163.0      0.1414E-01
   164.0      0.1342E-01
   165.0      0.1274E-01
   166.0      0.1209E-01
   167.0      0.1149E-01
   168.0      0.1092E-01
   169.0      0.1040E-01
   170.0      0.9922E-02
   171.0      0.9489E-02
   172.0      0.9101E-02
   173.0      0.8759E-02
   174.0      0.8462E-02
   175.0      0.8211E-02
   176.0      0.8006E-02
   177.0      0.7847E-02
   178.0      0.7733E-02
   179.0      0.7665E-02
   180.0      0.7642E-02
 END
