# 178 angles,  1 tensor ranks for 0=projectile
@subtitle   "20O + d Ex 6.5 2+;"                                                            
@legend ON
@legend x1 0.2
@legend y1 0.8
@g0 type LOGY
@yaxis ticklabel format power
@xaxis label "Scattering angle (degrees)"
@yaxis label "Cross section (mb/sr)"
@legend string   0 "Partition=  1 Excit=  1 near/far= 1"
#legend string   0 "Lab energy =   70.0000"
@s0 linestyle   1
#  Theta       sigma       iT11        T20         T21         T22         Kyy for projectile
   3.000      0.2726E+05
   4.000      0.1165E+05
   5.000       8332.    
   6.000       6847.    
   7.000       5624.    
   8.000       4452.    
   9.000       3360.    
   10.00       2402.    
   11.00       1613.    
   12.00       1007.    
   13.00       573.2    
   14.00       291.2    
   15.00       130.7    
   16.00       59.79    
   17.00       48.18    
   18.00       70.11    
   19.00       105.7    
   20.00       141.0    
   21.00       167.8    
   22.00       182.4    
   23.00       184.6    
   24.00       176.2    
   25.00       160.1    
   26.00       139.6    
   27.00       117.7    
   28.00       96.76    
   29.00       78.26    
   30.00       63.09    
   31.00       51.44    
   32.00       43.08    
   33.00       37.45    
   34.00       33.89    
   35.00       31.70    
   36.00       30.28    
   37.00       29.15    
   38.00       27.98    
   39.00       26.57    
   40.00       24.86    
   41.00       22.85    
   42.00       20.62    
   43.00       18.29    
   44.00       15.96    
   45.00       13.73    
   46.00       11.68    
   47.00       9.862    
   48.00       8.301    
   49.00       6.998    
   50.00       5.938    
   51.00       5.092    
   52.00       4.424    
   53.00       3.898    
   54.00       3.479    
   55.00       3.136    
   56.00       2.845    
   57.00       2.586    
   58.00       2.348    
   59.00       2.123    
   60.00       1.908    
   61.00       1.703    
   62.00       1.507    
   63.00       1.325    
   64.00       1.157    
   65.00       1.005    
   66.00      0.8705    
   67.00      0.7533    
   68.00      0.6528    
   69.00      0.5680    
   70.00      0.4970    
   71.00      0.4379    
   72.00      0.3889    
   73.00      0.3478    
   74.00      0.3130    
   75.00      0.2829    
   76.00      0.2564    
   77.00      0.2325    
   78.00      0.2106    
   79.00      0.1902    
   80.00      0.1711    
   81.00      0.1533    
   82.00      0.1367    
   83.00      0.1213    
   84.00      0.1072    
   85.00      0.9452E-01
   86.00      0.8314E-01
   87.00      0.7309E-01
   88.00      0.6431E-01
   89.00      0.5672E-01
   90.00      0.5020E-01
   91.00      0.4465E-01
   92.00      0.3991E-01
   93.00      0.3586E-01
   94.00      0.3239E-01
   95.00      0.2936E-01
   96.00      0.2670E-01
   97.00      0.2432E-01
   98.00      0.2215E-01
   99.00      0.2016E-01
   100.0      0.1830E-01
   101.0      0.1656E-01
   102.0      0.1493E-01
   103.0      0.1341E-01
   104.0      0.1198E-01
   105.0      0.1066E-01
   106.0      0.9450E-02
   107.0      0.8348E-02
   108.0      0.7356E-02
   109.0      0.6472E-02
   110.0      0.5693E-02
   111.0      0.5013E-02
   112.0      0.4425E-02
   113.0      0.3920E-02
   114.0      0.3489E-02
   115.0      0.3122E-02
   116.0      0.2810E-02
   117.0      0.2543E-02
   118.0      0.2313E-02
   119.0      0.2113E-02
   120.0      0.1936E-02
   121.0      0.1778E-02
   122.0      0.1633E-02
   123.0      0.1500E-02
   124.0      0.1374E-02
   125.0      0.1256E-02
   126.0      0.1145E-02
   127.0      0.1039E-02
   128.0      0.9385E-03
   129.0      0.8444E-03
   130.0      0.7564E-03
   131.0      0.6748E-03
   132.0      0.5999E-03
   133.0      0.5317E-03
   134.0      0.4702E-03
   135.0      0.4153E-03
   136.0      0.3667E-03
   137.0      0.3241E-03
   138.0      0.2871E-03
   139.0      0.2551E-03
   140.0      0.2276E-03
   141.0      0.2042E-03
   142.0      0.1842E-03
   143.0      0.1671E-03
   144.0      0.1526E-03
   145.0      0.1401E-03
   146.0      0.1294E-03
   147.0      0.1201E-03
   148.0      0.1120E-03
   149.0      0.1048E-03
   150.0      0.9829E-04
   151.0      0.9241E-04
   152.0      0.8697E-04
   153.0      0.8185E-04
   154.0      0.7696E-04
   155.0      0.7221E-04
   156.0      0.6755E-04
   157.0      0.6291E-04
   158.0      0.5829E-04
   159.0      0.5369E-04
   160.0      0.4912E-04
   161.0      0.4466E-04
   162.0      0.4038E-04
   163.0      0.3638E-04
   164.0      0.3276E-04
   165.0      0.2964E-04
   166.0      0.2711E-04
   167.0      0.2528E-04
   168.0      0.2419E-04
   169.0      0.2387E-04
   170.0      0.2430E-04
   171.0      0.2542E-04
   172.0      0.2712E-04
   173.0      0.2927E-04
   174.0      0.3169E-04
   175.0      0.3418E-04
   176.0      0.3656E-04
   177.0      0.3864E-04
   178.0      0.4025E-04
   179.0      0.4126E-04
   180.0      0.4161E-04
 END
@legend string   1 "Partition=  1 Excit=  2 near/far= 1"
#legend string   0 "Lab energy =   70.0000"
@s1 linestyle   2
#  Theta       sigma       iT11        T20         T21         T22         Kyy for projectile
   3.000       7.367    
   4.000       6.803    
   5.000       6.439    
   6.000       6.498    
   7.000       7.129    
   8.000       8.330    
   9.000       9.948    
   10.00       11.73    
   11.00       13.40    
   12.00       14.71    
   13.00       15.51    
   14.00       15.68    
   15.00       15.20    
   16.00       14.13    
   17.00       12.60    
   18.00       10.80    
   19.00       8.931    
   20.00       7.186    
   21.00       5.706    
   22.00       4.574    
   23.00       3.813    
   24.00       3.403    
   25.00       3.286    
   26.00       3.381    
   27.00       3.598    
   28.00       3.850    
   29.00       4.068    
   30.00       4.202    
   31.00       4.228    
   32.00       4.141    
   33.00       3.951    
   34.00       3.682    
   35.00       3.363    
   36.00       3.024    
   37.00       2.693    
   38.00       2.391    
   39.00       2.129    
   40.00       1.916    
   41.00       1.750    
   42.00       1.626    
   43.00       1.537    
   44.00       1.470    
   45.00       1.415    
   46.00       1.362    
   47.00       1.305    
   48.00       1.241    
   49.00       1.166    
   50.00       1.082    
   51.00      0.9901    
   52.00      0.8938    
   53.00      0.7963    
   54.00      0.7012    
   55.00      0.6117    
   56.00      0.5298    
   57.00      0.4573    
   58.00      0.3947    
   59.00      0.3421    
   60.00      0.2988    
   61.00      0.2639    
   62.00      0.2358    
   63.00      0.2131    
   64.00      0.1944    
   65.00      0.1785    
   66.00      0.1644    
   67.00      0.1513    
   68.00      0.1387    
   69.00      0.1264    
   70.00      0.1144    
   71.00      0.1028    
   72.00      0.9154E-01
   73.00      0.8089E-01
   74.00      0.7094E-01
   75.00      0.6184E-01
   76.00      0.5372E-01
   77.00      0.4663E-01
   78.00      0.4055E-01
   79.00      0.3541E-01
   80.00      0.3110E-01
   81.00      0.2754E-01
   82.00      0.2462E-01
   83.00      0.2222E-01
   84.00      0.2021E-01
   85.00      0.1845E-01
   86.00      0.1687E-01
   87.00      0.1541E-01
   88.00      0.1406E-01
   89.00      0.1280E-01
   90.00      0.1161E-01
   91.00      0.1047E-01
   92.00      0.9383E-02
   93.00      0.8360E-02
   94.00      0.7421E-02
   95.00      0.6573E-02
   96.00      0.5817E-02
   97.00      0.5147E-02
   98.00      0.4564E-02
   99.00      0.4072E-02
   100.0      0.3667E-02
   101.0      0.3338E-02
   102.0      0.3067E-02
   103.0      0.2836E-02
   104.0      0.2636E-02
   105.0      0.2463E-02
   106.0      0.2310E-02
   107.0      0.2171E-02
   108.0      0.2037E-02
   109.0      0.1903E-02
   110.0      0.1771E-02
   111.0      0.1643E-02
   112.0      0.1517E-02
   113.0      0.1392E-02
   114.0      0.1266E-02
   115.0      0.1142E-02
   116.0      0.1026E-02
   117.0      0.9210E-03
   118.0      0.8266E-03
   119.0      0.7397E-03
   120.0      0.6587E-03
   121.0      0.5859E-03
   122.0      0.5250E-03
   123.0      0.4774E-03
   124.0      0.4397E-03
   125.0      0.4067E-03
   126.0      0.3748E-03
   127.0      0.3447E-03
   128.0      0.3195E-03
   129.0      0.3010E-03
   130.0      0.2875E-03
   131.0      0.2753E-03
   132.0      0.2621E-03
   133.0      0.2481E-03
   134.0      0.2350E-03
   135.0      0.2235E-03
   136.0      0.2122E-03
   137.0      0.1991E-03
   138.0      0.1840E-03
   139.0      0.1692E-03
   140.0      0.1573E-03
   141.0      0.1488E-03
   142.0      0.1418E-03
   143.0      0.1334E-03
   144.0      0.1224E-03
   145.0      0.1102E-03
   146.0      0.9934E-04
   147.0      0.9125E-04
   148.0      0.8541E-04
   149.0      0.8041E-04
   150.0      0.7550E-04
   151.0      0.7083E-04
   152.0      0.6684E-04
   153.0      0.6349E-04
   154.0      0.6004E-04
   155.0      0.5576E-04
   156.0      0.5107E-04
   157.0      0.4742E-04
   158.0      0.4578E-04
   159.0      0.4565E-04
   160.0      0.4560E-04
   161.0      0.4435E-04
   162.0      0.4151E-04
   163.0      0.3796E-04
   164.0      0.3515E-04
   165.0      0.3362E-04
   166.0      0.3276E-04
   167.0      0.3190E-04
   168.0      0.3095E-04
   169.0      0.3010E-04
   170.0      0.2950E-04
   171.0      0.2914E-04
   172.0      0.2861E-04
   173.0      0.2743E-04
   174.0      0.2591E-04
   175.0      0.2515E-04
   176.0      0.2589E-04
   177.0      0.2808E-04
   178.0      0.3119E-04
   179.0      0.3419E-04
   180.0      0.3547E-04
 END
