# Fusion cross sections for ELAB=  70.000, ECM=  63.597
     0.0   1.726     -1
     1.0   10.37      1
     1.0   15.54     -1
     2.0   8.663      1
     2.0   26.01     -1
     3.0   24.43      1
     3.0   36.64     -1
     4.0   15.79      1
     4.0   47.43     -1
     5.0   38.96      1
     5.0   58.41     -1
     6.0   23.18      1
     6.0   69.50     -1
     7.0   53.62      1
     7.0   80.56     -1
     8.0   30.75      1
     8.0   90.92     -1
     9.0   64.51      1
     9.0   98.79     -1
    10.0   35.51      1
    10.0   101.4     -1
    11.0   63.18      1
    11.0   95.49     -1
    12.0   25.47      1
    12.0   79.54     -1
    13.0   40.31      1
    13.0   58.26     -1
    14.0   11.81      1
    14.0   38.97     -1
    15.0   17.32      1
    15.0   24.78     -1
    16.0   4.616      1
    16.0   15.35     -1
    17.0   6.559      1
    17.0   9.377     -1
    18.0   1.708      1
    18.0   5.681     -1
    19.0   2.394      1
    19.0   3.424     -1
    20.0  0.6183      1
    20.0   2.055     -1
    21.0  0.8601      1
    21.0   1.230     -1
    22.0  0.2209      1
    22.0  0.7342     -1
    23.0  0.3056      1
    23.0  0.4371     -1
    24.0  0.7805E-01  1
    24.0  0.2596     -1
    25.0  0.1075      1
    25.0  0.1538     -1
    26.0  0.2732E-01  1
    26.0  0.9088E-01 -1
    27.0  0.3748E-01  1
    27.0  0.5358E-01 -1
    28.0  0.9465E-02  1
    28.0  0.3151E-01 -1
    29.0  0.1293E-01  1
    29.0  0.1848E-01 -1
    30.0  0.3241E-02  1
    30.0  0.1080E-01 -1
    31.0  0.4405E-02  1
    31.0  0.6291E-02 -1
    32.0  0.1091E-02  1
    32.0  0.3644E-02 -1
    33.0  0.1469E-02  1
    33.0  0.2096E-02 -1
    34.0  0.3553E-03  1
    34.0  0.1193E-02 -1
    35.0  0.4699E-03  1
    35.0  0.6680E-03 -1
    36.0  0.1073E-03  1
    36.0  0.3647E-03 -1
    37.0  0.1352E-03  1
    37.0  0.1905E-03 -1
    38.0  0.2571E-04  1
    38.0  0.9146E-04 -1
    39.0  0.2672E-04  1
    39.0  0.3600E-04 -1
    40.0  0.3515E-06  1
    40.0  0.5709E-05 -1
    41.0 -0.5909E-05  1
    41.0 -0.1017E-04 -1
    42.0 -0.6420E-05  1
    42.0 -0.1787E-04 -1
    43.0 -0.1371E-04  1
    43.0 -0.2096E-04 -1
    44.0 -0.7306E-05  1
    44.0 -0.2157E-04 -1
    45.0 -0.1385E-04  1
    45.0 -0.2085E-04 -1
    46.0 -0.6517E-05  1
    46.0 -0.1950E-04 -1
    47.0 -0.1194E-04  1
    47.0 -0.1788E-04 -1
    48.0 -0.5390E-05  1
    48.0 -0.1619E-04 -1
    49.0 -0.9738E-05  1
    49.0 -0.1457E-04 -1
    50.0 -0.4323E-05  1
    50.0 -0.1304E-04 -1
 &
