# 181 angles,  1 tensor ranks for 0=projectile
@subtitle   "p+O20 1st ex with BG ;"                                                        
@legend ON
@legend x1 0.2
@legend y1 0.8
@g0 type LOGY
@yaxis ticklabel format power
@legend string   0 "Lab energy =   35.0000"
#legend string   0 "Partition=  1 Excit=  2 near/far= 1"
#  Theta       sigma       iT11        T20         T21         T22         Kyy for projectile
   0.000       2.029    
   1.000       2.047    
   2.000       2.099    
   3.000       2.183    
   4.000       2.297    
   5.000       2.438    
   6.000       2.600    
   7.000       2.781    
   8.000       2.975    
   9.000       3.180    
   10.00       3.393    
   11.00       3.611    
   12.00       3.834    
   13.00       4.057    
   14.00       4.280    
   15.00       4.500    
   16.00       4.717    
   17.00       4.931    
   18.00       5.142    
   19.00       5.350    
   20.00       5.557    
   21.00       5.761    
   22.00       5.963    
   23.00       6.162    
   24.00       6.358    
   25.00       6.550    
   26.00       6.737    
   27.00       6.915    
   28.00       7.084    
   29.00       7.239    
   30.00       7.379    
   31.00       7.499    
   32.00       7.596    
   33.00       7.668    
   34.00       7.712    
   35.00       7.725    
   36.00       7.704    
   37.00       7.650    
   38.00       7.560    
   39.00       7.434    
   40.00       7.274    
   41.00       7.080    
   42.00       6.855    
   43.00       6.601    
   44.00       6.320    
   45.00       6.018    
   46.00       5.697    
   47.00       5.363    
   48.00       5.019    
   49.00       4.670    
   50.00       4.320    
   51.00       3.975    
   52.00       3.637    
   53.00       3.310    
   54.00       2.999    
   55.00       2.705    
   56.00       2.432    
   57.00       2.180    
   58.00       1.952    
   59.00       1.748    
   60.00       1.568    
   61.00       1.413    
   62.00       1.281    
   63.00       1.172    
   64.00       1.084    
   65.00       1.016    
   66.00      0.9660    
   67.00      0.9319    
   68.00      0.9117    
   69.00      0.9032    
   70.00      0.9044    
   71.00      0.9130    
   72.00      0.9271    
   73.00      0.9448    
   74.00      0.9643    
   75.00      0.9840    
   76.00       1.003    
   77.00       1.019    
   78.00       1.032    
   79.00       1.041    
   80.00       1.045    
   81.00       1.044    
   82.00       1.038    
   83.00       1.026    
   84.00       1.009    
   85.00      0.9868    
   86.00      0.9598    
   87.00      0.9284    
   88.00      0.8931    
   89.00      0.8544    
   90.00      0.8128    
   91.00      0.7690    
   92.00      0.7235    
   93.00      0.6769    
   94.00      0.6298    
   95.00      0.5827    
   96.00      0.5360    
   97.00      0.4903    
   98.00      0.4460    
   99.00      0.4033    
   100.0      0.3626    
   101.0      0.3242    
   102.0      0.2882    
   103.0      0.2547    
   104.0      0.2238    
   105.0      0.1957    
   106.0      0.1703    
   107.0      0.1475    
   108.0      0.1274    
   109.0      0.1097    
   110.0      0.9451E-01
   111.0      0.8154E-01
   112.0      0.7069E-01
   113.0      0.6179E-01
   114.0      0.5468E-01
   115.0      0.4917E-01
   116.0      0.4510E-01
   117.0      0.4230E-01
   118.0      0.4058E-01
   119.0      0.3980E-01
   120.0      0.3980E-01
   121.0      0.4043E-01
   122.0      0.4155E-01
   123.0      0.4305E-01
   124.0      0.4480E-01
   125.0      0.4671E-01
   126.0      0.4868E-01
   127.0      0.5064E-01
   128.0      0.5252E-01
   129.0      0.5426E-01
   130.0      0.5582E-01
   131.0      0.5715E-01
   132.0      0.5823E-01
   133.0      0.5904E-01
   134.0      0.5957E-01
   135.0      0.5980E-01
   136.0      0.5975E-01
   137.0      0.5941E-01
   138.0      0.5879E-01
   139.0      0.5791E-01
   140.0      0.5677E-01
   141.0      0.5542E-01
   142.0      0.5385E-01
   143.0      0.5210E-01
   144.0      0.5019E-01
   145.0      0.4813E-01
   146.0      0.4597E-01
   147.0      0.4371E-01
   148.0      0.4139E-01
   149.0      0.3903E-01
   150.0      0.3664E-01
   151.0      0.3425E-01
   152.0      0.3188E-01
   153.0      0.2955E-01
   154.0      0.2727E-01
   155.0      0.2505E-01
   156.0      0.2291E-01
   157.0      0.2086E-01
   158.0      0.1890E-01
   159.0      0.1706E-01
   160.0      0.1532E-01
   161.0      0.1369E-01
   162.0      0.1218E-01
   163.0      0.1079E-01
   164.0      0.9507E-02
   165.0      0.8342E-02
   166.0      0.7288E-02
   167.0      0.6339E-02
   168.0      0.5493E-02
   169.0      0.4743E-02
   170.0      0.4084E-02
   171.0      0.3511E-02
   172.0      0.3018E-02
   173.0      0.2599E-02
   174.0      0.2248E-02
   175.0      0.1959E-02
   176.0      0.1730E-02
   177.0      0.1556E-02
   178.0      0.1435E-02
   179.0      0.1363E-02
   180.0      0.1340E-02
 END
