# 181 angles,  1 tensor ranks for 0=projectile
@subtitle   "p+O20 2nd ex with BG ;"                                                        
@legend ON
@legend x1 0.2
@legend y1 0.8
@g0 type LOGY
@yaxis ticklabel format power
@legend string   0 "Lab energy =   35.0000"
#legend string   0 "Partition=  1 Excit=  2 near/far= 1"
#  Theta       sigma       iT11        T20         T21         T22         Kyy for projectile
   0.000       36.90    
   1.000       36.94    
   2.000       37.02    
   3.000       37.02    
   4.000       36.81    
   5.000       36.31    
   6.000       35.50    
   7.000       34.41    
   8.000       33.16    
   9.000       31.84    
   10.00       30.54    
   11.00       29.34    
   12.00       28.25    
   13.00       27.30    
   14.00       26.50    
   15.00       25.87    
   16.00       25.41    
   17.00       25.13    
   18.00       25.02    
   19.00       25.05    
   20.00       25.19    
   21.00       25.42    
   22.00       25.68    
   23.00       25.96    
   24.00       26.21    
   25.00       26.40    
   26.00       26.50    
   27.00       26.49    
   28.00       26.36    
   29.00       26.07    
   30.00       25.64    
   31.00       25.04    
   32.00       24.30    
   33.00       23.41    
   34.00       22.40    
   35.00       21.27    
   36.00       20.07    
   37.00       18.79    
   38.00       17.48    
   39.00       16.15    
   40.00       14.82    
   41.00       13.53    
   42.00       12.28    
   43.00       11.11    
   44.00       10.01    
   45.00       9.013    
   46.00       8.114    
   47.00       7.323    
   48.00       6.640    
   49.00       6.066    
   50.00       5.595    
   51.00       5.223    
   52.00       4.941    
   53.00       4.741    
   54.00       4.611    
   55.00       4.542    
   56.00       4.521    
   57.00       4.536    
   58.00       4.578    
   59.00       4.635    
   60.00       4.700    
   61.00       4.763    
   62.00       4.817    
   63.00       4.856    
   64.00       4.874    
   65.00       4.869    
   66.00       4.839    
   67.00       4.782    
   68.00       4.698    
   69.00       4.589    
   70.00       4.454    
   71.00       4.297    
   72.00       4.119    
   73.00       3.925    
   74.00       3.717    
   75.00       3.499    
   76.00       3.274    
   77.00       3.046    
   78.00       2.817    
   79.00       2.591    
   80.00       2.370    
   81.00       2.156    
   82.00       1.953    
   83.00       1.760    
   84.00       1.580    
   85.00       1.414    
   86.00       1.262    
   87.00       1.124    
   88.00      0.9999    
   89.00      0.8903    
   90.00      0.7943    
   91.00      0.7112    
   92.00      0.6403    
   93.00      0.5806    
   94.00      0.5311    
   95.00      0.4907    
   96.00      0.4584    
   97.00      0.4330    
   98.00      0.4136    
   99.00      0.3991    
   100.0      0.3886    
   101.0      0.3812    
   102.0      0.3761    
   103.0      0.3725    
   104.0      0.3698    
   105.0      0.3676    
   106.0      0.3653    
   107.0      0.3626    
   108.0      0.3592    
   109.0      0.3548    
   110.0      0.3495    
   111.0      0.3430    
   112.0      0.3353    
   113.0      0.3266    
   114.0      0.3167    
   115.0      0.3058    
   116.0      0.2941    
   117.0      0.2817    
   118.0      0.2687    
   119.0      0.2553    
   120.0      0.2416    
   121.0      0.2277    
   122.0      0.2139    
   123.0      0.2003    
   124.0      0.1870    
   125.0      0.1740    
   126.0      0.1616    
   127.0      0.1498    
   128.0      0.1386    
   129.0      0.1281    
   130.0      0.1184    
   131.0      0.1095    
   132.0      0.1013    
   133.0      0.9386E-01
   134.0      0.8718E-01
   135.0      0.8124E-01
   136.0      0.7600E-01
   137.0      0.7141E-01
   138.0      0.6741E-01
   139.0      0.6394E-01
   140.0      0.6095E-01
   141.0      0.5840E-01
   142.0      0.5625E-01
   143.0      0.5444E-01
   144.0      0.5292E-01
   145.0      0.5161E-01
   146.0      0.5046E-01
   147.0      0.4944E-01
   148.0      0.4852E-01
   149.0      0.4769E-01
   150.0      0.4691E-01
   151.0      0.4616E-01
   152.0      0.4541E-01
   153.0      0.4466E-01
   154.0      0.4388E-01
   155.0      0.4309E-01
   156.0      0.4229E-01
   157.0      0.4147E-01
   158.0      0.4066E-01
   159.0      0.3984E-01
   160.0      0.3903E-01
   161.0      0.3823E-01
   162.0      0.3746E-01
   163.0      0.3672E-01
   164.0      0.3601E-01
   165.0      0.3535E-01
   166.0      0.3473E-01
   167.0      0.3417E-01
   168.0      0.3368E-01
   169.0      0.3324E-01
   170.0      0.3286E-01
   171.0      0.3252E-01
   172.0      0.3223E-01
   173.0      0.3198E-01
   174.0      0.3178E-01
   175.0      0.3163E-01
   176.0      0.3152E-01
   177.0      0.3144E-01
   178.0      0.3139E-01
   179.0      0.3135E-01
   180.0      0.3134E-01
 END
