# 181 angles,  1 tensor ranks for 0=projectile
@subtitle   "p+O20 2nd ex with BG ;"                                                        
@legend ON
@legend x1 0.2
@legend y1 0.8
@g0 type LOGY
@yaxis ticklabel format power
@legend string   0 "Lab energy =   35.0000"
#legend string   0 "Partition=  1 Excit=  1 near/far= 1"
#  Theta       sigma       iT11        T20         T21         T22         Kyy for projectile
  0.1000E-01  0.1288E+16
   1.000      0.1252E+08
   2.000      0.7269E+06
   3.000      0.1303E+06
   4.000      0.3752E+05
   5.000      0.1455E+05
   6.000       7199.    
   7.000       4421.    
   8.000       3223.    
   9.000       2634.    
   10.00       2298.    
   11.00       2072.    
   12.00       1894.    
   13.00       1737.    
   14.00       1591.    
   15.00       1450.    
   16.00       1313.    
   17.00       1181.    
   18.00       1054.    
   19.00       932.3    
   20.00       818.0    
   21.00       711.2    
   22.00       612.6    
   23.00       522.4    
   24.00       441.0    
   25.00       368.1    
   26.00       303.7    
   27.00       247.5    
   28.00       199.0    
   29.00       157.8    
   30.00       123.2    
   31.00       94.79    
   32.00       71.78    
   33.00       53.60    
   34.00       39.61    
   35.00       29.22    
   36.00       21.85    
   37.00       16.98    
   38.00       14.12    
   39.00       12.82    
   40.00       12.71    
   41.00       13.44    
   42.00       14.74    
   43.00       16.35    
   44.00       18.08    
   45.00       19.78    
   46.00       21.33    
   47.00       22.65    
   48.00       23.68    
   49.00       24.38    
   50.00       24.75    
   51.00       24.79    
   52.00       24.52    
   53.00       23.97    
   54.00       23.16    
   55.00       22.15    
   56.00       20.96    
   57.00       19.63    
   58.00       18.22    
   59.00       16.74    
   60.00       15.25    
   61.00       13.76    
   62.00       12.30    
   63.00       10.90    
   64.00       9.573    
   65.00       8.331    
   66.00       7.186    
   67.00       6.144    
   68.00       5.207    
   69.00       4.378    
   70.00       3.653    
   71.00       3.029    
   72.00       2.500    
   73.00       2.061    
   74.00       1.703    
   75.00       1.419    
   76.00       1.200    
   77.00       1.038    
   78.00      0.9250    
   79.00      0.8527    
   80.00      0.8137    
   81.00      0.8012    
   82.00      0.8089    
   83.00      0.8312    
   84.00      0.8630    
   85.00      0.9001    
   86.00      0.9389    
   87.00      0.9763    
   88.00       1.010    
   89.00       1.038    
   90.00       1.060    
   91.00       1.073    
   92.00       1.078    
   93.00       1.075    
   94.00       1.064    
   95.00       1.045    
   96.00       1.019    
   97.00      0.9856    
   98.00      0.9468    
   99.00      0.9031    
   100.0      0.8555    
   101.0      0.8047    
   102.0      0.7517    
   103.0      0.6973    
   104.0      0.6424    
   105.0      0.5877    
   106.0      0.5337    
   107.0      0.4812    
   108.0      0.4306    
   109.0      0.3823    
   110.0      0.3366    
   111.0      0.2940    
   112.0      0.2545    
   113.0      0.2182    
   114.0      0.1854    
   115.0      0.1559    
   116.0      0.1297    
   117.0      0.1069    
   118.0      0.8713E-01
   119.0      0.7043E-01
   120.0      0.5658E-01
   121.0      0.4540E-01
   122.0      0.3669E-01
   123.0      0.3023E-01
   124.0      0.2582E-01
   125.0      0.2322E-01
   126.0      0.2222E-01
   127.0      0.2260E-01
   128.0      0.2414E-01
   129.0      0.2664E-01
   130.0      0.2991E-01
   131.0      0.3374E-01
   132.0      0.3797E-01
   133.0      0.4243E-01
   134.0      0.4696E-01
   135.0      0.5144E-01
   136.0      0.5573E-01
   137.0      0.5973E-01
   138.0      0.6335E-01
   139.0      0.6651E-01
   140.0      0.6915E-01
   141.0      0.7121E-01
   142.0      0.7267E-01
   143.0      0.7351E-01
   144.0      0.7372E-01
   145.0      0.7333E-01
   146.0      0.7233E-01
   147.0      0.7078E-01
   148.0      0.6872E-01
   149.0      0.6619E-01
   150.0      0.6326E-01
   151.0      0.5999E-01
   152.0      0.5646E-01
   153.0      0.5273E-01
   154.0      0.4889E-01
   155.0      0.4499E-01
   156.0      0.4112E-01
   157.0      0.3735E-01
   158.0      0.3372E-01
   159.0      0.3029E-01
   160.0      0.2712E-01
   161.0      0.2424E-01
   162.0      0.2168E-01
   163.0      0.1945E-01
   164.0      0.1758E-01
   165.0      0.1605E-01
   166.0      0.1486E-01
   167.0      0.1399E-01
   168.0      0.1342E-01
   169.0      0.1311E-01
   170.0      0.1302E-01
   171.0      0.1313E-01
   172.0      0.1338E-01
   173.0      0.1372E-01
   174.0      0.1413E-01
   175.0      0.1455E-01
   176.0      0.1495E-01
   177.0      0.1530E-01
   178.0      0.1557E-01
   179.0      0.1573E-01
   180.0      0.1579E-01
 END
