# 178 angles,  1 tensor ranks for 0=projectile
@subtitle   "20O + d 3-?;"                                                                  
@legend ON
@legend x1 0.2
@legend y1 0.8
@g0 type LOGY
@yaxis ticklabel format power
@legend string   0 "Lab energy =   70.0000"
#legend string   0 "Partition=  1 Excit=  2 near/far= 1"
#  Theta       sigma       iT11        T20         T21         T22         Kyy for projectile
   3.000       4.132    
   4.000       4.961    
   5.000       5.834    
   6.000       6.656    
   7.000       7.365    
   8.000       7.947    
   9.000       8.436    
   10.00       8.894    
   11.00       9.384    
   12.00       9.949    
   13.00       10.59    
   14.00       11.29    
   15.00       11.96    
   16.00       12.54    
   17.00       12.91    
   18.00       13.02    
   19.00       12.81    
   20.00       12.28    
   21.00       11.46    
   22.00       10.42    
   23.00       9.245    
   24.00       8.029    
   25.00       6.866    
   26.00       5.829    
   27.00       4.976    
   28.00       4.334    
   29.00       3.905    
   30.00       3.670    
   31.00       3.592    
   32.00       3.622    
   33.00       3.713    
   34.00       3.816    
   35.00       3.895    
   36.00       3.921    
   37.00       3.880    
   38.00       3.767    
   39.00       3.589    
   40.00       3.358    
   41.00       3.090    
   42.00       2.804    
   43.00       2.517    
   44.00       2.243    
   45.00       1.994    
   46.00       1.775    
   47.00       1.590    
   48.00       1.437    
   49.00       1.313    
   50.00       1.213    
   51.00       1.130    
   52.00       1.059    
   53.00      0.9950    
   54.00      0.9330    
   55.00      0.8705    
   56.00      0.8059    
   57.00      0.7388    
   58.00      0.6699    
   59.00      0.6003    
   60.00      0.5316    
   61.00      0.4655    
   62.00      0.4035    
   63.00      0.3468    
   64.00      0.2963    
   65.00      0.2524    
   66.00      0.2152    
   67.00      0.1842    
   68.00      0.1591    
   69.00      0.1388    
   70.00      0.1227    
   71.00      0.1099    
   72.00      0.9946E-01
   73.00      0.9078E-01
   74.00      0.8327E-01
   75.00      0.7650E-01
   76.00      0.7016E-01
   77.00      0.6404E-01
   78.00      0.5808E-01
   79.00      0.5229E-01
   80.00      0.4670E-01
   81.00      0.4139E-01
   82.00      0.3642E-01
   83.00      0.3184E-01
   84.00      0.2771E-01
   85.00      0.2407E-01
   86.00      0.2093E-01
   87.00      0.1826E-01
   88.00      0.1602E-01
   89.00      0.1416E-01
   90.00      0.1262E-01
   91.00      0.1135E-01
   92.00      0.1029E-01
   93.00      0.9387E-02
   94.00      0.8599E-02
   95.00      0.7888E-02
   96.00      0.7231E-02
   97.00      0.6615E-02
   98.00      0.6029E-02
   99.00      0.5468E-02
   100.0      0.4929E-02
   101.0      0.4416E-02
   102.0      0.3936E-02
   103.0      0.3497E-02
   104.0      0.3102E-02
   105.0      0.2753E-02
   106.0      0.2450E-02
   107.0      0.2191E-02
   108.0      0.1976E-02
   109.0      0.1799E-02
   110.0      0.1657E-02
   111.0      0.1541E-02
   112.0      0.1446E-02
   113.0      0.1367E-02
   114.0      0.1301E-02
   115.0      0.1243E-02
   116.0      0.1188E-02
   117.0      0.1134E-02
   118.0      0.1076E-02
   119.0      0.1016E-02
   120.0      0.9519E-03
   121.0      0.8855E-03
   122.0      0.8170E-03
   123.0      0.7471E-03
   124.0      0.6774E-03
   125.0      0.6096E-03
   126.0      0.5451E-03
   127.0      0.4846E-03
   128.0      0.4282E-03
   129.0      0.3762E-03
   130.0      0.3292E-03
   131.0      0.2881E-03
   132.0      0.2535E-03
   133.0      0.2251E-03
   134.0      0.2021E-03
   135.0      0.1839E-03
   136.0      0.1699E-03
   137.0      0.1595E-03
   138.0      0.1520E-03
   139.0      0.1464E-03
   140.0      0.1417E-03
   141.0      0.1378E-03
   142.0      0.1348E-03
   143.0      0.1328E-03
   144.0      0.1315E-03
   145.0      0.1300E-03
   146.0      0.1275E-03
   147.0      0.1236E-03
   148.0      0.1186E-03
   149.0      0.1131E-03
   150.0      0.1076E-03
   151.0      0.1023E-03
   152.0      0.9691E-04
   153.0      0.9135E-04
   154.0      0.8562E-04
   155.0      0.7990E-04
   156.0      0.7436E-04
   157.0      0.6904E-04
   158.0      0.6396E-04
   159.0      0.5926E-04
   160.0      0.5516E-04
   161.0      0.5182E-04
   162.0      0.4926E-04
   163.0      0.4734E-04
   164.0      0.4581E-04
   165.0      0.4454E-04
   166.0      0.4359E-04
   167.0      0.4307E-04
   168.0      0.4301E-04
   169.0      0.4337E-04
   170.0      0.4410E-04
   171.0      0.4512E-04
   172.0      0.4644E-04
   173.0      0.4802E-04
   174.0      0.4970E-04
   175.0      0.5117E-04
   176.0      0.5215E-04
   177.0      0.5253E-04
   178.0      0.5244E-04
   179.0      0.5216E-04
   180.0      0.5202E-04
 END
