# 181 angles,  1 tensor ranks for 0=projectile
@subtitle   "p+O20 1st ex with BG ;"                                                        
@legend ON
@legend x1 0.2
@legend y1 0.8
@g0 type LOGY
@yaxis ticklabel format power
@legend string   0 "Lab energy =   35.0000"
#legend string   0 "Partition=  1 Excit=  1 near/far= 1"
#  Theta       sigma       iT11        T20         T21         T22         Kyy for projectile
  0.1000E-01  0.1288E+16
   1.000      0.1251E+08
   2.000      0.7263E+06
   3.000      0.1301E+06
   4.000      0.3741E+05
   5.000      0.1449E+05
   6.000       7171.    
   7.000       4408.    
   8.000       3220.    
   9.000       2637.    
   10.00       2305.    
   11.00       2081.    
   12.00       1904.    
   13.00       1748.    
   14.00       1602.    
   15.00       1461.    
   16.00       1324.    
   17.00       1191.    
   18.00       1064.    
   19.00       941.8    
   20.00       826.8    
   21.00       719.4    
   22.00       620.1    
   23.00       529.3    
   24.00       447.2    
   25.00       373.8    
   26.00       308.9    
   27.00       252.3    
   28.00       203.4    
   29.00       161.8    
   30.00       126.9    
   31.00       98.16    
   32.00       74.90    
   33.00       56.48    
   34.00       42.29    
   35.00       31.71    
   36.00       24.18    
   37.00       19.15    
   38.00       16.14    
   39.00       14.71    
   40.00       14.46    
   41.00       15.07    
   42.00       16.24    
   43.00       17.73    
   44.00       19.34    
   45.00       20.92    
   46.00       22.36    
   47.00       23.57    
   48.00       24.49    
   49.00       25.09    
   50.00       25.37    
   51.00       25.32    
   52.00       24.96    
   53.00       24.33    
   54.00       23.45    
   55.00       22.37    
   56.00       21.12    
   57.00       19.75    
   58.00       18.29    
   59.00       16.78    
   60.00       15.26    
   61.00       13.74    
   62.00       12.27    
   63.00       10.86    
   64.00       9.524    
   65.00       8.279    
   66.00       7.134    
   67.00       6.094    
   68.00       5.163    
   69.00       4.339    
   70.00       3.621    
   71.00       3.005    
   72.00       2.484    
   73.00       2.051    
   74.00       1.700    
   75.00       1.421    
   76.00       1.206    
   77.00       1.047    
   78.00      0.9356    
   79.00      0.8634    
   80.00      0.8234    
   81.00      0.8086    
   82.00      0.8129    
   83.00      0.8308    
   84.00      0.8574    
   85.00      0.8887    
   86.00      0.9211    
   87.00      0.9519    
   88.00      0.9789    
   89.00       1.000    
   90.00       1.015    
   91.00       1.022    
   92.00       1.022    
   93.00       1.014    
   94.00      0.9978    
   95.00      0.9748    
   96.00      0.9453    
   97.00      0.9099    
   98.00      0.8696    
   99.00      0.8252    
   100.0      0.7776    
   101.0      0.7275    
   102.0      0.6760    
   103.0      0.6237    
   104.0      0.5715    
   105.0      0.5198    
   106.0      0.4695    
   107.0      0.4209    
   108.0      0.3744    
   109.0      0.3305    
   110.0      0.2894    
   111.0      0.2513    
   112.0      0.2163    
   113.0      0.1845    
   114.0      0.1559    
   115.0      0.1305    
   116.0      0.1082    
   117.0      0.8884E-01
   118.0      0.7233E-01
   119.0      0.5849E-01
   120.0      0.4714E-01
   121.0      0.3808E-01
   122.0      0.3111E-01
   123.0      0.2602E-01
   124.0      0.2260E-01
   125.0      0.2064E-01
   126.0      0.1994E-01
   127.0      0.2031E-01
   128.0      0.2156E-01
   129.0      0.2351E-01
   130.0      0.2600E-01
   131.0      0.2888E-01
   132.0      0.3201E-01
   133.0      0.3525E-01
   134.0      0.3850E-01
   135.0      0.4166E-01
   136.0      0.4464E-01
   137.0      0.4736E-01
   138.0      0.4976E-01
   139.0      0.5180E-01
   140.0      0.5343E-01
   141.0      0.5463E-01
   142.0      0.5538E-01
   143.0      0.5569E-01
   144.0      0.5554E-01
   145.0      0.5496E-01
   146.0      0.5397E-01
   147.0      0.5259E-01
   148.0      0.5087E-01
   149.0      0.4883E-01
   150.0      0.4652E-01
   151.0      0.4399E-01
   152.0      0.4129E-01
   153.0      0.3846E-01
   154.0      0.3556E-01
   155.0      0.3264E-01
   156.0      0.2974E-01
   157.0      0.2691E-01
   158.0      0.2418E-01
   159.0      0.2160E-01
   160.0      0.1918E-01
   161.0      0.1696E-01
   162.0      0.1496E-01
   163.0      0.1318E-01
   164.0      0.1164E-01
   165.0      0.1033E-01
   166.0      0.9252E-02
   167.0      0.8391E-02
   168.0      0.7734E-02
   169.0      0.7262E-02
   170.0      0.6951E-02
   171.0      0.6778E-02
   172.0      0.6717E-02
   173.0      0.6742E-02
   174.0      0.6825E-02
   175.0      0.6943E-02
   176.0      0.7073E-02
   177.0      0.7196E-02
   178.0      0.7295E-02
   179.0      0.7360E-02
   180.0      0.7382E-02
 END
