# 178 angles,  1 tensor ranks for 0=projectile
@subtitle   "20O + d inelastic scattering;"                                                 
@legend ON
@legend x1 0.2
@legend y1 0.8
@g0 type LOGY
@yaxis ticklabel format power
@legend string   0 "Lab energy =   70.0000"
#legend string   0 "Partition=  1 Excit=  1 near/far= 1"
#  Theta       sigma       iT11        T20         T21         T22         Kyy for projectile
   3.000      0.3106E+05
   4.000      0.1259E+05
   5.000       8242.    
   6.000       6430.    
   7.000       5181.    
   8.000       4107.    
   9.000       3145.    
   10.00       2307.    
   11.00       1607.    
   12.00       1052.    
   13.00       636.3    
   14.00       346.6    
   15.00       162.3    
   16.00       60.07    
   17.00       16.96    
   18.00       12.16    
   19.00       28.46    
   20.00       52.83    
   21.00       76.36    
   22.00       93.86    
   23.00       103.1    
   24.00       104.1    
   25.00       98.10    
   26.00       87.17    
   27.00       73.46    
   28.00       58.94    
   29.00       45.15    
   30.00       33.16    
   31.00       23.50    
   32.00       16.34    
   33.00       11.51    
   34.00       8.652    
   35.00       7.302    
   36.00       6.988    
   37.00       7.279    
   38.00       7.820    
   39.00       8.350    
   40.00       8.699    
   41.00       8.783    
   42.00       8.578    
   43.00       8.111    
   44.00       7.439    
   45.00       6.628    
   46.00       5.751    
   47.00       4.870    
   48.00       4.035    
   49.00       3.285    
   50.00       2.641    
   51.00       2.112    
   52.00       1.697    
   53.00       1.385    
   54.00       1.164    
   55.00       1.015    
   56.00      0.9208    
   57.00      0.8648    
   58.00      0.8321    
   59.00      0.8109    
   60.00      0.7921    
   61.00      0.7693    
   62.00      0.7391    
   63.00      0.7000    
   64.00      0.6521    
   65.00      0.5969    
   66.00      0.5367    
   67.00      0.4738    
   68.00      0.4110    
   69.00      0.3505    
   70.00      0.2941    
   71.00      0.2435    
   72.00      0.1994    
   73.00      0.1622    
   74.00      0.1320    
   75.00      0.1083    
   76.00      0.9051E-01
   77.00      0.7766E-01
   78.00      0.6886E-01
   79.00      0.6314E-01
   80.00      0.5961E-01
   81.00      0.5747E-01
   82.00      0.5606E-01
   83.00      0.5483E-01
   84.00      0.5343E-01
   85.00      0.5161E-01
   86.00      0.4925E-01
   87.00      0.4634E-01
   88.00      0.4295E-01
   89.00      0.3917E-01
   90.00      0.3515E-01
   91.00      0.3104E-01
   92.00      0.2700E-01
   93.00      0.2313E-01
   94.00      0.1956E-01
   95.00      0.1636E-01
   96.00      0.1358E-01
   97.00      0.1123E-01
   98.00      0.9306E-02
   99.00      0.7793E-02
   100.0      0.6649E-02
   101.0      0.5823E-02
   102.0      0.5262E-02
   103.0      0.4911E-02
   104.0      0.4716E-02
   105.0      0.4628E-02
   106.0      0.4604E-02
   107.0      0.4610E-02
   108.0      0.4617E-02
   109.0      0.4605E-02
   110.0      0.4559E-02
   111.0      0.4472E-02
   112.0      0.4341E-02
   113.0      0.4167E-02
   114.0      0.3954E-02
   115.0      0.3707E-02
   116.0      0.3436E-02
   117.0      0.3147E-02
   118.0      0.2848E-02
   119.0      0.2549E-02
   120.0      0.2256E-02
   121.0      0.1974E-02
   122.0      0.1710E-02
   123.0      0.1468E-02
   124.0      0.1250E-02
   125.0      0.1059E-02
   126.0      0.8959E-03
   127.0      0.7603E-03
   128.0      0.6517E-03
   129.0      0.5687E-03
   130.0      0.5093E-03
   131.0      0.4711E-03
   132.0      0.4513E-03
   133.0      0.4469E-03
   134.0      0.4550E-03
   135.0      0.4724E-03
   136.0      0.4964E-03
   137.0      0.5241E-03
   138.0      0.5530E-03
   139.0      0.5809E-03
   140.0      0.6060E-03
   141.0      0.6268E-03
   142.0      0.6422E-03
   143.0      0.6513E-03
   144.0      0.6537E-03
   145.0      0.6493E-03
   146.0      0.6384E-03
   147.0      0.6212E-03
   148.0      0.5987E-03
   149.0      0.5714E-03
   150.0      0.5405E-03
   151.0      0.5070E-03
   152.0      0.4719E-03
   153.0      0.4364E-03
   154.0      0.4015E-03
   155.0      0.3681E-03
   156.0      0.3372E-03
   157.0      0.3094E-03
   158.0      0.2853E-03
   159.0      0.2655E-03
   160.0      0.2500E-03
   161.0      0.2391E-03
   162.0      0.2326E-03
   163.0      0.2305E-03
   164.0      0.2323E-03
   165.0      0.2376E-03
   166.0      0.2460E-03
   167.0      0.2569E-03
   168.0      0.2697E-03
   169.0      0.2838E-03
   170.0      0.2987E-03
   171.0      0.3138E-03
   172.0      0.3285E-03
   173.0      0.3426E-03
   174.0      0.3555E-03
   175.0      0.3669E-03
   176.0      0.3766E-03
   177.0      0.3843E-03
   178.0      0.3900E-03
   179.0      0.3934E-03
   180.0      0.3946E-03
 END
