# 178 angles,  1 tensor ranks for 0=projectile
@subtitle   "p+O20 with CH89;"                                                              
@legend ON
@legend x1 0.2
@legend y1 0.8
@g0 type LOGY
@yaxis ticklabel format power
@legend string   0 "Lab energy =   35.0000"
#legend string   0 "Partition=  1 Excit=  1 near/far= 1"
#  Theta       sigma       iT11        T20         T21         T22         Kyy for projectile
   3.000      0.1335E+06
   4.000      0.3816E+05
   5.000      0.1425E+05
   6.000       6513.    
   7.000       3567.    
   8.000       2310.    
   9.000       1720.    
   10.00       1415.    
   11.00       1236.    
   12.00       1116.    
   13.00       1024.    
   14.00       943.6    
   15.00       869.4    
   16.00       798.2    
   17.00       728.9    
   18.00       661.4    
   19.00       596.0    
   20.00       533.2    
   21.00       473.3    
   22.00       416.8    
   23.00       364.1    
   24.00       315.3    
   25.00       270.6    
   26.00       230.1    
   27.00       193.8    
   28.00       161.5    
   29.00       133.1    
   30.00       108.3    
   31.00       87.06    
   32.00       68.98    
   33.00       53.80    
   34.00       41.25    
   35.00       31.03    
   36.00       22.86    
   37.00       16.46    
   38.00       11.57    
   39.00       7.953    
   40.00       5.390    
   41.00       3.678    
   42.00       2.640    
   43.00       2.120    
   44.00       1.985    
   45.00       2.120    
   46.00       2.432    
   47.00       2.843    
   48.00       3.292    
   49.00       3.734    
   50.00       4.134    
   51.00       4.468    
   52.00       4.723    
   53.00       4.891    
   54.00       4.971    
   55.00       4.967    
   56.00       4.884    
   57.00       4.732    
   58.00       4.522    
   59.00       4.265    
   60.00       3.971    
   61.00       3.653    
   62.00       3.319    
   63.00       2.980    
   64.00       2.643    
   65.00       2.316    
   66.00       2.004    
   67.00       1.712    
   68.00       1.443    
   69.00       1.198    
   70.00      0.9806    
   71.00      0.7897    
   72.00      0.6252    
   73.00      0.4862    
   74.00      0.3715    
   75.00      0.2791    
   76.00      0.2071    
   77.00      0.1533    
   78.00      0.1155    
   79.00      0.9134E-01
   80.00      0.7865E-01
   81.00      0.7533E-01
   82.00      0.7940E-01
   83.00      0.8906E-01
   84.00      0.1027    
   85.00      0.1188    
   86.00      0.1363    
   87.00      0.1540    
   88.00      0.1712    
   89.00      0.1870    
   90.00      0.2011    
   91.00      0.2130    
   92.00      0.2224    
   93.00      0.2294    
   94.00      0.2338    
   95.00      0.2357    
   96.00      0.2352    
   97.00      0.2325    
   98.00      0.2277    
   99.00      0.2212    
   100.0      0.2132    
   101.0      0.2038    
   102.0      0.1935    
   103.0      0.1824    
   104.0      0.1707    
   105.0      0.1587    
   106.0      0.1466    
   107.0      0.1346    
   108.0      0.1227    
   109.0      0.1112    
   110.0      0.1002    
   111.0      0.8974E-01
   112.0      0.7989E-01
   113.0      0.7072E-01
   114.0      0.6226E-01
   115.0      0.5452E-01
   116.0      0.4752E-01
   117.0      0.4124E-01
   118.0      0.3567E-01
   119.0      0.3078E-01
   120.0      0.2654E-01
   121.0      0.2290E-01
   122.0      0.1984E-01
   123.0      0.1729E-01
   124.0      0.1522E-01
   125.0      0.1358E-01
   126.0      0.1231E-01
   127.0      0.1138E-01
   128.0      0.1074E-01
   129.0      0.1035E-01
   130.0      0.1016E-01
   131.0      0.1015E-01
   132.0      0.1027E-01
   133.0      0.1050E-01
   134.0      0.1081E-01
   135.0      0.1117E-01
   136.0      0.1157E-01
   137.0      0.1197E-01
   138.0      0.1238E-01
   139.0      0.1277E-01
   140.0      0.1313E-01
   141.0      0.1346E-01
   142.0      0.1375E-01
   143.0      0.1399E-01
   144.0      0.1418E-01
   145.0      0.1432E-01
   146.0      0.1441E-01
   147.0      0.1445E-01
   148.0      0.1444E-01
   149.0      0.1439E-01
   150.0      0.1429E-01
   151.0      0.1415E-01
   152.0      0.1397E-01
   153.0      0.1376E-01
   154.0      0.1352E-01
   155.0      0.1326E-01
   156.0      0.1298E-01
   157.0      0.1268E-01
   158.0      0.1237E-01
   159.0      0.1205E-01
   160.0      0.1173E-01
   161.0      0.1140E-01
   162.0      0.1108E-01
   163.0      0.1076E-01
   164.0      0.1044E-01
   165.0      0.1014E-01
   166.0      0.9847E-02
   167.0      0.9569E-02
   168.0      0.9305E-02
   169.0      0.9059E-02
   170.0      0.8830E-02
   171.0      0.8620E-02
   172.0      0.8430E-02
   173.0      0.8260E-02
   174.0      0.8112E-02
   175.0      0.7986E-02
   176.0      0.7883E-02
   177.0      0.7802E-02
   178.0      0.7744E-02
   179.0      0.7709E-02
   180.0      0.7697E-02
 END
