# 181 angles,  1 tensor ranks for 0=projectile
@subtitle   "p+O20 2nd ex with BG ;"                                                        
@legend ON
@legend x1 0.2
@legend y1 0.8
@g0 type LOGY
@yaxis ticklabel format power
@legend string   0 "Lab energy =   35.0000"
#legend string   0 "Partition=  1 Excit=  2 near/far= 1"
#  Theta       sigma       iT11        T20         T21         T22         Kyy for projectile
   0.000      0.1389    
   1.000      0.1553    
   2.000      0.1988    
   3.000      0.2550    
   4.000      0.3082    
   5.000      0.3470    
   6.000      0.3671    
   7.000      0.3702    
   8.000      0.3616    
   9.000      0.3478    
   10.00      0.3332    
   11.00      0.3194    
   12.00      0.3059    
   13.00      0.2921    
   14.00      0.2777    
   15.00      0.2635    
   16.00      0.2504    
   17.00      0.2393    
   18.00      0.2305    
   19.00      0.2237    
   20.00      0.2183    
   21.00      0.2141    
   22.00      0.2105    
   23.00      0.2075    
   24.00      0.2049    
   25.00      0.2025    
   26.00      0.2001    
   27.00      0.1974    
   28.00      0.1943    
   29.00      0.1905    
   30.00      0.1858    
   31.00      0.1802    
   32.00      0.1735    
   33.00      0.1659    
   34.00      0.1576    
   35.00      0.1487    
   36.00      0.1393    
   37.00      0.1295    
   38.00      0.1193    
   39.00      0.1090    
   40.00      0.9877E-01
   41.00      0.8879E-01
   42.00      0.7928E-01
   43.00      0.7037E-01
   44.00      0.6214E-01
   45.00      0.5464E-01
   46.00      0.4794E-01
   47.00      0.4211E-01
   48.00      0.3717E-01
   49.00      0.3312E-01
   50.00      0.2993E-01
   51.00      0.2755E-01
   52.00      0.2593E-01
   53.00      0.2501E-01
   54.00      0.2471E-01
   55.00      0.2492E-01
   56.00      0.2551E-01
   57.00      0.2638E-01
   58.00      0.2744E-01
   59.00      0.2865E-01
   60.00      0.2996E-01
   61.00      0.3127E-01
   62.00      0.3249E-01
   63.00      0.3353E-01
   64.00      0.3433E-01
   65.00      0.3489E-01
   66.00      0.3520E-01
   67.00      0.3529E-01
   68.00      0.3514E-01
   69.00      0.3473E-01
   70.00      0.3404E-01
   71.00      0.3307E-01
   72.00      0.3187E-01
   73.00      0.3049E-01
   74.00      0.2898E-01
   75.00      0.2736E-01
   76.00      0.2564E-01
   77.00      0.2384E-01
   78.00      0.2198E-01
   79.00      0.2012E-01
   80.00      0.1828E-01
   81.00      0.1649E-01
   82.00      0.1478E-01
   83.00      0.1316E-01
   84.00      0.1162E-01
   85.00      0.1020E-01
   86.00      0.8887E-02
   87.00      0.7705E-02
   88.00      0.6653E-02
   89.00      0.5729E-02
   90.00      0.4929E-02
   91.00      0.4249E-02
   92.00      0.3684E-02
   93.00      0.3226E-02
   94.00      0.2865E-02
   95.00      0.2591E-02
   96.00      0.2393E-02
   97.00      0.2263E-02
   98.00      0.2194E-02
   99.00      0.2175E-02
   100.0      0.2195E-02
   101.0      0.2243E-02
   102.0      0.2309E-02
   103.0      0.2387E-02
   104.0      0.2471E-02
   105.0      0.2559E-02
   106.0      0.2645E-02
   107.0      0.2721E-02
   108.0      0.2785E-02
   109.0      0.2832E-02
   110.0      0.2862E-02
   111.0      0.2876E-02
   112.0      0.2873E-02
   113.0      0.2852E-02
   114.0      0.2812E-02
   115.0      0.2754E-02
   116.0      0.2682E-02
   117.0      0.2597E-02
   118.0      0.2501E-02
   119.0      0.2394E-02
   120.0      0.2279E-02
   121.0      0.2156E-02
   122.0      0.2028E-02
   123.0      0.1898E-02
   124.0      0.1768E-02
   125.0      0.1639E-02
   126.0      0.1511E-02
   127.0      0.1385E-02
   128.0      0.1264E-02
   129.0      0.1149E-02
   130.0      0.1041E-02
   131.0      0.9405E-03
   132.0      0.8465E-03
   133.0      0.7592E-03
   134.0      0.6792E-03
   135.0      0.6076E-03
   136.0      0.5450E-03
   137.0      0.4905E-03
   138.0      0.4427E-03
   139.0      0.4003E-03
   140.0      0.3634E-03
   141.0      0.3329E-03
   142.0      0.3100E-03
   143.0      0.2945E-03
   144.0      0.2848E-03
   145.0      0.2786E-03
   146.0      0.2747E-03
   147.0      0.2733E-03
   148.0      0.2756E-03
   149.0      0.2825E-03
   150.0      0.2940E-03
   151.0      0.3087E-03
   152.0      0.3250E-03
   153.0      0.3419E-03
   154.0      0.3598E-03
   155.0      0.3796E-03
   156.0      0.4019E-03
   157.0      0.4267E-03
   158.0      0.4532E-03
   159.0      0.4803E-03
   160.0      0.5073E-03
   161.0      0.5345E-03
   162.0      0.5621E-03
   163.0      0.5902E-03
   164.0      0.6190E-03
   165.0      0.6479E-03
   166.0      0.6763E-03
   167.0      0.7040E-03
   168.0      0.7308E-03
   169.0      0.7564E-03
   170.0      0.7805E-03
   171.0      0.8033E-03
   172.0      0.8245E-03
   173.0      0.8438E-03
   174.0      0.8613E-03
   175.0      0.8768E-03
   176.0      0.8897E-03
   177.0      0.8992E-03
   178.0      0.9057E-03
   179.0      0.9099E-03
   180.0      0.9114E-03
 END
