# 178 angles,  1 tensor ranks for 0=projectile
@subtitle   "20O + d 2+2 inelastic;"                                                        
@legend ON
@legend x1 0.2
@legend y1 0.8
@g0 type LOGY
@yaxis ticklabel format power
@legend string   0 "Lab energy =   70.0000"
#legend string   0 "Partition=  1 Excit=  2 near/far= 1"
#  Theta       sigma       iT11        T20         T21         T22         Kyy for projectile
   3.000       16.57    
   4.000       15.24    
   5.000       14.44    
   6.000       14.67    
   7.000       16.24    
   8.000       19.08    
   9.000       22.78    
   10.00       26.76    
   11.00       30.38    
   12.00       33.13    
   13.00       34.67    
   14.00       34.78    
   15.00       33.44    
   16.00       30.79    
   17.00       27.13    
   18.00       22.92    
   19.00       18.64    
   20.00       14.71    
   21.00       11.44    
   22.00       8.994    
   23.00       7.407    
   24.00       6.618    
   25.00       6.485    
   26.00       6.818    
   27.00       7.402    
   28.00       8.042    
   29.00       8.579    
   30.00       8.911    
   31.00       8.987    
   32.00       8.801    
   33.00       8.380    
   34.00       7.778    
   35.00       7.064    
   36.00       6.308    
   37.00       5.573    
   38.00       4.905    
   39.00       4.333    
   40.00       3.867    
   41.00       3.508    
   42.00       3.244    
   43.00       3.056    
   44.00       2.919    
   45.00       2.807    
   46.00       2.702    
   47.00       2.587    
   48.00       2.454    
   49.00       2.302    
   50.00       2.130    
   51.00       1.942    
   52.00       1.744    
   53.00       1.545    
   54.00       1.351    
   55.00       1.170    
   56.00       1.005    
   57.00      0.8606    
   58.00      0.7370    
   59.00      0.6345    
   60.00      0.5516    
   61.00      0.4858    
   62.00      0.4339    
   63.00      0.3927    
   64.00      0.3593    
   65.00      0.3311    
   66.00      0.3061    
   67.00      0.2828    
   68.00      0.2601    
   69.00      0.2377    
   70.00      0.2154    
   71.00      0.1935    
   72.00      0.1723    
   73.00      0.1521    
   74.00      0.1331    
   75.00      0.1156    
   76.00      0.1001    
   77.00      0.8659E-01
   78.00      0.7509E-01
   79.00      0.6542E-01
   80.00      0.5735E-01
   81.00      0.5067E-01
   82.00      0.4522E-01
   83.00      0.4078E-01
   84.00      0.3709E-01
   85.00      0.3389E-01
   86.00      0.3099E-01
   87.00      0.2831E-01
   88.00      0.2583E-01
   89.00      0.2352E-01
   90.00      0.2135E-01
   91.00      0.1925E-01
   92.00      0.1723E-01
   93.00      0.1532E-01
   94.00      0.1358E-01
   95.00      0.1204E-01
   96.00      0.1067E-01
   97.00      0.9471E-02
   98.00      0.8421E-02
   99.00      0.7531E-02
   100.0      0.6806E-02
   101.0      0.6228E-02
   102.0      0.5757E-02
   103.0      0.5358E-02
   104.0      0.5012E-02
   105.0      0.4713E-02
   106.0      0.4454E-02
   107.0      0.4220E-02
   108.0      0.3992E-02
   109.0      0.3758E-02
   110.0      0.3518E-02
   111.0      0.3280E-02
   112.0      0.3046E-02
   113.0      0.2810E-02
   114.0      0.2571E-02
   115.0      0.2335E-02
   116.0      0.2112E-02
   117.0      0.1908E-02
   118.0      0.1720E-02
   119.0      0.1540E-02
   120.0      0.1363E-02
   121.0      0.1198E-02
   122.0      0.1059E-02
   123.0      0.9499E-03
   124.0      0.8640E-03
   125.0      0.7876E-03
   126.0      0.7118E-03
   127.0      0.6384E-03
   128.0      0.5770E-03
   129.0      0.5335E-03
   130.0      0.5046E-03
   131.0      0.4815E-03
   132.0      0.4592E-03
   133.0      0.4395E-03
   134.0      0.4264E-03
   135.0      0.4212E-03
   136.0      0.4193E-03
   137.0      0.4139E-03
   138.0      0.4032E-03
   139.0      0.3924E-03
   140.0      0.3881E-03
   141.0      0.3915E-03
   142.0      0.3977E-03
   143.0      0.4000E-03
   144.0      0.3953E-03
   145.0      0.3856E-03
   146.0      0.3762E-03
   147.0      0.3697E-03
   148.0      0.3639E-03
   149.0      0.3561E-03
   150.0      0.3464E-03
   151.0      0.3366E-03
   152.0      0.3286E-03
   153.0      0.3218E-03
   154.0      0.3136E-03
   155.0      0.3013E-03
   156.0      0.2859E-03
   157.0      0.2721E-03
   158.0      0.2635E-03
   159.0      0.2594E-03
   160.0      0.2571E-03
   161.0      0.2537E-03
   162.0      0.2477E-03
   163.0      0.2406E-03
   164.0      0.2358E-03
   165.0      0.2347E-03
   166.0      0.2356E-03
   167.0      0.2373E-03
   168.0      0.2396E-03
   169.0      0.2424E-03
   170.0      0.2454E-03
   171.0      0.2488E-03
   172.0      0.2530E-03
   173.0      0.2571E-03
   174.0      0.2615E-03
   175.0      0.2669E-03
   176.0      0.2721E-03
   177.0      0.2755E-03
   178.0      0.2776E-03
   179.0      0.2797E-03
   180.0      0.2807E-03
 END
