# 178 angles,  1 tensor ranks for 0=projectile
@subtitle   "p+O20 1st with BG ;"                                                           
@legend ON
@legend x1 0.2
@legend y1 0.8
@g0 type LOGY
@yaxis ticklabel format power
@legend string   0 "Lab energy =   43.0000"
#legend string   0 "Partition=  1 Excit=  1 near/far= 1"
#  Theta       sigma       iT11        T20         T21         T22         Kyy for projectile
   3.000      0.7934E+05
   4.000      0.2192E+05
   5.000       8476.    
   6.000       4494.    
   7.000       3131.    
   8.000       2600.    
   9.000       2349.    
   10.00       2190.    
   11.00       2057.    
   12.00       1924.    
   13.00       1786.    
   14.00       1642.    
   15.00       1495.    
   16.00       1347.    
   17.00       1202.    
   18.00       1061.    
   19.00       927.9    
   20.00       803.1    
   21.00       688.0    
   22.00       583.2    
   23.00       489.2    
   24.00       405.9    
   25.00       333.1    
   26.00       270.3    
   27.00       217.0    
   28.00       172.5    
   29.00       135.8    
   30.00       106.2    
   31.00       82.72    
   32.00       64.62    
   33.00       51.04    
   34.00       41.21    
   35.00       34.42    
   36.00       30.04    
   37.00       27.49    
   38.00       26.30    
   39.00       26.04    
   40.00       26.38    
   41.00       27.02    
   42.00       27.77    
   43.00       28.44    
   44.00       28.94    
   45.00       29.17    
   46.00       29.11    
   47.00       28.74    
   48.00       28.06    
   49.00       27.10    
   50.00       25.89    
   51.00       24.48    
   52.00       22.92    
   53.00       21.24    
   54.00       19.49    
   55.00       17.72    
   56.00       15.96    
   57.00       14.24    
   58.00       12.60    
   59.00       11.05    
   60.00       9.617    
   61.00       8.301    
   62.00       7.114    
   63.00       6.056    
   64.00       5.128    
   65.00       4.324    
   66.00       3.638    
   67.00       3.062    
   68.00       2.586    
   69.00       2.200    
   70.00       1.892    
   71.00       1.653    
   72.00       1.472    
   73.00       1.338    
   74.00       1.243    
   75.00       1.179    
   76.00       1.137    
   77.00       1.111    
   78.00       1.097    
   79.00       1.088    
   80.00       1.082    
   81.00       1.075    
   82.00       1.065    
   83.00       1.051    
   84.00       1.032    
   85.00       1.007    
   86.00      0.9767    
   87.00      0.9407    
   88.00      0.8997    
   89.00      0.8545    
   90.00      0.8057    
   91.00      0.7544    
   92.00      0.7013    
   93.00      0.6473    
   94.00      0.5933    
   95.00      0.5401    
   96.00      0.4882    
   97.00      0.4383    
   98.00      0.3909    
   99.00      0.3463    
   100.0      0.3048    
   101.0      0.2667    
   102.0      0.2321    
   103.0      0.2009    
   104.0      0.1732    
   105.0      0.1488    
   106.0      0.1276    
   107.0      0.1095    
   108.0      0.9413E-01
   109.0      0.8136E-01
   110.0      0.7092E-01
   111.0      0.6255E-01
   112.0      0.5599E-01
   113.0      0.5101E-01
   114.0      0.4736E-01
   115.0      0.4481E-01
   116.0      0.4316E-01
   117.0      0.4221E-01
   118.0      0.4180E-01
   119.0      0.4178E-01
   120.0      0.4200E-01
   121.0      0.4236E-01
   122.0      0.4277E-01
   123.0      0.4314E-01
   124.0      0.4342E-01
   125.0      0.4356E-01
   126.0      0.4352E-01
   127.0      0.4329E-01
   128.0      0.4286E-01
   129.0      0.4222E-01
   130.0      0.4137E-01
   131.0      0.4033E-01
   132.0      0.3910E-01
   133.0      0.3772E-01
   134.0      0.3618E-01
   135.0      0.3453E-01
   136.0      0.3277E-01
   137.0      0.3093E-01
   138.0      0.2903E-01
   139.0      0.2710E-01
   140.0      0.2514E-01
   141.0      0.2319E-01
   142.0      0.2125E-01
   143.0      0.1935E-01
   144.0      0.1750E-01
   145.0      0.1572E-01
   146.0      0.1401E-01
   147.0      0.1239E-01
   148.0      0.1087E-01
   149.0      0.9458E-02
   150.0      0.8165E-02
   151.0      0.6998E-02
   152.0      0.5962E-02
   153.0      0.5063E-02
   154.0      0.4304E-02
   155.0      0.3688E-02
   156.0      0.3215E-02
   157.0      0.2885E-02
   158.0      0.2696E-02
   159.0      0.2645E-02
   160.0      0.2726E-02
   161.0      0.2932E-02
   162.0      0.3255E-02
   163.0      0.3684E-02
   164.0      0.4208E-02
   165.0      0.4814E-02
   166.0      0.5487E-02
   167.0      0.6214E-02
   168.0      0.6976E-02
   169.0      0.7759E-02
   170.0      0.8545E-02
   171.0      0.9317E-02
   172.0      0.1006E-01
   173.0      0.1076E-01
   174.0      0.1139E-01
   175.0      0.1196E-01
   176.0      0.1244E-01
   177.0      0.1282E-01
   178.0      0.1310E-01
   179.0      0.1327E-01
   180.0      0.1333E-01
 END
