           5           1           1
    0.0-     1 1   1.754       0.000      0.1880E-01  0.3551E-02  0.1042E-01  0.4351E-02   1.717    
    1.0+     0 1   5.247       0.000      0.5788E-01  0.1510E-01  0.2545E-01  0.1416E-01   5.134    
    1.0+     2 2   5.278       0.000      0.4975E-01  0.8842E-02  0.3224E-01  0.1185E-01   5.175    
    1.0-     1 1   5.257       0.000      0.5649E-01  0.1268E-01  0.2824E-01  0.1357E-01   5.146    
    2.0+     2 1   8.781       0.000      0.8313E-01  0.2049E-01  0.4470E-01  0.2173E-01   8.611    
    2.0-     1 1   8.748       0.000      0.9358E-01  0.2884E-01  0.3639E-01  0.2392E-01   8.565    
    2.0-     3 2   8.836       0.000      0.6825E-01  0.1134E-01  0.5264E-01  0.1727E-01   8.686    
    3.0+     2 1   12.26       0.000      0.1141      0.4391E-01  0.4159E-01  0.3318E-01   12.03    
    3.0+     4 2   12.44       0.000      0.7338E-01  0.1156E-01  0.6846E-01  0.2019E-01   12.27    
    3.0-     3 1   12.34       0.000      0.9565E-01  0.2658E-01  0.5758E-01  0.2843E-01   12.13    
    4.0+     4 1   15.93       0.000      0.9384E-01  0.3072E-01  0.6585E-01  0.3323E-01   15.71    
    4.0-     3 1   15.80       0.000      0.1173      0.5959E-01  0.4196E-01  0.4056E-01   15.54    
    4.0-     5 2   16.11       0.000      0.6642E-01  0.1017E-01  0.7612E-01  0.2058E-01   15.94    
    5.0+     4 1   19.38       0.000      0.1040      0.7439E-01  0.3880E-01  0.4544E-01   19.12    
    5.0+     6 2   19.85       0.000      0.5229E-01  0.7964E-02  0.7496E-01  0.1886E-01   19.70    
    5.0-     5 1   19.58       0.000      0.7951E-01  0.3271E-01  0.6803E-01  0.3588E-01   19.37    
    6.0+     6 1   23.31       0.000      0.5848E-01  0.3227E-01  0.6443E-01  0.3592E-01   23.12    
    6.0-     5 1   23.00       0.000      0.7817E-01  0.8655E-01  0.3342E-01  0.4731E-01   22.75    
    6.0-     7 2   23.59       0.000      0.3575E-01  0.6096E-02  0.6592E-01  0.1754E-01   23.46    
    7.0+     6 1   26.70       0.000      0.4836E-01  0.9255E-01  0.2725E-01  0.4517E-01   26.49    
    7.0+     8 2   27.27       0.000      0.2332E-01  0.4970E-02  0.5849E-01  0.1820E-01   27.16    
    7.0-     7 1   27.06       0.000      0.3627E-01  0.3042E-01  0.5522E-01  0.3444E-01   26.91    
    8.0+     8 1   30.92       0.000      0.1765E-01  0.2570E-01  0.4054E-01  0.2954E-01   30.81    
    8.0-     7 1   30.46       0.000      0.2464E-01  0.9222E-01  0.2195E-01  0.4026E-01   30.28    
    8.0-     9 2   30.22       0.000      0.2164E-01  0.5942E-02  0.7841E-01  0.3239E-01   30.09    
    9.0+     8 1   34.28       0.000      0.1019E-01  0.7990E-01  0.1559E-01  0.3136E-01   34.14    
    9.0+    10 2   30.92       0.000      0.3687E-01  0.8031E-02  0.1140      0.7097E-01   30.69    
    9.0-     9 1   34.60       0.000      0.1353E-01  0.2572E-01  0.4374E-01  0.3013E-01   34.48    
   10.0+    10 1   36.04       0.000      0.3490E-01  0.4635E-01  0.7183E-01  0.5526E-01   35.83    
   10.0-     9 1   38.54       0.000      0.7146E-02  0.5856E-01  0.1262E-01  0.2095E-01   38.44    
   10.0-    11 2   28.15       0.000      0.8841E-01  0.9421E-02  0.1237      0.1033       27.83    
   11.0+    10 1   41.56       0.000      0.2955E-01  0.8602E-01  0.2607E-01  0.2947E-01   41.39    
   11.0+    12 2   22.57       0.000      0.1409      0.1389E-01  0.9986E-01  0.9761E-01   22.22    
   11.0-    11 1   32.94       0.000      0.1009      0.6944E-01  0.8990E-01  0.8264E-01   32.59    
   12.0+    12 1   26.01       0.000      0.1625      0.6928E-01  0.7877E-01  0.8110E-01   25.62    
   12.0-    11 1   38.76       0.000      0.1116      0.1431      0.4697E-01  0.5041E-01   38.41    
   12.0-    13 2   16.25       0.000      0.1381      0.1835E-01  0.6448E-01  0.6846E-01   15.97    
   13.0+    12 1   30.20       0.000      0.1869      0.1406      0.5028E-01  0.5670E-01   29.77    
   13.0+    14 2   10.87       0.000      0.9692E-01  0.1667E-01  0.3583E-01  0.4001E-01   10.68    
   13.0-    13 1   18.32       0.000      0.1560      0.5212E-01  0.5293E-01  0.5960E-01   18.00    
   14.0+    14 1   12.00       0.000      0.1071      0.3255E-01  0.3032E-01  0.3647E-01   11.80    
   14.0-    13 1   20.70       0.000      0.1761      0.9442E-01  0.3733E-01  0.4711E-01   20.34    
   14.0-    15 2   6.953       0.000      0.5589E-01  0.1125E-01  0.1817E-01  0.2094E-01   6.847    
   15.0+    14 1   13.24       0.000      0.1183      0.5171E-01  0.2305E-01  0.3157E-01   13.02    
   15.0+    16 2   4.334       0.000      0.2890E-01  0.6343E-02  0.8732E-02  0.1027E-01   4.279    
   15.0-    15 1   7.557       0.000      0.6079E-01  0.1785E-01  0.1589E-01  0.1973E-01   7.443    
   16.0+    16 1   4.658       0.000      0.3108E-01  0.8998E-02  0.7860E-02  0.9868E-02   4.601    
   16.0-    15 1   8.195       0.000      0.6595E-01  0.2559E-01  0.1293E-01  0.1804E-01   8.072    
   16.0-    17 2   2.661       0.000      0.1408E-01  0.3230E-02  0.4063E-02  0.4846E-02   2.635    
   17.0+    16 1   4.994       0.000      0.3333E-01  0.1205E-01  0.6734E-02  0.9286E-02   4.932    
   17.0+    18 2   1.620       0.000      0.6634E-02  0.1555E-02  0.1855E-02  0.2238E-02   1.607    
   17.0-    17 1   2.838       0.000      0.1502E-01  0.4310E-02  0.3729E-02  0.4705E-02   2.811    
   18.0+    18 1   1.718       0.000      0.7038E-02  0.2005E-02  0.1721E-02  0.2183E-02   1.705    
   18.0-    17 1   3.019       0.000      0.1598E-01  0.5540E-02  0.3299E-02  0.4493E-02   2.990    
   18.0-    19 2  0.9799       0.000      0.3068E-02  0.7251E-03  0.8379E-03  0.1022E-02  0.9742    
   19.0+    18 1   1.817       0.000      0.7445E-02  0.2514E-02  0.1549E-02  0.2099E-02   1.803    
   19.0+    20 2  0.5902       0.000      0.1404E-02  0.3322E-03  0.3762E-03  0.4630E-03  0.5877    
   19.0-    19 1   1.035       0.000      0.3241E-02  0.9177E-03  0.7811E-03  0.9975E-03   1.029    
   20.0+    20 1  0.6212       0.000      0.1477E-02  0.4160E-03  0.3509E-03  0.4517E-03  0.6185    
   20.0-    19 1   1.090       0.000      0.3414E-02  0.1134E-02  0.7087E-03  0.9611E-03   1.084    
   20.0-    21 2  0.3543       0.000      0.6380E-03  0.1507E-03  0.1683E-03  0.2090E-03  0.3531    
   21.0+    20 1  0.6522       0.000      0.1551E-02  0.5096E-03  0.3192E-03  0.4352E-03  0.6494    
   21.0+    22 2  0.2120       0.000      0.2889E-03  0.6794E-04  0.7520E-04  0.9413E-04  0.2115    
   21.0-    21 1  0.3718       0.000      0.6696E-03  0.1876E-03  0.1568E-03  0.2035E-03  0.3706    
   22.0+    22 1  0.2220       0.000      0.3024E-03  0.8434E-04  0.6984E-04  0.9146E-04  0.2214    
   22.0-    21 1  0.3893       0.000      0.7012E-03  0.2287E-03  0.1424E-03  0.1959E-03  0.3881    
   22.0-    23 2  0.1265       0.000      0.1305E-03  0.3053E-04  0.3357E-04  0.4234E-04  0.1263    
   23.0+    22 1  0.2319       0.000      0.3160E-03  0.1025E-03  0.6327E-04  0.8783E-04  0.2313    
   23.0+    24 2  0.7532E-01   0.000      0.5885E-04  0.1369E-04  0.1498E-04  0.1903E-04  0.7521E-01
   23.0-    23 1  0.1322       0.000      0.1363E-03  0.3785E-04  0.3106E-04  0.4103E-04  0.1319    
   24.0+    24 1  0.7853E-01   0.000      0.6136E-04  0.1697E-04  0.1381E-04  0.1839E-04  0.7842E-01
   24.0-    23 1  0.1378       0.000      0.1421E-03  0.4595E-04  0.2804E-04  0.3931E-04  0.1376    
   24.0-    25 2  0.4473E-01   0.000      0.2652E-04  0.6134E-05  0.6689E-05  0.8548E-05  0.4468E-01
   25.0+    24 1  0.8175E-01   0.000      0.6388E-04  0.2059E-04  0.1241E-04  0.1758E-04  0.8163E-01
   25.0+    26 2  0.2651E-01   0.000      0.1194E-04  0.2747E-05  0.2986E-05  0.3839E-05  0.2648E-01
   25.0-    25 1  0.4656E-01   0.000      0.2760E-04  0.7607E-05  0.6140E-05  0.8241E-05  0.4651E-01
   26.0+    26 1  0.2755E-01   0.000      0.1241E-04  0.3409E-05  0.2730E-05  0.3692E-05  0.2752E-01
   26.0-    25 1  0.4839E-01   0.000      0.2869E-04  0.9228E-05  0.5493E-05  0.7856E-05  0.4834E-01
   26.0-    27 2  0.1567E-01   0.000      0.5374E-05  0.1229E-05  0.1333E-05  0.1724E-05  0.1566E-01
   27.0+    26 1  0.2859E-01   0.000      0.1288E-04  0.4135E-05  0.2432E-05  0.3511E-05  0.2856E-01
   27.0+    28 2  0.9250E-02   0.000      0.2418E-05  0.5503E-06  0.5956E-06  0.7739E-06  0.9246E-02
   27.0-    27 1  0.1627E-01   0.000      0.5577E-05  0.1527E-05  0.1215E-05  0.1654E-05  0.1626E-01
   28.0+    28 1  0.9587E-02   0.000      0.2506E-05  0.6844E-06  0.5406E-06  0.7409E-06  0.9582E-02
   28.0-    27 1  0.1686E-01   0.000      0.5780E-05  0.1853E-05  0.1077E-05  0.1569E-05  0.1685E-01
   28.0-    29 2  0.5450E-02   0.000      0.1088E-05  0.2463E-06  0.2661E-06  0.3474E-06  0.5448E-02
   29.0+    28 1  0.9923E-02   0.000      0.2594E-05  0.8306E-06  0.4774E-06  0.7013E-06  0.9919E-02
   29.0+    30 2  0.3205E-02   0.000      0.4893E-06  0.1103E-06  0.1189E-06  0.1560E-06  0.3204E-02
   29.0-    29 1  0.5641E-02   0.000      0.1126E-05  0.3067E-06  0.2407E-06  0.3319E-06  0.5639E-02
   30.0+    30 1  0.3314E-02   0.000      0.5058E-06  0.1374E-06  0.1072E-06  0.1487E-06  0.3313E-02
   30.0-    29 1  0.5832E-02   0.000      0.1164E-05  0.3723E-06  0.2117E-06  0.3135E-06  0.5830E-02
   30.0-    31 2  0.1882E-02   0.000      0.2200E-06  0.4937E-07  0.5318E-07  0.7002E-07  0.1881E-02
   31.0+    30 1  0.3422E-02   0.000      0.5224E-06  0.1669E-06  0.9395E-07  0.1402E-06  0.3421E-02
   31.0+    32 2  0.1103E-02   0.000      0.9893E-07  0.2210E-07  0.2378E-07  0.3143E-07  0.1103E-02
   31.0-    31 1  0.1944E-02   0.000      0.2272E-06  0.6159E-07  0.4779E-07  0.6663E-07  0.1943E-02
   32.0+    32 1  0.1138E-02   0.000      0.1021E-06  0.2760E-07  0.2131E-07  0.2986E-07  0.1138E-02
   32.0-    31 1  0.2005E-02   0.000      0.2344E-06  0.7483E-07  0.4172E-07  0.6269E-07  0.2005E-02
   32.0-    33 2  0.6459E-03   0.000      0.4448E-07  0.9899E-08  0.1064E-07  0.1411E-07  0.6458E-03
   33.0+    32 1  0.1173E-02   0.000      0.1052E-06  0.3355E-07  0.1854E-07  0.2804E-07  0.1173E-02
   33.0+    34 2  0.3776E-03   0.000      0.1999E-07  0.4433E-08  0.4758E-08  0.6334E-08  0.3776E-03
   33.0-    33 1  0.6658E-03   0.000      0.4584E-07  0.1237E-07  0.9506E-08  0.1338E-07  0.6657E-03
   34.0+    34 1  0.3889E-03   0.000      0.2059E-07  0.5546E-08  0.4242E-08  0.5997E-08  0.3889E-03
   34.0-    33 1  0.6857E-03   0.000      0.4721E-07  0.1504E-07  0.8243E-08  0.1255E-07  0.6856E-03
   34.0-    35 2  0.2205E-03   0.000      0.8987E-08  0.1986E-08  0.2129E-08  0.2843E-08  0.2205E-03
   35.0+    34 1  0.4002E-03   0.000      0.2119E-07  0.6746E-08  0.3667E-08  0.5614E-08  0.4001E-03
   35.0+    36 2  0.1286E-03   0.000      0.4039E-08  0.8895E-09  0.9527E-09  0.1276E-08  0.1286E-03
   35.0-    35 1  0.2269E-03   0.000      0.9248E-08  0.2486E-08  0.1893E-08  0.2688E-08  0.2269E-03
   36.0+    36 1  0.1322E-03   0.000      0.4153E-08  0.1115E-08  0.8453E-09  0.1205E-08  0.1322E-03
   36.0-    35 1  0.2333E-03   0.000      0.9508E-08  0.3025E-08  0.1632E-08  0.2512E-08  0.2333E-03
   36.0-    37 2  0.7492E-04   0.000      0.1815E-08  0.3985E-09  0.4264E-09  0.5729E-09  0.7492E-04
   37.0+    36 1  0.1359E-03   0.000      0.4267E-08  0.1357E-08  0.7267E-09  0.1125E-08  0.1358E-03
   37.0+    38 2  0.4360E-04   0.000      0.8158E-09  0.1785E-09  0.1909E-09  0.2572E-09  0.4360E-04
   37.0-    37 1  0.7697E-04   0.000      0.1865E-08  0.4998E-09  0.3775E-09  0.5402E-09  0.7697E-04
   38.0+    38 1  0.4476E-04   0.000      0.8376E-09  0.2241E-09  0.1687E-09  0.2422E-09  0.4476E-04
   38.0-    37 1  0.7903E-04   0.000      0.1915E-08  0.6084E-09  0.3237E-09  0.5034E-09  0.7902E-04
   38.0-    39 2  0.2535E-04   0.000      0.3666E-09  0.8000E-10  0.8547E-10  0.1155E-09  0.2535E-04
   39.0+    38 1  0.4592E-04   0.000      0.8593E-09  0.2729E-09  0.1443E-09  0.2254E-09  0.4592E-04
   39.0+    40 2  0.1472E-04   0.000      0.1647E-09  0.3585E-10  0.3827E-10  0.5183E-10  0.1472E-04
   39.0-    39 1  0.2600E-04   0.000      0.3761E-09  0.1005E-09  0.7537E-10  0.1086E-09  0.2600E-04
   40.0+    40 1  0.1509E-04   0.000      0.1689E-09  0.4506E-10  0.3369E-10  0.4868E-10  0.1509E-04
   40.0-    39 1  0.2666E-04   0.000      0.3857E-09  0.1224E-09  0.6431E-10  0.1009E-09  0.2666E-04
   40.0-    41 2  0.8541E-05   0.000      0.7402E-10  0.1607E-10  0.1714E-10  0.2327E-10  0.8541E-05
   41.0+    40 1  0.1547E-04   0.000      0.1731E-09  0.5490E-10  0.2868E-10  0.4521E-10  0.1547E-04
   41.0+    42 2  0.4952E-05   0.000      0.3326E-10  0.7202E-11  0.7677E-11  0.1044E-10  0.4952E-05
   41.0-    41 1  0.8752E-05   0.000      0.7585E-10  0.2021E-10  0.1506E-10  0.2183E-10  0.8752E-05
   42.0+    42 1  0.5071E-05   0.000      0.3406E-10  0.9064E-11  0.6734E-11  0.9790E-11  0.5071E-05
   42.0-    41 1  0.8963E-05   0.000      0.7768E-10  0.2463E-10  0.1280E-10  0.2025E-10  0.8963E-05
   42.0-    43 2  0.2868E-05   0.000      0.1494E-10  0.3228E-11  0.3439E-11  0.4688E-11  0.2868E-05
   43.0+    42 1  0.5190E-05   0.000      0.3486E-10  0.1105E-10  0.5710E-11  0.9071E-11  0.5190E-05
   43.0+    44 2  0.1660E-05   0.000      0.6714E-11  0.1447E-11  0.1540E-11  0.2105E-11  0.1660E-05
   43.0-    43 1  0.2936E-05   0.000      0.1530E-10  0.4065E-11  0.3011E-11  0.4390E-11  0.2936E-05
   44.0+    44 1  0.1698E-05   0.000      0.6868E-11  0.1823E-11  0.1347E-11  0.1969E-11  0.1698E-05
   44.0-    43 1  0.3003E-05   0.000      0.1565E-10  0.4955E-11  0.2548E-11  0.4064E-11  0.3003E-05
   44.0-    45 2  0.9602E-06   0.000      0.3016E-11  0.6487E-12  0.6901E-12  0.9447E-12  0.9602E-06
   45.0+    44 1  0.1737E-05   0.000      0.7023E-11  0.2223E-11  0.1138E-11  0.1821E-11  0.1736E-05
   45.0+    46 2  0.5549E-06   0.000      0.1355E-11  0.2908E-12  0.3092E-12  0.4241E-12  0.5549E-06
   45.0-    45 1  0.9817E-06   0.000      0.3084E-11  0.8178E-12  0.6025E-12  0.8830E-12  0.9817E-06
   46.0+    46 1  0.5671E-06   0.000      0.1385E-11  0.3668E-12  0.2696E-12  0.3960E-12  0.5671E-06
   46.0-    45 1  0.1003E-05   0.000      0.3152E-11  0.9972E-12  0.5081E-12  0.8158E-12  0.1003E-05
   46.0-    47 2  0.3205E-06   0.000      0.6087E-12  0.1304E-12  0.1385E-12  0.1903E-12  0.3205E-06
   47.0+    46 1  0.5793E-06   0.000      0.1415E-11  0.4474E-12  0.2269E-12  0.3655E-12  0.5793E-06
   47.0+    48 2  0.1850E-06   0.000      0.2734E-12  0.5845E-13  0.6209E-13  0.8544E-13  0.1850E-06
   47.0-    47 1  0.3274E-06   0.000      0.6218E-12  0.1645E-12  0.1206E-12  0.1776E-12  0.3274E-06
   48.0+    48 1  0.1889E-06   0.000      0.2792E-12  0.7381E-13  0.5399E-13  0.7966E-13  0.1889E-06
   48.0-    47 1  0.3343E-06   0.000      0.6349E-12  0.2007E-12  0.1014E-12  0.1638E-12  0.3343E-06
   48.0-    49 2  0.1067E-06   0.000      0.1228E-12  0.2621E-13  0.2782E-13  0.3835E-13  0.1067E-06
   49.0+    48 1  0.1927E-06   0.000      0.2849E-12  0.9004E-13  0.4530E-13  0.7341E-13  0.1927E-06
   49.0+    50 2  0.6149E-07   0.000      0.5517E-13  0.1175E-13  0.1247E-13  0.1722E-13  0.6149E-07
   49.0-    49 1  0.1089E-06   0.000      0.1254E-12  0.3311E-13  0.2416E-13  0.3573E-13  0.1089E-06
   50.0+    50 1  0.6273E-07   0.000      0.5628E-13  0.1485E-13  0.1082E-13  0.1603E-13  0.6273E-07
   50.0-    49 1  0.1111E-06   0.000      0.1279E-12  0.4040E-13  0.2025E-13  0.3290E-13  0.1111E-06
   50.0-    51 2  0.3542E-07   0.000      0.2478E-13  0.5269E-14  0.5589E-14  0.7728E-14  0.3542E-07
   51.0+    50 1  0.6398E-07   0.000      0.5740E-13  0.1812E-13  0.9049E-14  0.1475E-13  0.6398E-07
   51.0+    52 2  0.2040E-07   0.000      0.1113E-13  0.2363E-14  0.2505E-14  0.3469E-14  0.2040E-07
   51.0-    51 1  0.3613E-07   0.000      0.2527E-13  0.6663E-14  0.4843E-14  0.7189E-14  0.3613E-07
   52.0+    52 1  0.2079E-07   0.000      0.1135E-13  0.2989E-14  0.2168E-14  0.3225E-14  0.2079E-07
   52.0-    51 1  0.3683E-07   0.000      0.2576E-13  0.8132E-14  0.4046E-14  0.6610E-14  0.3683E-07
   52.0-    53 2  0.1174E-07   0.000      0.4999E-14  0.1060E-14  0.1123E-14  0.1557E-14  0.1174E-07
   53.0+    52 1  0.2119E-07   0.000      0.1156E-13  0.3649E-14  0.1809E-14  0.2963E-14  0.2119E-07
   53.0+    54 2  0.6750E-08   0.000      0.2245E-14  0.4752E-15  0.5034E-15  0.6990E-15  0.6750E-08
   53.0-    53 1  0.1196E-07   0.000      0.5094E-14  0.1341E-14  0.9709E-15  0.1447E-14  0.1196E-07
   54.0+    54 1  0.6876E-08   0.000      0.2287E-14  0.6016E-15  0.4348E-15  0.6490E-15  0.6876E-08
   54.0-    53 1  0.1218E-07   0.000      0.5190E-14  0.1637E-14  0.8090E-15  0.1328E-14  0.1218E-07
   54.0-    55 2  0.3879E-08   0.000      0.1008E-14  0.2131E-15  0.2257E-15  0.3138E-15  0.3879E-08
   55.0+    54 1  0.7003E-08   0.000      0.2329E-14  0.7345E-15  0.3618E-15  0.5955E-15  0.7003E-08
   55.0+    56 2  0.2230E-08   0.000      0.4529E-15  0.9557E-16  0.1011E-15  0.1408E-15  0.2230E-08
   55.0-    55 1  0.3951E-08   0.000      0.1027E-14  0.2699E-15  0.1947E-15  0.2911E-15  0.3951E-08
   56.0+    56 1  0.2270E-08   0.000      0.4611E-15  0.1211E-15  0.8722E-16  0.1306E-15  0.2270E-08
   56.0-    55 1  0.4022E-08   0.000      0.1045E-14  0.3296E-15  0.1619E-15  0.2670E-15  0.4022E-08
   56.0-    57 2  0.1280E-08   0.000      0.2034E-15  0.4286E-16  0.4538E-16  0.6322E-16  0.1280E-08
   57.0+    56 1  0.2309E-08   0.000      0.4692E-15  0.1479E-15  0.7241E-16  0.1197E-15  0.2309E-08
   57.0+    58 2  0.7344E-09   0.000      0.9136E-16  0.1922E-16  0.2038E-16  0.2838E-16  0.7344E-09
   57.0-    57 1  0.1303E-08   0.000      0.2070E-15  0.5433E-16  0.3907E-16  0.5860E-16  0.1303E-08
   58.0+    58 1  0.7482E-09   0.000      0.9294E-16  0.2438E-16  0.1750E-16  0.2629E-16  0.7482E-09
   58.0-    57 1  0.1325E-08   0.000      0.2106E-15  0.6636E-16  0.3240E-16  0.5367E-16  0.1325E-08
   58.0-    59 2  0.4215E-09   0.000      0.4103E-16  0.8623E-17  0.9132E-17  0.1274E-16  0.4215E-09
   59.0+    58 1  0.7599E-09   0.000      0.9453E-16  0.2978E-16  0.1450E-16  0.2406E-16  0.7599E-09
   59.0+    60 2  0.2414E-09   0.000      0.1843E-16  0.3868E-17  0.4085E-17  0.5718E-17  0.2414E-09
   59.0-    59 1  0.4289E-09   0.000      0.4173E-16  0.1094E-16  0.7839E-17  0.1179E-16  0.4289E-09
   60.0+    60 1  0.2461E-09   0.000      0.1873E-16  0.4907E-17  0.3509E-17  0.5291E-17  0.2461E-09
   60.0-    59 1  0.4362E-09   0.000      0.4243E-16  0.1336E-16  0.6487E-17  0.1079E-16  0.4362E-09
   60.0-    61 2  0.1385E-09   0.000      0.8274E-17  0.1735E-17  0.1835E-17  0.2567E-17  0.1385E-09
