# 178 angles,  1 tensor ranks for 0=projectile
@subtitle   "20O(d,t) @ 30AMeV Daeh (d) + Pang (t)"                                         
@legend ON
@legend x1 0.2
@legend y1 0.8
@g0 type LOGY
@yaxis ticklabel format power
@legend string   0 "Lab energy =   70.0000"
#legend string   0 "Partition=  2 Excit=  2 near/far= 1"
#  Theta       sigma       iT11        T20         T21         T22         Kyy for projectile
   3.000       3.102    
   4.000       3.603    
   5.000       3.999    
   6.000       4.196    
   7.000       4.142    
   8.000       3.841    
   9.000       3.340    
   10.00       2.721    
   11.00       2.074    
   12.00       1.481    
   13.00      0.9997    
   14.00      0.6595    
   15.00      0.4597    
   16.00      0.3776    
   17.00      0.3774    
   18.00      0.4201    
   19.00      0.4717    
   20.00      0.5083    
   21.00      0.5177    
   22.00      0.4986    
   23.00      0.4577    
   24.00      0.4059    
   25.00      0.3552    
   26.00      0.3156    
   27.00      0.2932    
   28.00      0.2904    
   29.00      0.3056    
   30.00      0.3345    
   31.00      0.3713    
   32.00      0.4104    
   33.00      0.4466    
   34.00      0.4764    
   35.00      0.4978    
   36.00      0.5104    
   37.00      0.5152    
   38.00      0.5139    
   39.00      0.5083    
   40.00      0.5004    
   41.00      0.4917    
   42.00      0.4831    
   43.00      0.4750    
   44.00      0.4673    
   45.00      0.4596    
   46.00      0.4512    
   47.00      0.4415    
   48.00      0.4301    
   49.00      0.4165    
   50.00      0.4007    
   51.00      0.3828    
   52.00      0.3633    
   53.00      0.3425    
   54.00      0.3211    
   55.00      0.2995    
   56.00      0.2783    
   57.00      0.2580    
   58.00      0.2387    
   59.00      0.2207    
   60.00      0.2040    
   61.00      0.1887    
   62.00      0.1746    
   63.00      0.1617    
   64.00      0.1497    
   65.00      0.1386    
   66.00      0.1282    
   67.00      0.1184    
   68.00      0.1091    
   69.00      0.1003    
   70.00      0.9201E-01
   71.00      0.8415E-01
   72.00      0.7676E-01
   73.00      0.6985E-01
   74.00      0.6344E-01
   75.00      0.5752E-01
   76.00      0.5210E-01
   77.00      0.4716E-01
   78.00      0.4269E-01
   79.00      0.3865E-01
   80.00      0.3502E-01
   81.00      0.3176E-01
   82.00      0.2883E-01
   83.00      0.2619E-01
   84.00      0.2381E-01
   85.00      0.2165E-01
   86.00      0.1968E-01
   87.00      0.1789E-01
   88.00      0.1624E-01
   89.00      0.1474E-01
   90.00      0.1335E-01
   91.00      0.1208E-01
   92.00      0.1091E-01
   93.00      0.9841E-02
   94.00      0.8864E-02
   95.00      0.7974E-02
   96.00      0.7167E-02
   97.00      0.6438E-02
   98.00      0.5781E-02
   99.00      0.5192E-02
   100.0      0.4665E-02
   101.0      0.4194E-02
   102.0      0.3774E-02
   103.0      0.3400E-02
   104.0      0.3066E-02
   105.0      0.2768E-02
   106.0      0.2502E-02
   107.0      0.2263E-02
   108.0      0.2049E-02
   109.0      0.1856E-02
   110.0      0.1681E-02
   111.0      0.1524E-02
   112.0      0.1381E-02
   113.0      0.1251E-02
   114.0      0.1133E-02
   115.0      0.1025E-02
   116.0      0.9280E-03
   117.0      0.8395E-03
   118.0      0.7592E-03
   119.0      0.6864E-03
   120.0      0.6204E-03
   121.0      0.5608E-03
   122.0      0.5068E-03
   123.0      0.4581E-03
   124.0      0.4140E-03
   125.0      0.3742E-03
   126.0      0.3382E-03
   127.0      0.3057E-03
   128.0      0.2763E-03
   129.0      0.2497E-03
   130.0      0.2257E-03
   131.0      0.2039E-03
   132.0      0.1841E-03
   133.0      0.1663E-03
   134.0      0.1502E-03
   135.0      0.1356E-03
   136.0      0.1224E-03
   137.0      0.1105E-03
   138.0      0.9983E-04
   139.0      0.9020E-04
   140.0      0.8154E-04
   141.0      0.7376E-04
   142.0      0.6679E-04
   143.0      0.6053E-04
   144.0      0.5494E-04
   145.0      0.4994E-04
   146.0      0.4547E-04
   147.0      0.4148E-04
   148.0      0.3791E-04
   149.0      0.3471E-04
   150.0      0.3185E-04
   151.0      0.2927E-04
   152.0      0.2693E-04
   153.0      0.2481E-04
   154.0      0.2286E-04
   155.0      0.2106E-04
   156.0      0.1940E-04
   157.0      0.1785E-04
   158.0      0.1641E-04
   159.0      0.1509E-04
   160.0      0.1388E-04
   161.0      0.1279E-04
   162.0      0.1183E-04
   163.0      0.1101E-04
   164.0      0.1034E-04
   165.0      0.9822E-05
   166.0      0.9460E-05
   167.0      0.9250E-05
   168.0      0.9184E-05
   169.0      0.9248E-05
   170.0      0.9424E-05
   171.0      0.9691E-05
   172.0      0.1002E-04
   173.0      0.1039E-04
   174.0      0.1078E-04
   175.0      0.1115E-04
   176.0      0.1149E-04
   177.0      0.1178E-04
   178.0      0.1200E-04
   179.0      0.1213E-04
   180.0      0.1218E-04
 END
