# Fusion cross sections for ELAB=  70.000, ECM=  63.596
     0.0   1.717     -1
     1.0   10.31      1
     1.0   15.46     -1
     2.0   8.611      1
     2.0   25.86     -1
     3.0   24.30      1
     3.0   36.42     -1
     4.0   15.71      1
     4.0   47.19     -1
     5.0   38.82      1
     5.0   58.18     -1
     6.0   23.12      1
     6.0   69.34     -1
     7.0   53.65      1
     7.0   80.56     -1
     8.0   30.81      1
     8.0   91.18     -1
     9.0   64.83      1
     9.0   99.32     -1
    10.0   35.83      1
    10.0   102.1     -1
    11.0   63.60      1
    11.0   96.20     -1
    12.0   25.62      1
    12.0   80.00     -1
    13.0   40.45      1
    13.0   58.45     -1
    14.0   11.80      1
    14.0   38.99     -1
    15.0   17.30      1
    15.0   24.74     -1
    16.0   4.601      1
    16.0   15.31     -1
    17.0   6.539      1
    17.0   9.350     -1
    18.0   1.705      1
    18.0   5.669     -1
    19.0   2.391      1
    19.0   3.420     -1
    20.0  0.6185      1
    20.0   2.055     -1
    21.0  0.8609      1
    21.0   1.231     -1
    22.0  0.2214      1
    22.0  0.7358     -1
    23.0  0.3065      1
    23.0  0.4385     -1
    24.0  0.7842E-01  1
    24.0  0.2607     -1
    25.0  0.1081      1
    25.0  0.1546     -1
    26.0  0.2752E-01  1
    26.0  0.9152E-01 -1
    27.0  0.3781E-01  1
    27.0  0.5406E-01 -1
    28.0  0.9582E-02  1
    28.0  0.3188E-01 -1
    29.0  0.1312E-01  1
    29.0  0.1876E-01 -1
    30.0  0.3313E-02  1
    30.0  0.1102E-01 -1
    31.0  0.4524E-02  1
    31.0  0.6468E-02 -1
    32.0  0.1138E-02  1
    32.0  0.3789E-02 -1
    33.0  0.1551E-02  1
    33.0  0.2216E-02 -1
    34.0  0.3889E-03  1
    34.0  0.1295E-02 -1
    35.0  0.5287E-03  1
    35.0  0.7556E-03 -1
    36.0  0.1322E-03  1
    36.0  0.4404E-03 -1
    37.0  0.1794E-03  1
    37.0  0.2564E-03 -1
    38.0  0.4476E-04  1
    38.0  0.1491E-03 -1
    39.0  0.6064E-04  1
    39.0  0.8665E-04 -1
    40.0  0.1509E-04  1
    40.0  0.5030E-04 -1
    41.0  0.2042E-04  1
    41.0  0.2917E-04 -1
    42.0  0.5071E-05  1
    42.0  0.1690E-04 -1
    43.0  0.6851E-05  1
    43.0  0.9786E-05 -1
    44.0  0.1698E-05  1
    44.0  0.5662E-05 -1
    45.0  0.2291E-05  1
    45.0  0.3273E-05 -1
    46.0  0.5671E-06  1
    46.0  0.1891E-05 -1
    47.0  0.7643E-06  1
    47.0  0.1092E-05 -1
    48.0  0.1889E-06  1
    48.0  0.6298E-06 -1
    49.0  0.2542E-06  1
    49.0  0.3631E-06 -1
    50.0  0.6273E-07  1
    50.0  0.2092E-06 -1
    51.0  0.8437E-07  1
    51.0  0.1205E-06 -1
    52.0  0.2079E-07  1
    52.0  0.6936E-07 -1
    53.0  0.2794E-07  1
    53.0  0.3990E-07 -1
    54.0  0.6876E-08  1
    54.0  0.2294E-07 -1
    55.0  0.9233E-08  1
    55.0  0.1318E-07 -1
    56.0  0.2270E-08  1
    56.0  0.7572E-08 -1
    57.0  0.3044E-08  1
    57.0  0.4347E-08 -1
    58.0  0.7482E-09  1
    58.0  0.2495E-08 -1
    59.0  0.1001E-08  1
    59.0  0.1430E-08 -1
    60.0  0.2461E-09  1
    60.0  0.8208E-09 -1
 &
