# 178 angles,  1 tensor ranks for 0=projectile
@subtitle   "20O(d,t) @ 30AMeV Daeh (d) + Pang (t)"                                         
@legend ON
@legend x1 0.2
@legend y1 0.8
@g0 type LOGY
@yaxis ticklabel format power
@legend string   0 "Lab energy =   70.0000"
#legend string   0 "Partition=  2 Excit=  3 near/far= 1"
#  Theta       sigma       iT11        T20         T21         T22         Kyy for projectile
   3.000       2.243    
   4.000       2.190    
   5.000       2.181    
   6.000       2.227    
   7.000       2.322    
   8.000       2.442    
   9.000       2.552    
   10.00       2.613    
   11.00       2.594    
   12.00       2.481    
   13.00       2.272    
   14.00       1.988    
   15.00       1.656    
   16.00       1.312    
   17.00      0.9901    
   18.00      0.7159    
   19.00      0.5060    
   20.00      0.3655    
   21.00      0.2897    
   22.00      0.2668    
   23.00      0.2814    
   24.00      0.3177    
   25.00      0.3621    
   26.00      0.4046    
   27.00      0.4399    
   28.00      0.4663    
   29.00      0.4853    
   30.00      0.5002    
   31.00      0.5145    
   32.00      0.5314    
   33.00      0.5530    
   34.00      0.5795    
   35.00      0.6101    
   36.00      0.6427    
   37.00      0.6746    
   38.00      0.7029    
   39.00      0.7253    
   40.00      0.7397    
   41.00      0.7452    
   42.00      0.7415    
   43.00      0.7292    
   44.00      0.7094    
   45.00      0.6837    
   46.00      0.6537    
   47.00      0.6211    
   48.00      0.5873    
   49.00      0.5535    
   50.00      0.5204    
   51.00      0.4887    
   52.00      0.4585    
   53.00      0.4299    
   54.00      0.4028    
   55.00      0.3769    
   56.00      0.3520    
   57.00      0.3280    
   58.00      0.3048    
   59.00      0.2822    
   60.00      0.2603    
   61.00      0.2392    
   62.00      0.2189    
   63.00      0.1995    
   64.00      0.1813    
   65.00      0.1641    
   66.00      0.1482    
   67.00      0.1336    
   68.00      0.1202    
   69.00      0.1080    
   70.00      0.9703E-01
   71.00      0.8714E-01
   72.00      0.7824E-01
   73.00      0.7026E-01
   74.00      0.6309E-01
   75.00      0.5664E-01
   76.00      0.5083E-01
   77.00      0.4558E-01
   78.00      0.4084E-01
   79.00      0.3654E-01
   80.00      0.3265E-01
   81.00      0.2912E-01
   82.00      0.2593E-01
   83.00      0.2305E-01
   84.00      0.2045E-01
   85.00      0.1812E-01
   86.00      0.1604E-01
   87.00      0.1418E-01
   88.00      0.1252E-01
   89.00      0.1106E-01
   90.00      0.9765E-02
   91.00      0.8622E-02
   92.00      0.7616E-02
   93.00      0.6729E-02
   94.00      0.5949E-02
   95.00      0.5261E-02
   96.00      0.4655E-02
   97.00      0.4119E-02
   98.00      0.3645E-02
   99.00      0.3224E-02
   100.0      0.2851E-02
   101.0      0.2520E-02
   102.0      0.2225E-02
   103.0      0.1964E-02
   104.0      0.1731E-02
   105.0      0.1525E-02
   106.0      0.1342E-02
   107.0      0.1180E-02
   108.0      0.1038E-02
   109.0      0.9120E-03
   110.0      0.8014E-03
   111.0      0.7043E-03
   112.0      0.6192E-03
   113.0      0.5448E-03
   114.0      0.4796E-03
   115.0      0.4227E-03
   116.0      0.3728E-03
   117.0      0.3292E-03
   118.0      0.2911E-03
   119.0      0.2576E-03
   120.0      0.2282E-03
   121.0      0.2024E-03
   122.0      0.1796E-03
   123.0      0.1596E-03
   124.0      0.1419E-03
   125.0      0.1262E-03
   126.0      0.1124E-03
   127.0      0.1002E-03
   128.0      0.8942E-04
   129.0      0.7987E-04
   130.0      0.7143E-04
   131.0      0.6398E-04
   132.0      0.5739E-04
   133.0      0.5158E-04
   134.0      0.4645E-04
   135.0      0.4191E-04
   136.0      0.3789E-04
   137.0      0.3432E-04
   138.0      0.3114E-04
   139.0      0.2830E-04
   140.0      0.2575E-04
   141.0      0.2344E-04
   142.0      0.2134E-04
   143.0      0.1943E-04
   144.0      0.1767E-04
   145.0      0.1605E-04
   146.0      0.1456E-04
   147.0      0.1318E-04
   148.0      0.1192E-04
   149.0      0.1077E-04
   150.0      0.9720E-05
   151.0      0.8780E-05
   152.0      0.7944E-05
   153.0      0.7209E-05
   154.0      0.6574E-05
   155.0      0.6032E-05
   156.0      0.5579E-05
   157.0      0.5208E-05
   158.0      0.4910E-05
   159.0      0.4678E-05
   160.0      0.4505E-05
   161.0      0.4385E-05
   162.0      0.4310E-05
   163.0      0.4276E-05
   164.0      0.4281E-05
   165.0      0.4320E-05
   166.0      0.4392E-05
   167.0      0.4496E-05
   168.0      0.4630E-05
   169.0      0.4790E-05
   170.0      0.4974E-05
   171.0      0.5177E-05
   172.0      0.5393E-05
   173.0      0.5614E-05
   174.0      0.5832E-05
   175.0      0.6038E-05
   176.0      0.6221E-05
   177.0      0.6375E-05
   178.0      0.6491E-05
   179.0      0.6563E-05
   180.0      0.6587E-05
 END
