# 178 angles,  1 tensor ranks for 0=projectile
@subtitle   "20O + d 2+1 inelastic;"                                                        
@legend ON
@legend x1 0.2
@legend y1 0.8
@g0 type LOGY
@yaxis ticklabel format power
@legend string   0 "Lab energy =   70.0000"
#legend string   0 "Partition=  1 Excit=  2 near/far= 1"
#  Theta       sigma       iT11        T20         T21         T22         Kyy for projectile
   3.000       25.17    
   4.000       23.07    
   5.000       21.98    
   6.000       22.70    
   7.000       25.59    
   8.000       30.46    
   9.000       36.59    
   10.00       43.00    
   11.00       48.71    
   12.00       52.92    
   13.00       55.09    
   14.00       54.91    
   15.00       52.38    
   16.00       47.78    
   17.00       41.69    
   18.00       34.85    
   19.00       28.05    
   20.00       21.94    
   21.00       16.97    
   22.00       13.37    
   23.00       11.15    
   24.00       10.21    
   25.00       10.27    
   26.00       11.02    
   27.00       12.08    
   28.00       13.15    
   29.00       13.98    
   30.00       14.45    
   31.00       14.48    
   32.00       14.09    
   33.00       13.33    
   34.00       12.30    
   35.00       11.10    
   36.00       9.866    
   37.00       8.687    
   38.00       7.631    
   39.00       6.738    
   40.00       6.018    
   41.00       5.466    
   42.00       5.060    
   43.00       4.766    
   44.00       4.545    
   45.00       4.358    
   46.00       4.173    
   47.00       3.970    
   48.00       3.741    
   49.00       3.483    
   50.00       3.199    
   51.00       2.894    
   52.00       2.580    
   53.00       2.268    
   54.00       1.971    
   55.00       1.698    
   56.00       1.453    
   57.00       1.241    
   58.00       1.063    
   59.00      0.9161    
   60.00      0.7990    
   61.00      0.7067    
   62.00      0.6338    
   63.00      0.5753    
   64.00      0.5270    
   65.00      0.4855    
   66.00      0.4481    
   67.00      0.4126    
   68.00      0.3777    
   69.00      0.3430    
   70.00      0.3089    
   71.00      0.2759    
   72.00      0.2444    
   73.00      0.2147    
   74.00      0.1870    
   75.00      0.1618    
   76.00      0.1397    
   77.00      0.1208    
   78.00      0.1050    
   79.00      0.9184E-01
   80.00      0.8087E-01
   81.00      0.7175E-01
   82.00      0.6424E-01
   83.00      0.5807E-01
   84.00      0.5289E-01
   85.00      0.4831E-01
   86.00      0.4409E-01
   87.00      0.4016E-01
   88.00      0.3653E-01
   89.00      0.3318E-01
   90.00      0.3004E-01
   91.00      0.2700E-01
   92.00      0.2407E-01
   93.00      0.2132E-01
   94.00      0.1887E-01
   95.00      0.1674E-01
   96.00      0.1491E-01
   97.00      0.1332E-01
   98.00      0.1193E-01
   99.00      0.1075E-01
   100.0      0.9790E-02
   101.0      0.9026E-02
   102.0      0.8390E-02
   103.0      0.7828E-02
   104.0      0.7325E-02
   105.0      0.6886E-02
   106.0      0.6510E-02
   107.0      0.6171E-02
   108.0      0.5832E-02
   109.0      0.5471E-02
   110.0      0.5095E-02
   111.0      0.4725E-02
   112.0      0.4370E-02
   113.0      0.4020E-02
   114.0      0.3670E-02
   115.0      0.3326E-02
   116.0      0.3008E-02
   117.0      0.2725E-02
   118.0      0.2473E-02
   119.0      0.2230E-02
   120.0      0.1984E-02
   121.0      0.1746E-02
   122.0      0.1543E-02
   123.0      0.1387E-02
   124.0      0.1271E-02
   125.0      0.1171E-02
   126.0      0.1072E-02
   127.0      0.9721E-03
   128.0      0.8875E-03
   129.0      0.8282E-03
   130.0      0.7882E-03
   131.0      0.7540E-03
   132.0      0.7204E-03
   133.0      0.6935E-03
   134.0      0.6811E-03
   135.0      0.6852E-03
   136.0      0.6965E-03
   137.0      0.6996E-03
   138.0      0.6890E-03
   139.0      0.6748E-03
   140.0      0.6706E-03
   141.0      0.6794E-03
   142.0      0.6945E-03
   143.0      0.7059E-03
   144.0      0.7061E-03
   145.0      0.6967E-03
   146.0      0.6866E-03
   147.0      0.6800E-03
   148.0      0.6725E-03
   149.0      0.6601E-03
   150.0      0.6450E-03
   151.0      0.6305E-03
   152.0      0.6185E-03
   153.0      0.6095E-03
   154.0      0.6001E-03
   155.0      0.5840E-03
   156.0      0.5623E-03
   157.0      0.5432E-03
   158.0      0.5312E-03
   159.0      0.5240E-03
   160.0      0.5195E-03
   161.0      0.5161E-03
   162.0      0.5103E-03
   163.0      0.5029E-03
   164.0      0.4995E-03
   165.0      0.5009E-03
   166.0      0.5028E-03
   167.0      0.5050E-03
   168.0      0.5107E-03
   169.0      0.5172E-03
   170.0      0.5207E-03
   171.0      0.5243E-03
   172.0      0.5311E-03
   173.0      0.5403E-03
   174.0      0.5524E-03
   175.0      0.5678E-03
   176.0      0.5773E-03
   177.0      0.5715E-03
   178.0      0.5578E-03
   179.0      0.5497E-03
   180.0      0.5481E-03
 END
