# 178 angles,  1 tensor ranks for 0=projectile
@subtitle   "p+O20 1st ex with BG ;"                                                        
@legend ON
@legend x1 0.2
@legend y1 0.8
@g0 type LOGY
@yaxis ticklabel format power
@legend string   0 "Lab energy =   35.0000"
#legend string   0 "Partition=  1 Excit=  2 near/far= 1"
#  Theta       sigma       iT11        T20         T21         T22         Kyy for projectile
   3.000       14.40    
   4.000       14.10    
   5.000       13.72    
   6.000       13.29    
   7.000       12.81    
   8.000       12.30    
   9.000       11.78    
   10.00       11.26    
   11.00       10.76    
   12.00       10.29    
   13.00       9.872    
   14.00       9.503    
   15.00       9.194    
   16.00       8.949    
   17.00       8.766    
   18.00       8.643    
   19.00       8.571    
   20.00       8.541    
   21.00       8.542    
   22.00       8.560    
   23.00       8.584    
   24.00       8.600    
   25.00       8.597    
   26.00       8.566    
   27.00       8.498    
   28.00       8.388    
   29.00       8.233    
   30.00       8.032    
   31.00       7.785    
   32.00       7.495    
   33.00       7.168    
   34.00       6.806    
   35.00       6.418    
   36.00       6.009    
   37.00       5.586    
   38.00       5.157    
   39.00       4.729    
   40.00       4.309    
   41.00       3.902    
   42.00       3.516    
   43.00       3.155    
   44.00       2.823    
   45.00       2.524    
   46.00       2.260    
   47.00       2.033    
   48.00       1.842    
   49.00       1.687    
   50.00       1.566    
   51.00       1.476    
   52.00       1.414    
   53.00       1.377    
   54.00       1.360    
   55.00       1.360    
   56.00       1.372    
   57.00       1.392    
   58.00       1.418    
   59.00       1.445    
   60.00       1.472    
   61.00       1.495    
   62.00       1.513    
   63.00       1.524    
   64.00       1.528    
   65.00       1.523    
   66.00       1.509    
   67.00       1.486    
   68.00       1.454    
   69.00       1.414    
   70.00       1.365    
   71.00       1.310    
   72.00       1.248    
   73.00       1.181    
   74.00       1.110    
   75.00       1.036    
   76.00      0.9600    
   77.00      0.8840    
   78.00      0.8086    
   79.00      0.7350    
   80.00      0.6640    
   81.00      0.5964    
   82.00      0.5327    
   83.00      0.4735    
   84.00      0.4190    
   85.00      0.3694    
   86.00      0.3248    
   87.00      0.2852    
   88.00      0.2503    
   89.00      0.2202    
   90.00      0.1944    
   91.00      0.1728    
   92.00      0.1550    
   93.00      0.1406    
   94.00      0.1294    
   95.00      0.1210    
   96.00      0.1149    
   97.00      0.1108    
   98.00      0.1083    
   99.00      0.1072    
   100.0      0.1069    
   101.0      0.1074    
   102.0      0.1082    
   103.0      0.1092    
   104.0      0.1101    
   105.0      0.1108    
   106.0      0.1112    
   107.0      0.1112    
   108.0      0.1107    
   109.0      0.1098    
   110.0      0.1083    
   111.0      0.1063    
   112.0      0.1039    
   113.0      0.1010    
   114.0      0.9765E-01
   115.0      0.9394E-01
   116.0      0.8989E-01
   117.0      0.8556E-01
   118.0      0.8100E-01
   119.0      0.7628E-01
   120.0      0.7145E-01
   121.0      0.6659E-01
   122.0      0.6176E-01
   123.0      0.5701E-01
   124.0      0.5239E-01
   125.0      0.4795E-01
   126.0      0.4374E-01
   127.0      0.3977E-01
   128.0      0.3607E-01
   129.0      0.3265E-01
   130.0      0.2951E-01
   131.0      0.2666E-01
   132.0      0.2408E-01
   133.0      0.2176E-01
   134.0      0.1970E-01
   135.0      0.1787E-01
   136.0      0.1628E-01
   137.0      0.1491E-01
   138.0      0.1374E-01
   139.0      0.1277E-01
   140.0      0.1198E-01
   141.0      0.1136E-01
   142.0      0.1090E-01
   143.0      0.1056E-01
   144.0      0.1034E-01
   145.0      0.1021E-01
   146.0      0.1016E-01
   147.0      0.1017E-01
   148.0      0.1023E-01
   149.0      0.1033E-01
   150.0      0.1045E-01
   151.0      0.1059E-01
   152.0      0.1074E-01
   153.0      0.1091E-01
   154.0      0.1109E-01
   155.0      0.1128E-01
   156.0      0.1147E-01
   157.0      0.1168E-01
   158.0      0.1189E-01
   159.0      0.1211E-01
   160.0      0.1233E-01
   161.0      0.1255E-01
   162.0      0.1276E-01
   163.0      0.1297E-01
   164.0      0.1316E-01
   165.0      0.1335E-01
   166.0      0.1353E-01
   167.0      0.1370E-01
   168.0      0.1386E-01
   169.0      0.1403E-01
   170.0      0.1420E-01
   171.0      0.1437E-01
   172.0      0.1455E-01
   173.0      0.1472E-01
   174.0      0.1489E-01
   175.0      0.1505E-01
   176.0      0.1519E-01
   177.0      0.1530E-01
   178.0      0.1539E-01
   179.0      0.1544E-01
   180.0      0.1546E-01
 END
