# 178 angles,  1 tensor ranks for 0=projectile
@subtitle   "18O(d,t) @ 52 MeV Daeh (d) + Pang (t)"                                         
@legend ON
@legend x1 0.2
@legend y1 0.8
@g0 type LOGY
@yaxis ticklabel format power
@legend string   0 "Lab energy =   52.0000"
#legend string   0 "Partition=  2 Excit=  5 near/far= 1"
#  Theta       sigma       iT11        T20         T21         T22         Kyy for projectile
   3.000       5.249    
   4.000       6.168    
   5.000       6.987    
   6.000       7.545    
   7.000       7.737    
   8.000       7.524    
   9.000       6.939    
   10.00       6.067    
   11.00       5.030    
   12.00       3.957    
   13.00       2.962    
   14.00       2.129    
   15.00       1.504    
   16.00       1.096    
   17.00      0.8817    
   18.00      0.8170    
   19.00      0.8480    
   20.00      0.9217    
   21.00      0.9937    
   22.00       1.033    
   23.00       1.022    
   24.00      0.9595    
   25.00      0.8525    
   26.00      0.7160    
   27.00      0.5678    
   28.00      0.4249    
   29.00      0.3015    
   30.00      0.2072    
   31.00      0.1464    
   32.00      0.1188    
   33.00      0.1203    
   34.00      0.1446    
   35.00      0.1836    
   36.00      0.2298    
   37.00      0.2761    
   38.00      0.3173    
   39.00      0.3499    
   40.00      0.3721    
   41.00      0.3839    
   42.00      0.3863    
   43.00      0.3813    
   44.00      0.3711    
   45.00      0.3581    
   46.00      0.3443    
   47.00      0.3312    
   48.00      0.3200    
   49.00      0.3109    
   50.00      0.3040    
   51.00      0.2990    
   52.00      0.2953    
   53.00      0.2920    
   54.00      0.2886    
   55.00      0.2843    
   56.00      0.2787    
   57.00      0.2715    
   58.00      0.2627    
   59.00      0.2523    
   60.00      0.2405    
   61.00      0.2277    
   62.00      0.2142    
   63.00      0.2004    
   64.00      0.1867    
   65.00      0.1733    
   66.00      0.1605    
   67.00      0.1486    
   68.00      0.1375    
   69.00      0.1274    
   70.00      0.1182    
   71.00      0.1098    
   72.00      0.1022    
   73.00      0.9528E-01
   74.00      0.8889E-01
   75.00      0.8295E-01
   76.00      0.7738E-01
   77.00      0.7211E-01
   78.00      0.6708E-01
   79.00      0.6227E-01
   80.00      0.5766E-01
   81.00      0.5324E-01
   82.00      0.4902E-01
   83.00      0.4501E-01
   84.00      0.4123E-01
   85.00      0.3768E-01
   86.00      0.3437E-01
   87.00      0.3132E-01
   88.00      0.2853E-01
   89.00      0.2598E-01
   90.00      0.2368E-01
   91.00      0.2161E-01
   92.00      0.1975E-01
   93.00      0.1808E-01
   94.00      0.1658E-01
   95.00      0.1524E-01
   96.00      0.1403E-01
   97.00      0.1293E-01
   98.00      0.1193E-01
   99.00      0.1102E-01
   100.0      0.1017E-01
   101.0      0.9392E-02
   102.0      0.8664E-02
   103.0      0.7984E-02
   104.0      0.7348E-02
   105.0      0.6753E-02
   106.0      0.6197E-02
   107.0      0.5679E-02
   108.0      0.5197E-02
   109.0      0.4751E-02
   110.0      0.4340E-02
   111.0      0.3963E-02
   112.0      0.3619E-02
   113.0      0.3306E-02
   114.0      0.3022E-02
   115.0      0.2766E-02
   116.0      0.2536E-02
   117.0      0.2329E-02
   118.0      0.2143E-02
   119.0      0.1976E-02
   120.0      0.1825E-02
   121.0      0.1689E-02
   122.0      0.1566E-02
   123.0      0.1454E-02
   124.0      0.1352E-02
   125.0      0.1258E-02
   126.0      0.1171E-02
   127.0      0.1090E-02
   128.0      0.1015E-02
   129.0      0.9455E-03
   130.0      0.8801E-03
   131.0      0.8188E-03
   132.0      0.7614E-03
   133.0      0.7075E-03
   134.0      0.6571E-03
   135.0      0.6099E-03
   136.0      0.5659E-03
   137.0      0.5249E-03
   138.0      0.4867E-03
   139.0      0.4513E-03
   140.0      0.4186E-03
   141.0      0.3885E-03
   142.0      0.3607E-03
   143.0      0.3353E-03
   144.0      0.3120E-03
   145.0      0.2908E-03
   146.0      0.2715E-03
   147.0      0.2539E-03
   148.0      0.2379E-03
   149.0      0.2233E-03
   150.0      0.2101E-03
   151.0      0.1981E-03
   152.0      0.1871E-03
   153.0      0.1771E-03
   154.0      0.1680E-03
   155.0      0.1598E-03
   156.0      0.1523E-03
   157.0      0.1455E-03
   158.0      0.1395E-03
   159.0      0.1342E-03
   160.0      0.1296E-03
   161.0      0.1256E-03
   162.0      0.1224E-03
   163.0      0.1198E-03
   164.0      0.1178E-03
   165.0      0.1164E-03
   166.0      0.1155E-03
   167.0      0.1152E-03
   168.0      0.1153E-03
   169.0      0.1157E-03
   170.0      0.1165E-03
   171.0      0.1174E-03
   172.0      0.1185E-03
   173.0      0.1197E-03
   174.0      0.1208E-03
   175.0      0.1219E-03
   176.0      0.1228E-03
   177.0      0.1236E-03
   178.0      0.1242E-03
   179.0      0.1246E-03
   180.0      0.1247E-03
 END
