# 178 angles,  1 tensor ranks for 0=projectile
@subtitle   "18O(d,t) @ 52 MeV Daeh (d) + Pang (t)"                                         
@legend ON
@legend x1 0.2
@legend y1 0.8
@g0 type LOGY
@yaxis ticklabel format power
@legend string   0 "Lab energy =   52.0000"
#legend string   0 "Partition=  2 Excit=  9 near/far= 1"
#  Theta       sigma       iT11        T20         T21         T22         Kyy for projectile
   3.000       2.454    
   4.000       3.264    
   5.000       4.050    
   6.000       4.690    
   7.000       5.091    
   8.000       5.204    
   9.000       5.027    
   10.00       4.600    
   11.00       3.994    
   12.00       3.294    
   13.00       2.587    
   14.00       1.945    
   15.00       1.419    
   16.00       1.035    
   17.00      0.7941    
   18.00      0.6788    
   19.00      0.6580    
   20.00      0.6955    
   21.00      0.7558    
   22.00      0.8098    
   23.00      0.8369    
   24.00      0.8268    
   25.00      0.7779    
   26.00      0.6963    
   27.00      0.5927    
   28.00      0.4797    
   29.00      0.3700    
   30.00      0.2740    
   31.00      0.1991    
   32.00      0.1490    
   33.00      0.1240    
   34.00      0.1217    
   35.00      0.1375    
   36.00      0.1658    
   37.00      0.2009    
   38.00      0.2373    
   39.00      0.2710    
   40.00      0.2987    
   41.00      0.3190    
   42.00      0.3314    
   43.00      0.3365    
   44.00      0.3356    
   45.00      0.3303    
   46.00      0.3225    
   47.00      0.3137    
   48.00      0.3053    
   49.00      0.2981    
   50.00      0.2927    
   51.00      0.2891    
   52.00      0.2871    
   53.00      0.2862    
   54.00      0.2857    
   55.00      0.2851    
   56.00      0.2837    
   57.00      0.2810    
   58.00      0.2767    
   59.00      0.2707    
   60.00      0.2628    
   61.00      0.2534    
   62.00      0.2426    
   63.00      0.2306    
   64.00      0.2180    
   65.00      0.2051    
   66.00      0.1921    
   67.00      0.1794    
   68.00      0.1672    
   69.00      0.1557    
   70.00      0.1450    
   71.00      0.1351    
   72.00      0.1260    
   73.00      0.1177    
   74.00      0.1101    
   75.00      0.1031    
   76.00      0.9662E-01
   77.00      0.9055E-01
   78.00      0.8482E-01
   79.00      0.7937E-01
   80.00      0.7415E-01
   81.00      0.6913E-01
   82.00      0.6429E-01
   83.00      0.5962E-01
   84.00      0.5514E-01
   85.00      0.5085E-01
   86.00      0.4676E-01
   87.00      0.4290E-01
   88.00      0.3928E-01
   89.00      0.3590E-01
   90.00      0.3277E-01
   91.00      0.2990E-01
   92.00      0.2727E-01
   93.00      0.2489E-01
   94.00      0.2273E-01
   95.00      0.2079E-01
   96.00      0.1904E-01
   97.00      0.1746E-01
   98.00      0.1604E-01
   99.00      0.1475E-01
   100.0      0.1359E-01
   101.0      0.1253E-01
   102.0      0.1155E-01
   103.0      0.1065E-01
   104.0      0.9821E-02
   105.0      0.9049E-02
   106.0      0.8329E-02
   107.0      0.7658E-02
   108.0      0.7030E-02
   109.0      0.6445E-02
   110.0      0.5900E-02
   111.0      0.5394E-02
   112.0      0.4925E-02
   113.0      0.4493E-02
   114.0      0.4095E-02
   115.0      0.3732E-02
   116.0      0.3401E-02
   117.0      0.3100E-02
   118.0      0.2828E-02
   119.0      0.2583E-02
   120.0      0.2363E-02
   121.0      0.2165E-02
   122.0      0.1988E-02
   123.0      0.1828E-02
   124.0      0.1685E-02
   125.0      0.1557E-02
   126.0      0.1441E-02
   127.0      0.1336E-02
   128.0      0.1241E-02
   129.0      0.1154E-02
   130.0      0.1074E-02
   131.0      0.9998E-03
   132.0      0.9315E-03
   133.0      0.8678E-03
   134.0      0.8084E-03
   135.0      0.7527E-03
   136.0      0.7005E-03
   137.0      0.6516E-03
   138.0      0.6058E-03
   139.0      0.5629E-03
   140.0      0.5230E-03
   141.0      0.4859E-03
   142.0      0.4516E-03
   143.0      0.4199E-03
   144.0      0.3909E-03
   145.0      0.3643E-03
   146.0      0.3400E-03
   147.0      0.3178E-03
   148.0      0.2976E-03
   149.0      0.2791E-03
   150.0      0.2621E-03
   151.0      0.2466E-03
   152.0      0.2322E-03
   153.0      0.2189E-03
   154.0      0.2066E-03
   155.0      0.1953E-03
   156.0      0.1849E-03
   157.0      0.1756E-03
   158.0      0.1673E-03
   159.0      0.1601E-03
   160.0      0.1542E-03
   161.0      0.1495E-03
   162.0      0.1462E-03
   163.0      0.1443E-03
   164.0      0.1437E-03
   165.0      0.1444E-03
   166.0      0.1463E-03
   167.0      0.1493E-03
   168.0      0.1531E-03
   169.0      0.1577E-03
   170.0      0.1627E-03
   171.0      0.1680E-03
   172.0      0.1734E-03
   173.0      0.1786E-03
   174.0      0.1835E-03
   175.0      0.1880E-03
   176.0      0.1918E-03
   177.0      0.1948E-03
   178.0      0.1971E-03
   179.0      0.1985E-03
   180.0      0.1989E-03
 END
