# Fusion cross sections for ELAB=  52.000, ECM=  46.766
     0.0   2.341       2.416      0.7480E-01
     1.0   21.03       21.74      0.7041    
     2.0   35.29       36.39       1.098    
     3.0   49.89       51.26       1.372    
     4.0   64.98       66.47       1.490    
     5.0   80.46       81.93       1.470    
     6.0   96.47       97.77       1.293    
     7.0   111.4       112.6       1.238    
     8.0   120.1       121.8       1.732    
     9.0   117.7       120.3       2.608    
    10.0   100.3       104.2       3.842    
    11.0   69.87       74.16       4.293    
    12.0   41.66       45.01       3.353    
    13.0   23.28       25.38       2.099    
    14.0   12.78       13.94       1.156    
    15.0   6.987       7.578      0.5908    
    16.0   3.813       4.103      0.2896    
    17.0   2.076       2.215      0.1389    
    18.0   1.126       1.192      0.6589E-01
    19.0  0.6090      0.6401      0.3110E-01
    20.0  0.3280      0.3427      0.1465E-01
    21.0  0.1760      0.1829      0.6905E-02
    22.0  0.9412E-01  0.9738E-01  0.3257E-02
    23.0  0.5017E-01  0.5171E-01  0.1539E-02
    24.0  0.2666E-01  0.2739E-01  0.7281E-03
    25.0  0.1413E-01  0.1447E-01  0.3452E-03
    26.0  0.7467E-02  0.7631E-02  0.1639E-03
    27.0  0.3938E-02  0.4016E-02  0.7800E-04
    28.0  0.2072E-02  0.2109E-02  0.3717E-04
    29.0  0.1088E-02  0.1106E-02  0.1774E-04
    30.0  0.5702E-03  0.5787E-03  0.8481E-05
    31.0  0.2984E-03  0.3024E-03  0.4060E-05
    32.0  0.1559E-03  0.1578E-03  0.1946E-05
    33.0  0.8130E-04  0.8223E-04  0.9338E-06
    34.0  0.4235E-04  0.4279E-04  0.4486E-06
    35.0  0.2203E-04  0.2224E-04  0.2157E-06
    36.0  0.1144E-04  0.1155E-04  0.1039E-06
    37.0  0.5938E-05  0.5989E-05  0.5004E-07
    38.0  0.3078E-05  0.3102E-05  0.2413E-07
    39.0  0.1594E-05  0.1606E-05  0.1164E-07
    40.0  0.8245E-06  0.8302E-06  0.5623E-08
    41.0  0.4261E-06  0.4288E-06  0.2718E-08
    42.0  0.2200E-06  0.2213E-06  0.1314E-08
    43.0  0.1135E-06  0.1142E-06  0.6358E-09
    44.0  0.5852E-07  0.5883E-07  0.3078E-09
    45.0  0.3014E-07  0.3029E-07  0.1491E-09
    46.0  0.1552E-07  0.1559E-07  0.7225E-10
    47.0  0.7982E-08  0.8017E-08  0.3503E-10
    48.0  0.4101E-08  0.4118E-08  0.1699E-10
    49.0  0.2106E-08  0.2115E-08  0.8243E-11
    50.0  0.1082E-08  0.1086E-08  0.4001E-11
    51.0  0.5542E-09  0.5561E-09  0.1943E-11
    52.0  0.2825E-09  0.2834E-09  0.9438E-12
    53.0  0.1464E-09  0.1468E-09  0.4586E-12
    54.0  0.7501E-10  0.7523E-10  0.2229E-12
    55.0  0.3817E-10  0.3827E-10  0.1084E-12
    56.0  0.1940E-10  0.1945E-10  0.5270E-13
    57.0  0.1139E-10  0.1141E-10  0.2563E-13
    58.0  0.5290E-11  0.5303E-11  0.1247E-13
    59.0  0.3271E-11  0.3277E-11  0.6069E-14
    60.0  0.1941E-11  0.1944E-11  0.2954E-14
 &
