   59.950    1.86301       0.414504E-11   0.222491E-11  -0.447561       0   0.222491E-11
   59.950    2.18959       0.475878E-15   0.217337E-15  -0.604297       0   0.200257E-15
   59.950   -8.19757      -0.243975E-15   0.297618E-16  -0.634751       0   0.297618E-16
   59.950    5.37281       0.199858E-17   0.371981E-18  -0.708619       0   0.363421E-18
   59.950    4.00209       0.355092E-18   0.887267E-19  -0.733994       0   0.829349E-19
   59.950    6.52071       0.150860E-18   0.231355E-19  -0.754903       0   0.226351E-19
   59.950    4.59738       0.433541E-19   0.943018E-20  -0.771279       0   0.884318E-20
   59.950    7.10910       0.383999E-19   0.540151E-20  -0.779145       0   0.528824E-20
   59.950    7.31311       0.151096E-19   0.206609E-20  -0.795162       0   0.202362E-20
   59.950    9.34441       0.459930E-21   0.492199E-22  -0.857450       0   0.482803E-22
   59.950    9.76478       0.222788E-21   0.228154E-22  -0.870265       0   0.223862E-22
   59.950    9.86163       0.110951E-21   0.112508E-22  -0.882050       0   0.110419E-22
