# 178 angles,  1 tensor ranks for 0=projectile
@subtitle   "18O(d,t) @ 52 MeV Daeh (d) + Pang (t)"                                         
@legend ON
@legend x1 0.2
@legend y1 0.8
@g0 type LOGY
@yaxis ticklabel format power
@legend string   0 "Lab energy =   52.0000"
#legend string   0 "Partition=  2 Excit=  7 near/far= 1"
#  Theta       sigma       iT11        T20         T21         T22         Kyy for projectile
   3.000       4.446    
   4.000       5.374    
   5.000       6.224    
   6.000       6.840    
   7.000       7.115    
   8.000       7.007    
   9.000       6.536    
   10.00       5.778    
   11.00       4.843    
   12.00       3.851    
   13.00       2.913    
   14.00       2.112    
   15.00       1.499    
   16.00       1.088    
   17.00      0.8610    
   18.00      0.7817    
   19.00      0.8008    
   20.00      0.8683    
   21.00      0.9406    
   22.00      0.9862    
   23.00      0.9867    
   24.00      0.9371    
   25.00      0.8432    
   26.00      0.7177    
   27.00      0.5771    
   28.00      0.4381    
   29.00      0.3149    
   30.00      0.2176    
   31.00      0.1517    
   32.00      0.1179    
   33.00      0.1133    
   34.00      0.1321    
   35.00      0.1672    
   36.00      0.2110    
   37.00      0.2567    
   38.00      0.2987    
   39.00      0.3332    
   40.00      0.3581    
   41.00      0.3729    
   42.00      0.3783    
   43.00      0.3760    
   44.00      0.3681    
   45.00      0.3569    
   46.00      0.3443    
   47.00      0.3321    
   48.00      0.3214    
   49.00      0.3127    
   50.00      0.3062    
   51.00      0.3016    
   52.00      0.2983    
   53.00      0.2957    
   54.00      0.2930    
   55.00      0.2896    
   56.00      0.2850    
   57.00      0.2788    
   58.00      0.2709    
   59.00      0.2613    
   60.00      0.2502    
   61.00      0.2378    
   62.00      0.2246    
   63.00      0.2108    
   64.00      0.1970    
   65.00      0.1833    
   66.00      0.1702    
   67.00      0.1578    
   68.00      0.1462    
   69.00      0.1356    
   70.00      0.1258    
   71.00      0.1169    
   72.00      0.1089    
   73.00      0.1015    
   74.00      0.9475E-01
   75.00      0.8848E-01
   76.00      0.8263E-01
   77.00      0.7710E-01
   78.00      0.7184E-01
   79.00      0.6681E-01
   80.00      0.6198E-01
   81.00      0.5735E-01
   82.00      0.5292E-01
   83.00      0.4869E-01
   84.00      0.4467E-01
   85.00      0.4089E-01
   86.00      0.3736E-01
   87.00      0.3407E-01
   88.00      0.3105E-01
   89.00      0.2828E-01
   90.00      0.2576E-01
   91.00      0.2349E-01
   92.00      0.2144E-01
   93.00      0.1960E-01
   94.00      0.1795E-01
   95.00      0.1647E-01
   96.00      0.1514E-01
   97.00      0.1394E-01
   98.00      0.1285E-01
   99.00      0.1185E-01
   100.0      0.1094E-01
   101.0      0.1010E-01
   102.0      0.9315E-02
   103.0      0.8586E-02
   104.0      0.7906E-02
   105.0      0.7270E-02
   106.0      0.6676E-02
   107.0      0.6121E-02
   108.0      0.5605E-02
   109.0      0.5126E-02
   110.0      0.4683E-02
   111.0      0.4275E-02
   112.0      0.3902E-02
   113.0      0.3561E-02
   114.0      0.3252E-02
   115.0      0.2972E-02
   116.0      0.2720E-02
   117.0      0.2493E-02
   118.0      0.2289E-02
   119.0      0.2106E-02
   120.0      0.1941E-02
   121.0      0.1793E-02
   122.0      0.1659E-02
   123.0      0.1538E-02
   124.0      0.1428E-02
   125.0      0.1327E-02
   126.0      0.1235E-02
   127.0      0.1150E-02
   128.0      0.1071E-02
   129.0      0.9977E-03
   130.0      0.9293E-03
   131.0      0.8653E-03
   132.0      0.8054E-03
   133.0      0.7492E-03
   134.0      0.6966E-03
   135.0      0.6472E-03
   136.0      0.6010E-03
   137.0      0.5579E-03
   138.0      0.5176E-03
   139.0      0.4802E-03
   140.0      0.4456E-03
   141.0      0.4136E-03
   142.0      0.3841E-03
   143.0      0.3570E-03
   144.0      0.3322E-03
   145.0      0.3096E-03
   146.0      0.2890E-03
   147.0      0.2702E-03
   148.0      0.2532E-03
   149.0      0.2377E-03
   150.0      0.2235E-03
   151.0      0.2107E-03
   152.0      0.1989E-03
   153.0      0.1882E-03
   154.0      0.1784E-03
   155.0      0.1695E-03
   156.0      0.1614E-03
   157.0      0.1542E-03
   158.0      0.1477E-03
   159.0      0.1420E-03
   160.0      0.1371E-03
   161.0      0.1331E-03
   162.0      0.1298E-03
   163.0      0.1273E-03
   164.0      0.1255E-03
   165.0      0.1245E-03
   166.0      0.1241E-03
   167.0      0.1243E-03
   168.0      0.1250E-03
   169.0      0.1261E-03
   170.0      0.1275E-03
   171.0      0.1291E-03
   172.0      0.1308E-03
   173.0      0.1325E-03
   174.0      0.1342E-03
   175.0      0.1357E-03
   176.0      0.1371E-03
   177.0      0.1382E-03
   178.0      0.1390E-03
   179.0      0.1395E-03
   180.0      0.1396E-03
 END
