# 178 angles,  1 tensor ranks for 0=projectile
@subtitle   "18O(d,t) @ 52 MeV Daeh (d) + Pang (t)"                                         
@legend ON
@legend x1 0.2
@legend y1 0.8
@g0 type LOGY
@yaxis ticklabel format power
@legend string   0 "Lab energy =   52.0000"
#legend string   0 "Partition=  2 Excit=  2 near/far= 1"
#  Theta       sigma       iT11        T20         T21         T22         Kyy for projectile
   3.000       55.24    
   4.000       44.70    
   5.000       33.68    
   6.000       23.37    
   7.000       14.66    
   8.000       8.052    
   9.000       3.647    
   10.00       1.214    
   11.00      0.3085    
   12.00      0.3963    
   13.00      0.9705    
   14.00       1.628    
   15.00       2.106    
   16.00       2.288    
   17.00       2.173    
   18.00       1.841    
   19.00       1.410    
   20.00      0.9973    
   21.00      0.6982    
   22.00      0.5677    
   23.00      0.6206    
   24.00      0.8359    
   25.00       1.168    
   26.00       1.558    
   27.00       1.948    
   28.00       2.286    
   29.00       2.535    
   30.00       2.676    
   31.00       2.703    
   32.00       2.626    
   33.00       2.463    
   34.00       2.238    
   35.00       1.978    
   36.00       1.705    
   37.00       1.439    
   38.00       1.197    
   39.00      0.9862    
   40.00      0.8119    
   41.00      0.6740    
   42.00      0.5693    
   43.00      0.4929    
   44.00      0.4388    
   45.00      0.4007    
   46.00      0.3734    
   47.00      0.3522    
   48.00      0.3337    
   49.00      0.3157    
   50.00      0.2968    
   51.00      0.2765    
   52.00      0.2549    
   53.00      0.2325    
   54.00      0.2099    
   55.00      0.1876    
   56.00      0.1664    
   57.00      0.1465    
   58.00      0.1283    
   59.00      0.1119    
   60.00      0.9744E-01
   61.00      0.8479E-01
   62.00      0.7384E-01
   63.00      0.6444E-01
   64.00      0.5643E-01
   65.00      0.4964E-01
   66.00      0.4392E-01
   67.00      0.3914E-01
   68.00      0.3517E-01
   69.00      0.3191E-01
   70.00      0.2926E-01
   71.00      0.2711E-01
   72.00      0.2538E-01
   73.00      0.2398E-01
   74.00      0.2283E-01
   75.00      0.2185E-01
   76.00      0.2098E-01
   77.00      0.2016E-01
   78.00      0.1934E-01
   79.00      0.1848E-01
   80.00      0.1757E-01
   81.00      0.1658E-01
   82.00      0.1553E-01
   83.00      0.1442E-01
   84.00      0.1328E-01
   85.00      0.1211E-01
   86.00      0.1094E-01
   87.00      0.9810E-02
   88.00      0.8726E-02
   89.00      0.7712E-02
   90.00      0.6783E-02
   91.00      0.5948E-02
   92.00      0.5213E-02
   93.00      0.4578E-02
   94.00      0.4039E-02
   95.00      0.3589E-02
   96.00      0.3219E-02
   97.00      0.2918E-02
   98.00      0.2673E-02
   99.00      0.2474E-02
   100.0      0.2309E-02
   101.0      0.2168E-02
   102.0      0.2043E-02
   103.0      0.1927E-02
   104.0      0.1815E-02
   105.0      0.1704E-02
   106.0      0.1592E-02
   107.0      0.1477E-02
   108.0      0.1361E-02
   109.0      0.1244E-02
   110.0      0.1128E-02
   111.0      0.1013E-02
   112.0      0.9033E-03
   113.0      0.7986E-03
   114.0      0.7008E-03
   115.0      0.6110E-03
   116.0      0.5298E-03
   117.0      0.4575E-03
   118.0      0.3943E-03
   119.0      0.3399E-03
   120.0      0.2938E-03
   121.0      0.2552E-03
   122.0      0.2235E-03
   123.0      0.1977E-03
   124.0      0.1770E-03
   125.0      0.1605E-03
   126.0      0.1473E-03
   127.0      0.1368E-03
   128.0      0.1283E-03
   129.0      0.1212E-03
   130.0      0.1151E-03
   131.0      0.1096E-03
   132.0      0.1046E-03
   133.0      0.9968E-04
   134.0      0.9486E-04
   135.0      0.9006E-04
   136.0      0.8526E-04
   137.0      0.8050E-04
   138.0      0.7583E-04
   139.0      0.7131E-04
   140.0      0.6701E-04
   141.0      0.6300E-04
   142.0      0.5935E-04
   143.0      0.5610E-04
   144.0      0.5328E-04
   145.0      0.5088E-04
   146.0      0.4888E-04
   147.0      0.4724E-04
   148.0      0.4589E-04
   149.0      0.4475E-04
   150.0      0.4370E-04
   151.0      0.4266E-04
   152.0      0.4152E-04
   153.0      0.4018E-04
   154.0      0.3858E-04
   155.0      0.3666E-04
   156.0      0.3442E-04
   157.0      0.3186E-04
   158.0      0.2904E-04
   159.0      0.2603E-04
   160.0      0.2297E-04
   161.0      0.1998E-04
   162.0      0.1723E-04
   163.0      0.1486E-04
   164.0      0.1302E-04
   165.0      0.1187E-04
   166.0      0.1149E-04
   167.0      0.1195E-04
   168.0      0.1329E-04
   169.0      0.1547E-04
   170.0      0.1843E-04
   171.0      0.2202E-04
   172.0      0.2610E-04
   173.0      0.3046E-04
   174.0      0.3488E-04
   175.0      0.3912E-04
   176.0      0.4297E-04
   177.0      0.4620E-04
   178.0      0.4865E-04
   179.0      0.5018E-04
   180.0      0.5070E-04
 END
