# 178 angles,  1 tensor ranks for 0=projectile
@subtitle   "20O(d,d') Daehnick OMP with step couplings"                                    
@legend ON
@legend x1 0.2
@legend y1 0.8
@g0 type LOGY
@yaxis ticklabel format power
@legend string   0 "Lab energy =   70.0000"
#legend string   0 "Partition=  1 Excit=  4 near/far= 1"
#  Theta       sigma       iT11        T20         T21         T22         Kyy for projectile
   3.000       14.76    
   4.000       17.87    
   5.000       21.10    
   6.000       24.13    
   7.000       26.75    
   8.000       28.92    
   9.000       30.77    
   10.00       32.51    
   11.00       34.35    
   12.00       36.44    
   13.00       38.79    
   14.00       41.30    
   15.00       43.71    
   16.00       45.73    
   17.00       47.03    
   18.00       47.35    
   19.00       46.54    
   20.00       44.58    
   21.00       41.58    
   22.00       37.80    
   23.00       33.54    
   24.00       29.14    
   25.00       24.94    
   26.00       21.22    
   27.00       18.15    
   28.00       15.85    
   29.00       14.33    
   30.00       13.49    
   31.00       13.22    
   32.00       13.34    
   33.00       13.67    
   34.00       14.04    
   35.00       14.31    
   36.00       14.40    
   37.00       14.24    
   38.00       13.82    
   39.00       13.16    
   40.00       12.31    
   41.00       11.33    
   42.00       10.28    
   43.00       9.232    
   44.00       8.229    
   45.00       7.315    
   46.00       6.513    
   47.00       5.832    
   48.00       5.269    
   49.00       4.811    
   50.00       4.440    
   51.00       4.133    
   52.00       3.870    
   53.00       3.631    
   54.00       3.402    
   55.00       3.172    
   56.00       2.934    
   57.00       2.689    
   58.00       2.437    
   59.00       2.183    
   60.00       1.932    
   61.00       1.691    
   62.00       1.465    
   63.00       1.259    
   64.00       1.074    
   65.00      0.9139    
   66.00      0.7776    
   67.00      0.6642    
   68.00      0.5718    
   69.00      0.4975    
   70.00      0.4383    
   71.00      0.3910    
   72.00      0.3528    
   73.00      0.3211    
   74.00      0.2938    
   75.00      0.2693    
   76.00      0.2465    
   77.00      0.2247    
   78.00      0.2036    
   79.00      0.1831    
   80.00      0.1633    
   81.00      0.1446    
   82.00      0.1270    
   83.00      0.1108    
   84.00      0.9628E-01
   85.00      0.8342E-01
   86.00      0.7230E-01
   87.00      0.6283E-01
   88.00      0.5489E-01
   89.00      0.4828E-01
   90.00      0.4283E-01
   91.00      0.3833E-01
   92.00      0.3459E-01
   93.00      0.3142E-01
   94.00      0.2867E-01
   95.00      0.2621E-01
   96.00      0.2396E-01
   97.00      0.2185E-01
   98.00      0.1986E-01
   99.00      0.1796E-01
   100.0      0.1615E-01
   101.0      0.1444E-01
   102.0      0.1285E-01
   103.0      0.1140E-01
   104.0      0.1009E-01
   105.0      0.8947E-02
   106.0      0.7953E-02
   107.0      0.7109E-02
   108.0      0.6408E-02
   109.0      0.5836E-02
   110.0      0.5375E-02
   111.0      0.5004E-02
   112.0      0.4703E-02
   113.0      0.4455E-02
   114.0      0.4243E-02
   115.0      0.4055E-02
   116.0      0.3876E-02
   117.0      0.3696E-02
   118.0      0.3507E-02
   119.0      0.3307E-02
   120.0      0.3095E-02
   121.0      0.2875E-02
   122.0      0.2647E-02
   123.0      0.2415E-02
   124.0      0.2184E-02
   125.0      0.1959E-02
   126.0      0.1743E-02
   127.0      0.1541E-02
   128.0      0.1354E-02
   129.0      0.1183E-02
   130.0      0.1030E-02
   131.0      0.8976E-03
   132.0      0.7857E-03
   133.0      0.6939E-03
   134.0      0.6202E-03
   135.0      0.5623E-03
   136.0      0.5184E-03
   137.0      0.4864E-03
   138.0      0.4639E-03
   139.0      0.4481E-03
   140.0      0.4367E-03
   141.0      0.4281E-03
   142.0      0.4218E-03
   143.0      0.4174E-03
   144.0      0.4138E-03
   145.0      0.4092E-03
   146.0      0.4019E-03
   147.0      0.3910E-03
   148.0      0.3771E-03
   149.0      0.3613E-03
   150.0      0.3448E-03
   151.0      0.3279E-03
   152.0      0.3105E-03
   153.0      0.2925E-03
   154.0      0.2741E-03
   155.0      0.2559E-03
   156.0      0.2384E-03
   157.0      0.2217E-03
   158.0      0.2060E-03
   159.0      0.1916E-03
   160.0      0.1788E-03
   161.0      0.1681E-03
   162.0      0.1593E-03
   163.0      0.1522E-03
   164.0      0.1462E-03
   165.0      0.1413E-03
   166.0      0.1372E-03
   167.0      0.1343E-03
   168.0      0.1326E-03
   169.0      0.1318E-03
   170.0      0.1320E-03
   171.0      0.1329E-03
   172.0      0.1345E-03
   173.0      0.1366E-03
   174.0      0.1390E-03
   175.0      0.1413E-03
   176.0      0.1427E-03
   177.0      0.1432E-03
   178.0      0.1429E-03
   179.0      0.1423E-03
   180.0      0.1420E-03
 END
