# 178 angles,  1 tensor ranks for 0=projectile
@subtitle   "20O + d 3-?;"                                                                  
@legend ON
@legend x1 0.2
@legend y1 0.8
@g0 type LOGY
@yaxis ticklabel format power
@legend string   0 "Lab energy =   70.0000"
#legend string   0 "Partition=  1 Excit=  2 near/far= 1"
#  Theta       sigma       iT11        T20         T21         T22         Kyy for projectile
   3.000       4.963    
   4.000       5.957    
   5.000       7.004    
   6.000       7.987    
   7.000       8.835    
   8.000       9.532    
   9.000       10.12    
   10.00       10.67    
   11.00       11.26    
   12.00       11.94    
   13.00       12.72    
   14.00       13.55    
   15.00       14.36    
   16.00       15.04    
   17.00       15.49    
   18.00       15.62    
   19.00       15.37    
   20.00       14.73    
   21.00       13.75    
   22.00       12.50    
   23.00       11.09    
   24.00       9.630    
   25.00       8.235    
   26.00       6.993    
   27.00       5.971    
   28.00       5.201    
   29.00       4.688    
   30.00       4.407    
   31.00       4.312    
   32.00       4.349    
   33.00       4.456    
   34.00       4.580    
   35.00       4.674    
   36.00       4.705    
   37.00       4.655    
   38.00       4.520    
   39.00       4.306    
   40.00       4.029    
   41.00       3.708    
   42.00       3.365    
   43.00       3.021    
   44.00       2.692    
   45.00       2.393    
   46.00       2.131    
   47.00       1.909    
   48.00       1.726    
   49.00       1.577    
   50.00       1.456    
   51.00       1.357    
   52.00       1.272    
   53.00       1.195    
   54.00       1.120    
   55.00       1.045    
   56.00      0.9676    
   57.00      0.8870    
   58.00      0.8043    
   59.00      0.7208    
   60.00      0.6383    
   61.00      0.5590    
   62.00      0.4846    
   63.00      0.4166    
   64.00      0.3561    
   65.00      0.3034    
   66.00      0.2587    
   67.00      0.2215    
   68.00      0.1913    
   69.00      0.1670    
   70.00      0.1476    
   71.00      0.1321    
   72.00      0.1196    
   73.00      0.1091    
   74.00      0.1001    
   75.00      0.9194E-01
   76.00      0.8430E-01
   77.00      0.7694E-01
   78.00      0.6978E-01
   79.00      0.6282E-01
   80.00      0.5612E-01
   81.00      0.4974E-01
   82.00      0.4377E-01
   83.00      0.3827E-01
   84.00      0.3332E-01
   85.00      0.2895E-01
   86.00      0.2518E-01
   87.00      0.2197E-01
   88.00      0.1927E-01
   89.00      0.1703E-01
   90.00      0.1518E-01
   91.00      0.1364E-01
   92.00      0.1237E-01
   93.00      0.1128E-01
   94.00      0.1033E-01
   95.00      0.9474E-02
   96.00      0.8682E-02
   97.00      0.7940E-02
   98.00      0.7235E-02
   99.00      0.6559E-02
   100.0      0.5912E-02
   101.0      0.5297E-02
   102.0      0.4722E-02
   103.0      0.4195E-02
   104.0      0.3722E-02
   105.0      0.3305E-02
   106.0      0.2941E-02
   107.0      0.2631E-02
   108.0      0.2372E-02
   109.0      0.2161E-02
   110.0      0.1989E-02
   111.0      0.1850E-02
   112.0      0.1735E-02
   113.0      0.1640E-02
   114.0      0.1560E-02
   115.0      0.1489E-02
   116.0      0.1423E-02
   117.0      0.1356E-02
   118.0      0.1287E-02
   119.0      0.1213E-02
   120.0      0.1137E-02
   121.0      0.1057E-02
   122.0      0.9748E-03
   123.0      0.8911E-03
   124.0      0.8078E-03
   125.0      0.7267E-03
   126.0      0.6497E-03
   127.0      0.5774E-03
   128.0      0.5101E-03
   129.0      0.4481E-03
   130.0      0.3922E-03
   131.0      0.3435E-03
   132.0      0.3023E-03
   133.0      0.2684E-03
   134.0      0.2410E-03
   135.0      0.2192E-03
   136.0      0.2024E-03
   137.0      0.1900E-03
   138.0      0.1809E-03
   139.0      0.1741E-03
   140.0      0.1685E-03
   141.0      0.1638E-03
   142.0      0.1602E-03
   143.0      0.1577E-03
   144.0      0.1559E-03
   145.0      0.1540E-03
   146.0      0.1509E-03
   147.0      0.1462E-03
   148.0      0.1403E-03
   149.0      0.1338E-03
   150.0      0.1273E-03
   151.0      0.1209E-03
   152.0      0.1145E-03
   153.0      0.1078E-03
   154.0      0.1010E-03
   155.0      0.9427E-04
   156.0      0.8773E-04
   157.0      0.8145E-04
   158.0      0.7547E-04
   159.0      0.6995E-04
   160.0      0.6512E-04
   161.0      0.6117E-04
   162.0      0.5812E-04
   163.0      0.5581E-04
   164.0      0.5397E-04
   165.0      0.5246E-04
   166.0      0.5131E-04
   167.0      0.5067E-04
   168.0      0.5056E-04
   169.0      0.5095E-04
   170.0      0.5176E-04
   171.0      0.5292E-04
   172.0      0.5440E-04
   173.0      0.5617E-04
   174.0      0.5806E-04
   175.0      0.5972E-04
   176.0      0.6084E-04
   177.0      0.6131E-04
   178.0      0.6125E-04
   179.0      0.6098E-04
   180.0      0.6083E-04
 END
