# 178 angles,  1 tensor ranks for 0=projectile
@subtitle   "p+O20 1st ex with BG ;"                                                        
@legend ON
@legend x1 0.2
@legend y1 0.8
@g0 type LOGY
@yaxis ticklabel format power
@legend string   0 "Lab energy =   35.0000"
#legend string   0 "Partition=  1 Excit=  2 near/far= 1"
#  Theta       sigma       iT11        T20         T21         T22         Kyy for projectile
   3.000       4.863    
   4.000       4.765    
   5.000       4.642    
   6.000       4.500    
   7.000       4.342    
   8.000       4.172    
   9.000       3.995    
   10.00       3.817    
   11.00       3.642    
   12.00       3.475    
   13.00       3.320    
   14.00       3.181    
   15.00       3.061    
   16.00       2.961    
   17.00       2.882    
   18.00       2.824    
   19.00       2.783    
   20.00       2.758    
   21.00       2.744    
   22.00       2.737    
   23.00       2.733    
   24.00       2.728    
   25.00       2.717    
   26.00       2.698    
   27.00       2.668    
   28.00       2.625    
   29.00       2.569    
   30.00       2.499    
   31.00       2.415    
   32.00       2.319    
   33.00       2.212    
   34.00       2.095    
   35.00       1.970    
   36.00       1.840    
   37.00       1.707    
   38.00       1.571    
   39.00       1.437    
   40.00       1.305    
   41.00       1.177    
   42.00       1.056    
   43.00      0.9423    
   44.00      0.8382    
   45.00      0.7446    
   46.00      0.6622    
   47.00      0.5916    
   48.00      0.5327    
   49.00      0.4855    
   50.00      0.4494    
   51.00      0.4234    
   52.00      0.4066    
   53.00      0.3976    
   54.00      0.3952    
   55.00      0.3980    
   56.00      0.4046    
   57.00      0.4137    
   58.00      0.4243    
   59.00      0.4353    
   60.00      0.4458    
   61.00      0.4552    
   62.00      0.4629    
   63.00      0.4684    
   64.00      0.4714    
   65.00      0.4716    
   66.00      0.4689    
   67.00      0.4632    
   68.00      0.4546    
   69.00      0.4432    
   70.00      0.4290    
   71.00      0.4123    
   72.00      0.3935    
   73.00      0.3727    
   74.00      0.3505    
   75.00      0.3272    
   76.00      0.3032    
   77.00      0.2789    
   78.00      0.2548    
   79.00      0.2311    
   80.00      0.2083    
   81.00      0.1866    
   82.00      0.1661    
   83.00      0.1470    
   84.00      0.1295    
   85.00      0.1136    
   86.00      0.9932E-01
   87.00      0.8662E-01
   88.00      0.7548E-01
   89.00      0.6586E-01
   90.00      0.5767E-01
   91.00      0.5083E-01
   92.00      0.4524E-01
   93.00      0.4081E-01
   94.00      0.3741E-01
   95.00      0.3494E-01
   96.00      0.3326E-01
   97.00      0.3225E-01
   98.00      0.3179E-01
   99.00      0.3176E-01
   100.0      0.3205E-01
   101.0      0.3253E-01
   102.0      0.3314E-01
   103.0      0.3377E-01
   104.0      0.3436E-01
   105.0      0.3487E-01
   106.0      0.3524E-01
   107.0      0.3546E-01
   108.0      0.3551E-01
   109.0      0.3538E-01
   110.0      0.3507E-01
   111.0      0.3458E-01
   112.0      0.3392E-01
   113.0      0.3309E-01
   114.0      0.3210E-01
   115.0      0.3097E-01
   116.0      0.2970E-01
   117.0      0.2832E-01
   118.0      0.2685E-01
   119.0      0.2530E-01
   120.0      0.2370E-01
   121.0      0.2208E-01
   122.0      0.2045E-01
   123.0      0.1885E-01
   124.0      0.1729E-01
   125.0      0.1578E-01
   126.0      0.1435E-01
   127.0      0.1301E-01
   128.0      0.1175E-01
   129.0      0.1059E-01
   130.0      0.9528E-02
   131.0      0.8559E-02
   132.0      0.7681E-02
   133.0      0.6889E-02
   134.0      0.6180E-02
   135.0      0.5549E-02
   136.0      0.4993E-02
   137.0      0.4511E-02
   138.0      0.4101E-02
   139.0      0.3760E-02
   140.0      0.3487E-02
   141.0      0.3277E-02
   142.0      0.3125E-02
   143.0      0.3024E-02
   144.0      0.2967E-02
   145.0      0.2947E-02
   146.0      0.2958E-02
   147.0      0.2993E-02
   148.0      0.3048E-02
   149.0      0.3119E-02
   150.0      0.3204E-02
   151.0      0.3300E-02
   152.0      0.3405E-02
   153.0      0.3519E-02
   154.0      0.3639E-02
   155.0      0.3765E-02
   156.0      0.3898E-02
   157.0      0.4036E-02
   158.0      0.4180E-02
   159.0      0.4328E-02
   160.0      0.4479E-02
   161.0      0.4631E-02
   162.0      0.4780E-02
   163.0      0.4924E-02
   164.0      0.5062E-02
   165.0      0.5191E-02
   166.0      0.5312E-02
   167.0      0.5427E-02
   168.0      0.5537E-02
   169.0      0.5645E-02
   170.0      0.5753E-02
   171.0      0.5861E-02
   172.0      0.5969E-02
   173.0      0.6074E-02
   174.0      0.6173E-02
   175.0      0.6263E-02
   176.0      0.6341E-02
   177.0      0.6403E-02
   178.0      0.6449E-02
   179.0      0.6477E-02
   180.0      0.6487E-02
 END
