           4           1           1
    0.0-     1 1   1.754       0.000      0.9756E-02  0.2838E-03  0.6654E-02   1.737    
    1.0+     0 1   5.247       0.000      0.3253E-01  0.1546E-02  0.1857E-01   5.194    
    1.0+     2 2   5.278       0.000      0.2543E-01  0.6854E-03  0.1961E-01   5.232    
    1.0-     1 1   5.257       0.000      0.3102E-01  0.1179E-02  0.1929E-01   5.206    
    2.0+     2 1   8.781       0.000      0.4782E-01  0.2044E-02  0.3099E-01   8.700    
    2.0-     1 1   8.748       0.000      0.5739E-01  0.3452E-02  0.2887E-01   8.658    
    2.0-     3 2   8.836       0.000      0.3479E-01  0.8048E-03  0.3084E-01   8.769    
    3.0+     2 1   12.26       0.000      0.7778E-01  0.6013E-02  0.3635E-01   12.14    
    3.0+     4 2   12.44       0.000      0.3767E-01  0.7249E-03  0.3896E-01   12.36    
    3.0-     3 1   12.34       0.000      0.5904E-01  0.2822E-02  0.4101E-01   12.23    
    4.0+     4 1   15.93       0.000      0.6386E-01  0.3519E-02  0.4879E-01   15.82    
    4.0-     3 1   15.80       0.000      0.9204E-01  0.9598E-02  0.4106E-01   15.66    
    4.0-     5 2   16.11       0.000      0.3486E-01  0.5517E-03  0.4270E-01   16.03    
    5.0+     4 1   19.38       0.000      0.9811E-01  0.1442E-01  0.4292E-01   19.23    
    5.0+     6 2   19.85       0.000      0.2848E-01  0.3617E-03  0.4210E-01   19.78    
    5.0-     5 1   19.58       0.000      0.6211E-01  0.4190E-02  0.5369E-01   19.46    
    6.0+     6 1   23.31       0.000      0.5472E-01  0.4730E-02  0.5535E-01   23.20    
    6.0-     5 1   23.00       0.000      0.9466E-01  0.2081E-01  0.4225E-01   22.84    
    6.0-     7 2   23.59       0.000      0.2213E-01  0.2903E-03  0.4011E-01   23.53    
    7.0+     6 1   26.70       0.000      0.8152E-01  0.2816E-01  0.3925E-01   26.55    
    7.0+     8 2   27.27       0.000      0.1845E-01  0.3557E-03  0.4226E-01   27.21    
    7.0-     7 1   27.06       0.000      0.4408E-01  0.5439E-02  0.5437E-01   26.96    
    8.0+     8 1   30.92       0.000      0.3097E-01  0.5976E-02  0.4896E-01   30.84    
    8.0-     7 1   30.46       0.000      0.6269E-01  0.3585E-01  0.3529E-01   30.33    
    8.0-     9 2   30.22       0.000      0.2194E-01  0.9776E-03  0.7275E-01   30.13    
    9.0+     8 1   34.28       0.000      0.3986E-01  0.4125E-01  0.2878E-01   34.17    
    9.0+    10 2   30.92       0.000      0.2812E-01  0.2857E-02  0.1494       30.74    
    9.0-     9 1   34.60       0.000      0.2407E-01  0.7661E-02  0.5723E-01   34.51    
   10.0+    10 1   36.03       0.000      0.2648E-01  0.2184E-01  0.1064       35.88    
   10.0-     9 1   38.54       0.000      0.2130E-01  0.3755E-01  0.2393E-01   38.46    
   10.0-    11 2   28.14       0.000      0.2793E-01  0.4593E-02  0.2253       27.88    
   11.0+    10 1   41.56       0.000      0.1949E-01  0.5596E-01  0.4012E-01   41.44    
   11.0+    12 2   22.56       0.000      0.3259E-01  0.4075E-02  0.2385       22.28    
   11.0-    11 1   32.93       0.000      0.2907E-01  0.5240E-01  0.1638       32.68    
   12.0+    12 1   26.00       0.000      0.3905E-01  0.7534E-01  0.1743       25.71    
   12.0-    11 1   38.75       0.000      0.2849E-01  0.1272      0.6918E-01   38.52    
   12.0-    13 2   16.25       0.000      0.4554E-01  0.2907E-02  0.1938       16.00    
   13.0+    12 1   30.19       0.000      0.4740E-01  0.1823      0.7823E-01   29.88    
   13.0+    14 2   10.87       0.000      0.5102E-01  0.2738E-02  0.1325       10.68    
   13.0-    13 1   18.31       0.000      0.5459E-01  0.7376E-01  0.1404       18.04    
   14.0+    14 1   12.00       0.000      0.5868E-01  0.5679E-01  0.9488E-01   11.79    
   14.0-    13 1   20.69       0.000      0.6597E-01  0.1728      0.6460E-01   20.38    
   14.0-    15 2   6.951       0.000      0.4400E-01  0.2787E-02  0.8149E-01   6.822    
   15.0+    14 1   13.23       0.000      0.6768E-01  0.1278      0.4418E-01   12.99    
   15.0+    16 2   4.332       0.000      0.3162E-01  0.2384E-02  0.4707E-01   4.251    
   15.0-    15 1   7.554       0.000      0.4900E-01  0.3792E-01  0.5777E-01   7.410    
   16.0+    16 1   4.657       0.000      0.3448E-01  0.2324E-01  0.3310E-01   4.566    
   16.0-    15 1   8.192       0.000      0.5455E-01  0.8203E-01  0.2706E-01   8.028    
   16.0-    17 2   2.661       0.000      0.2027E-01  0.1718E-02  0.2620E-01   2.612    
   17.0+    16 1   4.992       0.000      0.3753E-01  0.4864E-01  0.1556E-01   4.890    
   17.0+    18 2   1.619       0.000      0.1211E-01  0.1100E-02  0.1427E-01   1.592    
   17.0-    17 1   2.838       0.000      0.2181E-01  0.1350E-01  0.1831E-01   2.784    
   18.0+    18 1   1.717       0.000      0.1291E-01  0.7579E-02  0.9915E-02   1.687    
   18.0-    17 1   3.018       0.000      0.2340E-01  0.2755E-01  0.8619E-02   2.959    
   18.0-    19 2  0.9798       0.000      0.6929E-02  0.6538E-03  0.7667E-02  0.9645    
   19.0+    18 1   1.817       0.000      0.1373E-01  0.1519E-01  0.4662E-02   1.783    
   19.0+    20 2  0.5902       0.000      0.3858E-02  0.3707E-03  0.4089E-02  0.5819    
   19.0-    19 1   1.035       0.000      0.7340E-02  0.4165E-02  0.5302E-02   1.018    
   20.0+    20 1  0.6211       0.000      0.4068E-02  0.2257E-02  0.2813E-02  0.6120    
   20.0-    19 1   1.090       0.000      0.7756E-02  0.8245E-02  0.2484E-02   1.071    
   20.0-    21 2  0.3543       0.000      0.2111E-02  0.2041E-03  0.2170E-02  0.3498    
   21.0+    20 1  0.6521       0.000      0.4279E-02  0.4430E-02  0.1311E-02  0.6421    
   21.0+    22 2  0.2120       0.000      0.1142E-02  0.1103E-03  0.1148E-02  0.2096    
   21.0-    21 1  0.3718       0.000      0.2218E-02  0.1212E-02  0.1486E-02  0.3669    
   22.0+    22 1  0.2219       0.000      0.1197E-02  0.6473E-03  0.7828E-03  0.2193    
   22.0-    21 1  0.3893       0.000      0.2325E-02  0.2365E-02  0.6878E-03  0.3839    
   22.0-    23 2  0.1265       0.000      0.6137E-03  0.5891E-04  0.6068E-03  0.1252    
   23.0+    22 1  0.2319       0.000      0.1251E-02  0.1257E-02  0.3597E-03  0.2290    
   23.0+    24 2  0.7532E-01   0.000      0.3281E-03  0.3123E-04  0.3202E-03  0.7464E-01
   23.0-    23 1  0.1322       0.000      0.6414E-03  0.3443E-03  0.4118E-03  0.1308    
   24.0+    24 1  0.7853E-01   0.000      0.3422E-03  0.1827E-03  0.2164E-03  0.7779E-01
   24.0-    23 1  0.1378       0.000      0.6691E-03  0.6668E-03  0.1877E-03  0.1363    
   24.0-    25 2  0.4473E-01   0.000      0.1748E-03  0.1648E-04  0.1689E-03  0.4437E-01
   25.0+    24 1  0.8175E-01   0.000      0.3563E-03  0.3531E-03  0.9794E-04  0.8094E-01
   25.0+    26 2  0.2651E-01   0.000      0.9297E-04  0.8674E-05  0.8909E-04  0.2631E-01
   25.0-    25 1  0.4656E-01   0.000      0.1820E-03  0.9682E-04  0.1137E-03  0.4617E-01
   26.0+    26 1  0.2755E-01   0.000      0.9663E-04  0.5125E-04  0.5976E-04  0.2734E-01
   26.0-    25 1  0.4839E-01   0.000      0.1892E-03  0.1867E-03  0.5108E-04  0.4796E-01
   26.0-    27 2  0.1567E-01   0.000      0.4936E-04  0.4558E-05  0.4697E-04  0.1557E-01
   27.0+    26 1  0.2859E-01   0.000      0.1003E-03  0.9870E-04  0.2665E-04  0.2836E-01
   27.0+    28 2  0.9250E-02   0.000      0.2618E-04  0.2393E-05  0.2477E-04  0.9197E-02
   27.0-    27 1  0.1627E-01   0.000      0.5123E-04  0.2711E-04  0.3141E-04  0.1616E-01
   28.0+    28 1  0.9587E-02   0.000      0.2714E-04  0.1433E-04  0.1651E-04  0.9529E-02
   28.0-    27 1  0.1686E-01   0.000      0.5310E-04  0.5215E-04  0.1391E-04  0.1674E-01
   28.0-    29 2  0.5450E-02   0.000      0.1388E-04  0.1256E-05  0.1306E-04  0.5421E-02
   29.0+    28 1  0.9923E-02   0.000      0.2809E-04  0.2754E-04  0.7264E-05  0.9861E-02
   29.0+    30 2  0.3205E-02   0.000      0.7354E-05  0.6589E-06  0.6887E-05  0.3190E-02
   29.0-    29 1  0.5641E-02   0.000      0.1437E-04  0.7575E-05  0.8678E-05  0.5610E-02
   30.0+    30 1  0.3314E-02   0.000      0.7603E-05  0.4003E-05  0.4564E-05  0.3297E-02
   30.0-    29 1  0.5832E-02   0.000      0.1485E-04  0.1454E-04  0.3795E-05  0.5799E-02
   30.0-    31 2  0.1882E-02   0.000      0.3895E-05  0.3456E-06  0.3632E-05  0.1874E-02
   31.0+    30 1  0.3422E-02   0.000      0.7852E-05  0.7679E-05  0.1984E-05  0.3405E-02
   31.0+    32 2  0.1103E-02   0.000      0.2062E-05  0.1813E-06  0.1916E-05  0.1099E-02
   31.0-    31 1  0.1944E-02   0.000      0.4022E-05  0.2115E-05  0.2400E-05  0.1935E-02
   32.0+    32 1  0.1138E-02   0.000      0.2128E-05  0.1117E-05  0.1263E-05  0.1134E-02
   32.0-    31 1  0.2005E-02   0.000      0.4150E-05  0.4054E-05  0.1038E-05  0.1996E-02
   32.0-    33 2  0.6459E-03   0.000      0.1092E-05  0.9513E-07  0.1010E-05  0.6437E-03
   33.0+    32 1  0.1173E-02   0.000      0.2193E-05  0.2140E-05  0.5435E-06  0.1168E-02
   33.0+    34 2  0.3776E-03   0.000      0.5777E-06  0.4994E-07  0.5330E-06  0.3765E-03
   33.0-    33 1  0.6658E-03   0.000      0.1125E-05  0.5902E-06  0.6647E-06  0.6634E-03
   34.0+    34 1  0.3889E-03   0.000      0.5949E-06  0.3119E-06  0.3499E-06  0.3877E-03
   34.0-    33 1  0.6857E-03   0.000      0.1159E-05  0.1130E-05  0.2846E-06  0.6831E-03
   34.0-    35 2  0.2205E-03   0.000      0.3057E-06  0.2623E-07  0.2812E-06  0.2199E-03
   35.0+    34 1  0.4002E-03   0.000      0.6122E-06  0.5967E-06  0.1492E-06  0.3988E-03
   35.0+    36 2  0.1286E-03   0.000      0.1617E-06  0.1378E-07  0.1484E-06  0.1283E-03
   35.0-    35 1  0.2269E-03   0.000      0.3145E-06  0.1648E-06  0.1842E-06  0.2262E-03
   36.0+    36 1  0.1322E-03   0.000      0.1663E-06  0.8705E-07  0.9701E-07  0.1319E-03
   36.0-    35 1  0.2333E-03   0.000      0.3234E-06  0.3151E-06  0.7819E-07  0.2326E-03
   36.0-    37 2  0.7492E-04   0.000      0.8556E-07  0.7240E-08  0.7829E-07  0.7475E-04
   37.0+    36 1  0.1359E-03   0.000      0.1708E-06  0.1664E-06  0.4101E-07  0.1355E-03
   37.0+    38 2  0.4360E-04   0.000      0.4526E-07  0.3805E-08  0.4131E-07  0.4351E-04
   37.0-    37 1  0.7697E-04   0.000      0.8790E-07  0.4599E-07  0.5109E-07  0.7679E-04
   38.0+    38 1  0.4476E-04   0.000      0.4646E-07  0.2429E-07  0.2692E-07  0.4466E-04
   38.0-    37 1  0.7903E-04   0.000      0.9025E-07  0.8786E-07  0.2152E-07  0.7883E-04
   38.0-    39 2  0.2535E-04   0.000      0.2394E-07  0.2000E-08  0.2180E-07  0.2530E-04
   39.0+    38 1  0.4592E-04   0.000      0.4767E-07  0.4639E-07  0.1129E-07  0.4582E-04
   39.0+    40 2  0.1472E-04   0.000      0.1266E-07  0.1051E-08  0.1150E-07  0.1470E-04
   39.0-    39 1  0.2600E-04   0.000      0.2456E-07  0.1283E-07  0.1418E-07  0.2595E-04
   40.0+    40 1  0.1509E-04   0.000      0.1298E-07  0.6778E-08  0.7471E-08  0.1507E-04
   40.0-    39 1  0.2666E-04   0.000      0.2518E-07  0.2449E-07  0.5930E-08  0.2661E-04
   40.0-    41 2  0.8541E-05   0.000      0.6696E-08  0.5523E-09  0.6071E-08  0.8528E-05
   41.0+    40 1  0.1547E-04   0.000      0.1330E-07  0.1293E-07  0.3114E-08  0.1544E-04
   41.0+    42 2  0.4952E-05   0.000      0.3542E-08  0.2904E-09  0.3205E-08  0.4945E-05
   41.0-    41 1  0.8752E-05   0.000      0.6861E-08  0.3580E-08  0.3937E-08  0.8738E-05
   42.0+    42 1  0.5071E-05   0.000      0.3628E-08  0.1891E-08  0.2075E-08  0.5064E-05
   42.0-    41 1  0.8963E-05   0.000      0.7026E-08  0.6829E-08  0.1636E-08  0.8948E-05
   42.0-    43 2  0.2868E-05   0.000      0.1874E-08  0.1528E-09  0.1692E-08  0.2865E-05
   43.0+    42 1  0.5190E-05   0.000      0.3713E-08  0.3606E-08  0.8597E-09  0.5182E-05
   43.0+    44 2  0.1660E-05   0.000      0.9913E-09  0.8045E-10  0.8930E-09  0.1658E-05
   43.0-    43 1  0.2936E-05   0.000      0.1918E-08  0.9994E-09  0.1094E-08  0.2932E-05
   44.0+    44 1  0.1698E-05   0.000      0.1014E-08  0.5281E-09  0.5768E-09  0.1696E-05
   44.0-    43 1  0.3003E-05   0.000      0.1962E-08  0.1905E-08  0.4520E-09  0.2999E-05
   44.0-    45 2  0.9602E-06   0.000      0.5242E-09  0.4236E-10  0.4714E-09  0.9591E-06
   45.0+    44 1  0.1737E-05   0.000      0.1037E-08  0.1006E-08  0.2377E-09  0.1734E-05
   45.0+    46 2  0.5549E-06   0.000      0.2771E-09  0.2230E-10  0.2489E-09  0.5544E-06
   45.0-    45 1  0.9817E-06   0.000      0.5360E-09  0.2790E-09  0.3041E-09  0.9806E-06
   46.0+    46 1  0.5671E-06   0.000      0.2832E-09  0.1474E-09  0.1604E-09  0.5665E-06
   46.0-    45 1  0.1003E-05   0.000      0.5478E-09  0.5314E-09  0.1250E-09  0.1002E-05
   46.0-    47 2  0.3205E-06   0.000      0.1465E-09  0.1173E-10  0.1314E-09  0.3202E-06
   47.0+    46 1  0.5793E-06   0.000      0.2893E-09  0.2806E-09  0.6574E-10  0.5787E-06
   47.0+    48 2  0.1850E-06   0.000      0.7744E-10  0.6175E-11  0.6936E-10  0.1848E-06
   47.0-    47 1  0.3274E-06   0.000      0.1496E-09  0.7786E-10  0.8456E-10  0.3271E-06
   48.0+    48 1  0.1889E-06   0.000      0.7907E-10  0.4113E-10  0.4460E-10  0.1887E-06
   48.0-    47 1  0.3343E-06   0.000      0.1528E-09  0.1482E-09  0.3458E-10  0.3339E-06
   48.0-    49 2  0.1067E-06   0.000      0.4094E-10  0.3251E-11  0.3662E-10  0.1066E-06
   49.0+    48 1  0.1927E-06   0.000      0.8070E-10  0.7827E-10  0.1820E-10  0.1926E-06
   49.0+    50 2  0.6149E-07   0.000      0.2165E-10  0.1712E-11  0.1934E-10  0.6145E-07
   49.0-    49 1  0.1089E-06   0.000      0.4179E-10  0.2173E-10  0.2352E-10  0.1088E-06
   50.0+    50 1  0.6274E-07   0.000      0.2209E-10  0.1148E-10  0.1241E-10  0.6269E-07
   50.0-    49 1  0.1111E-06   0.000      0.4263E-10  0.4134E-10  0.9577E-11  0.1110E-06
   50.0-    51 2  0.3542E-07   0.000      0.1145E-10  0.9018E-12  0.1021E-10  0.3540E-07
   51.0+    50 1  0.6398E-07   0.000      0.2252E-10  0.2183E-10  0.5041E-11  0.6393E-07
   51.0+    52 2  0.2040E-07   0.000      0.6052E-11  0.4750E-12  0.5391E-11  0.2038E-07
   51.0-    51 1  0.3613E-07   0.000      0.1167E-10  0.6066E-11  0.6545E-11  0.3610E-07
   52.0+    52 1  0.2079E-07   0.000      0.6169E-11  0.3205E-11  0.3453E-11  0.2078E-07
   52.0-    51 1  0.3683E-07   0.000      0.1190E-10  0.1153E-10  0.2654E-11  0.3680E-07
   52.0-    53 2  0.1174E-07   0.000      0.3200E-11  0.2502E-12  0.2846E-11  0.1173E-07
   53.0+    52 1  0.2119E-07   0.000      0.6287E-11  0.6091E-11  0.1398E-11  0.2117E-07
   53.0+    54 2  0.6750E-08   0.000      0.1692E-11  0.1318E-12  0.1503E-11  0.6747E-08
   53.0-    53 1  0.1196E-07   0.000      0.3261E-11  0.1693E-11  0.1822E-11  0.1195E-07
   54.0+    54 1  0.6877E-08   0.000      0.1723E-11  0.8946E-12  0.9611E-12  0.6873E-08
   54.0-    53 1  0.1218E-07   0.000      0.3322E-11  0.3217E-11  0.7360E-12  0.1218E-07
   54.0-    55 2  0.3880E-08   0.000      0.8945E-12  0.6951E-13  0.7935E-12  0.3878E-08
   55.0+    54 1  0.7003E-08   0.000      0.1755E-11  0.1700E-11  0.3876E-12  0.6999E-08
   55.0+    56 2  0.2230E-08   0.000      0.4729E-12  0.3665E-13  0.4190E-12  0.2229E-08
   55.0-    55 1  0.3951E-08   0.000      0.9109E-12  0.4727E-12  0.5071E-12  0.3949E-08
   56.0+    56 1  0.2270E-08   0.000      0.4814E-12  0.2498E-12  0.2675E-12  0.2269E-08
   56.0-    55 1  0.4022E-08   0.000      0.9273E-12  0.8978E-12  0.2041E-12  0.4020E-08
   56.0-    57 2  0.1280E-08   0.000      0.2500E-12  0.1932E-13  0.2213E-12  0.1280E-08
   57.0+    56 1  0.2310E-08   0.000      0.4900E-12  0.4742E-12  0.1075E-12  0.2309E-08
   57.0+    58 2  0.7355E-09   0.000      0.1322E-12  0.1018E-13  0.1168E-12  0.7352E-09
   57.0-    57 1  0.1303E-08   0.000      0.2545E-12  0.1319E-12  0.1412E-12  0.1303E-08
   58.0+    58 1  0.7474E-09   0.000      0.1345E-12  0.6969E-13  0.7450E-13  0.7471E-09
   58.0-    57 1  0.1325E-08   0.000      0.2589E-12  0.2505E-12  0.5665E-13  0.1325E-08
   58.0-    59 2  0.4216E-09   0.000      0.6988E-13  0.5363E-14  0.6171E-13  0.4215E-09
   59.0+    58 1  0.7602E-09   0.000      0.1368E-12  0.1323E-12  0.2985E-13  0.7599E-09
   59.0+    60 2  0.2418E-09   0.000      0.3693E-13  0.2824E-14  0.3259E-13  0.2418E-09
   59.0-    59 1  0.4290E-09   0.000      0.7107E-13  0.3681E-13  0.3931E-13  0.4288E-09
   60.0+    60 1  0.2460E-09   0.000      0.3755E-13  0.1944E-13  0.2075E-13  0.2459E-09
   60.0-    59 1  0.4361E-09   0.000      0.7227E-13  0.6985E-13  0.1573E-13  0.4359E-09
   60.0-    61 2  0.1388E-09   0.000      0.1952E-13  0.1487E-14  0.1721E-13  0.1388E-09
