# 178 angles,  1 tensor ranks for 0=projectile
@subtitle   "p+O20 3- E. Khan reanalysis;"                                                  
@legend ON
@legend x1 0.2
@legend y1 0.8
@g0 type LOGY
@yaxis ticklabel format power
@legend string   0 "Lab energy =   43.2700"
#legend string   0 "Partition=  1 Excit=  2 near/far= 1"
#  Theta       sigma       iT11        T20         T21         T22         Kyy for projectile
   3.000      0.9835    
   4.000       1.067    
   5.000       1.169    
   6.000       1.288    
   7.000       1.418    
   8.000       1.558    
   9.000       1.704    
   10.00       1.856    
   11.00       2.012    
   12.00       2.170    
   13.00       2.331    
   14.00       2.493    
   15.00       2.655    
   16.00       2.818    
   17.00       2.982    
   18.00       3.148    
   19.00       3.316    
   20.00       3.487    
   21.00       3.660    
   22.00       3.834    
   23.00       4.008    
   24.00       4.180    
   25.00       4.348    
   26.00       4.510    
   27.00       4.661    
   28.00       4.800    
   29.00       4.922    
   30.00       5.025    
   31.00       5.105    
   32.00       5.159    
   33.00       5.186    
   34.00       5.184    
   35.00       5.151    
   36.00       5.087    
   37.00       4.993    
   38.00       4.869    
   39.00       4.718    
   40.00       4.542    
   41.00       4.343    
   42.00       4.125    
   43.00       3.892    
   44.00       3.648    
   45.00       3.396    
   46.00       3.140    
   47.00       2.885    
   48.00       2.634    
   49.00       2.390    
   50.00       2.156    
   51.00       1.935    
   52.00       1.728    
   53.00       1.538    
   54.00       1.365    
   55.00       1.211    
   56.00       1.074    
   57.00      0.9561    
   58.00      0.8553    
   59.00      0.7712    
   60.00      0.7026    
   61.00      0.6481    
   62.00      0.6062    
   63.00      0.5754    
   64.00      0.5541    
   65.00      0.5405    
   66.00      0.5330    
   67.00      0.5302    
   68.00      0.5305    
   69.00      0.5328    
   70.00      0.5358    
   71.00      0.5387    
   72.00      0.5405    
   73.00      0.5406    
   74.00      0.5385    
   75.00      0.5338    
   76.00      0.5264    
   77.00      0.5162    
   78.00      0.5031    
   79.00      0.4874    
   80.00      0.4692    
   81.00      0.4488    
   82.00      0.4265    
   83.00      0.4026    
   84.00      0.3776    
   85.00      0.3519    
   86.00      0.3257    
   87.00      0.2994    
   88.00      0.2733    
   89.00      0.2479    
   90.00      0.2232    
   91.00      0.1997    
   92.00      0.1773    
   93.00      0.1564    
   94.00      0.1370    
   95.00      0.1192    
   96.00      0.1030    
   97.00      0.8852E-01
   98.00      0.7564E-01
   99.00      0.6435E-01
   100.0      0.5459E-01
   101.0      0.4628E-01
   102.0      0.3931E-01
   103.0      0.3360E-01
   104.0      0.2901E-01
   105.0      0.2544E-01
   106.0      0.2277E-01
   107.0      0.2089E-01
   108.0      0.1966E-01
   109.0      0.1899E-01
   110.0      0.1878E-01
   111.0      0.1892E-01
   112.0      0.1932E-01
   113.0      0.1992E-01
   114.0      0.2064E-01
   115.0      0.2142E-01
   116.0      0.2221E-01
   117.0      0.2296E-01
   118.0      0.2364E-01
   119.0      0.2421E-01
   120.0      0.2467E-01
   121.0      0.2499E-01
   122.0      0.2518E-01
   123.0      0.2521E-01
   124.0      0.2510E-01
   125.0      0.2485E-01
   126.0      0.2446E-01
   127.0      0.2394E-01
   128.0      0.2332E-01
   129.0      0.2259E-01
   130.0      0.2178E-01
   131.0      0.2089E-01
   132.0      0.1994E-01
   133.0      0.1895E-01
   134.0      0.1792E-01
   135.0      0.1687E-01
   136.0      0.1581E-01
   137.0      0.1476E-01
   138.0      0.1371E-01
   139.0      0.1268E-01
   140.0      0.1168E-01
   141.0      0.1072E-01
   142.0      0.9792E-02
   143.0      0.8911E-02
   144.0      0.8077E-02
   145.0      0.7295E-02
   146.0      0.6566E-02
   147.0      0.5892E-02
   148.0      0.5272E-02
   149.0      0.4708E-02
   150.0      0.4199E-02
   151.0      0.3744E-02
   152.0      0.3343E-02
   153.0      0.2994E-02
   154.0      0.2695E-02
   155.0      0.2444E-02
   156.0      0.2238E-02
   157.0      0.2075E-02
   158.0      0.1951E-02
   159.0      0.1866E-02
   160.0      0.1814E-02
   161.0      0.1794E-02
   162.0      0.1802E-02
   163.0      0.1835E-02
   164.0      0.1889E-02
   165.0      0.1961E-02
   166.0      0.2047E-02
   167.0      0.2145E-02
   168.0      0.2251E-02
   169.0      0.2362E-02
   170.0      0.2475E-02
   171.0      0.2587E-02
   172.0      0.2695E-02
   173.0      0.2797E-02
   174.0      0.2890E-02
   175.0      0.2972E-02
   176.0      0.3042E-02
   177.0      0.3099E-02
   178.0      0.3140E-02
   179.0      0.3165E-02
   180.0      0.3174E-02
 END
