# 181 angles,  1 tensor ranks for 0=projectile
@subtitle   "p+O20 2nd ex with BG ;"                                                        
@legend ON
@legend x1 0.2
@legend y1 0.8
@g0 type LOGY
@yaxis ticklabel format power
@legend string   0 "Lab energy =   35.0000"
#legend string   0 "Partition=  1 Excit=  1 near/far= 1"
#  Theta       sigma       iT11        T20         T21         T22         Kyy for projectile
  0.1000E-01  0.1288E+16
   1.000      0.1251E+08
   2.000      0.7247E+06
   3.000      0.1294E+06
   4.000      0.3708E+05
   5.000      0.1432E+05
   6.000       7081.    
   7.000       4366.    
   8.000       3206.    
   9.000       2641.    
   10.00       2320.    
   11.00       2102.    
   12.00       1928.    
   13.00       1774.    
   14.00       1627.    
   15.00       1485.    
   16.00       1346.    
   17.00       1212.    
   18.00       1082.    
   19.00       957.4    
   20.00       840.2    
   21.00       730.6    
   22.00       629.4    
   23.00       536.9    
   24.00       453.3    
   25.00       378.6    
   26.00       312.7    
   27.00       255.3    
   28.00       205.8    
   29.00       163.9    
   30.00       128.8    
   31.00       100.0    
   32.00       76.85    
   33.00       58.63    
   34.00       44.70    
   35.00       34.44    
   36.00       27.25    
   37.00       22.57    
   38.00       19.90    
   39.00       18.78    
   40.00       18.82    
   41.00       19.67    
   42.00       21.02    
   43.00       22.64    
   44.00       24.34    
   45.00       25.94    
   46.00       27.35    
   47.00       28.48    
   48.00       29.27    
   49.00       29.71    
   50.00       29.79    
   51.00       29.51    
   52.00       28.91    
   53.00       28.02    
   54.00       26.87    
   55.00       25.51    
   56.00       23.99    
   57.00       22.35    
   58.00       20.63    
   59.00       18.87    
   60.00       17.11    
   61.00       15.38    
   62.00       13.71    
   63.00       12.12    
   64.00       10.62    
   65.00       9.236    
   66.00       7.966    
   67.00       6.818    
   68.00       5.794    
   69.00       4.893    
   70.00       4.111    
   71.00       3.442    
   72.00       2.879    
   73.00       2.413    
   74.00       2.036    
   75.00       1.737    
   76.00       1.507    
   77.00       1.337    
   78.00       1.217    
   79.00       1.138    
   80.00       1.092    
   81.00       1.073    
   82.00       1.072    
   83.00       1.085    
   84.00       1.106    
   85.00       1.130    
   86.00       1.155    
   87.00       1.178    
   88.00       1.195    
   89.00       1.207    
   90.00       1.211    
   91.00       1.207    
   92.00       1.195    
   93.00       1.174    
   94.00       1.146    
   95.00       1.111    
   96.00       1.070    
   97.00       1.023    
   98.00      0.9715    
   99.00      0.9164    
   100.0      0.8587    
   101.0      0.7992    
   102.0      0.7390    
   103.0      0.6787    
   104.0      0.6192    
   105.0      0.5611    
   106.0      0.5050    
   107.0      0.4514    
   108.0      0.4006    
   109.0      0.3531    
   110.0      0.3089    
   111.0      0.2683    
   112.0      0.2313    
   113.0      0.1979    
   114.0      0.1682    
   115.0      0.1420    
   116.0      0.1191    
   117.0      0.9956E-01
   118.0      0.8301E-01
   119.0      0.6931E-01
   120.0      0.5821E-01
   121.0      0.4950E-01
   122.0      0.4293E-01
   123.0      0.3826E-01
   124.0      0.3526E-01
   125.0      0.3370E-01
   126.0      0.3336E-01
   127.0      0.3403E-01
   128.0      0.3550E-01
   129.0      0.3759E-01
   130.0      0.4014E-01
   131.0      0.4297E-01
   132.0      0.4595E-01
   133.0      0.4896E-01
   134.0      0.5188E-01
   135.0      0.5460E-01
   136.0      0.5706E-01
   137.0      0.5919E-01
   138.0      0.6092E-01
   139.0      0.6222E-01
   140.0      0.6307E-01
   141.0      0.6344E-01
   142.0      0.6333E-01
   143.0      0.6276E-01
   144.0      0.6173E-01
   145.0      0.6027E-01
   146.0      0.5841E-01
   147.0      0.5620E-01
   148.0      0.5368E-01
   149.0      0.5089E-01
   150.0      0.4790E-01
   151.0      0.4475E-01
   152.0      0.4150E-01
   153.0      0.3821E-01
   154.0      0.3492E-01
   155.0      0.3170E-01
   156.0      0.2859E-01
   157.0      0.2564E-01
   158.0      0.2287E-01
   159.0      0.2033E-01
   160.0      0.1804E-01
   161.0      0.1602E-01
   162.0      0.1429E-01
   163.0      0.1283E-01
   164.0      0.1167E-01
   165.0      0.1078E-01
   166.0      0.1016E-01
   167.0      0.9775E-02
   168.0      0.9611E-02
   169.0      0.9636E-02
   170.0      0.9818E-02
   171.0      0.1012E-01
   172.0      0.1052E-01
   173.0      0.1096E-01
   174.0      0.1143E-01
   175.0      0.1188E-01
   176.0      0.1230E-01
   177.0      0.1264E-01
   178.0      0.1291E-01
   179.0      0.1307E-01
   180.0      0.1313E-01
 END
