# 178 angles,  1 tensor ranks for 0=projectile
@subtitle   "p+O20 with CH89;"                                                              
@legend ON
@legend x1 0.2
@legend y1 0.8
@g0 type LOGY
@yaxis ticklabel format power
@legend string   0 "Lab energy =   35.0000"
#legend string   0 "Partition=  1 Excit=  1 near/far= 1"
#  Theta       sigma       iT11        T20         T21         T22         Kyy for projectile
   3.000      0.1335E+06
   4.000      0.3844E+05
   5.000      0.1457E+05
   6.000       6813.    
   7.000       3845.    
   8.000       2562.    
   9.000       1947.    
   10.00       1617.    
   11.00       1416.    
   12.00       1275.    
   13.00       1163.    
   14.00       1065.    
   15.00       973.8    
   16.00       887.3    
   17.00       804.0    
   18.00       723.9    
   19.00       647.1    
   20.00       574.0    
   21.00       505.2    
   22.00       440.9    
   23.00       381.4    
   24.00       326.9    
   25.00       277.4    
   26.00       233.1    
   27.00       193.6    
   28.00       158.9    
   29.00       128.8    
   30.00       102.9    
   31.00       80.92    
   32.00       62.54    
   33.00       47.38    
   34.00       35.10    
   35.00       25.34    
   36.00       17.76    
   37.00       12.04    
   38.00       7.881    
   39.00       5.005    
   40.00       3.162    
   41.00       2.131    
   42.00       1.716    
   43.00       1.751    
   44.00       2.094    
   45.00       2.628    
   46.00       3.260    
   47.00       3.915    
   48.00       4.538    
   49.00       5.087    
   50.00       5.537    
   51.00       5.872    
   52.00       6.086    
   53.00       6.180    
   54.00       6.161    
   55.00       6.039    
   56.00       5.827    
   57.00       5.541    
   58.00       5.197    
   59.00       4.809    
   60.00       4.392    
   61.00       3.960    
   62.00       3.524    
   63.00       3.096    
   64.00       2.684    
   65.00       2.295    
   66.00       1.935    
   67.00       1.607    
   68.00       1.313    
   69.00       1.054    
   70.00      0.8315    
   71.00      0.6432    
   72.00      0.4878    
   73.00      0.3629    
   74.00      0.2660    
   75.00      0.1940    
   76.00      0.1439    
   77.00      0.1126    
   78.00      0.9694E-01
   79.00      0.9403E-01
   80.00      0.1011    
   81.00      0.1157    
   82.00      0.1354    
   83.00      0.1583    
   84.00      0.1827    
   85.00      0.2072    
   86.00      0.2305    
   87.00      0.2518    
   88.00      0.2703    
   89.00      0.2856    
   90.00      0.2973    
   91.00      0.3055    
   92.00      0.3100    
   93.00      0.3109    
   94.00      0.3086    
   95.00      0.3032    
   96.00      0.2952    
   97.00      0.2848    
   98.00      0.2724    
   99.00      0.2584    
   100.0      0.2432    
   101.0      0.2271    
   102.0      0.2106    
   103.0      0.1938    
   104.0      0.1770    
   105.0      0.1606    
   106.0      0.1446    
   107.0      0.1293    
   108.0      0.1149    
   109.0      0.1014    
   110.0      0.8884E-01
   111.0      0.7736E-01
   112.0      0.6696E-01
   113.0      0.5764E-01
   114.0      0.4939E-01
   115.0      0.4217E-01
   116.0      0.3594E-01
   117.0      0.3065E-01
   118.0      0.2622E-01
   119.0      0.2261E-01
   120.0      0.1972E-01
   121.0      0.1749E-01
   122.0      0.1584E-01
   123.0      0.1471E-01
   124.0      0.1401E-01
   125.0      0.1369E-01
   126.0      0.1367E-01
   127.0      0.1390E-01
   128.0      0.1432E-01
   129.0      0.1489E-01
   130.0      0.1556E-01
   131.0      0.1629E-01
   132.0      0.1704E-01
   133.0      0.1779E-01
   134.0      0.1852E-01
   135.0      0.1920E-01
   136.0      0.1981E-01
   137.0      0.2035E-01
   138.0      0.2080E-01
   139.0      0.2116E-01
   140.0      0.2143E-01
   141.0      0.2161E-01
   142.0      0.2169E-01
   143.0      0.2167E-01
   144.0      0.2158E-01
   145.0      0.2140E-01
   146.0      0.2114E-01
   147.0      0.2082E-01
   148.0      0.2044E-01
   149.0      0.2000E-01
   150.0      0.1952E-01
   151.0      0.1900E-01
   152.0      0.1845E-01
   153.0      0.1787E-01
   154.0      0.1728E-01
   155.0      0.1667E-01
   156.0      0.1606E-01
   157.0      0.1545E-01
   158.0      0.1485E-01
   159.0      0.1426E-01
   160.0      0.1368E-01
   161.0      0.1312E-01
   162.0      0.1258E-01
   163.0      0.1206E-01
   164.0      0.1157E-01
   165.0      0.1110E-01
   166.0      0.1066E-01
   167.0      0.1025E-01
   168.0      0.9874E-02
   169.0      0.9525E-02
   170.0      0.9208E-02
   171.0      0.8921E-02
   172.0      0.8665E-02
   173.0      0.8440E-02
   174.0      0.8245E-02
   175.0      0.8081E-02
   176.0      0.7948E-02
   177.0      0.7844E-02
   178.0      0.7770E-02
   179.0      0.7725E-02
   180.0      0.7711E-02
 END
