# 178 angles,  1 tensor ranks for 0=projectile
@subtitle   "p+O20 with CH89;"                                                              
@legend ON
@legend x1 0.2
@legend y1 0.8
@g0 type LOGY
@yaxis ticklabel format power
@legend string   0 "Lab energy =   35.0000"
#legend string   0 "Partition=  1 Excit=  1 near/far= 1"
#  Theta       sigma       iT11        T20         T21         T22         Kyy for projectile
   3.000      0.1334E+06
   4.000      0.3892E+05
   5.000      0.1521E+05
   6.000       7479.    
   7.000       4478.    
   8.000       3143.    
   9.000       2467.    
   10.00       2075.    
   11.00       1811.    
   12.00       1609.    
   13.00       1439.    
   14.00       1285.    
   15.00       1143.    
   16.00       1010.    
   17.00       884.4    
   18.00       767.0    
   19.00       658.0    
   20.00       557.8    
   21.00       466.9    
   22.00       385.3    
   23.00       313.2    
   24.00       250.4    
   25.00       196.7    
   26.00       151.5    
   27.00       114.4    
   28.00       84.77    
   29.00       61.83    
   30.00       44.84    
   31.00       33.06    
   32.00       25.69    
   33.00       22.01    
   34.00       21.28    
   35.00       22.85    
   36.00       26.10    
   37.00       30.49    
   38.00       35.54    
   39.00       40.85    
   40.00       46.07    
   41.00       50.94    
   42.00       55.25    
   43.00       58.85    
   44.00       61.65    
   45.00       63.59    
   46.00       64.67    
   47.00       64.92    
   48.00       64.38    
   49.00       63.14    
   50.00       61.26    
   51.00       58.86    
   52.00       56.02    
   53.00       52.86    
   54.00       49.47    
   55.00       45.93    
   56.00       42.35    
   57.00       38.79    
   58.00       35.31    
   59.00       31.97    
   60.00       28.83    
   61.00       25.90    
   62.00       23.21    
   63.00       20.78    
   64.00       18.62    
   65.00       16.72    
   66.00       15.07    
   67.00       13.66    
   68.00       12.48    
   69.00       11.50    
   70.00       10.71    
   71.00       10.08    
   72.00       9.592    
   73.00       9.217    
   74.00       8.937    
   75.00       8.729    
   76.00       8.577    
   77.00       8.462    
   78.00       8.371    
   79.00       8.289    
   80.00       8.208    
   81.00       8.118    
   82.00       8.012    
   83.00       7.887    
   84.00       7.740    
   85.00       7.569    
   86.00       7.373    
   87.00       7.155    
   88.00       6.915    
   89.00       6.657    
   90.00       6.383    
   91.00       6.096    
   92.00       5.801    
   93.00       5.500    
   94.00       5.197    
   95.00       4.895    
   96.00       4.597    
   97.00       4.306    
   98.00       4.024    
   99.00       3.754    
   100.0       3.495    
   101.0       3.251    
   102.0       3.021    
   103.0       2.807    
   104.0       2.608    
   105.0       2.424    
   106.0       2.256    
   107.0       2.102    
   108.0       1.963    
   109.0       1.837    
   110.0       1.724    
   111.0       1.623    
   112.0       1.534    
   113.0       1.454    
   114.0       1.385    
   115.0       1.324    
   116.0       1.271    
   117.0       1.226    
   118.0       1.187    
   119.0       1.155    
   120.0       1.128    
   121.0       1.106    
   122.0       1.088    
   123.0       1.074    
   124.0       1.063    
   125.0       1.054    
   126.0       1.048    
   127.0       1.044    
   128.0       1.040    
   129.0       1.037    
   130.0       1.034    
   131.0       1.030    
   132.0       1.025    
   133.0       1.019    
   134.0       1.010    
   135.0      0.9996    
   136.0      0.9860    
   137.0      0.9694    
   138.0      0.9497    
   139.0      0.9268    
   140.0      0.9007    
   141.0      0.8716    
   142.0      0.8397    
   143.0      0.8053    
   144.0      0.7690    
   145.0      0.7313    
   146.0      0.6929    
   147.0      0.6545    
   148.0      0.6169    
   149.0      0.5810    
   150.0      0.5477    
   151.0      0.5177    
   152.0      0.4920    
   153.0      0.4715    
   154.0      0.4568    
   155.0      0.4486    
   156.0      0.4475    
   157.0      0.4540    
   158.0      0.4682    
   159.0      0.4905    
   160.0      0.5207    
   161.0      0.5587    
   162.0      0.6040    
   163.0      0.6562    
   164.0      0.7146    
   165.0      0.7782    
   166.0      0.8462    
   167.0      0.9174    
   168.0      0.9906    
   169.0       1.065    
   170.0       1.138    
   171.0       1.209    
   172.0       1.277    
   173.0       1.341    
   174.0       1.399    
   175.0       1.450    
   176.0       1.493    
   177.0       1.528    
   178.0       1.553    
   179.0       1.568    
   180.0       1.573    
 END
