# 178 angles,  1 tensor ranks for 0=projectile
@subtitle   "20O(d,t) @ 30AMeV Daeh (d) + HT1p (t)"                                         
@legend ON
@legend x1 0.2
@legend y1 0.8
@g0 type LOGY
@yaxis ticklabel format power
@xaxis label "Scattering angle (degrees)"
@yaxis label "Cross section (mb/sr)"
@legend string   0 "Partition=  1 Excit=  1 near/far= 1"
#legend string   0 "Lab energy =   70.0000"
@s0 linestyle   1
#  Theta       sigma       iT11        T20         T21         T22         Kyy for projectile
   3.000      0.2710E+05
   4.000      0.1161E+05
   5.000       8336.    
   6.000       6863.    
   7.000       5638.    
   8.000       4460.    
   9.000       3360.    
   10.00       2395.    
   11.00       1603.    
   12.00       994.2    
   13.00       561.7    
   14.00       282.4    
   15.00       125.8    
   16.00       59.32    
   17.00       52.08    
   18.00       77.87    
   19.00       116.4    
   20.00       153.8    
   21.00       181.7    
   22.00       196.5    
   23.00       198.1    
   24.00       188.6    
   25.00       171.2    
   26.00       149.4    
   27.00       126.1    
   28.00       103.9    
   29.00       84.44    
   30.00       68.49    
   31.00       56.28    
   32.00       47.51    
   33.00       41.61    
   34.00       37.83    
   35.00       35.45    
   36.00       33.84    
   37.00       32.50    
   38.00       31.07    
   39.00       29.38    
   40.00       27.35    
   41.00       25.02    
   42.00       22.48    
   43.00       19.84    
   44.00       17.24    
   45.00       14.78    
   46.00       12.53    
   47.00       10.56    
   48.00       8.879    
   49.00       7.491    
   50.00       6.371    
   51.00       5.483    
   52.00       4.787    
   53.00       4.240    
   54.00       3.802    
   55.00       3.440    
   56.00       3.127    
   57.00       2.845    
   58.00       2.581    
   59.00       2.328    
   60.00       2.086    
   61.00       1.854    
   62.00       1.634    
   63.00       1.430    
   64.00       1.244    
   65.00       1.077    
   66.00      0.9312    
   67.00      0.8056    
   68.00      0.6994    
   69.00      0.6107    
   70.00      0.5372    
   71.00      0.4766    
   72.00      0.4262    
   73.00      0.3839    
   74.00      0.3476    
   75.00      0.3157    
   76.00      0.2870    
   77.00      0.2605    
   78.00      0.2358    
   79.00      0.2124    
   80.00      0.1904    
   81.00      0.1698    
   82.00      0.1506    
   83.00      0.1329    
   84.00      0.1169    
   85.00      0.1026    
   86.00      0.8996E-01
   87.00      0.7898E-01
   88.00      0.6953E-01
   89.00      0.6147E-01
   90.00      0.5466E-01
   91.00      0.4890E-01
   92.00      0.4402E-01
   93.00      0.3984E-01
   94.00      0.3623E-01
   95.00      0.3305E-01
   96.00      0.3019E-01
   97.00      0.2758E-01
   98.00      0.2515E-01
   99.00      0.2286E-01
   100.0      0.2071E-01
   101.0      0.1867E-01
   102.0      0.1675E-01
   103.0      0.1495E-01
   104.0      0.1328E-01
   105.0      0.1175E-01
   106.0      0.1035E-01
   107.0      0.9104E-02
   108.0      0.7995E-02
   109.0      0.7021E-02
   110.0      0.6177E-02
   111.0      0.5450E-02
   112.0      0.4830E-02
   113.0      0.4304E-02
   114.0      0.3857E-02
   115.0      0.3477E-02
   116.0      0.3152E-02
   117.0      0.2870E-02
   118.0      0.2624E-02
   119.0      0.2403E-02
   120.0      0.2204E-02
   121.0      0.2020E-02
   122.0      0.1848E-02
   123.0      0.1686E-02
   124.0      0.1534E-02
   125.0      0.1389E-02
   126.0      0.1253E-02
   127.0      0.1125E-02
   128.0      0.1006E-02
   129.0      0.8954E-03
   130.0      0.7947E-03
   131.0      0.7035E-03
   132.0      0.6218E-03
   133.0      0.5493E-03
   134.0      0.4856E-03
   135.0      0.4302E-03
   136.0      0.3824E-03
   137.0      0.3413E-03
   138.0      0.3063E-03
   139.0      0.2764E-03
   140.0      0.2510E-03
   141.0      0.2293E-03
   142.0      0.2106E-03
   143.0      0.1945E-03
   144.0      0.1804E-03
   145.0      0.1679E-03
   146.0      0.1568E-03
   147.0      0.1468E-03
   148.0      0.1377E-03
   149.0      0.1294E-03
   150.0      0.1216E-03
   151.0      0.1144E-03
   152.0      0.1075E-03
   153.0      0.1010E-03
   154.0      0.9475E-04
   155.0      0.8866E-04
   156.0      0.8269E-04
   157.0      0.7682E-04
   158.0      0.7105E-04
   159.0      0.6540E-04
   160.0      0.5991E-04
   161.0      0.5469E-04
   162.0      0.4982E-04
   163.0      0.4542E-04
   164.0      0.4163E-04
   165.0      0.3856E-04
   166.0      0.3632E-04
   167.0      0.3499E-04
   168.0      0.3461E-04
   169.0      0.3517E-04
   170.0      0.3662E-04
   171.0      0.3886E-04
   172.0      0.4174E-04
   173.0      0.4506E-04
   174.0      0.4861E-04
   175.0      0.5215E-04
   176.0      0.5544E-04
   177.0      0.5826E-04
   178.0      0.6043E-04
   179.0      0.6179E-04
   180.0      0.6225E-04
 END
@legend string   1 "Partition=  2 Excit=  1 near/far= 1"
#legend string   0 "Lab energy =   70.0000"
@s1 linestyle   2
#  Theta       sigma       iT11        T20         T21         T22         Kyy for projectile
   3.000       16.90    
   4.000       11.61    
   5.000       6.825    
   6.000       3.282    
   7.000       1.325    
   8.000      0.9046    
   9.000       1.667    
   10.00       3.097    
   11.00       4.670    
   12.00       5.971    
   13.00       6.752    
   14.00       6.945    
   15.00       6.621    
   16.00       5.940    
   17.00       5.089    
   18.00       4.240    
   19.00       3.515    
   20.00       2.979    
   21.00       2.644    
   22.00       2.480    
   23.00       2.436    
   24.00       2.452    
   25.00       2.477    
   26.00       2.472    
   27.00       2.415    
   28.00       2.298    
   29.00       2.128    
   30.00       1.919    
   31.00       1.688    
   32.00       1.452    
   33.00       1.226    
   34.00       1.019    
   35.00      0.8390    
   36.00      0.6872    
   37.00      0.5637    
   38.00      0.4660    
   39.00      0.3907    
   40.00      0.3341    
   41.00      0.2924    
   42.00      0.2624    
   43.00      0.2413    
   44.00      0.2269    
   45.00      0.2173    
   46.00      0.2110    
   47.00      0.2067    
   48.00      0.2032    
   49.00      0.1999    
   50.00      0.1958    
   51.00      0.1907    
   52.00      0.1843    
   53.00      0.1765    
   54.00      0.1674    
   55.00      0.1573    
   56.00      0.1466    
   57.00      0.1356    
   58.00      0.1247    
   59.00      0.1143    
   60.00      0.1046    
   61.00      0.9589E-01
   62.00      0.8816E-01
   63.00      0.8143E-01
   64.00      0.7564E-01
   65.00      0.7065E-01
   66.00      0.6630E-01
   67.00      0.6243E-01
   68.00      0.5888E-01
   69.00      0.5552E-01
   70.00      0.5225E-01
   71.00      0.4899E-01
   72.00      0.4572E-01
   73.00      0.4244E-01
   74.00      0.3916E-01
   75.00      0.3593E-01
   76.00      0.3278E-01
   77.00      0.2978E-01
   78.00      0.2695E-01
   79.00      0.2434E-01
   80.00      0.2196E-01
   81.00      0.1982E-01
   82.00      0.1792E-01
   83.00      0.1625E-01
   84.00      0.1480E-01
   85.00      0.1353E-01
   86.00      0.1243E-01
   87.00      0.1146E-01
   88.00      0.1059E-01
   89.00      0.9813E-02
   90.00      0.9100E-02
   91.00      0.8436E-02
   92.00      0.7812E-02
   93.00      0.7219E-02
   94.00      0.6653E-02
   95.00      0.6112E-02
   96.00      0.5596E-02
   97.00      0.5105E-02
   98.00      0.4642E-02
   99.00      0.4208E-02
   100.0      0.3804E-02
   101.0      0.3432E-02
   102.0      0.3091E-02
   103.0      0.2781E-02
   104.0      0.2501E-02
   105.0      0.2250E-02
   106.0      0.2025E-02
   107.0      0.1825E-02
   108.0      0.1646E-02
   109.0      0.1488E-02
   110.0      0.1347E-02
   111.0      0.1222E-02
   112.0      0.1110E-02
   113.0      0.1010E-02
   114.0      0.9215E-03
   115.0      0.8422E-03
   116.0      0.7712E-03
   117.0      0.7078E-03
   118.0      0.6511E-03
   119.0      0.6004E-03
   120.0      0.5550E-03
   121.0      0.5143E-03
   122.0      0.4778E-03
   123.0      0.4450E-03
   124.0      0.4154E-03
   125.0      0.3885E-03
   126.0      0.3642E-03
   127.0      0.3419E-03
   128.0      0.3215E-03
   129.0      0.3027E-03
   130.0      0.2852E-03
   131.0      0.2689E-03
   132.0      0.2536E-03
   133.0      0.2391E-03
   134.0      0.2251E-03
   135.0      0.2117E-03
   136.0      0.1984E-03
   137.0      0.1853E-03
   138.0      0.1723E-03
   139.0      0.1591E-03
   140.0      0.1459E-03
   141.0      0.1327E-03
   142.0      0.1195E-03
   143.0      0.1066E-03
   144.0      0.9409E-04
   145.0      0.8225E-04
   146.0      0.7132E-04
   147.0      0.6153E-04
   148.0      0.5309E-04
   149.0      0.4611E-04
   150.0      0.4069E-04
   151.0      0.3678E-04
   152.0      0.3430E-04
   153.0      0.3305E-04
   154.0      0.3277E-04
   155.0      0.3316E-04
   156.0      0.3391E-04
   157.0      0.3471E-04
   158.0      0.3531E-04
   159.0      0.3551E-04
   160.0      0.3523E-04
   161.0      0.3448E-04
   162.0      0.3338E-04
   163.0      0.3215E-04
   164.0      0.3108E-04
   165.0      0.3052E-04
   166.0      0.3083E-04
   167.0      0.3231E-04
   168.0      0.3525E-04
   169.0      0.3978E-04
   170.0      0.4594E-04
   171.0      0.5362E-04
   172.0      0.6257E-04
   173.0      0.7238E-04
   174.0      0.8257E-04
   175.0      0.9258E-04
   176.0      0.1018E-03
   177.0      0.1097E-03
   178.0      0.1157E-03
   179.0      0.1195E-03
   180.0      0.1208E-03
 END
@legend string   2 "Partition=  2 Excit=  2 near/far= 1"
#legend string   0 "Lab energy =   70.0000"
@s2 linestyle   3
#  Theta       sigma       iT11        T20         T21         T22         Kyy for projectile
   3.000       10.88    
   4.000       10.53    
   5.000       9.880    
   6.000       8.897    
   7.000       7.630    
   8.000       6.189    
   9.000       4.717    
   10.00       3.355    
   11.00       2.217    
   12.00       1.364    
   13.00      0.8045    
   14.00      0.5046    
   15.00      0.4010    
   16.00      0.4208    
   17.00      0.4966    
   18.00      0.5776    
   19.00      0.6329    
   20.00      0.6516    
   21.00      0.6374    
   22.00      0.6034    
   23.00      0.5654    
   24.00      0.5374    
   25.00      0.5286    
   26.00      0.5424    
   27.00      0.5768    
   28.00      0.6259    
   29.00      0.6818    
   30.00      0.7367    
   31.00      0.7837    
   32.00      0.8186    
   33.00      0.8392    
   34.00      0.8459    
   35.00      0.8405    
   36.00      0.8260    
   37.00      0.8057    
   38.00      0.7825    
   39.00      0.7588    
   40.00      0.7359    
   41.00      0.7145    
   42.00      0.6944    
   43.00      0.6751    
   44.00      0.6557    
   45.00      0.6352    
   46.00      0.6131    
   47.00      0.5888    
   48.00      0.5623    
   49.00      0.5337    
   50.00      0.5035    
   51.00      0.4724    
   52.00      0.4410    
   53.00      0.4101    
   54.00      0.3801    
   55.00      0.3516    
   56.00      0.3250    
   57.00      0.3003    
   58.00      0.2775    
   59.00      0.2567    
   60.00      0.2377    
   61.00      0.2201    
   62.00      0.2039    
   63.00      0.1888    
   64.00      0.1747    
   65.00      0.1614    
   66.00      0.1488    
   67.00      0.1370    
   68.00      0.1257    
   69.00      0.1151    
   70.00      0.1052    
   71.00      0.9598E-01
   72.00      0.8741E-01
   73.00      0.7952E-01
   74.00      0.7230E-01
   75.00      0.6572E-01
   76.00      0.5975E-01
   77.00      0.5436E-01
   78.00      0.4949E-01
   79.00      0.4509E-01
   80.00      0.4111E-01
   81.00      0.3751E-01
   82.00      0.3423E-01
   83.00      0.3124E-01
   84.00      0.2850E-01
   85.00      0.2598E-01
   86.00      0.2367E-01
   87.00      0.2153E-01
   88.00      0.1957E-01
   89.00      0.1776E-01
   90.00      0.1610E-01
   91.00      0.1457E-01
   92.00      0.1318E-01
   93.00      0.1191E-01
   94.00      0.1075E-01
   95.00      0.9709E-02
   96.00      0.8766E-02
   97.00      0.7917E-02
   98.00      0.7154E-02
   99.00      0.6468E-02
   100.0      0.5853E-02
   101.0      0.5301E-02
   102.0      0.4805E-02
   103.0      0.4359E-02
   104.0      0.3957E-02
   105.0      0.3595E-02
   106.0      0.3267E-02
   107.0      0.2971E-02
   108.0      0.2702E-02
   109.0      0.2457E-02
   110.0      0.2234E-02
   111.0      0.2032E-02
   112.0      0.1847E-02
   113.0      0.1679E-02
   114.0      0.1526E-02
   115.0      0.1386E-02
   116.0      0.1259E-02
   117.0      0.1144E-02
   118.0      0.1039E-02
   119.0      0.9442E-03
   120.0      0.8580E-03
   121.0      0.7799E-03
   122.0      0.7092E-03
   123.0      0.6451E-03
   124.0      0.5870E-03
   125.0      0.5344E-03
   126.0      0.4866E-03
   127.0      0.4432E-03
   128.0      0.4037E-03
   129.0      0.3676E-03
   130.0      0.3347E-03
   131.0      0.3045E-03
   132.0      0.2769E-03
   133.0      0.2516E-03
   134.0      0.2285E-03
   135.0      0.2074E-03
   136.0      0.1881E-03
   137.0      0.1706E-03
   138.0      0.1548E-03
   139.0      0.1407E-03
   140.0      0.1280E-03
   141.0      0.1167E-03
   142.0      0.1067E-03
   143.0      0.9782E-04
   144.0      0.9000E-04
   145.0      0.8306E-04
   146.0      0.7687E-04
   147.0      0.7130E-04
   148.0      0.6620E-04
   149.0      0.6149E-04
   150.0      0.5707E-04
   151.0      0.5289E-04
   152.0      0.4892E-04
   153.0      0.4513E-04
   154.0      0.4156E-04
   155.0      0.3823E-04
   156.0      0.3517E-04
   157.0      0.3244E-04
   158.0      0.3007E-04
   159.0      0.2809E-04
   160.0      0.2651E-04
   161.0      0.2533E-04
   162.0      0.2452E-04
   163.0      0.2403E-04
   164.0      0.2379E-04
   165.0      0.2374E-04
   166.0      0.2378E-04
   167.0      0.2383E-04
   168.0      0.2383E-04
   169.0      0.2371E-04
   170.0      0.2343E-04
   171.0      0.2298E-04
   172.0      0.2235E-04
   173.0      0.2158E-04
   174.0      0.2072E-04
   175.0      0.1982E-04
   176.0      0.1895E-04
   177.0      0.1819E-04
   178.0      0.1760E-04
   179.0      0.1722E-04
   180.0      0.1709E-04
 END
@legend string   3 "Partition=  2 Excit=  3 near/far= 1"
#legend string   0 "Lab energy =   70.0000"
@s3 linestyle   4
#  Theta       sigma       iT11        T20         T21         T22         Kyy for projectile
   3.000       15.41    
   4.000       14.69    
   5.000       13.81    
   6.000       12.80    
   7.000       11.66    
   8.000       10.43    
   9.000       9.116    
   10.00       7.763    
   11.00       6.416    
   12.00       5.130    
   13.00       3.960    
   14.00       2.952    
   15.00       2.141    
   16.00       1.540    
   17.00       1.144    
   18.00      0.9327    
   19.00      0.8706    
   20.00      0.9181    
   21.00       1.035    
   22.00       1.185    
   23.00       1.340    
   24.00       1.482    
   25.00       1.600    
   26.00       1.692    
   27.00       1.759    
   28.00       1.808    
   29.00       1.844    
   30.00       1.872    
   31.00       1.896    
   32.00       1.916    
   33.00       1.932    
   34.00       1.942    
   35.00       1.944    
   36.00       1.935    
   37.00       1.912    
   38.00       1.875    
   39.00       1.823    
   40.00       1.758    
   41.00       1.682    
   42.00       1.596    
   43.00       1.505    
   44.00       1.410    
   45.00       1.314    
   46.00       1.220    
   47.00       1.129    
   48.00       1.042    
   49.00      0.9598    
   50.00      0.8830    
   51.00      0.8113    
   52.00      0.7445    
   53.00      0.6823    
   54.00      0.6243    
   55.00      0.5701    
   56.00      0.5195    
   57.00      0.4722    
   58.00      0.4281    
   59.00      0.3871    
   60.00      0.3490    
   61.00      0.3139    
   62.00      0.2816    
   63.00      0.2522    
   64.00      0.2254    
   65.00      0.2012    
   66.00      0.1795    
   67.00      0.1600    
   68.00      0.1426    
   69.00      0.1270    
   70.00      0.1132    
   71.00      0.1009    
   72.00      0.8988E-01
   73.00      0.8009E-01
   74.00      0.7136E-01
   75.00      0.6355E-01
   76.00      0.5656E-01
   77.00      0.5031E-01
   78.00      0.4471E-01
   79.00      0.3970E-01
   80.00      0.3522E-01
   81.00      0.3123E-01
   82.00      0.2766E-01
   83.00      0.2449E-01
   84.00      0.2168E-01
   85.00      0.1919E-01
   86.00      0.1698E-01
   87.00      0.1503E-01
   88.00      0.1331E-01
   89.00      0.1180E-01
   90.00      0.1046E-01
   91.00      0.9279E-02
   92.00      0.8238E-02
   93.00      0.7317E-02
   94.00      0.6503E-02
   95.00      0.5782E-02
   96.00      0.5143E-02
   97.00      0.4575E-02
   98.00      0.4071E-02
   99.00      0.3623E-02
   100.0      0.3224E-02
   101.0      0.2869E-02
   102.0      0.2554E-02
   103.0      0.2273E-02
   104.0      0.2023E-02
   105.0      0.1802E-02
   106.0      0.1605E-02
   107.0      0.1430E-02
   108.0      0.1275E-02
   109.0      0.1137E-02
   110.0      0.1015E-02
   111.0      0.9062E-03
   112.0      0.8101E-03
   113.0      0.7248E-03
   114.0      0.6492E-03
   115.0      0.5820E-03
   116.0      0.5224E-03
   117.0      0.4694E-03
   118.0      0.4223E-03
   119.0      0.3803E-03
   120.0      0.3429E-03
   121.0      0.3094E-03
   122.0      0.2795E-03
   123.0      0.2527E-03
   124.0      0.2287E-03
   125.0      0.2070E-03
   126.0      0.1875E-03
   127.0      0.1699E-03
   128.0      0.1541E-03
   129.0      0.1398E-03
   130.0      0.1270E-03
   131.0      0.1154E-03
   132.0      0.1050E-03
   133.0      0.9568E-04
   134.0      0.8732E-04
   135.0      0.7983E-04
   136.0      0.7311E-04
   137.0      0.6705E-04
   138.0      0.6158E-04
   139.0      0.5659E-04
   140.0      0.5202E-04
   141.0      0.4779E-04
   142.0      0.4387E-04
   143.0      0.4020E-04
   144.0      0.3678E-04
   145.0      0.3359E-04
   146.0      0.3063E-04
   147.0      0.2794E-04
   148.0      0.2551E-04
   149.0      0.2337E-04
   150.0      0.2153E-04
   151.0      0.2001E-04
   152.0      0.1879E-04
   153.0      0.1785E-04
   154.0      0.1717E-04
   155.0      0.1669E-04
   156.0      0.1637E-04
   157.0      0.1615E-04
   158.0      0.1596E-04
   159.0      0.1574E-04
   160.0      0.1544E-04
   161.0      0.1502E-04
   162.0      0.1446E-04
   163.0      0.1376E-04
   164.0      0.1291E-04
   165.0      0.1194E-04
   166.0      0.1088E-04
   167.0      0.9779E-05
   168.0      0.8679E-05
   169.0      0.7625E-05
   170.0      0.6656E-05
   171.0      0.5802E-05
   172.0      0.5084E-05
   173.0      0.4507E-05
   174.0      0.4070E-05
   175.0      0.3758E-05
   176.0      0.3550E-05
   177.0      0.3422E-05
   178.0      0.3352E-05
   179.0      0.3318E-05
   180.0      0.3309E-05
 END
