# Fusion cross sections for ELAB=  70.000, ECM=  63.596
     0.0   1.738     -1
     1.0   10.43      1
     1.0   15.63     -1
     2.0   8.699      1
     2.0   26.13     -1
     3.0   24.50      1
     3.0   36.72     -1
     4.0   15.81      1
     4.0   47.48     -1
     5.0   38.97      1
     5.0   58.42     -1
     6.0   23.17      1
     6.0   69.49     -1
     7.0   53.70      1
     7.0   80.63     -1
     8.0   30.81      1
     8.0   91.17     -1
     9.0   64.74      1
     9.0   99.21     -1
    10.0   35.78      1
    10.0   101.9     -1
    11.0   63.45      1
    11.0   95.95     -1
    12.0   25.49      1
    12.0   79.65     -1
    13.0   40.15      1
    13.0   57.97     -1
    14.0   11.61      1
    14.0   38.45     -1
    15.0   16.98      1
    15.0   24.27     -1
    16.0   4.496      1
    16.0   14.97     -1
    17.0   6.388      1
    17.0   9.133     -1
    18.0   1.667      1
    18.0   5.540     -1
    19.0   2.339      1
    19.0   3.347     -1
    20.0  0.6072      1
    20.0   2.016     -1
    21.0  0.8458      1
    21.0   1.210     -1
    22.0  0.2183      1
    22.0  0.7247     -1
    23.0  0.3024      1
    23.0  0.4327     -1
    24.0  0.7758E-01  1
    24.0  0.2577     -1
    25.0  0.1070      1
    25.0  0.1531     -1
    26.0  0.2730E-01  1
    26.0  0.9073E-01 -1
    27.0  0.3752E-01  1
    27.0  0.5366E-01 -1
    28.0  0.9524E-02  1
    28.0  0.3167E-01 -1
    29.0  0.1305E-01  1
    29.0  0.1866E-01 -1
    30.0  0.3298E-02  1
    30.0  0.1097E-01 -1
    31.0  0.4505E-02  1
    31.0  0.6440E-02 -1
    32.0  0.1134E-02  1
    32.0  0.3775E-02 -1
    33.0  0.1546E-02  1
    33.0  0.2209E-02 -1
    34.0  0.3879E-03  1
    34.0  0.1291E-02 -1
    35.0  0.5274E-03  1
    35.0  0.7538E-03 -1
    36.0  0.1320E-03  1
    36.0  0.4395E-03 -1
    37.0  0.1791E-03  1
    37.0  0.2559E-03 -1
    38.0  0.4469E-04  1
    38.0  0.1489E-03 -1
    39.0  0.6056E-04  1
    39.0  0.8652E-04 -1
    40.0  0.1508E-04  1
    40.0  0.5023E-04 -1
    41.0  0.2039E-04  1
    41.0  0.2914E-04 -1
    42.0  0.5067E-05  1
    42.0  0.1689E-04 -1
    43.0  0.6845E-05  1
    43.0  0.9778E-05 -1
    44.0  0.1697E-05  1
    44.0  0.5658E-05 -1
    45.0  0.2290E-05  1
    45.0  0.3271E-05 -1
    46.0  0.5668E-06  1
    46.0  0.1890E-05 -1
    47.0  0.7639E-06  1
    47.0  0.1091E-05 -1
    48.0  0.1888E-06  1
    48.0  0.6295E-06 -1
    49.0  0.2541E-06  1
    49.0  0.3630E-06 -1
    50.0  0.6272E-07  1
    50.0  0.2092E-06 -1
    51.0  0.8435E-07  1
    51.0  0.1205E-06 -1
    52.0  0.2079E-07  1
    52.0  0.6934E-07 -1
    53.0  0.2793E-07  1
    53.0  0.3989E-07 -1
    54.0  0.6875E-08  1
    54.0  0.2293E-07 -1
    55.0  0.9230E-08  1
    55.0  0.1318E-07 -1
    56.0  0.2269E-08  1
    56.0  0.7571E-08 -1
    57.0  0.3044E-08  1
    57.0  0.4347E-08 -1
    58.0  0.7475E-09  1
    58.0  0.2494E-08 -1
    59.0  0.1003E-08  1
    59.0  0.1431E-08 -1
    60.0  0.2462E-09  1
    60.0  0.8210E-09 -1
 &
