# Fusion cross sections for ELAB=  70.000, ECM=  63.596
     0.0   1.738       1.754      0.1622E-01
     1.0   15.63       15.78      0.1479    
     2.0   26.13       26.36      0.2394    
     3.0   36.72       37.04      0.3143    
     4.0   47.48       47.84      0.3683    
     5.0   58.42       58.82      0.3985    
     6.0   69.49       69.90      0.4080    
     7.0   80.63       81.04      0.4051    
     8.0   91.17       91.61      0.4425    
     9.0   99.21       99.80      0.5881    
    10.0   101.9       102.7      0.8232    
    11.0   95.95       97.06       1.113    
    12.0   79.65       81.03       1.375    
    13.0   57.97       59.39       1.419    
    14.0   38.45       39.65       1.199    
    15.0   24.27       25.13      0.8584    
    16.0   14.97       15.51      0.5444    
    17.0   9.133       9.452      0.3183    
    18.0   5.540       5.716      0.1765    
    19.0   3.347       3.442      0.9458E-01
    20.0   2.016       2.065      0.4961E-01
    21.0   1.210       1.236      0.2566E-01
    22.0  0.7247      0.7378      0.1316E-01
    23.0  0.4327      0.4394      0.6713E-02
    24.0  0.2577      0.2611      0.3412E-02
    25.0  0.1531      0.1548      0.1731E-02
    26.0  0.9073E-01  0.9161E-01  0.8767E-03
    27.0  0.5366E-01  0.5410E-01  0.4437E-03
    28.0  0.3167E-01  0.3189E-01  0.2245E-03
    29.0  0.1866E-01  0.1877E-01  0.1135E-03
    30.0  0.1097E-01  0.1103E-01  0.5741E-04
    31.0  0.6440E-02  0.6469E-02  0.2903E-04
    32.0  0.3775E-02  0.3789E-02  0.1468E-04
    33.0  0.2209E-02  0.2217E-02  0.7425E-05
    34.0  0.1291E-02  0.1295E-02  0.3755E-05
    35.0  0.7538E-03  0.7557E-03  0.1899E-05
    36.0  0.4395E-03  0.4404E-03  0.9604E-06
    37.0  0.2559E-03  0.2564E-03  0.4858E-06
    38.0  0.1489E-03  0.1491E-03  0.2457E-06
    39.0  0.8652E-04  0.8665E-04  0.1243E-06
    40.0  0.5023E-04  0.5030E-04  0.6287E-07
    41.0  0.2914E-04  0.2917E-04  0.3181E-07
    42.0  0.1689E-04  0.1690E-04  0.1609E-07
    43.0  0.9778E-05  0.9786E-05  0.8142E-08
    44.0  0.5658E-05  0.5662E-05  0.4119E-08
    45.0  0.3271E-05  0.3273E-05  0.2084E-08
    46.0  0.1890E-05  0.1891E-05  0.1054E-08
    47.0  0.1091E-05  0.1092E-05  0.5335E-09
    48.0  0.6295E-06  0.6298E-06  0.2700E-09
    49.0  0.3630E-06  0.3631E-06  0.1366E-09
    50.0  0.2092E-06  0.2092E-06  0.6914E-10
    51.0  0.1205E-06  0.1205E-06  0.3499E-10
    52.0  0.6934E-07  0.6935E-07  0.1771E-10
    53.0  0.3989E-07  0.3990E-07  0.8961E-11
    54.0  0.2293E-07  0.2294E-07  0.4535E-11
    55.0  0.1318E-07  0.1318E-07  0.2295E-11
    56.0  0.7571E-08  0.7572E-08  0.1162E-11
    57.0  0.4347E-08  0.4347E-08  0.5878E-12
    58.0  0.2494E-08  0.2494E-08  0.2975E-12
    59.0  0.1431E-08  0.1431E-08  0.1506E-12
    60.0  0.8210E-09  0.8211E-09  0.7621E-13
 &
