# 178 angles,  1 tensor ranks for 0=projectile
@subtitle   "20O(d,t) @ 30AMeV Daeh (d) + Pang (t)"                                         
@legend ON
@legend x1 0.2
@legend y1 0.8
@g0 type LOGY
@yaxis ticklabel format power
@legend string   0 "Lab energy =   70.0000"
#legend string   0 "Partition=  2 Excit=  3 near/far= 1"
#  Theta       sigma       iT11        T20         T21         T22         Kyy for projectile
   3.000       13.72    
   4.000       13.44    
   5.000       13.11    
   6.000       12.72    
   7.000       12.22    
   8.000       11.57    
   9.000       10.72    
   10.00       9.678    
   11.00       8.461    
   12.00       7.133    
   13.00       5.784    
   14.00       4.509    
   15.00       3.391    
   16.00       2.491    
   17.00       1.835    
   18.00       1.416    
   19.00       1.202    
   20.00       1.141    
   21.00       1.180    
   22.00       1.264    
   23.00       1.354    
   24.00       1.422    
   25.00       1.457    
   26.00       1.459    
   27.00       1.437    
   28.00       1.403    
   29.00       1.368    
   30.00       1.343    
   31.00       1.333    
   32.00       1.338    
   33.00       1.356    
   34.00       1.379    
   35.00       1.401    
   36.00       1.416    
   37.00       1.418    
   38.00       1.404    
   39.00       1.373    
   40.00       1.326    
   41.00       1.266    
   42.00       1.195    
   43.00       1.119    
   44.00       1.040    
   45.00      0.9622    
   46.00      0.8874    
   47.00      0.8174    
   48.00      0.7528    
   49.00      0.6936    
   50.00      0.6395    
   51.00      0.5897    
   52.00      0.5435    
   53.00      0.5003    
   54.00      0.4593    
   55.00      0.4203    
   56.00      0.3831    
   57.00      0.3476    
   58.00      0.3139    
   59.00      0.2821    
   60.00      0.2525    
   61.00      0.2252    
   62.00      0.2003    
   63.00      0.1778    
   64.00      0.1576    
   65.00      0.1396    
   66.00      0.1237    
   67.00      0.1097    
   68.00      0.9742E-01
   69.00      0.8656E-01
   70.00      0.7695E-01
   71.00      0.6843E-01
   72.00      0.6083E-01
   73.00      0.5402E-01
   74.00      0.4790E-01
   75.00      0.4240E-01
   76.00      0.3745E-01
   77.00      0.3300E-01
   78.00      0.2901E-01
   79.00      0.2545E-01
   80.00      0.2229E-01
   81.00      0.1950E-01
   82.00      0.1705E-01
   83.00      0.1490E-01
   84.00      0.1303E-01
   85.00      0.1141E-01
   86.00      0.1000E-01
   87.00      0.8780E-02
   88.00      0.7721E-02
   89.00      0.6798E-02
   90.00      0.5993E-02
   91.00      0.5287E-02
   92.00      0.4665E-02
   93.00      0.4116E-02
   94.00      0.3630E-02
   95.00      0.3198E-02
   96.00      0.2815E-02
   97.00      0.2475E-02
   98.00      0.2174E-02
   99.00      0.1908E-02
   100.0      0.1674E-02
   101.0      0.1469E-02
   102.0      0.1290E-02
   103.0      0.1134E-02
   104.0      0.9984E-03
   105.0      0.8807E-03
   106.0      0.7787E-03
   107.0      0.6901E-03
   108.0      0.6131E-03
   109.0      0.5458E-03
   110.0      0.4869E-03
   111.0      0.4349E-03
   112.0      0.3889E-03
   113.0      0.3480E-03
   114.0      0.3114E-03
   115.0      0.2786E-03
   116.0      0.2491E-03
   117.0      0.2226E-03
   118.0      0.1988E-03
   119.0      0.1774E-03
   120.0      0.1583E-03
   121.0      0.1412E-03
   122.0      0.1260E-03
   123.0      0.1125E-03
   124.0      0.1006E-03
   125.0      0.9001E-04
   126.0      0.8072E-04
   127.0      0.7254E-04
   128.0      0.6533E-04
   129.0      0.5897E-04
   130.0      0.5335E-04
   131.0      0.4835E-04
   132.0      0.4388E-04
   133.0      0.3988E-04
   134.0      0.3626E-04
   135.0      0.3297E-04
   136.0      0.2996E-04
   137.0      0.2720E-04
   138.0      0.2466E-04
   139.0      0.2231E-04
   140.0      0.2014E-04
   141.0      0.1814E-04
   142.0      0.1629E-04
   143.0      0.1460E-04
   144.0      0.1305E-04
   145.0      0.1164E-04
   146.0      0.1038E-04
   147.0      0.9248E-05
   148.0      0.8249E-05
   149.0      0.7375E-05
   150.0      0.6622E-05
   151.0      0.5982E-05
   152.0      0.5446E-05
   153.0      0.5005E-05
   154.0      0.4649E-05
   155.0      0.4368E-05
   156.0      0.4150E-05
   157.0      0.3983E-05
   158.0      0.3857E-05
   159.0      0.3760E-05
   160.0      0.3682E-05
   161.0      0.3614E-05
   162.0      0.3546E-05
   163.0      0.3472E-05
   164.0      0.3386E-05
   165.0      0.3283E-05
   166.0      0.3160E-05
   167.0      0.3017E-05
   168.0      0.2854E-05
   169.0      0.2673E-05
   170.0      0.2478E-05
   171.0      0.2273E-05
   172.0      0.2064E-05
   173.0      0.1858E-05
   174.0      0.1661E-05
   175.0      0.1480E-05
   176.0      0.1322E-05
   177.0      0.1192E-05
   178.0      0.1096E-05
   179.0      0.1036E-05
   180.0      0.1016E-05
 END
