# 178 angles,  1 tensor ranks for 0=projectile
@subtitle   "p+O20 with CH89;"                                                              
@legend ON
@legend x1 0.2
@legend y1 0.8
@g0 type LOGY
@yaxis ticklabel format power
@legend string   0 "Lab energy =   35.0000"
#legend string   0 "Partition=  1 Excit=  1 near/far= 1"
#  Theta       sigma       iT11        T20         T21         T22         Kyy for projectile
   3.000      0.1292E+06
   4.000      0.3607E+05
   5.000      0.1316E+05
   6.000       5947.    
   7.000       3310.    
   8.000       2242.    
   9.000       1773.    
   10.00       1546.    
   11.00       1418.    
   12.00       1329.    
   13.00       1254.    
   14.00       1183.    
   15.00       1110.    
   16.00       1035.    
   17.00       958.7    
   18.00       881.2    
   19.00       803.9    
   20.00       727.8    
   21.00       653.9    
   22.00       583.1    
   23.00       515.9    
   24.00       452.8    
   25.00       394.3    
   26.00       340.4    
   27.00       291.4    
   28.00       247.3    
   29.00       207.8    
   30.00       173.0    
   31.00       142.5    
   32.00       116.1    
   33.00       93.53    
   34.00       74.42    
   35.00       58.46    
   36.00       45.33    
   37.00       34.70    
   38.00       26.25    
   39.00       19.67    
   40.00       14.69    
   41.00       11.04    
   42.00       8.486    
   43.00       6.815    
   44.00       5.836    
   45.00       5.385    
   46.00       5.319    
   47.00       5.519    
   48.00       5.886    
   49.00       6.339    
   50.00       6.814    
   51.00       7.265    
   52.00       7.655    
   53.00       7.961    
   54.00       8.169    
   55.00       8.271    
   56.00       8.269    
   57.00       8.165    
   58.00       7.969    
   59.00       7.691    
   60.00       7.344    
   61.00       6.940    
   62.00       6.494    
   63.00       6.017    
   64.00       5.523    
   65.00       5.022    
   66.00       4.524    
   67.00       4.038    
   68.00       3.571    
   69.00       3.130    
   70.00       2.717    
   71.00       2.337    
   72.00       1.992    
   73.00       1.682    
   74.00       1.408    
   75.00       1.169    
   76.00      0.9637    
   77.00      0.7901    
   78.00      0.6461    
   79.00      0.5291    
   80.00      0.4366    
   81.00      0.3656    
   82.00      0.3135    
   83.00      0.2776    
   84.00      0.2551    
   85.00      0.2436    
   86.00      0.2410    
   87.00      0.2449    
   88.00      0.2537    
   89.00      0.2657    
   90.00      0.2795    
   91.00      0.2938    
   92.00      0.3076    
   93.00      0.3203    
   94.00      0.3311    
   95.00      0.3397    
   96.00      0.3457    
   97.00      0.3489    
   98.00      0.3494    
   99.00      0.3471    
   100.0      0.3421    
   101.0      0.3347    
   102.0      0.3250    
   103.0      0.3134    
   104.0      0.3000    
   105.0      0.2852    
   106.0      0.2693    
   107.0      0.2525    
   108.0      0.2351    
   109.0      0.2175    
   110.0      0.1998    
   111.0      0.1823    
   112.0      0.1651    
   113.0      0.1485    
   114.0      0.1325    
   115.0      0.1173    
   116.0      0.1031    
   117.0      0.8975E-01
   118.0      0.7747E-01
   119.0      0.6624E-01
   120.0      0.5607E-01
   121.0      0.4697E-01
   122.0      0.3891E-01
   123.0      0.3187E-01
   124.0      0.2580E-01
   125.0      0.2065E-01
   126.0      0.1637E-01
   127.0      0.1291E-01
   128.0      0.1019E-01
   129.0      0.8144E-02
   130.0      0.6715E-02
   131.0      0.5831E-02
   132.0      0.5429E-02
   133.0      0.5444E-02
   134.0      0.5817E-02
   135.0      0.6489E-02
   136.0      0.7409E-02
   137.0      0.8527E-02
   138.0      0.9797E-02
   139.0      0.1118E-01
   140.0      0.1264E-01
   141.0      0.1414E-01
   142.0      0.1566E-01
   143.0      0.1717E-01
   144.0      0.1866E-01
   145.0      0.2011E-01
   146.0      0.2150E-01
   147.0      0.2282E-01
   148.0      0.2408E-01
   149.0      0.2526E-01
   150.0      0.2636E-01
   151.0      0.2739E-01
   152.0      0.2834E-01
   153.0      0.2922E-01
   154.0      0.3002E-01
   155.0      0.3076E-01
   156.0      0.3144E-01
   157.0      0.3206E-01
   158.0      0.3263E-01
   159.0      0.3316E-01
   160.0      0.3364E-01
   161.0      0.3408E-01
   162.0      0.3449E-01
   163.0      0.3487E-01
   164.0      0.3523E-01
   165.0      0.3556E-01
   166.0      0.3586E-01
   167.0      0.3615E-01
   168.0      0.3641E-01
   169.0      0.3666E-01
   170.0      0.3689E-01
   171.0      0.3710E-01
   172.0      0.3729E-01
   173.0      0.3746E-01
   174.0      0.3760E-01
   175.0      0.3773E-01
   176.0      0.3784E-01
   177.0      0.3792E-01
   178.0      0.3798E-01
   179.0      0.3801E-01
   180.0      0.3803E-01
 END
