# 178 angles,  1 tensor ranks for 0=projectile
@subtitle   "20O + d 3-?;"                                                                  
@legend ON
@legend x1 0.2
@legend y1 0.8
@g0 type LOGY
@yaxis ticklabel format power
@legend string   0 "Lab energy =   70.0000"
#legend string   0 "Partition=  1 Excit=  1 near/far= 1"
#  Theta       sigma       iT11        T20         T21         T22         Kyy for projectile
   3.000      0.2714E+05
   4.000      0.1161E+05
   5.000       8322.    
   6.000       6849.    
   7.000       5628.    
   8.000       4455.    
   9.000       3360.    
   10.00       2398.    
   11.00       1608.    
   12.00       999.9    
   13.00       566.7    
   14.00       285.7    
   15.00       127.1    
   16.00       58.35    
   17.00       49.02    
   18.00       73.08    
   19.00       110.4    
   20.00       147.1    
   21.00       174.8    
   22.00       189.9    
   23.00       192.1    
   24.00       183.3    
   25.00       166.8    
   26.00       145.7    
   27.00       123.1    
   28.00       101.5    
   29.00       82.41    
   30.00       66.72    
   31.00       54.64    
   32.00       45.93    
   33.00       40.01    
   34.00       36.21    
   35.00       33.81    
   36.00       32.20    
   37.00       30.88    
   38.00       29.52    
   39.00       27.92    
   40.00       26.02    
   41.00       23.83    
   42.00       21.43    
   43.00       18.93    
   44.00       16.46    
   45.00       14.11    
   46.00       11.96    
   47.00       10.06    
   48.00       8.442    
   49.00       7.098    
   50.00       6.012    
   51.00       5.150    
   52.00       4.475    
   53.00       3.947    
   54.00       3.528    
   55.00       3.185    
   56.00       2.894    
   57.00       2.635    
   58.00       2.394    
   59.00       2.166    
   60.00       1.947    
   61.00       1.737    
   62.00       1.537    
   63.00       1.350    
   64.00       1.178    
   65.00       1.023    
   66.00      0.8864    
   67.00      0.7677    
   68.00      0.6664    
   69.00      0.5812    
   70.00      0.5101    
   71.00      0.4512    
   72.00      0.4022    
   73.00      0.3611    
   74.00      0.3261    
   75.00      0.2956    
   76.00      0.2684    
   77.00      0.2436    
   78.00      0.2207    
   79.00      0.1992    
   80.00      0.1790    
   81.00      0.1600    
   82.00      0.1423    
   83.00      0.1260    
   84.00      0.1111    
   85.00      0.9766E-01
   86.00      0.8571E-01
   87.00      0.7522E-01
   88.00      0.6611E-01
   89.00      0.5828E-01
   90.00      0.5160E-01
   91.00      0.4594E-01
   92.00      0.4113E-01
   93.00      0.3703E-01
   94.00      0.3351E-01
   95.00      0.3044E-01
   96.00      0.2773E-01
   97.00      0.2529E-01
   98.00      0.2305E-01
   99.00      0.2099E-01
   100.0      0.1905E-01
   101.0      0.1723E-01
   102.0      0.1553E-01
   103.0      0.1392E-01
   104.0      0.1243E-01
   105.0      0.1105E-01
   106.0      0.9786E-02
   107.0      0.8640E-02
   108.0      0.7611E-02
   109.0      0.6697E-02
   110.0      0.5894E-02
   111.0      0.5194E-02
   112.0      0.4590E-02
   113.0      0.4071E-02
   114.0      0.3626E-02
   115.0      0.3247E-02
   116.0      0.2922E-02
   117.0      0.2643E-02
   118.0      0.2400E-02
   119.0      0.2187E-02
   120.0      0.1997E-02
   121.0      0.1825E-02
   122.0      0.1668E-02
   123.0      0.1522E-02
   124.0      0.1386E-02
   125.0      0.1259E-02
   126.0      0.1139E-02
   127.0      0.1027E-02
   128.0      0.9217E-03
   129.0      0.8244E-03
   130.0      0.7346E-03
   131.0      0.6525E-03
   132.0      0.5782E-03
   133.0      0.5114E-03
   134.0      0.4519E-03
   135.0      0.3995E-03
   136.0      0.3537E-03
   137.0      0.3139E-03
   138.0      0.2796E-03
   139.0      0.2503E-03
   140.0      0.2253E-03
   141.0      0.2040E-03
   142.0      0.1860E-03
   143.0      0.1707E-03
   144.0      0.1577E-03
   145.0      0.1466E-03
   146.0      0.1370E-03
   147.0      0.1288E-03
   148.0      0.1215E-03
   149.0      0.1151E-03
   150.0      0.1092E-03
   151.0      0.1038E-03
   152.0      0.9871E-04
   153.0      0.9377E-04
   154.0      0.8891E-04
   155.0      0.8403E-04
   156.0      0.7910E-04
   157.0      0.7409E-04
   158.0      0.6901E-04
   159.0      0.6390E-04
   160.0      0.5883E-04
   161.0      0.5388E-04
   162.0      0.4918E-04
   163.0      0.4483E-04
   164.0      0.4097E-04
   165.0      0.3771E-04
   166.0      0.3515E-04
   167.0      0.3337E-04
   168.0      0.3240E-04
   169.0      0.3224E-04
   170.0      0.3285E-04
   171.0      0.3414E-04
   172.0      0.3599E-04
   173.0      0.3825E-04
   174.0      0.4074E-04
   175.0      0.4327E-04
   176.0      0.4565E-04
   177.0      0.4771E-04
   178.0      0.4930E-04
   179.0      0.5030E-04
   180.0      0.5064E-04
 END
