# 178 angles,  1 tensor ranks for 0=projectile
@subtitle   "20O + d 3-?;"                                                                  
@legend ON
@legend x1 0.2
@legend y1 0.8
@g0 type LOGY
@yaxis ticklabel format power
@legend string   0 "Lab energy =   70.0000"
#legend string   0 "Partition=  1 Excit=  2 near/far= 1"
#  Theta       sigma       iT11        T20         T21         T22         Kyy for projectile
   3.000       1.690    
   4.000       2.039    
   5.000       2.413    
   6.000       2.768    
   7.000       3.075    
   8.000       3.324    
   9.000       3.530    
   10.00       3.721    
   11.00       3.925    
   12.00       4.161    
   13.00       4.433    
   14.00       4.727    
   15.00       5.016    
   16.00       5.264    
   17.00       5.429    
   18.00       5.480    
   19.00       5.396    
   20.00       5.172    
   21.00       4.825    
   22.00       4.382    
   23.00       3.881    
   24.00       3.363    
   25.00       2.866    
   26.00       2.423    
   27.00       2.058    
   28.00       1.783    
   29.00       1.601    
   30.00       1.501    
   31.00       1.469    
   32.00       1.485    
   33.00       1.526    
   34.00       1.573    
   35.00       1.610    
   36.00       1.625    
   37.00       1.610    
   38.00       1.565    
   39.00       1.491    
   40.00       1.394    
   41.00       1.282    
   42.00       1.161    
   43.00       1.040    
   44.00      0.9250    
   45.00      0.8201    
   46.00      0.7284    
   47.00      0.6511    
   48.00      0.5877    
   49.00      0.5366    
   50.00      0.4956    
   51.00      0.4623    
   52.00      0.4341    
   53.00      0.4086    
   54.00      0.3840    
   55.00      0.3589    
   56.00      0.3328    
   57.00      0.3055    
   58.00      0.2772    
   59.00      0.2485    
   60.00      0.2200    
   61.00      0.1925    
   62.00      0.1666    
   63.00      0.1429    
   64.00      0.1218    
   65.00      0.1035    
   66.00      0.8794E-01
   67.00      0.7507E-01
   68.00      0.6465E-01
   69.00      0.5634E-01
   70.00      0.4978E-01
   71.00      0.4457E-01
   72.00      0.4039E-01
   73.00      0.3693E-01
   74.00      0.3396E-01
   75.00      0.3128E-01
   76.00      0.2875E-01
   77.00      0.2629E-01
   78.00      0.2388E-01
   79.00      0.2151E-01
   80.00      0.1922E-01
   81.00      0.1703E-01
   82.00      0.1496E-01
   83.00      0.1306E-01
   84.00      0.1134E-01
   85.00      0.9822E-02
   86.00      0.8517E-02
   87.00      0.7414E-02
   88.00      0.6494E-02
   89.00      0.5733E-02
   90.00      0.5110E-02
   91.00      0.4600E-02
   92.00      0.4182E-02
   93.00      0.3829E-02
   94.00      0.3521E-02
   95.00      0.3243E-02
   96.00      0.2984E-02
   97.00      0.2740E-02
   98.00      0.2505E-02
   99.00      0.2278E-02
   100.0      0.2057E-02
   101.0      0.1843E-02
   102.0      0.1641E-02
   103.0      0.1456E-02
   104.0      0.1288E-02
   105.0      0.1140E-02
   106.0      0.1011E-02
   107.0      0.9002E-03
   108.0      0.8086E-03
   109.0      0.7344E-03
   110.0      0.6752E-03
   111.0      0.6277E-03
   112.0      0.5894E-03
   113.0      0.5583E-03
   114.0      0.5331E-03
   115.0      0.5119E-03
   116.0      0.4925E-03
   117.0      0.4727E-03
   118.0      0.4513E-03
   119.0      0.4280E-03
   120.0      0.4030E-03
   121.0      0.3766E-03
   122.0      0.3488E-03
   123.0      0.3200E-03
   124.0      0.2909E-03
   125.0      0.2624E-03
   126.0      0.2351E-03
   127.0      0.2095E-03
   128.0      0.1853E-03
   129.0      0.1627E-03
   130.0      0.1421E-03
   131.0      0.1240E-03
   132.0      0.1087E-03
   133.0      0.9633E-04
   134.0      0.8637E-04
   135.0      0.7852E-04
   136.0      0.7253E-04
   137.0      0.6820E-04
   138.0      0.6516E-04
   139.0      0.6288E-04
   140.0      0.6093E-04
   141.0      0.5924E-04
   142.0      0.5801E-04
   143.0      0.5739E-04
   144.0      0.5725E-04
   145.0      0.5707E-04
   146.0      0.5632E-04
   147.0      0.5473E-04
   148.0      0.5249E-04
   149.0      0.5003E-04
   150.0      0.4766E-04
   151.0      0.4542E-04
   152.0      0.4322E-04
   153.0      0.4089E-04
   154.0      0.3841E-04
   155.0      0.3588E-04
   156.0      0.3340E-04
   157.0      0.3100E-04
   158.0      0.2869E-04
   159.0      0.2655E-04
   160.0      0.2470E-04
   161.0      0.2322E-04
   162.0      0.2212E-04
   163.0      0.2134E-04
   164.0      0.2073E-04
   165.0      0.2023E-04
   166.0      0.1986E-04
   167.0      0.1970E-04
   168.0      0.1975E-04
   169.0      0.1998E-04
   170.0      0.2037E-04
   171.0      0.2092E-04
   172.0      0.2164E-04
   173.0      0.2255E-04
   174.0      0.2352E-04
   175.0      0.2435E-04
   176.0      0.2484E-04
   177.0      0.2493E-04
   178.0      0.2474E-04
   179.0      0.2446E-04
   180.0      0.2433E-04
 END
