# 178 angles,  1 tensor ranks for 0=projectile
@subtitle   "20O + d inelastic scattering;"                                                 
@legend ON
@legend x1 0.2
@legend y1 0.8
@g0 type LOGY
@yaxis ticklabel format power
@legend string   0 "Lab energy =   70.0000"
#legend string   0 "Partition=  1 Excit=  2 near/far= 1"
#  Theta       sigma       iT11        T20         T21         T22         Kyy for projectile
   3.000       1.011    
   4.000       1.311    
   5.000       1.641    
   6.000       1.966    
   7.000       2.254    
   8.000       2.492    
   9.000       2.683    
   10.00       2.844    
   11.00       2.998    
   12.00       3.163    
   13.00       3.348    
   14.00       3.551    
   15.00       3.756    
   16.00       3.942    
   17.00       4.080    
   18.00       4.144    
   19.00       4.115    
   20.00       3.983    
   21.00       3.754    
   22.00       3.444    
   23.00       3.077    
   24.00       2.683    
   25.00       2.292    
   26.00       1.933    
   27.00       1.627    
   28.00       1.389    
   29.00       1.224    
   30.00       1.130    
   31.00       1.096    
   32.00       1.108    
   33.00       1.146    
   34.00       1.195    
   35.00       1.238    
   36.00       1.264    
   37.00       1.266    
   38.00       1.240    
   39.00       1.188    
   40.00       1.113    
   41.00       1.021    
   42.00      0.9202    
   43.00      0.8166    
   44.00      0.7169    
   45.00      0.6261    
   46.00      0.5477    
   47.00      0.4832    
   48.00      0.4325    
   49.00      0.3944    
   50.00      0.3668    
   51.00      0.3473    
   52.00      0.3331    
   53.00      0.3215    
   54.00      0.3105    
   55.00      0.2983    
   56.00      0.2841    
   57.00      0.2672    
   58.00      0.2480    
   59.00      0.2267    
   60.00      0.2040    
   61.00      0.1808    
   62.00      0.1577    
   63.00      0.1357    
   64.00      0.1152    
   65.00      0.9688E-01
   66.00      0.8083E-01
   67.00      0.6719E-01
   68.00      0.5590E-01
   69.00      0.4679E-01
   70.00      0.3960E-01
   71.00      0.3402E-01
   72.00      0.2976E-01
   73.00      0.2650E-01
   74.00      0.2398E-01
   75.00      0.2196E-01
   76.00      0.2027E-01
   77.00      0.1876E-01
   78.00      0.1733E-01
   79.00      0.1595E-01
   80.00      0.1458E-01
   81.00      0.1322E-01
   82.00      0.1188E-01
   83.00      0.1057E-01
   84.00      0.9321E-02
   85.00      0.8142E-02
   86.00      0.7054E-02
   87.00      0.6066E-02
   88.00      0.5182E-02
   89.00      0.4402E-02
   90.00      0.3722E-02
   91.00      0.3138E-02
   92.00      0.2644E-02
   93.00      0.2231E-02
   94.00      0.1888E-02
   95.00      0.1606E-02
   96.00      0.1375E-02
   97.00      0.1190E-02
   98.00      0.1044E-02
   99.00      0.9324E-03
   100.0      0.8487E-03
   101.0      0.7877E-03
   102.0      0.7450E-03
   103.0      0.7170E-03
   104.0      0.7004E-03
   105.0      0.6924E-03
   106.0      0.6895E-03
   107.0      0.6888E-03
   108.0      0.6873E-03
   109.0      0.6831E-03
   110.0      0.6748E-03
   111.0      0.6615E-03
   112.0      0.6430E-03
   113.0      0.6189E-03
   114.0      0.5893E-03
   115.0      0.5545E-03
   116.0      0.5151E-03
   117.0      0.4723E-03
   118.0      0.4273E-03
   119.0      0.3817E-03
   120.0      0.3367E-03
   121.0      0.2934E-03
   122.0      0.2524E-03
   123.0      0.2147E-03
   124.0      0.1810E-03
   125.0      0.1521E-03
   126.0      0.1282E-03
   127.0      0.1091E-03
   128.0      0.9461E-04
   129.0      0.8421E-04
   130.0      0.7771E-04
   131.0      0.7488E-04
   132.0      0.7533E-04
   133.0      0.7838E-04
   134.0      0.8318E-04
   135.0      0.8896E-04
   136.0      0.9518E-04
   137.0      0.1016E-03
   138.0      0.1078E-03
   139.0      0.1136E-03
   140.0      0.1185E-03
   141.0      0.1221E-03
   142.0      0.1243E-03
   143.0      0.1254E-03
   144.0      0.1253E-03
   145.0      0.1242E-03
   146.0      0.1218E-03
   147.0      0.1180E-03
   148.0      0.1131E-03
   149.0      0.1074E-03
   150.0      0.1014E-03
   151.0      0.9522E-04
   152.0      0.8902E-04
   153.0      0.8265E-04
   154.0      0.7603E-04
   155.0      0.6933E-04
   156.0      0.6286E-04
   157.0      0.5688E-04
   158.0      0.5149E-04
   159.0      0.4665E-04
   160.0      0.4224E-04
   161.0      0.3820E-04
   162.0      0.3456E-04
   163.0      0.3142E-04
   164.0      0.2873E-04
   165.0      0.2641E-04
   166.0      0.2434E-04
   167.0      0.2253E-04
   168.0      0.2099E-04
   169.0      0.1982E-04
   170.0      0.1901E-04
   171.0      0.1840E-04
   172.0      0.1778E-04
   173.0      0.1705E-04
   174.0      0.1625E-04
   175.0      0.1557E-04
   176.0      0.1525E-04
   177.0      0.1539E-04
   178.0      0.1587E-04
   179.0      0.1636E-04
   180.0      0.1656E-04
 END
