# 178 angles,  1 tensor ranks for 0=projectile
@subtitle   "20O(d,t) @ 30AMeV Daeh (d) + Pang (t)"                                         
@legend ON
@legend x1 0.2
@legend y1 0.8
@g0 type LOGY
@yaxis ticklabel format power
@legend string   0 "Lab energy =   70.0000"
#legend string   0 "Partition=  2 Excit=  1 near/far= 1"
#  Theta       sigma       iT11        T20         T21         T22         Kyy for projectile
   3.000       23.18    
   4.000       17.84    
   5.000       12.48    
   6.000       7.756    
   7.000       4.124    
   8.000       1.785    
   9.000      0.6823    
   10.00      0.5708    
   11.00       1.101    
   12.00       1.912    
   13.00       2.701    
   14.00       3.272    
   15.00       3.541    
   16.00       3.521    
   17.00       3.294    
   18.00       2.970    
   19.00       2.652    
   20.00       2.420    
   21.00       2.312    
   22.00       2.329    
   23.00       2.442    
   24.00       2.605    
   25.00       2.765    
   26.00       2.877    
   27.00       2.911    
   28.00       2.852    
   29.00       2.702    
   30.00       2.476    
   31.00       2.195    
   32.00       1.887    
   33.00       1.576    
   34.00       1.282    
   35.00       1.020    
   36.00      0.7982    
   37.00      0.6185    
   38.00      0.4785    
   39.00      0.3729    
   40.00      0.2948    
   41.00      0.2372    
   42.00      0.1940    
   43.00      0.1603    
   44.00      0.1326    
   45.00      0.1089    
   46.00      0.8820E-01
   47.00      0.7036E-01
   48.00      0.5547E-01
   49.00      0.4378E-01
   50.00      0.3540E-01
   51.00      0.3024E-01
   52.00      0.2795E-01
   53.00      0.2799E-01
   54.00      0.2971E-01
   55.00      0.3242E-01
   56.00      0.3547E-01
   57.00      0.3833E-01
   58.00      0.4065E-01
   59.00      0.4221E-01
   60.00      0.4293E-01
   61.00      0.4290E-01
   62.00      0.4223E-01
   63.00      0.4111E-01
   64.00      0.3974E-01
   65.00      0.3827E-01
   66.00      0.3684E-01
   67.00      0.3551E-01
   68.00      0.3434E-01
   69.00      0.3330E-01
   70.00      0.3236E-01
   71.00      0.3147E-01
   72.00      0.3056E-01
   73.00      0.2959E-01
   74.00      0.2852E-01
   75.00      0.2731E-01
   76.00      0.2596E-01
   77.00      0.2449E-01
   78.00      0.2292E-01
   79.00      0.2129E-01
   80.00      0.1963E-01
   81.00      0.1799E-01
   82.00      0.1640E-01
   83.00      0.1489E-01
   84.00      0.1350E-01
   85.00      0.1222E-01
   86.00      0.1108E-01
   87.00      0.1006E-01
   88.00      0.9162E-02
   89.00      0.8375E-02
   90.00      0.7685E-02
   91.00      0.7075E-02
   92.00      0.6532E-02
   93.00      0.6040E-02
   94.00      0.5589E-02
   95.00      0.5169E-02
   96.00      0.4772E-02
   97.00      0.4395E-02
   98.00      0.4035E-02
   99.00      0.3690E-02
   100.0      0.3361E-02
   101.0      0.3048E-02
   102.0      0.2752E-02
   103.0      0.2475E-02
   104.0      0.2218E-02
   105.0      0.1982E-02
   106.0      0.1766E-02
   107.0      0.1571E-02
   108.0      0.1395E-02
   109.0      0.1239E-02
   110.0      0.1100E-02
   111.0      0.9775E-03
   112.0      0.8695E-03
   113.0      0.7746E-03
   114.0      0.6912E-03
   115.0      0.6179E-03
   116.0      0.5535E-03
   117.0      0.4967E-03
   118.0      0.4467E-03
   119.0      0.4026E-03
   120.0      0.3637E-03
   121.0      0.3293E-03
   122.0      0.2989E-03
   123.0      0.2722E-03
   124.0      0.2486E-03
   125.0      0.2279E-03
   126.0      0.2096E-03
   127.0      0.1935E-03
   128.0      0.1793E-03
   129.0      0.1667E-03
   130.0      0.1554E-03
   131.0      0.1453E-03
   132.0      0.1360E-03
   133.0      0.1274E-03
   134.0      0.1193E-03
   135.0      0.1116E-03
   136.0      0.1042E-03
   137.0      0.9699E-04
   138.0      0.8989E-04
   139.0      0.8289E-04
   140.0      0.7596E-04
   141.0      0.6911E-04
   142.0      0.6239E-04
   143.0      0.5583E-04
   144.0      0.4950E-04
   145.0      0.4347E-04
   146.0      0.3780E-04
   147.0      0.3259E-04
   148.0      0.2788E-04
   149.0      0.2374E-04
   150.0      0.2020E-04
   151.0      0.1728E-04
   152.0      0.1496E-04
   153.0      0.1321E-04
   154.0      0.1198E-04
   155.0      0.1120E-04
   156.0      0.1077E-04
   157.0      0.1062E-04
   158.0      0.1065E-04
   159.0      0.1079E-04
   160.0      0.1098E-04
   161.0      0.1117E-04
   162.0      0.1136E-04
   163.0      0.1155E-04
   164.0      0.1178E-04
   165.0      0.1210E-04
   166.0      0.1257E-04
   167.0      0.1326E-04
   168.0      0.1421E-04
   169.0      0.1546E-04
   170.0      0.1702E-04
   171.0      0.1888E-04
   172.0      0.2099E-04
   173.0      0.2326E-04
   174.0      0.2561E-04
   175.0      0.2789E-04
   176.0      0.3000E-04
   177.0      0.3179E-04
   178.0      0.3316E-04
   179.0      0.3402E-04
   180.0      0.3432E-04
 END
