           5           1           1
    0.0-     1 1   1.754       0.000      0.1877E-01  0.3467E-02  0.1042E-01  0.2430E-02   1.719    
    1.0+     0 1   5.248       0.000      0.5786E-01  0.1476E-01  0.2552E-01  0.2943E-02   5.147    
    1.0+     2 2   5.279       0.000      0.4968E-01  0.8638E-02  0.3220E-01  0.1030E-01   5.178    
    1.0-     1 1   5.259       0.000      0.5645E-01  0.1239E-01  0.2827E-01  0.5297E-02   5.157    
    2.0+     2 1   8.784       0.000      0.8317E-01  0.2004E-01  0.4477E-01  0.1040E-01   8.625    
    2.0-     1 1   8.751       0.000      0.9368E-01  0.2823E-01  0.3655E-01  0.3665E-02   8.589    
    2.0-     3 2   8.838       0.000      0.6819E-01  0.1108E-01  0.5256E-01  0.2182E-01   8.684    
    3.0+     2 1   12.27       0.000      0.1145      0.4305E-01  0.4186E-01  0.5079E-02   12.06    
    3.0+     4 2   12.44       0.000      0.7339E-01  0.1130E-01  0.6836E-01  0.3499E-01   12.25    
    3.0-     3 1   12.34       0.000      0.9585E-01  0.2603E-01  0.5770E-01  0.1661E-01   12.14    
    4.0+     4 1   15.94       0.000      0.9427E-01  0.3013E-01  0.6606E-01  0.2281E-01   15.72    
    4.0-     3 1   15.81       0.000      0.1180      0.5855E-01  0.4234E-01  0.7633E-02   15.58    
    4.0-     5 2   16.11       0.000      0.6655E-01  0.9948E-02  0.7606E-01  0.4560E-01   15.91    
    5.0+     4 1   19.39       0.000      0.1051      0.7328E-01  0.3924E-01  0.1085E-01   19.16    
    5.0+     6 2   19.85       0.000      0.5253E-01  0.7805E-02  0.7502E-01  0.5025E-01   19.67    
    5.0-     5 1   19.58       0.000      0.8015E-01  0.3216E-01  0.6835E-01  0.2671E-01   19.38    
    6.0+     6 1   23.31       0.000      0.5924E-01  0.3181E-01  0.6490E-01  0.2776E-01   23.13    
    6.0-     5 1   23.00       0.000      0.7946E-01  0.8554E-01  0.3387E-01  0.1352E-01   22.79    
    6.0-     7 2   23.59       0.000      0.3609E-01  0.5995E-02  0.6622E-01  0.4340E-01   23.44    
    7.0+     6 1   26.70       0.000      0.4958E-01  0.9183E-01  0.2767E-01  0.1472E-01   26.52    
    7.0+     8 2   27.26       0.000      0.2374E-01  0.4923E-02  0.5918E-01  0.3980E-01   27.14    
    7.0-     7 1   27.06       0.000      0.3700E-01  0.3011E-01  0.5582E-01  0.2377E-01   26.92    
    8.0+     8 1   30.92       0.000      0.1820E-01  0.2559E-01  0.4126E-01  0.1778E-01   30.82    
    8.0-     7 1   30.46       0.000      0.2551E-01  0.9196E-01  0.2230E-01  0.1450E-01   30.31    
    8.0-     9 2   30.21       0.000      0.2206E-01  0.5940E-02  0.7981E-01  0.5817E-01   30.04    
    9.0+     8 1   34.28       0.000      0.1053E-01  0.8010E-01  0.1585E-01  0.1132E-01   34.16    
    9.0+    10 2   30.89       0.000      0.3685E-01  0.8076E-02  0.1164      0.8090E-01   30.64    
    9.0-     9 1   34.58       0.000      0.1390E-01  0.2583E-01  0.4476E-01  0.2726E-01   34.47    
   10.0+    10 1   36.00       0.000      0.3484E-01  0.4681E-01  0.7346E-01  0.5023E-01   35.80    
   10.0-     9 1   38.54       0.000      0.7205E-02  0.5920E-01  0.1290E-01  0.9477E-02   38.45    
   10.0-    11 2   28.10       0.000      0.8775E-01  0.9400E-02  0.1265      0.8333E-01   27.79    
   11.0+    10 1   41.53       0.000      0.2945E-01  0.8735E-01  0.2662E-01  0.2084E-01   41.37    
   11.0+    12 2   22.52       0.000      0.1406      0.1370E-01  0.1022      0.6451E-01   22.19    
   11.0-    11 1   32.88       0.000      0.1002      0.7036E-01  0.9184E-01  0.6142E-01   32.55    
   12.0+    12 1   25.95       0.000      0.1624      0.7029E-01  0.8046E-01  0.5173E-01   25.59    
   12.0-    11 1   38.69       0.000      0.1111      0.1455      0.4771E-01  0.3508E-01   38.35    
   12.0-    13 2   16.21       0.000      0.1387      0.1816E-01  0.6613E-01  0.4048E-01   15.94    
   13.0+    12 1   30.12       0.000      0.1870      0.1433      0.5099E-01  0.3513E-01   29.71    
   13.0+    14 2   10.84       0.000      0.9790E-01  0.1661E-01  0.3682E-01  0.2210E-01   10.66    
   13.0-    13 1   18.26       0.000      0.1568      0.5293E-01  0.5410E-01  0.3404E-01   17.97    
   14.0+    14 1   11.96       0.000      0.1082      0.3311E-01  0.3101E-01  0.1911E-01   11.77    
   14.0-    13 1   20.63       0.000      0.1771      0.9656E-01  0.3785E-01  0.2555E-01   20.30    
   14.0-    15 2   6.930       0.000      0.5670E-01  0.1128E-01  0.1871E-01  0.1103E-01   6.832    
   15.0+    14 1   13.20       0.000      0.1195      0.5305E-01  0.2336E-01  0.1516E-01   12.99    
   15.0+    16 2   4.319       0.000      0.2943E-01  0.6387E-02  0.9012E-02  0.5218E-02   4.269    
   15.0-    15 1   7.532       0.000      0.6168E-01  0.1820E-01  0.1627E-01  0.9702E-02   7.426    
   16.0+    16 1   4.643       0.000      0.3165E-01  0.9198E-02  0.8059E-02  0.4662E-02   4.589    
   16.0-    15 1   8.167       0.000      0.6693E-01  0.2633E-01  0.1311E-01  0.7971E-02   8.053    
   16.0-    17 2   2.652       0.000      0.1438E-01  0.3265E-02  0.4204E-02  0.2391E-02   2.628    
   17.0+    16 1   4.976       0.000      0.3394E-01  0.1244E-01  0.6833E-02  0.3947E-02   4.919    
   17.0+    18 2   1.614       0.000      0.6799E-02  0.1577E-02  0.1924E-02  0.1076E-02   1.603    
   17.0-    17 1   2.829       0.000      0.1535E-01  0.4418E-02  0.3831E-02  0.2168E-02   2.803    
   18.0+    18 1   1.712       0.000      0.7212E-02  0.2061E-02  0.1773E-02  0.9853E-03   1.700    
   18.0-    17 1   3.009       0.000      0.1633E-01  0.5733E-02  0.3354E-02  0.1883E-02   2.981    
   18.0-    19 2  0.9765       0.000      0.3154E-02  0.7379E-03  0.8713E-03  0.4794E-03  0.9713    
   19.0+    18 1   1.811       0.000      0.7630E-02  0.2609E-02  0.1579E-02  0.8702E-03   1.798    
   19.0+    20 2  0.5882       0.000      0.1447E-02  0.3391E-03  0.3922E-03  0.2124E-03  0.5858    
   19.0-    19 1   1.031       0.000      0.3331E-02  0.9460E-03  0.8063E-03  0.4409E-03   1.026    
   20.0+    20 1  0.6190       0.000      0.1523E-02  0.4300E-03  0.3631E-03  0.1953E-03  0.6165    
   20.0-    19 1   1.086       0.000      0.3509E-02  0.1180E-02  0.7240E-03  0.3925E-03   1.080    
   20.0-    21 2  0.3531       0.000      0.6594E-03  0.1542E-03  0.1760E-03  0.9390E-04  0.3520    
   21.0+    20 1  0.6500       0.000      0.1599E-02  0.5318E-03  0.3268E-03  0.1742E-03  0.6473    
   21.0+    22 2  0.2113       0.000      0.2994E-03  0.6973E-04  0.7883E-04  0.4148E-04  0.2108    
   21.0-    21 1  0.3705       0.000      0.6921E-03  0.1945E-03  0.1627E-03  0.8609E-04  0.3694    
   22.0+    22 1  0.2212       0.000      0.3134E-03  0.8766E-04  0.7264E-04  0.3784E-04  0.2207    
   22.0-    21 1  0.3880       0.000      0.7248E-03  0.2393E-03  0.1462E-03  0.7653E-04  0.3868    
   22.0-    23 2  0.1261       0.000      0.1356E-03  0.3142E-04  0.3529E-04  0.1833E-04  0.1259    
   23.0+    22 1  0.2311       0.000      0.3275E-03  0.1076E-03  0.6512E-04  0.3345E-04  0.2306    
   23.0+    24 2  0.7506E-01   0.000      0.6132E-04  0.1413E-04  0.1579E-04  0.8105E-05  0.7496E-01
   23.0-    23 1  0.1317       0.000      0.1417E-03  0.3945E-04  0.3240E-04  0.1662E-04  0.1315    
   24.0+    24 1  0.7826E-01   0.000      0.6394E-04  0.1774E-04  0.1444E-04  0.7305E-05  0.7816E-01
   24.0-    23 1  0.1374       0.000      0.1477E-03  0.4834E-04  0.2893E-04  0.1459E-04  0.1371    
   24.0-    25 2  0.4458E-01   0.000      0.2770E-04  0.6346E-05  0.7067E-05  0.3587E-05  0.4453E-01
   25.0+    24 1  0.8147E-01   0.000      0.6656E-04  0.2172E-04  0.1284E-04  0.6362E-05  0.8136E-01
   25.0+    26 2  0.2641E-01   0.000      0.1251E-04  0.2849E-05  0.3164E-05  0.1589E-05  0.2639E-01
   25.0-    25 1  0.4640E-01   0.000      0.2884E-04  0.7971E-05  0.6438E-05  0.3213E-05  0.4635E-01
   26.0+    26 1  0.2745E-01   0.000      0.1300E-04  0.3581E-05  0.2870E-05  0.1415E-05  0.2743E-01
   26.0-    25 1  0.4822E-01   0.000      0.2997E-04  0.9759E-05  0.5697E-05  0.2776E-05  0.4817E-01
   26.0-    27 2  0.1562E-01   0.000      0.5645E-05  0.1279E-05  0.1417E-05  0.7049E-06  0.1561E-01
   27.0+    26 1  0.2849E-01   0.000      0.1349E-04  0.4385E-05  0.2529E-05  0.1212E-05  0.2847E-01
   27.0+    28 2  0.9219E-02   0.000      0.2547E-05  0.5738E-06  0.6344E-06  0.3129E-06  0.9215E-02
   27.0-    27 1  0.1621E-01   0.000      0.5858E-05  0.1609E-05  0.1280E-05  0.6236E-06  0.1620E-01
   28.0+    28 1  0.9554E-02   0.000      0.2639E-05  0.7228E-06  0.5713E-06  0.2752E-06  0.9550E-02
   28.0-    27 1  0.1680E-01   0.000      0.6071E-05  0.1970E-05  0.1123E-05  0.5303E-06  0.1679E-01
   28.0-    29 2  0.5431E-02   0.000      0.1149E-05  0.2575E-06  0.2842E-06  0.1390E-06  0.5429E-02
   29.0+    28 1  0.9889E-02   0.000      0.2732E-05  0.8855E-06  0.4990E-06  0.2323E-06  0.9885E-02
   29.0+    30 2  0.3194E-02   0.000      0.5180E-06  0.1156E-06  0.1274E-06  0.6184E-07  0.3193E-02
   29.0-    29 1  0.5622E-02   0.000      0.1189E-05  0.3247E-06  0.2551E-06  0.1216E-06  0.5620E-02
   30.0+    30 1  0.3302E-02   0.000      0.5355E-06  0.1459E-06  0.1139E-06  0.5382E-07  0.3301E-02
   30.0-    29 1  0.5812E-02   0.000      0.1229E-05  0.3980E-06  0.2219E-06  0.1019E-06  0.5810E-02
   30.0-    31 2  0.1875E-02   0.000      0.2335E-06  0.5188E-07  0.5709E-07  0.2752E-07  0.1875E-02
   31.0+    30 1  0.3411E-02   0.000      0.5531E-06  0.1789E-06  0.9872E-07  0.4479E-07  0.3410E-02
   31.0+    32 2  0.1100E-02   0.000      0.1053E-06  0.2329E-07  0.2560E-07  0.1226E-07  0.1099E-02
   31.0-    31 1  0.1937E-02   0.000      0.2412E-06  0.6556E-07  0.5091E-07  0.2384E-07  0.1937E-02
   32.0+    32 1  0.1134E-02   0.000      0.1086E-06  0.2946E-07  0.2276E-07  0.1057E-07  0.1134E-02
   32.0-    31 1  0.1998E-02   0.000      0.2489E-06  0.8041E-07  0.4395E-07  0.1971E-07  0.1998E-02
   32.0-    33 2  0.6437E-03   0.000      0.4746E-07  0.1046E-07  0.1148E-07  0.5463E-08  0.6436E-03
   33.0+    32 1  0.1169E-02   0.000      0.1120E-06  0.3615E-07  0.1958E-07  0.8684E-08  0.1169E-02
   33.0+    34 2  0.3763E-03   0.000      0.2139E-07  0.4695E-08  0.5149E-08  0.2436E-08  0.3763E-03
   33.0-    33 1  0.6635E-03   0.000      0.4892E-07  0.1324E-07  0.1018E-07  0.4690E-08  0.6634E-03
   34.0+    34 1  0.3876E-03   0.000      0.2203E-07  0.5952E-08  0.4554E-08  0.2083E-08  0.3875E-03
   34.0-    33 1  0.6833E-03   0.000      0.5038E-07  0.1625E-07  0.8729E-08  0.3831E-08  0.6832E-03
   34.0-    35 2  0.2198E-03   0.000      0.9641E-08  0.2109E-08  0.2310E-08  0.1087E-08  0.2197E-03
   35.0+    34 1  0.3988E-03   0.000      0.2267E-07  0.7306E-08  0.3893E-08  0.1692E-08  0.3988E-03
   35.0+    36 2  0.1282E-03   0.000      0.4345E-08  0.9471E-09  0.1036E-08  0.4852E-09  0.1282E-03
   35.0-    35 1  0.2261E-03   0.000      0.9920E-08  0.2675E-08  0.2038E-08  0.9257E-09  0.2261E-03
   36.0+    36 1  0.1318E-03   0.000      0.4467E-08  0.1203E-08  0.9124E-09  0.4118E-09  0.1318E-03
   36.0-    35 1  0.2325E-03   0.000      0.1020E-07  0.3285E-08  0.1737E-08  0.7481E-09  0.2325E-03
   36.0-    37 2  0.7466E-04   0.000      0.1958E-08  0.4254E-09  0.4652E-09  0.2167E-09  0.7466E-04
   37.0+    36 1  0.1354E-03   0.000      0.4589E-08  0.1477E-08  0.7755E-09  0.3311E-09  0.1354E-03
   37.0+    38 2  0.4345E-04   0.000      0.8821E-09  0.1911E-09  0.2088E-09  0.9681E-10  0.4345E-04
   37.0-    37 1  0.7671E-04   0.000      0.2011E-08  0.5406E-09  0.4086E-09  0.1833E-09  0.7671E-04
   38.0+    38 1  0.4461E-04   0.000      0.9056E-09  0.2430E-09  0.1830E-09  0.8161E-10  0.4461E-04
   38.0-    37 1  0.7876E-04   0.000      0.2065E-08  0.6642E-09  0.3464E-09  0.1466E-09  0.7875E-04
   38.0-    39 2  0.2526E-04   0.000      0.3974E-09  0.8585E-10  0.9373E-10  0.4327E-10  0.2526E-04
   39.0+    38 1  0.4577E-04   0.000      0.9291E-09  0.2987E-09  0.1548E-09  0.6501E-10  0.4577E-04
   39.0+    40 2  0.1467E-04   0.000      0.1791E-09  0.3857E-10  0.4208E-10  0.1935E-10  0.1467E-04
   39.0-    39 1  0.2592E-04   0.000      0.4078E-09  0.1093E-09  0.8200E-10  0.3637E-10  0.2591E-04
   40.0+    40 1  0.1504E-04   0.000      0.1836E-09  0.4913E-10  0.3675E-10  0.1621E-10  0.1504E-04
   40.0-    39 1  0.2657E-04   0.000      0.4181E-09  0.1343E-09  0.6917E-10  0.2884E-10  0.2657E-04
   40.0-    41 2  0.8512E-05   0.000      0.8067E-10  0.1733E-10  0.1890E-10  0.8654E-11  0.8512E-05
   41.0+    40 1  0.1541E-04   0.000      0.1881E-09  0.6040E-10  0.3093E-10  0.1281E-10  0.1541E-04
   41.0+    42 2  0.4935E-05   0.000      0.3634E-10  0.7789E-11  0.8486E-11  0.3872E-11  0.4935E-05
   41.0-    41 1  0.8722E-05   0.000      0.8267E-10  0.2209E-10  0.1647E-10  0.7232E-11  0.8722E-05
   42.0+    42 1  0.5054E-05   0.000      0.3722E-10  0.9934E-11  0.7384E-11  0.3227E-11  0.5054E-05
   42.0-    41 1  0.8933E-05   0.000      0.8466E-10  0.2717E-10  0.1383E-10  0.5690E-11  0.8932E-05
   42.0-    43 2  0.2859E-05   0.000      0.1637E-10  0.3500E-11  0.3811E-11  0.1733E-11  0.2859E-05
   43.0+    42 1  0.5173E-05   0.000      0.3810E-10  0.1222E-10  0.6189E-11  0.2529E-11  0.5173E-05
   43.0+    44 2  0.1655E-05   0.000      0.7375E-11  0.1573E-11  0.1712E-11  0.7757E-12  0.1654E-05
   43.0-    43 1  0.2926E-05   0.000      0.1676E-10  0.4467E-11  0.3311E-11  0.1441E-11  0.2926E-05
   44.0+    44 1  0.1693E-05   0.000      0.7545E-11  0.2009E-11  0.1485E-11  0.6434E-12  0.1693E-05
   44.0-    43 1  0.2993E-05   0.000      0.1714E-10  0.5496E-11  0.2770E-11  0.1125E-11  0.2993E-05
   44.0-    45 2  0.9569E-06   0.000      0.3322E-11  0.7071E-12  0.7690E-12  0.3474E-12  0.9569E-06
   45.0+    44 1  0.1731E-05   0.000      0.7714E-11  0.2472E-11  0.1240E-11  0.5007E-12  0.1731E-05
   45.0+    46 2  0.5530E-06   0.000      0.1496E-11  0.3178E-12  0.3455E-12  0.1556E-12  0.5530E-06
   45.0-    45 1  0.9784E-06   0.000      0.3397E-11  0.9035E-12  0.6660E-12  0.2874E-12  0.9784E-06
   46.0+    46 1  0.5652E-06   0.000      0.1529E-11  0.4063E-12  0.2988E-12  0.1284E-12  0.5652E-06
   46.0-    45 1  0.9999E-06   0.000      0.3471E-11  0.1112E-11  0.5551E-12  0.2230E-12  0.9999E-06
   46.0-    47 2  0.3194E-06   0.000      0.6740E-12  0.1429E-12  0.1552E-12  0.6969E-13  0.3194E-06
   47.0+    46 1  0.5773E-06   0.000      0.1562E-11  0.5001E-12  0.2486E-12  0.9932E-13  0.5773E-06
   47.0+    48 2  0.1843E-06   0.000      0.3035E-12  0.6422E-13  0.6973E-13  0.3122E-13  0.1843E-06
   47.0-    47 1  0.3262E-06   0.000      0.6885E-12  0.1827E-12  0.1341E-12  0.5741E-13  0.3262E-06
   48.0+    48 1  0.1882E-06   0.000      0.3099E-12  0.8219E-13  0.6015E-13  0.2567E-13  0.1882E-06
   48.0-    47 1  0.3331E-06   0.000      0.7029E-12  0.2250E-12  0.1113E-12  0.4426E-13  0.3331E-06
   48.0-    49 2  0.1063E-06   0.000      0.1367E-12  0.2887E-13  0.3133E-13  0.1399E-13  0.1063E-06
   49.0+    48 1  0.1921E-06   0.000      0.3163E-12  0.1012E-12  0.4988E-13  0.1973E-13  0.1921E-06
   49.0+    50 2  0.6128E-07   0.000      0.6157E-13  0.1298E-13  0.1408E-13  0.6274E-14  0.6128E-07
   49.0-    49 1  0.1085E-06   0.000      0.1395E-12  0.3696E-13  0.2699E-13  0.1148E-13  0.1085E-06
   50.0+    50 1  0.6252E-07   0.000      0.6281E-13  0.1663E-13  0.1212E-13  0.5138E-14  0.6252E-07
   50.0-    49 1  0.1107E-06   0.000      0.1423E-12  0.4552E-13  0.2235E-13  0.8802E-14  0.1107E-06
   50.0-    51 2  0.3530E-07   0.000      0.2773E-13  0.5835E-14  0.6327E-14  0.2811E-14  0.3530E-07
   51.0+    50 1  0.6376E-07   0.000      0.6406E-13  0.2048E-13  0.1002E-13  0.3927E-14  0.6376E-07
   51.0+    52 2  0.2033E-07   0.000      0.1249E-13  0.2623E-14  0.2844E-14  0.1261E-14  0.2033E-07
   51.0-    51 1  0.3600E-07   0.000      0.2828E-13  0.7478E-14  0.5438E-14  0.2298E-14  0.3600E-07
   52.0+    52 1  0.2072E-07   0.000      0.1273E-13  0.3364E-14  0.2441E-14  0.1029E-14  0.2072E-07
   52.0-    51 1  0.3670E-07   0.000      0.2883E-13  0.9212E-14  0.4490E-14  0.1753E-14  0.3670E-07
   52.0-    53 2  0.1170E-07   0.000      0.5623E-14  0.1180E-14  0.1278E-14  0.5665E-15  0.1170E-07
   53.0+    52 1  0.2112E-07   0.000      0.1297E-13  0.4144E-14  0.2013E-14  0.7826E-15  0.2112E-07
   53.0+    54 2  0.6727E-08   0.000      0.2532E-14  0.5304E-15  0.5743E-15  0.2537E-15  0.6727E-08
   53.0-    53 1  0.1192E-07   0.000      0.5730E-14  0.1513E-14  0.1096E-14  0.4610E-15  0.1192E-07
   54.0+    54 1  0.6852E-08   0.000      0.2580E-14  0.6806E-15  0.4922E-15  0.2065E-15  0.6852E-08
   54.0-    53 1  0.1214E-07   0.000      0.5837E-14  0.1864E-14  0.9025E-15  0.3496E-15  0.1214E-07
   54.0-    55 2  0.3867E-08   0.000      0.1140E-14  0.2385E-15  0.2582E-15  0.1139E-15  0.3867E-08
   55.0+    54 1  0.6978E-08   0.000      0.2627E-14  0.8387E-15  0.4047E-15  0.1562E-15  0.6978E-08
   55.0+    56 2  0.2222E-08   0.000      0.5135E-15  0.1072E-15  0.1160E-15  0.5140E-16  0.2222E-08
   55.0-    55 1  0.3938E-08   0.000      0.1161E-14  0.3062E-15  0.2210E-15  0.9258E-16  0.3938E-08
   56.0+    56 1  0.2262E-08   0.000      0.5228E-15  0.1377E-15  0.9925E-16  0.4165E-16  0.2262E-08
   56.0-    55 1  0.4008E-08   0.000      0.1182E-14  0.3773E-15  0.1815E-15  0.6980E-16  0.4008E-08
   56.0-    57 2  0.1276E-08   0.000      0.2312E-15  0.4822E-16  0.5214E-16  0.2318E-16  0.1276E-08
   57.0+    56 1  0.2302E-08   0.000      0.5320E-15  0.1697E-15  0.8141E-16  0.3121E-16  0.2302E-08
   57.0+    58 2  0.7327E-09   0.000      0.1041E-15  0.2168E-16  0.2343E-16  0.1036E-16  0.7327E-09
   57.0-    57 1  0.1299E-08   0.000      0.2353E-15  0.6195E-16  0.4456E-16  0.1866E-16  0.1299E-08
   58.0+    58 1  0.7446E-09   0.000      0.1059E-15  0.2787E-16  0.2001E-16  0.8306E-17  0.7446E-09
   58.0-    57 1  0.1321E-08   0.000      0.2394E-15  0.7636E-16  0.3652E-16  0.1397E-16  0.1321E-08
   58.0-    59 2  0.4204E-09   0.000      0.4688E-16  0.9751E-17  0.1056E-16  0.4637E-17  0.4204E-09
   59.0+    58 1  0.7580E-09   0.000      0.1077E-15  0.3436E-16  0.1639E-16  0.6235E-17  0.7580E-09
   59.0+    60 2  0.2410E-09   0.000      0.2111E-16  0.4385E-17  0.4701E-17  0.2072E-17  0.2410E-09
   59.0-    59 1  0.4273E-09   0.000      0.4769E-16  0.1254E-16  0.8989E-17  0.3733E-17  0.4273E-09
   60.0+    60 1  0.2452E-09   0.000      0.2147E-16  0.5640E-17  0.4037E-17  0.1666E-17  0.2452E-09
   60.0-    59 1  0.4349E-09   0.000      0.4849E-16  0.1546E-16  0.7351E-17  0.2794E-17  0.4349E-09
   60.0-    61 2  0.1383E-09   0.000      0.9506E-17  0.1972E-17  0.2135E-17  0.9199E-18  0.1383E-09
