# Fusion cross sections for ELAB=  70.000, ECM=  63.596
     0.0   1.719     -1
     1.0   10.33      1
     1.0   15.48     -1
     2.0   8.624      1
     2.0   25.90     -1
     3.0   24.31      1
     3.0   36.45     -1
     4.0   15.72      1
     4.0   47.20     -1
     5.0   38.81      1
     5.0   58.18     -1
     6.0   23.12      1
     6.0   69.33     -1
     7.0   53.64      1
     7.0   80.55     -1
     8.0   30.81      1
     8.0   91.15     -1
     9.0   64.80      1
     9.0   99.28     -1
    10.0   35.81      1
    10.0   102.1     -1
    11.0   63.61      1
    11.0   96.20     -1
    12.0   25.63      1
    12.0   80.00     -1
    13.0   40.44      1
    13.0   58.43     -1
    14.0   11.78      1
    14.0   38.95     -1
    15.0   17.27      1
    15.0   24.70     -1
    16.0   4.592      1
    16.0   15.28     -1
    17.0   6.527      1
    17.0   9.333     -1
    18.0   1.702      1
    18.0   5.658     -1
    19.0   2.387      1
    19.0   3.414     -1
    20.0  0.6176      1
    20.0   2.052     -1
    21.0  0.8598      1
    21.0   1.230     -1
    22.0  0.2212      1
    22.0  0.7350     -1
    23.0  0.3063      1
    23.0  0.4381     -1
    24.0  0.7837E-01  1
    24.0  0.2605     -1
    25.0  0.1080      1
    25.0  0.1545     -1
    26.0  0.2751E-01  1
    26.0  0.9148E-01 -1
    27.0  0.3779E-01  1
    27.0  0.5404E-01 -1
    28.0  0.9579E-02  1
    28.0  0.3187E-01 -1
    29.0  0.1312E-01  1
    29.0  0.1876E-01 -1
    30.0  0.3312E-02  1
    30.0  0.1102E-01 -1
    31.0  0.4524E-02  1
    31.0  0.6466E-02 -1
    32.0  0.1138E-02  1
    32.0  0.3788E-02 -1
    33.0  0.1551E-02  1
    33.0  0.2216E-02 -1
    34.0  0.3888E-03  1
    34.0  0.1295E-02 -1
    35.0  0.5287E-03  1
    35.0  0.7556E-03 -1
    36.0  0.1322E-03  1
    36.0  0.4404E-03 -1
    37.0  0.1794E-03  1
    37.0  0.2564E-03 -1
    38.0  0.4476E-04  1
    38.0  0.1491E-03 -1
    39.0  0.6064E-04  1
    39.0  0.8664E-04 -1
    40.0  0.1509E-04  1
    40.0  0.5029E-04 -1
    41.0  0.2042E-04  1
    41.0  0.2917E-04 -1
    42.0  0.5071E-05  1
    42.0  0.1690E-04 -1
    43.0  0.6850E-05  1
    43.0  0.9786E-05 -1
    44.0  0.1698E-05  1
    44.0  0.5662E-05 -1
    45.0  0.2291E-05  1
    45.0  0.3273E-05 -1
    46.0  0.5671E-06  1
    46.0  0.1891E-05 -1
    47.0  0.7643E-06  1
    47.0  0.1092E-05 -1
    48.0  0.1889E-06  1
    48.0  0.6298E-06 -1
    49.0  0.2542E-06  1
    49.0  0.3631E-06 -1
    50.0  0.6273E-07  1
    50.0  0.2092E-06 -1
    51.0  0.8437E-07  1
    51.0  0.1205E-06 -1
    52.0  0.2079E-07  1
    52.0  0.6935E-07 -1
    53.0  0.2794E-07  1
    53.0  0.3990E-07 -1
    54.0  0.6876E-08  1
    54.0  0.2294E-07 -1
    55.0  0.9232E-08  1
    55.0  0.1318E-07 -1
    56.0  0.2270E-08  1
    56.0  0.7572E-08 -1
    57.0  0.3044E-08  1
    57.0  0.4347E-08 -1
    58.0  0.7476E-09  1
    58.0  0.2494E-08 -1
    59.0  0.1003E-08  1
    59.0  0.1431E-08 -1
    60.0  0.2462E-09  1
    60.0  0.8211E-09 -1
 &
