# 178 angles,  1 tensor ranks for 0=projectile
@subtitle   "20O + d inelastic scattering;"                                                 
@legend ON
@legend x1 0.2
@legend y1 0.8
@g0 type LOGY
@yaxis ticklabel format power
@legend string   0 "Lab energy =   70.0000"
#legend string   0 "Partition=  1 Excit=  1 near/far= 1"
#  Theta       sigma       iT11        T20         T21         T22         Kyy for projectile
   3.000      0.2957E+05
   4.000      0.1222E+05
   5.000       8280.    
   6.000       6612.    
   7.000       5386.    
   8.000       4280.    
   9.000       3267.    
   10.00       2374.    
   11.00       1628.    
   12.00       1040.    
   13.00       605.4    
   14.00       309.5    
   15.00       129.2    
   16.00       38.25    
   17.00       10.31    
   18.00       21.67    
   19.00       52.83    
   20.00       89.16    
   21.00       120.9    
   22.00       142.8    
   23.00       152.9    
   24.00       151.8    
   25.00       141.8    
   26.00       125.8    
   27.00       106.6    
   28.00       87.00    
   29.00       68.81    
   30.00       53.36    
   31.00       41.24    
   32.00       32.50    
   33.00       26.80    
   34.00       23.53    
   35.00       22.03    
   36.00       21.61    
   37.00       21.69    
   38.00       21.82    
   39.00       21.69    
   40.00       21.14    
   41.00       20.12    
   42.00       18.68    
   43.00       16.90    
   44.00       14.93    
   45.00       12.88    
   46.00       10.88    
   47.00       9.021    
   48.00       7.364    
   49.00       5.947    
   50.00       4.781    
   51.00       3.855    
   52.00       3.145    
   53.00       2.617    
   54.00       2.235    
   55.00       1.961    
   56.00       1.764    
   57.00       1.616    
   58.00       1.496    
   59.00       1.389    
   60.00       1.284    
   61.00       1.178    
   62.00       1.068    
   63.00      0.9556    
   64.00      0.8429    
   65.00      0.7328    
   66.00      0.6282    
   67.00      0.5315    
   68.00      0.4446    
   69.00      0.3683    
   70.00      0.3032    
   71.00      0.2489    
   72.00      0.2046    
   73.00      0.1693    
   74.00      0.1416    
   75.00      0.1202    
   76.00      0.1039    
   77.00      0.9127E-01
   78.00      0.8147E-01
   79.00      0.7361E-01
   80.00      0.6705E-01
   81.00      0.6130E-01
   82.00      0.5603E-01
   83.00      0.5105E-01
   84.00      0.4624E-01
   85.00      0.4157E-01
   86.00      0.3706E-01
   87.00      0.3273E-01
   88.00      0.2863E-01
   89.00      0.2480E-01
   90.00      0.2130E-01
   91.00      0.1813E-01
   92.00      0.1531E-01
   93.00      0.1285E-01
   94.00      0.1073E-01
   95.00      0.8925E-02
   96.00      0.7415E-02
   97.00      0.6166E-02
   98.00      0.5144E-02
   99.00      0.4318E-02
   100.0      0.3655E-02
   101.0      0.3128E-02
   102.0      0.2709E-02
   103.0      0.2378E-02
   104.0      0.2114E-02
   105.0      0.1902E-02
   106.0      0.1730E-02
   107.0      0.1587E-02
   108.0      0.1465E-02
   109.0      0.1359E-02
   110.0      0.1263E-02
   111.0      0.1174E-02
   112.0      0.1091E-02
   113.0      0.1011E-02
   114.0      0.9341E-03
   115.0      0.8591E-03
   116.0      0.7860E-03
   117.0      0.7150E-03
   118.0      0.6463E-03
   119.0      0.5802E-03
   120.0      0.5173E-03
   121.0      0.4578E-03
   122.0      0.4023E-03
   123.0      0.3511E-03
   124.0      0.3046E-03
   125.0      0.2628E-03
   126.0      0.2260E-03
   127.0      0.1942E-03
   128.0      0.1672E-03
   129.0      0.1448E-03
   130.0      0.1268E-03
   131.0      0.1128E-03
   132.0      0.1024E-03
   133.0      0.9502E-04
   134.0      0.9029E-04
   135.0      0.8767E-04
   136.0      0.8665E-04
   137.0      0.8679E-04
   138.0      0.8764E-04
   139.0      0.8883E-04
   140.0      0.9005E-04
   141.0      0.9101E-04
   142.0      0.9153E-04
   143.0      0.9146E-04
   144.0      0.9071E-04
   145.0      0.8925E-04
   146.0      0.8710E-04
   147.0      0.8430E-04
   148.0      0.8093E-04
   149.0      0.7709E-04
   150.0      0.7289E-04
   151.0      0.6846E-04
   152.0      0.6389E-04
   153.0      0.5931E-04
   154.0      0.5481E-04
   155.0      0.5048E-04
   156.0      0.4637E-04
   157.0      0.4254E-04
   158.0      0.3902E-04
   159.0      0.3582E-04
   160.0      0.3293E-04
   161.0      0.3036E-04
   162.0      0.2808E-04
   163.0      0.2606E-04
   164.0      0.2426E-04
   165.0      0.2265E-04
   166.0      0.2121E-04
   167.0      0.1990E-04
   168.0      0.1869E-04
   169.0      0.1758E-04
   170.0      0.1654E-04
   171.0      0.1557E-04
   172.0      0.1466E-04
   173.0      0.1383E-04
   174.0      0.1307E-04
   175.0      0.1241E-04
   176.0      0.1185E-04
   177.0      0.1139E-04
   178.0      0.1106E-04
   179.0      0.1086E-04
   180.0      0.1079E-04
 END
