# 178 angles,  1 tensor ranks for 0=projectile
@subtitle   "20O + d inelastic scattering;"                                                 
@legend ON
@legend x1 0.2
@legend y1 0.8
@g0 type LOGY
@yaxis ticklabel format power
@legend string   0 "Lab energy =   70.0000"
#legend string   0 "Partition=  1 Excit=  2 near/far= 1"
#  Theta       sigma       iT11        T20         T21         T22         Kyy for projectile
   3.000       4.720    
   4.000       6.232    
   5.000       7.858    
   6.000       9.429    
   7.000       10.82    
   8.000       11.98    
   9.000       12.94    
   10.00       13.77    
   11.00       14.57    
   12.00       15.43    
   13.00       16.39    
   14.00       17.42    
   15.00       18.45    
   16.00       19.37    
   17.00       20.05    
   18.00       20.34    
   19.00       20.17    
   20.00       19.48    
   21.00       18.31    
   22.00       16.74    
   23.00       14.88    
   24.00       12.89    
   25.00       10.92    
   26.00       9.117    
   27.00       7.585    
   28.00       6.399    
   29.00       5.585    
   30.00       5.126    
   31.00       4.971    
   32.00       5.043    
   33.00       5.254    
   34.00       5.518    
   35.00       5.757    
   36.00       5.913    
   37.00       5.947    
   38.00       5.843    
   39.00       5.605    
   40.00       5.254    
   41.00       4.817    
   42.00       4.332    
   43.00       3.832    
   44.00       3.351    
   45.00       2.913    
   46.00       2.536    
   47.00       2.227    
   48.00       1.987    
   49.00       1.809    
   50.00       1.685    
   51.00       1.600    
   52.00       1.542    
   53.00       1.496    
   54.00       1.453    
   55.00       1.404    
   56.00       1.344    
   57.00       1.270    
   58.00       1.183    
   59.00       1.085    
   60.00      0.9782    
   61.00      0.8679    
   62.00      0.7578    
   63.00      0.6517    
   64.00      0.5529    
   65.00      0.4638    
   66.00      0.3858    
   67.00      0.3194    
   68.00      0.2645    
   69.00      0.2203    
   70.00      0.1856    
   71.00      0.1590    
   72.00      0.1389    
   73.00      0.1237    
   74.00      0.1122    
   75.00      0.1032    
   76.00      0.9579E-01
   77.00      0.8919E-01
   78.00      0.8296E-01
   79.00      0.7681E-01
   80.00      0.7062E-01
   81.00      0.6437E-01
   82.00      0.5810E-01
   83.00      0.5190E-01
   84.00      0.4589E-01
   85.00      0.4018E-01
   86.00      0.3485E-01
   87.00      0.2997E-01
   88.00      0.2557E-01
   89.00      0.2168E-01
   90.00      0.1828E-01
   91.00      0.1535E-01
   92.00      0.1287E-01
   93.00      0.1079E-01
   94.00      0.9064E-02
   95.00      0.7648E-02
   96.00      0.6500E-02
   97.00      0.5582E-02
   98.00      0.4861E-02
   99.00      0.4309E-02
   100.0      0.3896E-02
   101.0      0.3598E-02
   102.0      0.3391E-02
   103.0      0.3256E-02
   104.0      0.3176E-02
   105.0      0.3135E-02
   106.0      0.3119E-02
   107.0      0.3114E-02
   108.0      0.3107E-02
   109.0      0.3089E-02
   110.0      0.3052E-02
   111.0      0.2992E-02
   112.0      0.2908E-02
   113.0      0.2797E-02
   114.0      0.2660E-02
   115.0      0.2500E-02
   116.0      0.2320E-02
   117.0      0.2124E-02
   118.0      0.1919E-02
   119.0      0.1710E-02
   120.0      0.1504E-02
   121.0      0.1305E-02
   122.0      0.1117E-02
   123.0      0.9449E-03
   124.0      0.7912E-03
   125.0      0.6586E-03
   126.0      0.5482E-03
   127.0      0.4601E-03
   128.0      0.3930E-03
   129.0      0.3454E-03
   130.0      0.3158E-03
   131.0      0.3025E-03
   132.0      0.3032E-03
   133.0      0.3151E-03
   134.0      0.3349E-03
   135.0      0.3596E-03
   136.0      0.3867E-03
   137.0      0.4144E-03
   138.0      0.4412E-03
   139.0      0.4655E-03
   140.0      0.4857E-03
   141.0      0.5007E-03
   142.0      0.5100E-03
   143.0      0.5137E-03
   144.0      0.5121E-03
   145.0      0.5054E-03
   146.0      0.4936E-03
   147.0      0.4768E-03
   148.0      0.4556E-03
   149.0      0.4313E-03
   150.0      0.4051E-03
   151.0      0.3781E-03
   152.0      0.3506E-03
   153.0      0.3228E-03
   154.0      0.2950E-03
   155.0      0.2676E-03
   156.0      0.2415E-03
   157.0      0.2174E-03
   158.0      0.1955E-03
   159.0      0.1760E-03
   160.0      0.1585E-03
   161.0      0.1430E-03
   162.0      0.1294E-03
   163.0      0.1179E-03
   164.0      0.1084E-03
   165.0      0.1003E-03
   166.0      0.9356E-04
   167.0      0.8790E-04
   168.0      0.8336E-04
   169.0      0.7999E-04
   170.0      0.7770E-04
   171.0      0.7607E-04
   172.0      0.7462E-04
   173.0      0.7302E-04
   174.0      0.7134E-04
   175.0      0.6994E-04
   176.0      0.6929E-04
   177.0      0.6957E-04
   178.0      0.7052E-04
   179.0      0.7150E-04
   180.0      0.7190E-04
 END
