# 178 angles,  1 tensor ranks for 0=projectile
@subtitle   "20O + d 2+1 inelastic;"                                                        
@legend ON
@legend x1 0.2
@legend y1 0.8
@g0 type LOGY
@yaxis ticklabel format power
@legend string   0 "Lab energy =   70.0000"
#legend string   0 "Partition=  1 Excit=  2 near/far= 1"
#  Theta       sigma       iT11        T20         T21         T22         Kyy for projectile
   3.000       24.58    
   4.000       22.34    
   5.000       21.61    
   6.000       23.36    
   7.000       28.04    
   8.000       35.33    
   9.000       44.23    
   10.00       53.38    
   11.00       61.44    
   12.00       67.32    
   13.00       70.28    
   14.00       69.98    
   15.00       66.48    
   16.00       60.24    
   17.00       52.10    
   18.00       43.11    
   19.00       34.30    
   20.00       26.53    
   21.00       20.36    
   22.00       16.05    
   23.00       13.59    
   24.00       12.77    
   25.00       13.20    
   26.00       14.43    
   27.00       15.96    
   28.00       17.40    
   29.00       18.45    
   30.00       18.95    
   31.00       18.85    
   32.00       18.18    
   33.00       17.05    
   34.00       15.59    
   35.00       13.96    
   36.00       12.32    
   37.00       10.79    
   38.00       9.450    
   39.00       8.335    
   40.00       7.453    
   41.00       6.787    
   42.00       6.300    
   43.00       5.944    
   44.00       5.667    
   45.00       5.422    
   46.00       5.171    
   47.00       4.893    
   48.00       4.580    
   49.00       4.232    
   50.00       3.856    
   51.00       3.461    
   52.00       3.063    
   53.00       2.677    
   54.00       2.315    
   55.00       1.989    
   56.00       1.702    
   57.00       1.457    
   58.00       1.254    
   59.00       1.089    
   60.00      0.9574    
   61.00      0.8533    
   62.00      0.7700    
   63.00      0.7015    
   64.00      0.6429    
   65.00      0.5907    
   66.00      0.5422    
   67.00      0.4954    
   68.00      0.4494    
   69.00      0.4043    
   70.00      0.3605    
   71.00      0.3190    
   72.00      0.2802    
   73.00      0.2445    
   74.00      0.2120    
   75.00      0.1832    
   76.00      0.1583    
   77.00      0.1375    
   78.00      0.1202    
   79.00      0.1061    
   80.00      0.9425E-01
   81.00      0.8438E-01
   82.00      0.7614E-01
   83.00      0.6921E-01
   84.00      0.6320E-01
   85.00      0.5774E-01
   86.00      0.5260E-01
   87.00      0.4774E-01
   88.00      0.4321E-01
   89.00      0.3901E-01
   90.00      0.3509E-01
   91.00      0.3137E-01
   92.00      0.2784E-01
   93.00      0.2461E-01
   94.00      0.2176E-01
   95.00      0.1933E-01
   96.00      0.1726E-01
   97.00      0.1547E-01
   98.00      0.1392E-01
   99.00      0.1260E-01
   100.0      0.1151E-01
   101.0      0.1061E-01
   102.0      0.9833E-02
   103.0      0.9129E-02
   104.0      0.8479E-02
   105.0      0.7891E-02
   106.0      0.7365E-02
   107.0      0.6876E-02
   108.0      0.6391E-02
   109.0      0.5894E-02
   110.0      0.5398E-02
   111.0      0.4927E-02
   112.0      0.4491E-02
   113.0      0.4078E-02
   114.0      0.3682E-02
   115.0      0.3310E-02
   116.0      0.2978E-02
   117.0      0.2699E-02
   118.0      0.2460E-02
   119.0      0.2238E-02
   120.0      0.2015E-02
   121.0      0.1802E-02
   122.0      0.1623E-02
   123.0      0.1491E-02
   124.0      0.1395E-02
   125.0      0.1312E-02
   126.0      0.1223E-02
   127.0      0.1128E-02
   128.0      0.1040E-02
   129.0      0.9689E-03
   130.0      0.9081E-03
   131.0      0.8452E-03
   132.0      0.7783E-03
   133.0      0.7164E-03
   134.0      0.6685E-03
   135.0      0.6354E-03
   136.0      0.6058E-03
   137.0      0.5641E-03
   138.0      0.5068E-03
   139.0      0.4477E-03
   140.0      0.4028E-03
   141.0      0.3758E-03
   142.0      0.3591E-03
   143.0      0.3419E-03
   144.0      0.3168E-03
   145.0      0.2860E-03
   146.0      0.2588E-03
   147.0      0.2393E-03
   148.0      0.2229E-03
   149.0      0.2053E-03
   150.0      0.1885E-03
   151.0      0.1753E-03
   152.0      0.1667E-03
   153.0      0.1622E-03
   154.0      0.1580E-03
   155.0      0.1483E-03
   156.0      0.1340E-03
   157.0      0.1224E-03
   158.0      0.1159E-03
   159.0      0.1111E-03
   160.0      0.1061E-03
   161.0      0.1014E-03
   162.0      0.9538E-04
   163.0      0.8894E-04
   164.0      0.8543E-04
   165.0      0.8299E-04
   166.0      0.7612E-04
   167.0      0.6649E-04
   168.0      0.6035E-04
   169.0      0.5755E-04
   170.0      0.5455E-04
   171.0      0.5233E-04
   172.0      0.5181E-04
   173.0      0.5088E-04
   174.0      0.5145E-04
   175.0      0.5639E-04
   176.0      0.5871E-04
   177.0      0.5001E-04
   178.0      0.3657E-04
   179.0      0.2982E-04
   180.0      0.2902E-04
 END
