# 178 angles,  1 tensor ranks for 0=projectile
@subtitle   "20O + d 2+1 inelastic;"                                                        
@legend ON
@legend x1 0.2
@legend y1 0.8
@g0 type LOGY
@yaxis ticklabel format power
@legend string   0 "Lab energy =   70.0000"
#legend string   0 "Partition=  1 Excit=  1 near/far= 1"
#  Theta       sigma       iT11        T20         T21         T22         Kyy for projectile
   3.000      0.2780E+05
   4.000      0.1173E+05
   5.000       8250.    
   6.000       6724.    
   7.000       5510.    
   8.000       4367.    
   9.000       3309.    
   10.00       2381.    
   11.00       1615.    
   12.00       1023.    
   13.00       595.5    
   14.00       312.3    
   15.00       145.3    
   16.00       64.84    
   17.00       42.58    
   18.00       54.40    
   19.00       81.53    
   20.00       110.8    
   21.00       134.1    
   22.00       147.6    
   23.00       150.7    
   24.00       144.6    
   25.00       131.7    
   26.00       114.8    
   27.00       96.31    
   28.00       78.36    
   29.00       62.34    
   30.00       49.02    
   31.00       38.66    
   32.00       31.13    
   33.00       26.01    
   34.00       22.78    
   35.00       20.88    
   36.00       19.80    
   37.00       19.12    
   38.00       18.54    
   39.00       17.85    
   40.00       16.96    
   41.00       15.85    
   42.00       14.54    
   43.00       13.10    
   44.00       11.60    
   45.00       10.10    
   46.00       8.685    
   47.00       7.387    
   48.00       6.239    
   49.00       5.254    
   50.00       4.433    
   51.00       3.763    
   52.00       3.227    
   53.00       2.804    
   54.00       2.470    
   55.00       2.205    
   56.00       1.991    
   57.00       1.810    
   58.00       1.653    
   59.00       1.509    
   60.00       1.375    
   61.00       1.246    
   62.00       1.121    
   63.00       1.002    
   64.00      0.8876    
   65.00      0.7805    
   66.00      0.6814    
   67.00      0.5913    
   68.00      0.5108    
   69.00      0.4402    
   70.00      0.3792    
   71.00      0.3274    
   72.00      0.2839    
   73.00      0.2478    
   74.00      0.2179    
   75.00      0.1933    
   76.00      0.1729    
   77.00      0.1558    
   78.00      0.1411    
   79.00      0.1283    
   80.00      0.1167    
   81.00      0.1061    
   82.00      0.9621E-01
   83.00      0.8687E-01
   84.00      0.7801E-01
   85.00      0.6964E-01
   86.00      0.6179E-01
   87.00      0.5449E-01
   88.00      0.4779E-01
   89.00      0.4172E-01
   90.00      0.3630E-01
   91.00      0.3154E-01
   92.00      0.2741E-01
   93.00      0.2387E-01
   94.00      0.2087E-01
   95.00      0.1835E-01
   96.00      0.1625E-01
   97.00      0.1449E-01
   98.00      0.1302E-01
   99.00      0.1176E-01
   100.0      0.1067E-01
   101.0      0.9706E-02
   102.0      0.8830E-02
   103.0      0.8019E-02
   104.0      0.7256E-02
   105.0      0.6531E-02
   106.0      0.5841E-02
   107.0      0.5185E-02
   108.0      0.4567E-02
   109.0      0.3990E-02
   110.0      0.3459E-02
   111.0      0.2978E-02
   112.0      0.2549E-02
   113.0      0.2173E-02
   114.0      0.1849E-02
   115.0      0.1576E-02
   116.0      0.1350E-02
   117.0      0.1167E-02
   118.0      0.1020E-02
   119.0      0.9043E-03
   120.0      0.8139E-03
   121.0      0.7432E-03
   122.0      0.6868E-03
   123.0      0.6405E-03
   124.0      0.6003E-03
   125.0      0.5634E-03
   126.0      0.5275E-03
   127.0      0.4913E-03
   128.0      0.4539E-03
   129.0      0.4153E-03
   130.0      0.3755E-03
   131.0      0.3351E-03
   132.0      0.2949E-03
   133.0      0.2556E-03
   134.0      0.2180E-03
   135.0      0.1829E-03
   136.0      0.1508E-03
   137.0      0.1222E-03
   138.0      0.9744E-04
   139.0      0.7650E-04
   140.0      0.5935E-04
   141.0      0.4579E-04
   142.0      0.3548E-04
   143.0      0.2803E-04
   144.0      0.2297E-04
   145.0      0.1986E-04
   146.0      0.1822E-04
   147.0      0.1764E-04
   148.0      0.1774E-04
   149.0      0.1821E-04
   150.0      0.1881E-04
   151.0      0.1937E-04
   152.0      0.1976E-04
   153.0      0.1992E-04
   154.0      0.1982E-04
   155.0      0.1947E-04
   156.0      0.1889E-04
   157.0      0.1812E-04
   158.0      0.1720E-04
   159.0      0.1616E-04
   160.0      0.1503E-04
   161.0      0.1386E-04
   162.0      0.1266E-04
   163.0      0.1146E-04
   164.0      0.1029E-04
   165.0      0.9164E-05
   166.0      0.8115E-05
   167.0      0.7169E-05
   168.0      0.6351E-05
   169.0      0.5682E-05
   170.0      0.5179E-05
   171.0      0.4846E-05
   172.0      0.4679E-05
   173.0      0.4661E-05
   174.0      0.4766E-05
   175.0      0.4958E-05
   176.0      0.5196E-05
   177.0      0.5438E-05
   178.0      0.5644E-05
   179.0      0.5782E-05
   180.0      0.5831E-05
 END
