# Fusion cross sections for ELAB=  70.000, ECM=  63.597
     0.0   1.741       1.743      0.2178E-02
     1.0   15.68       15.75      0.6918E-01
     2.0   26.30       26.62      0.3173    
     3.0   37.07       37.80      0.7232    
     4.0   47.96       49.16       1.194    
     5.0   58.77       60.44       1.674    
     6.0   69.67       71.69       2.011    
     7.0   80.61       83.00       2.398    
     8.0   90.66       93.69       3.034    
     9.0   97.97       101.8       3.837    
    10.0   99.80       104.5       4.732    
    11.0   93.05       98.51       5.457    
    12.0   77.08       82.29       5.214    
    13.0   56.70       60.60       3.900    
    14.0   38.20       40.68       2.479    
    15.0   24.53       25.90       1.368    
    16.0   15.33       15.98      0.6497    
    17.0   9.403       9.681      0.2774    
    18.0   5.704       5.816      0.1117    
    19.0   3.436       3.480      0.4355E-01
    20.0   2.061       2.078      0.1664E-01
    21.0   1.233       1.239      0.6253E-02
    22.0  0.7354      0.7377      0.2307E-02
    23.0  0.4376      0.4385      0.8304E-03
    24.0  0.2599      0.2602      0.2885E-03
    25.0  0.1540      0.1541      0.9492E-04
    26.0  0.9109E-01  0.9112E-01  0.2857E-04
    27.0  0.5378E-01  0.5378E-01  0.7424E-05
    28.0  0.3169E-01  0.3169E-01  0.1584E-05
    29.0  0.1864E-01  0.1864E-01  0.5027E-06
    30.0  0.1095E-01  0.1095E-01  0.6436E-06
    31.0  0.6421E-02  0.6422E-02  0.9317E-06
    32.0  0.3760E-02  0.3762E-02  0.1109E-05
    33.0  0.2199E-02  0.2200E-02  0.1161E-05
    34.0  0.1284E-02  0.1285E-02  0.1126E-05
    35.0  0.7492E-03  0.7503E-03  0.1044E-05
    36.0  0.4365E-03  0.4375E-03  0.9407E-06
    37.0  0.2541E-03  0.2549E-03  0.8334E-06
    38.0  0.1477E-03  0.1485E-03  0.7304E-06
    39.0  0.8580E-04  0.8644E-04  0.6361E-06
    40.0  0.4979E-04  0.5034E-04  0.5518E-06
    41.0  0.2887E-04  0.2935E-04  0.4777E-06
    42.0  0.1672E-04  0.1714E-04  0.4131E-06
    43.0  0.9679E-05  0.1004E-04  0.3571E-06
    44.0  0.5598E-05  0.5907E-05  0.3087E-06
    45.0  0.3235E-05  0.3502E-05  0.2669E-06
    46.0  0.1869E-05  0.2100E-05  0.2309E-06
    47.0  0.1078E-05  0.1278E-05  0.1999E-06
    48.0  0.6220E-06  0.7951E-06  0.1731E-06
    49.0  0.3585E-06  0.5085E-06  0.1500E-06
    50.0  0.2065E-06  0.3366E-06  0.1301E-06
 &
