# 178 angles,  1 tensor ranks for 0=projectile
@subtitle   "20O + d Ex 7.639 3-;"                                                          
@legend ON
@legend x1 0.2
@legend y1 0.8
@g0 type LOGY
@yaxis ticklabel format power
@legend string   0 "Lab energy =   70.0000"
#legend string   0 "Partition=  1 Excit=  1 near/far= 1"
#  Theta       sigma       iT11        T20         T21         T22         Kyy for projectile
   3.000      0.2748E+05
   4.000      0.1165E+05
   5.000       8263.    
   6.000       6772.    
   7.000       5566.    
   8.000       4418.    
   9.000       3349.    
   10.00       2408.    
   11.00       1630.    
   12.00       1027.    
   13.00       591.5    
   14.00       302.8    
   15.00       133.1    
   16.00       52.02    
   17.00       30.98    
   18.00       45.27    
   19.00       75.58    
   20.00       108.2    
   21.00       134.8    
   22.00       151.2    
   23.00       156.5    
   24.00       152.0    
   25.00       140.0    
   26.00       123.4    
   27.00       104.7    
   28.00       86.19    
   29.00       69.33    
   30.00       55.05    
   31.00       43.72    
   32.00       35.26    
   33.00       29.31    
   34.00       25.38    
   35.00       22.91    
   36.00       21.38    
   37.00       20.35    
   38.00       19.49    
   39.00       18.58    
   40.00       17.51    
   41.00       16.23    
   42.00       14.77    
   43.00       13.17    
   44.00       11.52    
   45.00       9.882    
   46.00       8.334    
   47.00       6.924    
   48.00       5.687    
   49.00       4.640    
   50.00       3.784    
   51.00       3.107    
   52.00       2.589    
   53.00       2.205    
   54.00       1.927    
   55.00       1.729    
   56.00       1.587    
   57.00       1.480    
   58.00       1.392    
   59.00       1.311    
   60.00       1.231    
   61.00       1.145    
   62.00       1.054    
   63.00      0.9583    
   64.00      0.8596    
   65.00      0.7609    
   66.00      0.6652    
   67.00      0.5750    
   68.00      0.4924    
   69.00      0.4190    
   70.00      0.3556    
   71.00      0.3021    
   72.00      0.2583    
   73.00      0.2232    
   74.00      0.1956    
   75.00      0.1741    
   76.00      0.1575    
   77.00      0.1444    
   78.00      0.1337    
   79.00      0.1244    
   80.00      0.1159    
   81.00      0.1076    
   82.00      0.9922E-01
   83.00      0.9067E-01
   84.00      0.8196E-01
   85.00      0.7319E-01
   86.00      0.6453E-01
   87.00      0.5616E-01
   88.00      0.4829E-01
   89.00      0.4105E-01
   90.00      0.3458E-01
   91.00      0.2894E-01
   92.00      0.2417E-01
   93.00      0.2024E-01
   94.00      0.1709E-01
   95.00      0.1464E-01
   96.00      0.1279E-01
   97.00      0.1144E-01
   98.00      0.1046E-01
   99.00      0.9748E-02
   100.0      0.9219E-02
   101.0      0.8792E-02
   102.0      0.8407E-02
   103.0      0.8020E-02
   104.0      0.7603E-02
   105.0      0.7141E-02
   106.0      0.6634E-02
   107.0      0.6087E-02
   108.0      0.5511E-02
   109.0      0.4922E-02
   110.0      0.4337E-02
   111.0      0.3770E-02
   112.0      0.3236E-02
   113.0      0.2744E-02
   114.0      0.2303E-02
   115.0      0.1917E-02
   116.0      0.1587E-02
   117.0      0.1311E-02
   118.0      0.1087E-02
   119.0      0.9081E-03
   120.0      0.7696E-03
   121.0      0.6646E-03
   122.0      0.5868E-03
   123.0      0.5300E-03
   124.0      0.4888E-03
   125.0      0.4585E-03
   126.0      0.4351E-03
   127.0      0.4156E-03
   128.0      0.3978E-03
   129.0      0.3801E-03
   130.0      0.3615E-03
   131.0      0.3416E-03
   132.0      0.3203E-03
   133.0      0.2978E-03
   134.0      0.2745E-03
   135.0      0.2508E-03
   136.0      0.2273E-03
   137.0      0.2043E-03
   138.0      0.1823E-03
   139.0      0.1618E-03
   140.0      0.1429E-03
   141.0      0.1260E-03
   142.0      0.1110E-03
   143.0      0.9812E-04
   144.0      0.8732E-04
   145.0      0.7854E-04
   146.0      0.7171E-04
   147.0      0.6670E-04
   148.0      0.6340E-04
   149.0      0.6165E-04
   150.0      0.6132E-04
   151.0      0.6227E-04
   152.0      0.6434E-04
   153.0      0.6738E-04
   154.0      0.7123E-04
   155.0      0.7572E-04
   156.0      0.8065E-04
   157.0      0.8582E-04
   158.0      0.9100E-04
   159.0      0.9595E-04
   160.0      0.1004E-03
   161.0      0.1042E-03
   162.0      0.1069E-03
   163.0      0.1085E-03
   164.0      0.1087E-03
   165.0      0.1075E-03
   166.0      0.1046E-03
   167.0      0.1003E-03
   168.0      0.9444E-04
   169.0      0.8729E-04
   170.0      0.7903E-04
   171.0      0.6997E-04
   172.0      0.6043E-04
   173.0      0.5079E-04
   174.0      0.4141E-04
   175.0      0.3270E-04
   176.0      0.2500E-04
   177.0      0.1865E-04
   178.0      0.1391E-04
   179.0      0.1098E-04
   180.0      0.9991E-05
 END
