# 178 angles,  1 tensor ranks for 0=projectile
@subtitle   "p+O20 3- E. Khan reanalysis;"                                                  
@legend ON
@legend x1 0.2
@legend y1 0.8
@g0 type LOGY
@yaxis ticklabel format power
@legend string   0 "Lab energy =   43.2700"
#legend string   0 "Partition=  1 Excit=  1 near/far= 1"
#  Theta       sigma       iT11        T20         T21         T22         Kyy for projectile
   3.000      0.7829E+05
   4.000      0.2164E+05
   5.000       8379.    
   6.000       4456.    
   7.000       3113.    
   8.000       2589.    
   9.000       2341.    
   10.00       2183.    
   11.00       2049.    
   12.00       1915.    
   13.00       1776.    
   14.00       1632.    
   15.00       1484.    
   16.00       1336.    
   17.00       1191.    
   18.00       1050.    
   19.00       917.2    
   20.00       792.8    
   21.00       678.1    
   22.00       574.0    
   23.00       480.7    
   24.00       398.1    
   25.00       326.2    
   26.00       264.3    
   27.00       211.8    
   28.00       168.1    
   29.00       132.2    
   30.00       103.4    
   31.00       80.63    
   32.00       63.19    
   33.00       50.21    
   34.00       40.91    
   35.00       34.58    
   36.00       30.58    
   37.00       28.36    
   38.00       27.43    
   39.00       27.37    
   40.00       27.85    
   41.00       28.59    
   42.00       29.38    
   43.00       30.07    
   44.00       30.55    
   45.00       30.73    
   46.00       30.60    
   47.00       30.14    
   48.00       29.36    
   49.00       28.30    
   50.00       26.98    
   51.00       25.45    
   52.00       23.77    
   53.00       21.98    
   54.00       20.12    
   55.00       18.24    
   56.00       16.39    
   57.00       14.58    
   58.00       12.86    
   59.00       11.24    
   60.00       9.735    
   61.00       8.360    
   62.00       7.121    
   63.00       6.019    
   64.00       5.053    
   65.00       4.217    
   66.00       3.505    
   67.00       2.907    
   68.00       2.415    
   69.00       2.016    
   70.00       1.700    
   71.00       1.455    
   72.00       1.270    
   73.00       1.136    
   74.00       1.042    
   75.00      0.9806    
   76.00      0.9430    
   77.00      0.9227    
   78.00      0.9141    
   79.00      0.9123    
   80.00      0.9134    
   81.00      0.9142    
   82.00      0.9126    
   83.00      0.9068    
   84.00      0.8958    
   85.00      0.8791    
   86.00      0.8566    
   87.00      0.8284    
   88.00      0.7950    
   89.00      0.7571    
   90.00      0.7154    
   91.00      0.6708    
   92.00      0.6241    
   93.00      0.5762    
   94.00      0.5279    
   95.00      0.4800    
   96.00      0.4331    
   97.00      0.3878    
   98.00      0.3447    
   99.00      0.3041    
   100.0      0.2663    
   101.0      0.2315    
   102.0      0.1999    
   103.0      0.1715    
   104.0      0.1463    
   105.0      0.1242    
   106.0      0.1051    
   107.0      0.8877E-01
   108.0      0.7510E-01
   109.0      0.6385E-01
   110.0      0.5478E-01
   111.0      0.4765E-01
   112.0      0.4223E-01
   113.0      0.3829E-01
   114.0      0.3561E-01
   115.0      0.3396E-01
   116.0      0.3315E-01
   117.0      0.3300E-01
   118.0      0.3335E-01
   119.0      0.3404E-01
   120.0      0.3495E-01
   121.0      0.3597E-01
   122.0      0.3701E-01
   123.0      0.3798E-01
   124.0      0.3884E-01
   125.0      0.3953E-01
   126.0      0.4001E-01
   127.0      0.4027E-01
   128.0      0.4029E-01
   129.0      0.4006E-01
   130.0      0.3960E-01
   131.0      0.3890E-01
   132.0      0.3799E-01
   133.0      0.3687E-01
   134.0      0.3558E-01
   135.0      0.3412E-01
   136.0      0.3254E-01
   137.0      0.3084E-01
   138.0      0.2906E-01
   139.0      0.2721E-01
   140.0      0.2533E-01
   141.0      0.2343E-01
   142.0      0.2154E-01
   143.0      0.1967E-01
   144.0      0.1784E-01
   145.0      0.1607E-01
   146.0      0.1438E-01
   147.0      0.1277E-01
   148.0      0.1127E-01
   149.0      0.9863E-02
   150.0      0.8576E-02
   151.0      0.7409E-02
   152.0      0.6366E-02
   153.0      0.5450E-02
   154.0      0.4662E-02
   155.0      0.4000E-02
   156.0      0.3464E-02
   157.0      0.3050E-02
   158.0      0.2752E-02
   159.0      0.2566E-02
   160.0      0.2484E-02
   161.0      0.2499E-02
   162.0      0.2601E-02
   163.0      0.2782E-02
   164.0      0.3031E-02
   165.0      0.3337E-02
   166.0      0.3691E-02
   167.0      0.4082E-02
   168.0      0.4497E-02
   169.0      0.4927E-02
   170.0      0.5361E-02
   171.0      0.5788E-02
   172.0      0.6199E-02
   173.0      0.6584E-02
   174.0      0.6937E-02
   175.0      0.7248E-02
   176.0      0.7511E-02
   177.0      0.7722E-02
   178.0      0.7876E-02
   179.0      0.7970E-02
   180.0      0.8001E-02
 END
