# 178 angles,  1 tensor ranks for 0=projectile
@subtitle   "p+O20 with CH89;"                                                              
@legend ON
@legend x1 0.2
@legend y1 0.8
@g0 type LOGY
@yaxis ticklabel format power
@legend string   0 "Lab energy =   35.0000"
#legend string   0 "Partition=  1 Excit=  1 near/far= 1"
#  Theta       sigma       iT11        T20         T21         T22         Kyy for projectile
   3.000      0.1296E+06
   4.000      0.3616E+05
   5.000      0.1313E+05
   6.000       5864.    
   7.000       3204.    
   8.000       2129.    
   9.000       1658.    
   10.00       1433.    
   11.00       1310.    
   12.00       1227.    
   13.00       1160.    
   14.00       1095.    
   15.00       1030.    
   16.00       962.5    
   17.00       893.2    
   18.00       822.6    
   19.00       752.0    
   20.00       682.2    
   21.00       614.1    
   22.00       548.7    
   23.00       486.4    
   24.00       427.9    
   25.00       373.3    
   26.00       323.1    
   27.00       277.2    
   28.00       235.8    
   29.00       198.7    
   30.00       165.8    
   31.00       136.9    
   32.00       111.9    
   33.00       90.34    
   34.00       72.05    
   35.00       56.70    
   36.00       44.00    
   37.00       33.65    
   38.00       25.36    
   39.00       18.84    
   40.00       13.85    
   41.00       10.14    
   42.00       7.484    
   43.00       5.688    
   44.00       4.573    
   45.00       3.986    
   46.00       3.791    
   47.00       3.877    
   48.00       4.147    
   49.00       4.524    
   50.00       4.947    
   51.00       5.368    
   52.00       5.751    
   53.00       6.072    
   54.00       6.314    
   55.00       6.469    
   56.00       6.533    
   57.00       6.510    
   58.00       6.405    
   59.00       6.225    
   60.00       5.981    
   61.00       5.683    
   62.00       5.344    
   63.00       4.973    
   64.00       4.583    
   65.00       4.181    
   66.00       3.778    
   67.00       3.381    
   68.00       2.996    
   69.00       2.630    
   70.00       2.286    
   71.00       1.967    
   72.00       1.676    
   73.00       1.414    
   74.00       1.181    
   75.00      0.9768    
   76.00      0.8007    
   77.00      0.6512    
   78.00      0.5267    
   79.00      0.4252    
   80.00      0.3445    
   81.00      0.2824    
   82.00      0.2365    
   83.00      0.2047    
   84.00      0.1847    
   85.00      0.1744    
   86.00      0.1719    
   87.00      0.1754    
   88.00      0.1833    
   89.00      0.1942    
   90.00      0.2069    
   91.00      0.2203    
   92.00      0.2335    
   93.00      0.2459    
   94.00      0.2568    
   95.00      0.2659    
   96.00      0.2729    
   97.00      0.2775    
   98.00      0.2798    
   99.00      0.2797    
   100.0      0.2773    
   101.0      0.2728    
   102.0      0.2662    
   103.0      0.2579    
   104.0      0.2480    
   105.0      0.2368    
   106.0      0.2244    
   107.0      0.2113    
   108.0      0.1975    
   109.0      0.1834    
   110.0      0.1690    
   111.0      0.1547    
   112.0      0.1406    
   113.0      0.1269    
   114.0      0.1136    
   115.0      0.1009    
   116.0      0.8882E-01
   117.0      0.7752E-01
   118.0      0.6703E-01
   119.0      0.5737E-01
   120.0      0.4856E-01
   121.0      0.4061E-01
   122.0      0.3351E-01
   123.0      0.2725E-01
   124.0      0.2180E-01
   125.0      0.1712E-01
   126.0      0.1317E-01
   127.0      0.9909E-02
   128.0      0.7286E-02
   129.0      0.5250E-02
   130.0      0.3748E-02
   131.0      0.2728E-02
   132.0      0.2136E-02
   133.0      0.1921E-02
   134.0      0.2033E-02
   135.0      0.2426E-02
   136.0      0.3055E-02
   137.0      0.3877E-02
   138.0      0.4854E-02
   139.0      0.5952E-02
   140.0      0.7137E-02
   141.0      0.8382E-02
   142.0      0.9662E-02
   143.0      0.1095E-01
   144.0      0.1224E-01
   145.0      0.1350E-01
   146.0      0.1473E-01
   147.0      0.1591E-01
   148.0      0.1704E-01
   149.0      0.1811E-01
   150.0      0.1911E-01
   151.0      0.2004E-01
   152.0      0.2091E-01
   153.0      0.2171E-01
   154.0      0.2244E-01
   155.0      0.2311E-01
   156.0      0.2372E-01
   157.0      0.2427E-01
   158.0      0.2476E-01
   159.0      0.2520E-01
   160.0      0.2560E-01
   161.0      0.2595E-01
   162.0      0.2626E-01
   163.0      0.2654E-01
   164.0      0.2679E-01
   165.0      0.2700E-01
   166.0      0.2720E-01
   167.0      0.2736E-01
   168.0      0.2751E-01
   169.0      0.2764E-01
   170.0      0.2776E-01
   171.0      0.2785E-01
   172.0      0.2794E-01
   173.0      0.2801E-01
   174.0      0.2807E-01
   175.0      0.2813E-01
   176.0      0.2817E-01
   177.0      0.2820E-01
   178.0      0.2822E-01
   179.0      0.2823E-01
   180.0      0.2824E-01
 END
