# 178 angles,  1 tensor ranks for 0=projectile
@subtitle   "20O + d 2+2 inelastic;"                                                        
@legend ON
@legend x1 0.2
@legend y1 0.8
@g0 type LOGY
@yaxis ticklabel format power
@legend string   0 "Lab energy =   70.0000"
#legend string   0 "Partition=  1 Excit=  1 near/far= 1"
#  Theta       sigma       iT11        T20         T21         T22         Kyy for projectile
   3.000      0.2720E+05
   4.000      0.1163E+05
   5.000       8327.    
   6.000       6846.    
   7.000       5624.    
   8.000       4451.    
   9.000       3357.    
   10.00       2398.    
   11.00       1608.    
   12.00       1002.    
   13.00       569.0    
   14.00       288.2    
   15.00       129.3    
   16.00       59.95    
   17.00       49.89    
   18.00       73.17    
   19.00       109.8    
   20.00       145.8    
   21.00       172.9    
   22.00       187.6    
   23.00       189.6    
   24.00       180.8    
   25.00       164.3    
   26.00       143.3    
   27.00       120.9    
   28.00       99.47    
   29.00       80.59    
   30.00       65.11    
   31.00       53.23    
   32.00       44.68    
   33.00       38.92    
   34.00       35.25    
   35.00       32.97    
   36.00       31.46    
   37.00       30.24    
   38.00       28.98    
   39.00       27.46    
   40.00       25.64    
   41.00       23.52    
   42.00       21.20    
   43.00       18.77    
   44.00       16.35    
   45.00       14.05    
   46.00       11.94    
   47.00       10.07    
   48.00       8.476    
   49.00       7.149    
   50.00       6.072    
   51.00       5.215    
   52.00       4.539    
   53.00       4.008    
   54.00       3.583    
   55.00       3.234    
   56.00       2.936    
   57.00       2.669    
   58.00       2.423    
   59.00       2.189    
   60.00       1.965    
   61.00       1.750    
   62.00       1.547    
   63.00       1.358    
   64.00       1.184    
   65.00       1.027    
   66.00      0.8891    
   67.00      0.7693    
   68.00      0.6672    
   69.00      0.5812    
   70.00      0.5095    
   71.00      0.4501    
   72.00      0.4007    
   73.00      0.3593    
   74.00      0.3240    
   75.00      0.2934    
   76.00      0.2661    
   77.00      0.2413    
   78.00      0.2185    
   79.00      0.1971    
   80.00      0.1771    
   81.00      0.1583    
   82.00      0.1408    
   83.00      0.1247    
   84.00      0.1100    
   85.00      0.9677E-01
   86.00      0.8500E-01
   87.00      0.7466E-01
   88.00      0.6568E-01
   89.00      0.5796E-01
   90.00      0.5136E-01
   91.00      0.4575E-01
   92.00      0.4099E-01
   93.00      0.3691E-01
   94.00      0.3340E-01
   95.00      0.3034E-01
   96.00      0.2762E-01
   97.00      0.2517E-01
   98.00      0.2292E-01
   99.00      0.2084E-01
   100.0      0.1889E-01
   101.0      0.1707E-01
   102.0      0.1535E-01
   103.0      0.1374E-01
   104.0      0.1225E-01
   105.0      0.1087E-01
   106.0      0.9605E-02
   107.0      0.8464E-02
   108.0      0.7443E-02
   109.0      0.6538E-02
   110.0      0.5746E-02
   111.0      0.5058E-02
   112.0      0.4466E-02
   113.0      0.3959E-02
   114.0      0.3528E-02
   115.0      0.3161E-02
   116.0      0.2848E-02
   117.0      0.2579E-02
   118.0      0.2347E-02
   119.0      0.2143E-02
   120.0      0.1961E-02
   121.0      0.1797E-02
   122.0      0.1646E-02
   123.0      0.1506E-02
   124.0      0.1375E-02
   125.0      0.1251E-02
   126.0      0.1134E-02
   127.0      0.1024E-02
   128.0      0.9214E-03
   129.0      0.8253E-03
   130.0      0.7364E-03
   131.0      0.6548E-03
   132.0      0.5806E-03
   133.0      0.5138E-03
   134.0      0.4541E-03
   135.0      0.4013E-03
   136.0      0.3550E-03
   137.0      0.3147E-03
   138.0      0.2798E-03
   139.0      0.2498E-03
   140.0      0.2240E-03
   141.0      0.2020E-03
   142.0      0.1831E-03
   143.0      0.1669E-03
   144.0      0.1529E-03
   145.0      0.1408E-03
   146.0      0.1302E-03
   147.0      0.1209E-03
   148.0      0.1127E-03
   149.0      0.1053E-03
   150.0      0.9856E-04
   151.0      0.9241E-04
   152.0      0.8670E-04
   153.0      0.8132E-04
   154.0      0.7619E-04
   155.0      0.7123E-04
   156.0      0.6638E-04
   157.0      0.6162E-04
   158.0      0.5692E-04
   159.0      0.5230E-04
   160.0      0.4780E-04
   161.0      0.4346E-04
   162.0      0.3936E-04
   163.0      0.3560E-04
   164.0      0.3228E-04
   165.0      0.2949E-04
   166.0      0.2731E-04
   167.0      0.2583E-04
   168.0      0.2507E-04
   169.0      0.2505E-04
   170.0      0.2572E-04
   171.0      0.2703E-04
   172.0      0.2886E-04
   173.0      0.3108E-04
   174.0      0.3351E-04
   175.0      0.3597E-04
   176.0      0.3830E-04
   177.0      0.4031E-04
   178.0      0.4186E-04
   179.0      0.4283E-04
   180.0      0.4317E-04
 END
