# 178 angles,  1 tensor ranks for 0=projectile
@subtitle   "p+O20 with CH89;"                                                              
@legend ON
@legend x1 0.2
@legend y1 0.8
@g0 type LOGY
@yaxis ticklabel format power
@legend string   0 "Lab energy =   35.0000"
#legend string   0 "Partition=  1 Excit=  1 near/far= 1"
#  Theta       sigma       iT11        T20         T21         T22         Kyy for projectile
   3.000      0.1330E+06
   4.000      0.3887E+05
   5.000      0.1528E+05
   6.000       7602.    
   7.000       4626.    
   8.000       3304.    
   9.000       2635.    
   10.00       2245.    
   11.00       1982.    
   12.00       1780.    
   13.00       1608.    
   14.00       1452.    
   15.00       1306.    
   16.00       1168.    
   17.00       1037.    
   18.00       913.5    
   19.00       797.4    
   20.00       689.3    
   21.00       589.8    
   22.00       499.2    
   23.00       417.5    
   24.00       344.9    
   25.00       281.1    
   26.00       225.8    
   27.00       178.6    
   28.00       139.0    
   29.00       106.4    
   30.00       80.13    
   31.00       59.57    
   32.00       44.00    
   33.00       32.73    
   34.00       25.11    
   35.00       20.50    
   36.00       18.31    
   37.00       18.00    
   38.00       19.08    
   39.00       21.13    
   40.00       23.77    
   41.00       26.70    
   42.00       29.66    
   43.00       32.45    
   44.00       34.91    
   45.00       36.94    
   46.00       38.47    
   47.00       39.46    
   48.00       39.91    
   49.00       39.83    
   50.00       39.25    
   51.00       38.23    
   52.00       36.81    
   53.00       35.08    
   54.00       33.08    
   55.00       30.89    
   56.00       28.57    
   57.00       26.19    
   58.00       23.78    
   59.00       21.41    
   60.00       19.12    
   61.00       16.93    
   62.00       14.87    
   63.00       12.97    
   64.00       11.23    
   65.00       9.674    
   66.00       8.292    
   67.00       7.086    
   68.00       6.051    
   69.00       5.177    
   70.00       4.453    
   71.00       3.866    
   72.00       3.402    
   73.00       3.047    
   74.00       2.785    
   75.00       2.602    
   76.00       2.484    
   77.00       2.417    
   78.00       2.390    
   79.00       2.391    
   80.00       2.411    
   81.00       2.441    
   82.00       2.474    
   83.00       2.506    
   84.00       2.529    
   85.00       2.543    
   86.00       2.543    
   87.00       2.529    
   88.00       2.500    
   89.00       2.456    
   90.00       2.397    
   91.00       2.325    
   92.00       2.240    
   93.00       2.145    
   94.00       2.041    
   95.00       1.930    
   96.00       1.814    
   97.00       1.694    
   98.00       1.574    
   99.00       1.453    
   100.0       1.334    
   101.0       1.219    
   102.0       1.108    
   103.0       1.001    
   104.0      0.9013    
   105.0      0.8078    
   106.0      0.7214    
   107.0      0.6424    
   108.0      0.5708    
   109.0      0.5067    
   110.0      0.4500    
   111.0      0.4004    
   112.0      0.3578    
   113.0      0.3216    
   114.0      0.2915    
   115.0      0.2670    
   116.0      0.2477    
   117.0      0.2330    
   118.0      0.2225    
   119.0      0.2156    
   120.0      0.2117    
   121.0      0.2105    
   122.0      0.2115    
   123.0      0.2142    
   124.0      0.2181    
   125.0      0.2230    
   126.0      0.2284    
   127.0      0.2340    
   128.0      0.2395    
   129.0      0.2446    
   130.0      0.2492    
   131.0      0.2530    
   132.0      0.2558    
   133.0      0.2575    
   134.0      0.2580    
   135.0      0.2572    
   136.0      0.2552    
   137.0      0.2518    
   138.0      0.2471    
   139.0      0.2412    
   140.0      0.2341    
   141.0      0.2259    
   142.0      0.2168    
   143.0      0.2068    
   144.0      0.1961    
   145.0      0.1850    
   146.0      0.1735    
   147.0      0.1618    
   148.0      0.1503    
   149.0      0.1389    
   150.0      0.1280    
   151.0      0.1177    
   152.0      0.1082    
   153.0      0.9968E-01
   154.0      0.9222E-01
   155.0      0.8597E-01
   156.0      0.8104E-01
   157.0      0.7749E-01
   158.0      0.7538E-01
   159.0      0.7474E-01
   160.0      0.7555E-01
   161.0      0.7777E-01
   162.0      0.8135E-01
   163.0      0.8620E-01
   164.0      0.9219E-01
   165.0      0.9920E-01
   166.0      0.1071    
   167.0      0.1156    
   168.0      0.1246    
   169.0      0.1339    
   170.0      0.1433    
   171.0      0.1526    
   172.0      0.1615    
   173.0      0.1699    
   174.0      0.1776    
   175.0      0.1845    
   176.0      0.1903    
   177.0      0.1949    
   178.0      0.1983    
   179.0      0.2004    
   180.0      0.2011    
 END
