# 178 angles,  1 tensor ranks for 0=projectile
@subtitle   "20O + d elastic scattering;"                                                   
@legend ON
@legend x1 0.2
@legend y1 0.8
@g0 type LOGY
@yaxis ticklabel format power
@legend string   0 "Lab energy =   70.0000"
#legend string   0 "Partition=  1 Excit=  1 near/far= 1"
#  Theta       sigma       iT11        T20         T21         T22         Kyy for projectile
   3.000      0.2711E+05
   4.000      0.1159E+05
   5.000       8303.    
   6.000       6836.    
   7.000       5623.    
   8.000       4455.    
   9.000       3364.    
   10.00       2405.    
   11.00       1616.    
   12.00       1007.    
   13.00       573.1    
   14.00       291.0    
   15.00       131.3    
   16.00       61.94    
   17.00       52.44    
   18.00       76.76    
   19.00       114.6    
   20.00       152.0    
   21.00       180.3    
   22.00       195.9    
   23.00       198.4    
   24.00       189.7    
   25.00       172.9    
   26.00       151.3    
   27.00       128.2    
   28.00       105.9    
   29.00       86.20    
   30.00       69.92    
   31.00       57.33    
   32.00       48.21    
   33.00       41.98    
   34.00       37.96    
   35.00       35.42    
   36.00       33.72    
   37.00       32.35    
   38.00       30.94    
   39.00       29.29    
   40.00       27.33    
   41.00       25.07    
   42.00       22.58    
   43.00       19.99    
   44.00       17.41    
   45.00       14.96    
   46.00       12.70    
   47.00       10.71    
   48.00       9.009    
   49.00       7.593    
   50.00       6.445    
   51.00       5.533    
   52.00       4.816    
   53.00       4.253    
   54.00       3.805    
   55.00       3.437    
   56.00       3.122    
   57.00       2.841    
   58.00       2.580    
   59.00       2.332    
   60.00       2.093    
   61.00       1.864    
   62.00       1.646    
   63.00       1.443    
   64.00       1.257    
   65.00       1.089    
   66.00      0.9420    
   67.00      0.8147    
   68.00      0.7065    
   69.00      0.6158    
   70.00      0.5406    
   71.00      0.4785    
   72.00      0.4271    
   73.00      0.3841    
   74.00      0.3474    
   75.00      0.3154    
   76.00      0.2868    
   77.00      0.2605    
   78.00      0.2361    
   79.00      0.2131    
   80.00      0.1914    
   81.00      0.1710    
   82.00      0.1519    
   83.00      0.1343    
   84.00      0.1183    
   85.00      0.1038    
   86.00      0.9106E-01
   87.00      0.7989E-01
   88.00      0.7024E-01
   89.00      0.6200E-01
   90.00      0.5502E-01
   91.00      0.4911E-01
   92.00      0.4412E-01
   93.00      0.3987E-01
   94.00      0.3621E-01
   95.00      0.3301E-01
   96.00      0.3015E-01
   97.00      0.2756E-01
   98.00      0.2516E-01
   99.00      0.2292E-01
   100.0      0.2080E-01
   101.0      0.1880E-01
   102.0      0.1690E-01
   103.0      0.1512E-01
   104.0      0.1346E-01
   105.0      0.1192E-01
   106.0      0.1052E-01
   107.0      0.9256E-02
   108.0      0.8128E-02
   109.0      0.7134E-02
   110.0      0.6269E-02
   111.0      0.5523E-02
   112.0      0.4885E-02
   113.0      0.4343E-02
   114.0      0.3882E-02
   115.0      0.3491E-02
   116.0      0.3157E-02
   117.0      0.2870E-02
   118.0      0.2620E-02
   119.0      0.2399E-02
   120.0      0.2200E-02
   121.0      0.2017E-02
   122.0      0.1848E-02
   123.0      0.1688E-02
   124.0      0.1538E-02
   125.0      0.1395E-02
   126.0      0.1262E-02
   127.0      0.1137E-02
   128.0      0.1020E-02
   129.0      0.9123E-03
   130.0      0.8127E-03
   131.0      0.7215E-03
   132.0      0.6388E-03
   133.0      0.5646E-03
   134.0      0.4990E-03
   135.0      0.4418E-03
   136.0      0.3923E-03
   137.0      0.3498E-03
   138.0      0.3133E-03
   139.0      0.2819E-03
   140.0      0.2548E-03
   141.0      0.2317E-03
   142.0      0.2119E-03
   143.0      0.1952E-03
   144.0      0.1809E-03
   145.0      0.1687E-03
   146.0      0.1578E-03
   147.0      0.1480E-03
   148.0      0.1387E-03
   149.0      0.1301E-03
   150.0      0.1220E-03
   151.0      0.1144E-03
   152.0      0.1075E-03
   153.0      0.1009E-03
   154.0      0.9476E-04
   155.0      0.8878E-04
   156.0      0.8292E-04
   157.0      0.7712E-04
   158.0      0.7141E-04
   159.0      0.6586E-04
   160.0      0.6056E-04
   161.0      0.5560E-04
   162.0      0.5104E-04
   163.0      0.4695E-04
   164.0      0.4337E-04
   165.0      0.4038E-04
   166.0      0.3807E-04
   167.0      0.3655E-04
   168.0      0.3587E-04
   169.0      0.3611E-04
   170.0      0.3726E-04
   171.0      0.3928E-04
   172.0      0.4205E-04
   173.0      0.4536E-04
   174.0      0.4897E-04
   175.0      0.5258E-04
   176.0      0.5593E-04
   177.0      0.5879E-04
   178.0      0.6097E-04
   179.0      0.6233E-04
   180.0      0.6280E-04
 END
