# 178 angles,  1 tensor ranks for 0=projectile
@subtitle   "p+O20 1st ex with BG ;"                                                        
@legend ON
@legend x1 0.2
@legend y1 0.8
@g0 type LOGY
@yaxis ticklabel format power
@legend string   0 "Lab energy =   35.0000"
#legend string   0 "Partition=  1 Excit=  1 near/far= 1"
#  Theta       sigma       iT11        T20         T21         T22         Kyy for projectile
   3.000      0.1298E+06
   4.000      0.3725E+05
   5.000      0.1441E+05
   6.000       7127.    
   7.000       4388.    
   8.000       3213.    
   9.000       2639.    
   10.00       2313.    
   11.00       2092.    
   12.00       1917.    
   13.00       1761.    
   14.00       1615.    
   15.00       1474.    
   16.00       1336.    
   17.00       1202.    
   18.00       1073.    
   19.00       950.4    
   20.00       834.3    
   21.00       725.8    
   22.00       625.6    
   23.00       534.0    
   24.00       451.1    
   25.00       377.1    
   26.00       311.7    
   27.00       254.6    
   28.00       205.3    
   29.00       163.5    
   30.00       128.5    
   31.00       99.66    
   32.00       76.38    
   33.00       57.98    
   34.00       43.85    
   35.00       33.36    
   36.00       25.92    
   37.00       21.00    
   38.00       18.09    
   39.00       16.76    
   40.00       16.60    
   41.00       17.27    
   42.00       18.49    
   43.00       20.01    
   44.00       21.63    
   45.00       23.19    
   46.00       24.60    
   47.00       25.75    
   48.00       26.60    
   49.00       27.11    
   50.00       27.28    
   51.00       27.12    
   52.00       26.65    
   53.00       25.90    
   54.00       24.89    
   55.00       23.69    
   56.00       22.32    
   57.00       20.82    
   58.00       19.25    
   59.00       17.64    
   60.00       16.01    
   61.00       14.41    
   62.00       12.85    
   63.00       11.36    
   64.00       9.962    
   65.00       8.659    
   66.00       7.463    
   67.00       6.380    
   68.00       5.412    
   69.00       4.559    
   70.00       3.816    
   71.00       3.180    
   72.00       2.643    
   73.00       2.198    
   74.00       1.837    
   75.00       1.551    
   76.00       1.331    
   77.00       1.167    
   78.00       1.052    
   79.00      0.9768    
   80.00      0.9340    
   81.00      0.9164    
   82.00      0.9178    
   83.00      0.9324    
   84.00      0.9553    
   85.00      0.9826    
   86.00       1.011    
   87.00       1.036    
   88.00       1.058    
   89.00       1.074    
   90.00       1.083    
   91.00       1.085    
   92.00       1.078    
   93.00       1.064    
   94.00       1.043    
   95.00       1.014    
   96.00      0.9792    
   97.00      0.9388    
   98.00      0.8939    
   99.00      0.8451    
   100.0      0.7936    
   101.0      0.7401    
   102.0      0.6855    
   103.0      0.6306    
   104.0      0.5761    
   105.0      0.5226    
   106.0      0.4708    
   107.0      0.4211    
   108.0      0.3739    
   109.0      0.3295    
   110.0      0.2881    
   111.0      0.2500    
   112.0      0.2151    
   113.0      0.1836    
   114.0      0.1554    
   115.0      0.1305    
   116.0      0.1087    
   117.0      0.8998E-01
   118.0      0.7406E-01
   119.0      0.6081E-01
   120.0      0.5000E-01
   121.0      0.4144E-01
   122.0      0.3491E-01
   123.0      0.3018E-01
   124.0      0.2705E-01
   125.0      0.2530E-01
   126.0      0.2472E-01
   127.0      0.2512E-01
   128.0      0.2632E-01
   129.0      0.2814E-01
   130.0      0.3042E-01
   131.0      0.3302E-01
   132.0      0.3580E-01
   133.0      0.3865E-01
   134.0      0.4146E-01
   135.0      0.4414E-01
   136.0      0.4662E-01
   137.0      0.4882E-01
   138.0      0.5070E-01
   139.0      0.5221E-01
   140.0      0.5333E-01
   141.0      0.5404E-01
   142.0      0.5434E-01
   143.0      0.5421E-01
   144.0      0.5368E-01
   145.0      0.5275E-01
   146.0      0.5146E-01
   147.0      0.4984E-01
   148.0      0.4792E-01
   149.0      0.4573E-01
   150.0      0.4333E-01
   151.0      0.4077E-01
   152.0      0.3807E-01
   153.0      0.3530E-01
   154.0      0.3249E-01
   155.0      0.2970E-01
   156.0      0.2696E-01
   157.0      0.2432E-01
   158.0      0.2180E-01
   159.0      0.1944E-01
   160.0      0.1726E-01
   161.0      0.1528E-01
   162.0      0.1351E-01
   163.0      0.1197E-01
   164.0      0.1066E-01
   165.0      0.9571E-02
   166.0      0.8698E-02
   167.0      0.8030E-02
   168.0      0.7548E-02
   169.0      0.7234E-02
   170.0      0.7065E-02
   171.0      0.7017E-02
   172.0      0.7064E-02
   173.0      0.7180E-02
   174.0      0.7340E-02
   175.0      0.7520E-02
   176.0      0.7700E-02
   177.0      0.7860E-02
   178.0      0.7985E-02
   179.0      0.8065E-02
   180.0      0.8093E-02
 END
