# 178 angles,  1 tensor ranks for 0=projectile
@subtitle   "p+O20 3- E. Khan reanalysis;"                                                  
@legend ON
@legend x1 0.2
@legend y1 0.8
@g0 type LOGY
@yaxis ticklabel format power
@legend string   0 "Lab energy =   43.2700"
#legend string   0 "Partition=  1 Excit=  1 near/far= 1"
#  Theta       sigma       iT11        T20         T21         T22         Kyy for projectile
   3.000      0.7954E+05
   4.000      0.2223E+05
   5.000       8666.    
   6.000       4583.    
   7.000       3149.    
   8.000       2571.    
   9.000       2291.    
   10.00       2114.    
   11.00       1969.    
   12.00       1832.    
   13.00       1692.    
   14.00       1550.    
   15.00       1406.    
   16.00       1263.    
   17.00       1124.    
   18.00       989.3    
   19.00       862.3    
   20.00       743.8    
   21.00       634.7    
   22.00       535.8    
   23.00       447.3    
   24.00       369.0    
   25.00       300.8    
   26.00       242.2    
   27.00       192.6    
   28.00       151.3    
   29.00       117.5    
   30.00       90.30    
   31.00       68.98    
   32.00       52.69    
   33.00       40.65    
   34.00       32.13    
   35.00       26.45    
   36.00       23.02    
   37.00       21.29    
   38.00       20.80    
   39.00       21.15    
   40.00       22.03    
   41.00       23.16    
   42.00       24.34    
   43.00       25.42    
   44.00       26.28    
   45.00       26.86    
   46.00       27.11    
   47.00       27.02    
   48.00       26.60    
   49.00       25.88    
   50.00       24.88    
   51.00       23.66    
   52.00       22.24    
   53.00       20.69    
   54.00       19.05    
   55.00       17.36    
   56.00       15.65    
   57.00       13.97    
   58.00       12.34    
   59.00       10.79    
   60.00       9.334    
   61.00       7.988    
   62.00       6.760    
   63.00       5.657    
   64.00       4.678    
   65.00       3.823    
   66.00       3.087    
   67.00       2.462    
   68.00       1.943    
   69.00       1.518    
   70.00       1.179    
   71.00      0.9146    
   72.00      0.7159    
   73.00      0.5727    
   74.00      0.4757    
   75.00      0.4162    
   76.00      0.3863    
   77.00      0.3788    
   78.00      0.3876    
   79.00      0.4070    
   80.00      0.4328    
   81.00      0.4609    
   82.00      0.4886    
   83.00      0.5134    
   84.00      0.5337    
   85.00      0.5484    
   86.00      0.5567    
   87.00      0.5586    
   88.00      0.5539    
   89.00      0.5431    
   90.00      0.5267    
   91.00      0.5053    
   92.00      0.4798    
   93.00      0.4509    
   94.00      0.4194    
   95.00      0.3862    
   96.00      0.3521    
   97.00      0.3177    
   98.00      0.2837    
   99.00      0.2507    
   100.0      0.2190    
   101.0      0.1892    
   102.0      0.1615    
   103.0      0.1361    
   104.0      0.1131    
   105.0      0.9274E-01
   106.0      0.7490E-01
   107.0      0.5957E-01
   108.0      0.4665E-01
   109.0      0.3603E-01
   110.0      0.2755E-01
   111.0      0.2103E-01
   112.0      0.1627E-01
   113.0      0.1309E-01
   114.0      0.1126E-01
   115.0      0.1059E-01
   116.0      0.1089E-01
   117.0      0.1196E-01
   118.0      0.1363E-01
   119.0      0.1573E-01
   120.0      0.1812E-01
   121.0      0.2068E-01
   122.0      0.2327E-01
   123.0      0.2582E-01
   124.0      0.2823E-01
   125.0      0.3044E-01
   126.0      0.3239E-01
   127.0      0.3406E-01
   128.0      0.3542E-01
   129.0      0.3644E-01
   130.0      0.3714E-01
   131.0      0.3751E-01
   132.0      0.3756E-01
   133.0      0.3732E-01
   134.0      0.3680E-01
   135.0      0.3603E-01
   136.0      0.3505E-01
   137.0      0.3388E-01
   138.0      0.3254E-01
   139.0      0.3109E-01
   140.0      0.2953E-01
   141.0      0.2791E-01
   142.0      0.2624E-01
   143.0      0.2455E-01
   144.0      0.2288E-01
   145.0      0.2122E-01
   146.0      0.1961E-01
   147.0      0.1805E-01
   148.0      0.1656E-01
   149.0      0.1514E-01
   150.0      0.1381E-01
   151.0      0.1256E-01
   152.0      0.1140E-01
   153.0      0.1032E-01
   154.0      0.9339E-02
   155.0      0.8439E-02
   156.0      0.7619E-02
   157.0      0.6876E-02
   158.0      0.6204E-02
   159.0      0.5599E-02
   160.0      0.5054E-02
   161.0      0.4564E-02
   162.0      0.4124E-02
   163.0      0.3728E-02
   164.0      0.3372E-02
   165.0      0.3052E-02
   166.0      0.2764E-02
   167.0      0.2504E-02
   168.0      0.2270E-02
   169.0      0.2059E-02
   170.0      0.1869E-02
   171.0      0.1700E-02
   172.0      0.1550E-02
   173.0      0.1418E-02
   174.0      0.1304E-02
   175.0      0.1208E-02
   176.0      0.1129E-02
   177.0      0.1068E-02
   178.0      0.1024E-02
   179.0      0.9975E-03
   180.0      0.9887E-03
 END
