# 178 angles,  1 tensor ranks for 0=projectile
@subtitle   "20O + d 3-?;"                                                                  
@legend ON
@legend x1 0.2
@legend y1 0.8
@g0 type LOGY
@yaxis ticklabel format power
@legend string   0 "Lab energy =   70.0000"
#legend string   0 "Partition=  1 Excit=  1 near/far= 1"
#  Theta       sigma       iT11        T20         T21         T22         Kyy for projectile
   3.000      0.2713E+05
   4.000      0.1161E+05
   5.000       8325.    
   6.000       6852.    
   7.000       5630.    
   8.000       4456.    
   9.000       3360.    
   10.00       2398.    
   11.00       1607.    
   12.00       998.6    
   13.00       565.5    
   14.00       285.0    
   15.00       126.8    
   16.00       58.65    
   17.00       49.83    
   18.00       74.32    
   19.00       112.0    
   20.00       148.8    
   21.00       176.6    
   22.00       191.6    
   23.00       193.7    
   24.00       184.7    
   25.00       168.0    
   26.00       146.7    
   27.00       123.9    
   28.00       102.2    
   29.00       82.98    
   30.00       67.21    
   31.00       55.10    
   32.00       46.36    
   33.00       40.45    
   34.00       36.64    
   35.00       34.25    
   36.00       32.63    
   37.00       31.31    
   38.00       29.93    
   39.00       28.31    
   40.00       26.37    
   41.00       24.14    
   42.00       21.71    
   43.00       19.18    
   44.00       16.67    
   45.00       14.29    
   46.00       12.11    
   47.00       10.20    
   48.00       8.560    
   49.00       7.204    
   50.00       6.108    
   51.00       5.239    
   52.00       4.558    
   53.00       4.025    
   54.00       3.600    
   55.00       3.252    
   56.00       2.955    
   57.00       2.690    
   58.00       2.443    
   59.00       2.209    
   60.00       1.984    
   61.00       1.768    
   62.00       1.563    
   63.00       1.371    
   64.00       1.196    
   65.00       1.038    
   66.00      0.8984    
   67.00      0.7778    
   68.00      0.6752    
   69.00      0.5890    
   70.00      0.5173    
   71.00      0.4579    
   72.00      0.4086    
   73.00      0.3672    
   74.00      0.3318    
   75.00      0.3009    
   76.00      0.2733    
   77.00      0.2481    
   78.00      0.2247    
   79.00      0.2027    
   80.00      0.1820    
   81.00      0.1626    
   82.00      0.1445    
   83.00      0.1279    
   84.00      0.1127    
   85.00      0.9899E-01
   86.00      0.8685E-01
   87.00      0.7622E-01
   88.00      0.6702E-01
   89.00      0.5913E-01
   90.00      0.5242E-01
   91.00      0.4672E-01
   92.00      0.4189E-01
   93.00      0.3777E-01
   94.00      0.3423E-01
   95.00      0.3113E-01
   96.00      0.2838E-01
   97.00      0.2589E-01
   98.00      0.2361E-01
   99.00      0.2148E-01
   100.0      0.1949E-01
   101.0      0.1761E-01
   102.0      0.1585E-01
   103.0      0.1420E-01
   104.0      0.1266E-01
   105.0      0.1124E-01
   106.0      0.9939E-02
   107.0      0.8764E-02
   108.0      0.7714E-02
   109.0      0.6784E-02
   110.0      0.5969E-02
   111.0      0.5262E-02
   112.0      0.4653E-02
   113.0      0.4132E-02
   114.0      0.3687E-02
   115.0      0.3307E-02
   116.0      0.2982E-02
   117.0      0.2702E-02
   118.0      0.2458E-02
   119.0      0.2243E-02
   120.0      0.2050E-02
   121.0      0.1875E-02
   122.0      0.1714E-02
   123.0      0.1564E-02
   124.0      0.1424E-02
   125.0      0.1292E-02
   126.0      0.1168E-02
   127.0      0.1052E-02
   128.0      0.9434E-03
   129.0      0.8428E-03
   130.0      0.7503E-03
   131.0      0.6659E-03
   132.0      0.5896E-03
   133.0      0.5214E-03
   134.0      0.4609E-03
   135.0      0.4077E-03
   136.0      0.3614E-03
   137.0      0.3213E-03
   138.0      0.2868E-03
   139.0      0.2573E-03
   140.0      0.2322E-03
   141.0      0.2108E-03
   142.0      0.1926E-03
   143.0      0.1770E-03
   144.0      0.1637E-03
   145.0      0.1521E-03
   146.0      0.1421E-03
   147.0      0.1334E-03
   148.0      0.1256E-03
   149.0      0.1186E-03
   150.0      0.1122E-03
   151.0      0.1062E-03
   152.0      0.1006E-03
   153.0      0.9523E-04
   154.0      0.8995E-04
   155.0      0.8473E-04
   156.0      0.7950E-04
   157.0      0.7425E-04
   158.0      0.6899E-04
   159.0      0.6374E-04
   160.0      0.5857E-04
   161.0      0.5357E-04
   162.0      0.4885E-04
   163.0      0.4453E-04
   164.0      0.4073E-04
   165.0      0.3758E-04
   166.0      0.3516E-04
   167.0      0.3355E-04
   168.0      0.3279E-04
   169.0      0.3288E-04
   170.0      0.3377E-04
   171.0      0.3537E-04
   172.0      0.3754E-04
   173.0      0.4013E-04
   174.0      0.4294E-04
   175.0      0.4577E-04
   176.0      0.4842E-04
   177.0      0.5070E-04
   178.0      0.5246E-04
   179.0      0.5357E-04
   180.0      0.5395E-04
 END
