           2           1           1
    0.0-     1 1   1.753       0.000      0.6078E-03   1.753    
    1.0+     0 1   5.250       0.000      0.3157E-02   5.247    
    1.0+     2 2   5.274       0.000      0.1601E-02   5.272    
    1.0-     1 1   5.258       0.000      0.2443E-02   5.255    
    2.0+     2 1   8.782       0.000      0.4183E-02   8.778    
    2.0-     1 1   8.755       0.000      0.6054E-02   8.749    
    2.0-     3 2   8.821       0.000      0.2927E-02   8.818    
    3.0+     2 1   12.28       0.000      0.8894E-02   12.27    
    3.0+     4 2   12.41       0.000      0.5263E-02   12.41    
    3.0-     3 1   12.33       0.000      0.5931E-02   12.33    
    4.0+     4 1   15.93       0.000      0.7766E-02   15.92    
    4.0-     3 1   15.83       0.000      0.1079E-01   15.82    
    4.0-     5 2   16.05       0.000      0.8111E-02   16.04    
    5.0+     4 1   19.43       0.000      0.1157E-01   19.42    
    5.0+     6 2   19.78       0.000      0.1145E-01   19.77    
    5.0-     5 1   19.57       0.000      0.9138E-02   19.56    
    6.0+     6 1   23.32       0.000      0.1034E-01   23.31    
    6.0-     5 1   23.07       0.000      0.1112E-01   23.06    
    6.0-     7 2   23.53       0.000      0.1086E-01   23.52    
    7.0+     6 1   26.83       0.000      0.9965E-02   26.82    
    7.0+     8 2   27.48       0.000      0.1187E-01   27.47    
    7.0-     7 1   27.09       0.000      0.9807E-02   27.08    
    8.0+     8 1   31.04       0.000      0.7514E-02   31.03    
    8.0-     7 1   30.64       0.000      0.8825E-02   30.63    
    8.0-     9 2   31.09       0.000      0.3571E-01   31.06    
    9.0+     8 1   34.54       0.000      0.6073E-02   34.53    
    9.0+    10 2   32.06       0.000      0.6553E-01   31.99    
    9.0-     9 1   34.97       0.000      0.1967E-01   34.95    
   10.0+    10 1   36.40       0.000      0.4257E-01   36.35    
   10.0-     9 1   38.75       0.000      0.8204E-02   38.74    
   10.0-    11 2   28.91       0.000      0.7265E-01   28.83    
   11.0+    10 1   40.91       0.000      0.1985E-01   40.89    
   11.0+    12 2   22.84       0.000      0.5804E-01   22.78    
   11.0-    11 1   33.06       0.000      0.5263E-01   33.00    
   12.0+    12 1   26.04       0.000      0.4485E-01   26.00    
   12.0-    11 1   37.66       0.000      0.2930E-01   37.63    
   12.0-    13 2   16.27       0.000      0.3756E-01   16.23    
   13.0+    12 1   29.69       0.000      0.2823E-01   29.66    
   13.0+    14 2   10.80       0.000      0.2123E-01   10.78    
   13.0-    13 1   18.35       0.000      0.3001E-01   18.32    
   14.0+    14 1   12.02       0.000      0.1721E-01   12.00    
   14.0-    13 1   20.72       0.000      0.2023E-01   20.70    
   14.0-    15 2   6.857       0.000      0.1104E-01   6.846    
   15.0+    14 1   13.38       0.000      0.1200E-01   13.36    
   15.0+    16 2   4.239       0.000      0.5463E-02   4.233    
   15.0-    15 1   7.535       0.000      0.9001E-02   7.526    
   16.0+    16 1   4.606       0.000      0.4451E-02   4.601    
   16.0-    15 1   8.270       0.000      0.6389E-02   8.264    
   16.0-    17 2   2.576       0.000      0.2624E-02   2.573    
   17.0+    16 1   4.995       0.000      0.3176E-02   4.992    
   17.0+    18 2   1.548       0.000      0.1240E-02   1.547    
   17.0-    17 1   2.773       0.000      0.2126E-02   2.771    
   18.0+    18 1   1.655       0.000      0.9962E-03   1.654    
   18.0-    17 1   2.979       0.000      0.1510E-02   2.978    
   18.0-    19 2  0.9238       0.000      0.5806E-03  0.9232    
   19.0+    18 1   1.764       0.000      0.6991E-03   1.763    
   19.0+    20 2  0.5480       0.000      0.2708E-03  0.5477    
   19.0-    19 1  0.9811       0.000      0.4619E-03  0.9807    
   20.0+    20 1  0.5792       0.000      0.2131E-03  0.5790    
   20.0-    19 1   1.040       0.000      0.3191E-03   1.040    
   20.0-    21 2  0.3236       0.000      0.1262E-03  0.3235    
   21.0+    20 1  0.6109       0.000      0.1445E-03  0.6108    
   21.0+    22 2  0.1905       0.000      0.5880E-04  0.1904    
   21.0-    21 1  0.3407       0.000      0.9815E-04  0.3406    
   22.0+    22 1  0.1998       0.000      0.4522E-04  0.1998    
   22.0-    21 1  0.3580       0.000      0.6519E-04  0.3579    
   22.0-    23 2  0.1117       0.000      0.2744E-04  0.1117    
   23.0+    22 1  0.2093       0.000      0.2939E-04  0.2093    
   23.0+    24 2  0.6537E-01   0.000      0.1283E-04  0.6535E-01
   23.0-    23 1  0.1169       0.000      0.2087E-04  0.1169    
   24.0+    24 1  0.6824E-01   0.000      0.9650E-05  0.6823E-01
   24.0-    23 1  0.1221       0.000      0.1326E-04  0.1221    
   24.0-    25 2  0.3815E-01   0.000      0.6011E-05  0.3814E-01
   25.0+    24 1  0.7112E-01   0.000      0.5999E-05  0.7111E-01
   25.0+    26 2  0.2221E-01   0.000      0.2822E-05  0.2221E-01
   25.0-    25 1  0.3974E-01   0.000      0.4474E-05  0.3974E-01
   26.0+    26 1  0.2310E-01   0.000      0.2080E-05  0.2310E-01
   26.0-    25 1  0.4134E-01   0.000      0.2722E-05  0.4133E-01
   26.0-    27 2  0.1291E-01   0.000      0.1327E-05  0.1291E-01
   27.0+    26 1  0.2399E-01   0.000      0.1239E-05  0.2399E-01
   27.0+    28 2  0.7488E-02   0.000      0.6249E-06  0.7487E-02
   27.0-    27 1  0.1340E-01   0.000      0.9691E-06  0.1340E-01
   28.0+    28 1  0.7762E-02   0.000      0.4526E-06  0.7762E-02
   28.0-    27 1  0.1390E-01   0.000      0.5659E-06  0.1389E-01
   28.0-    29 2  0.4336E-02   0.000      0.2948E-06  0.4335E-02
   29.0+    28 1  0.8037E-02   0.000      0.2593E-06  0.8037E-02
   29.0+    30 2  0.2506E-02   0.000      0.1393E-06  0.2506E-02
   29.0-    29 1  0.4489E-02   0.000      0.2119E-06  0.4488E-02
   30.0+    30 1  0.2592E-02   0.000      0.9936E-07  0.2592E-02
   30.0-    29 1  0.4642E-02   0.000      0.1192E-06  0.4642E-02
   30.0-    31 2  0.1447E-02   0.000      0.6590E-07  0.1447E-02
   31.0+    30 1  0.2677E-02   0.000      0.5495E-07  0.2677E-02
   31.0+    32 2  0.8338E-03   0.000      0.3121E-07  0.8338E-03
   31.0-    31 1  0.1494E-02   0.000      0.4669E-07  0.1494E-02
   32.0+    32 1  0.8604E-03   0.000      0.2197E-07  0.8603E-03
   32.0-    31 1  0.1542E-02   0.000      0.2540E-07  0.1542E-02
   32.0-    33 2  0.4800E-03   0.000      0.1480E-07  0.4799E-03
   33.0+    32 1  0.8869E-03   0.000      0.1177E-07  0.8869E-03
   33.0+    34 2  0.2759E-03   0.000      0.7025E-08  0.2759E-03
   33.0-    33 1  0.4948E-03   0.000      0.1036E-07  0.4947E-03
   34.0+    34 1  0.2842E-03   0.000      0.4889E-08  0.2842E-03
   34.0-    33 1  0.5095E-03   0.000      0.5468E-08  0.5095E-03
   34.0-    35 2  0.1584E-03   0.000      0.3338E-08  0.1584E-03
   35.0+    34 1  0.2924E-03   0.000      0.2545E-08  0.2924E-03
   35.0+    36 2  0.9087E-04   0.000      0.1587E-08  0.9087E-04
   35.0-    35 1  0.1630E-03   0.000      0.2310E-08  0.1630E-03
   36.0+    36 1  0.9343E-04   0.000      0.1093E-08  0.9343E-04
   36.0-    35 1  0.1676E-03   0.000      0.1187E-08  0.1676E-03
   36.0-    37 2  0.5206E-04   0.000      0.7552E-09  0.5206E-04
   37.0+    36 1  0.9599E-04   0.000      0.5545E-09  0.9599E-04
   37.0+    38 2  0.2980E-04   0.000      0.3596E-09  0.2980E-04
   37.0-    37 1  0.5349E-04   0.000      0.5178E-09  0.5349E-04
   38.0+    38 1  0.3059E-04   0.000      0.2455E-09  0.3059E-04
   38.0-    37 1  0.5492E-04   0.000      0.2595E-09  0.5492E-04
   38.0-    39 2  0.1704E-04   0.000      0.1713E-09  0.1704E-04
   39.0+    38 1  0.3139E-04   0.000      0.1216E-09  0.3139E-04
   39.0+    40 2  0.9734E-05   0.000      0.8168E-10  0.9733E-05
   39.0-    39 1  0.1748E-04   0.000      0.1165E-09  0.1748E-04
   40.0+    40 1  0.9980E-05   0.000      0.5532E-10  0.9980E-05
   40.0-    39 1  0.1792E-04   0.000      0.5709E-10  0.1792E-04
   40.0-    41 2  0.5556E-05   0.000      0.3896E-10  0.5556E-05
   41.0+    40 1  0.1023E-04   0.000      0.2683E-10  0.1023E-04
   41.0+    42 2  0.3168E-05   0.000      0.1859E-10  0.3168E-05
   41.0-    41 1  0.5693E-05   0.000      0.2629E-10  0.5693E-05
   42.0+    42 1  0.3245E-05   0.000      0.1250E-10  0.3245E-05
   42.0-    41 1  0.5830E-05   0.000      0.1262E-10  0.5830E-05
   42.0-    43 2  0.1805E-05   0.000      0.8878E-11  0.1805E-05
   43.0+    42 1  0.3321E-05   0.000      0.5946E-11  0.3321E-05
   43.0+    44 2  0.1028E-05   0.000      0.4240E-11  0.1028E-05
   43.0-    43 1  0.1848E-05   0.000      0.5950E-11  0.1848E-05
   44.0+    44 1  0.1052E-05   0.000      0.2833E-11  0.1052E-05
   44.0-    43 1  0.1890E-05   0.000      0.2804E-11  0.1890E-05
   44.0-    45 2  0.5849E-06   0.000      0.2026E-11  0.5849E-06
   45.0+    44 1  0.1075E-05   0.000      0.1323E-11  0.1075E-05
   45.0+    46 2  0.3325E-06   0.000      0.9685E-12  0.3325E-06
   45.0-    45 1  0.5980E-06   0.000      0.1350E-11  0.5980E-06
   46.0+    46 1  0.3399E-06   0.000      0.6433E-12  0.3398E-06
   46.0-    45 1  0.6112E-06   0.000      0.6252E-12  0.6112E-06
   46.0-    47 2  0.1889E-06   0.000      0.4631E-12  0.1889E-06
   47.0+    46 1  0.3472E-06   0.000      0.2956E-12  0.3472E-06
   47.0+    48 2  0.1073E-06   0.000      0.2215E-12  0.1073E-06
   47.0-    47 1  0.1930E-06   0.000      0.3068E-12  0.1930E-06
   48.0+    48 1  0.1095E-06   0.000      0.1464E-12  0.1095E-06
   48.0-    47 1  0.1971E-06   0.000      0.1399E-12  0.1971E-06
   48.0-    49 2  0.6088E-07   0.000      0.1060E-12  0.6088E-07
   49.0+    48 1  0.1118E-06   0.000      0.6623E-13  0.1118E-06
   49.0+    50 2  0.3453E-07   0.000      0.5073E-13  0.3453E-07
   49.0-    49 1  0.6214E-07   0.000      0.6985E-13  0.6214E-07
   50.0+    50 1  0.3522E-07   0.000      0.3335E-13  0.3522E-07
   50.0-    49 1  0.6339E-07   0.000      0.3138E-13  0.6339E-07
   50.0-    51 2  0.1957E-07   0.000      0.2427E-13  0.1957E-07
   51.0+    50 1  0.3592E-07   0.000      0.1488E-13  0.3592E-07
   51.0+    52 2  0.1109E-07   0.000      0.1163E-13  0.1109E-07
   51.0-    51 1  0.1996E-07   0.000      0.1593E-13  0.1996E-07
   52.0+    52 1  0.1130E-07   0.000      0.7611E-14  0.1130E-07
   52.0-    51 1  0.2034E-07   0.000      0.7060E-14  0.2034E-07
   52.0-    53 2  0.6276E-08   0.000      0.5568E-14  0.6276E-08
   53.0+    52 1  0.1152E-07   0.000      0.3352E-14  0.1152E-07
   53.0+    54 2  0.3552E-08   0.000      0.2661E-14  0.3552E-08
   53.0-    53 1  0.6397E-08   0.000      0.3637E-14  0.6397E-08
   54.0+    54 1  0.3617E-08   0.000      0.1739E-14  0.3617E-08
   54.0-    53 1  0.6515E-08   0.000      0.1592E-14  0.6515E-08
   54.0-    55 2  0.2008E-08   0.000      0.1277E-14  0.2008E-08
   55.0+    54 1  0.3684E-08   0.000      0.7566E-15  0.3684E-08
   55.0+    56 2  0.1135E-08   0.000      0.6129E-15  0.1135E-08
   55.0-    55 1  0.2046E-08   0.000      0.8319E-15  0.2046E-08
   56.0+    56 1  0.1156E-08   0.000      0.3978E-15  0.1156E-08
   56.0-    55 1  0.2083E-08   0.000      0.3597E-15  0.2083E-08
   56.0-    57 2  0.6418E-09   0.000      0.2934E-15  0.6418E-09
   57.0+    56 1  0.1177E-08   0.000      0.1711E-15  0.1177E-08
   57.0+    58 2  0.3626E-09   0.000      0.1391E-15  0.3626E-09
   57.0-    57 1  0.6527E-09   0.000      0.1904E-15  0.6527E-09
   58.0+    58 1  0.3685E-09   0.000      0.9080E-16  0.3685E-09
   58.0-    57 1  0.6652E-09   0.000      0.8148E-16  0.6652E-09
   58.0-    59 2  0.2046E-09   0.000      0.6952E-16  0.2046E-09
   59.0+    58 1  0.3750E-09   0.000      0.3872E-16  0.3750E-09
   59.0+    60 2  0.1159E-09   0.000      0.3313E-16  0.1159E-09
   59.0-    59 1  0.2082E-09   0.000      0.4343E-16  0.2082E-09
   60.0+    60 1  0.1180E-09   0.000      0.2093E-16  0.1180E-09
   60.0-    59 1  0.2111E-09   0.000      0.1845E-16  0.2111E-09
   60.0-    61 2  0.6509E-10   0.000      0.1625E-16  0.6509E-10
