# 178 angles,  1 tensor ranks for 0=projectile
@subtitle   "20O + d inelastic scattering;"                                                 
@legend ON
@legend x1 0.2
@legend y1 0.8
@g0 type LOGY
@yaxis ticklabel format power
@legend string   0 "Lab energy =   70.0000"
#legend string   0 "Partition=  1 Excit=  2 near/far= 1"
#  Theta       sigma       iT11        T20         T21         T22         Kyy for projectile
   3.000       12.97    
   4.000       11.71    
   5.000       10.92    
   6.000       11.08    
   7.000       12.52    
   8.000       15.21    
   9.000       18.83    
   10.00       22.85    
   11.00       26.69    
   12.00       29.84    
   13.00       31.92    
   14.00       32.67    
   15.00       31.99    
   16.00       29.93    
   17.00       26.76    
   18.00       22.87    
   19.00       18.74    
   20.00       14.80    
   21.00       11.40    
   22.00       8.774    
   23.00       6.995    
   24.00       6.046    
   25.00       5.813    
   26.00       6.115    
   27.00       6.738    
   28.00       7.468    
   29.00       8.126    
   30.00       8.581    
   31.00       8.763    
   32.00       8.650    
   33.00       8.264    
   34.00       7.657    
   35.00       6.904    
   36.00       6.085    
   37.00       5.277    
   38.00       4.539    
   39.00       3.910    
   40.00       3.410    
   41.00       3.041    
   42.00       2.792    
   43.00       2.639    
   44.00       2.554    
   45.00       2.507    
   46.00       2.469    
   47.00       2.421    
   48.00       2.351    
   49.00       2.251    
   50.00       2.120    
   51.00       1.962    
   52.00       1.783    
   53.00       1.591    
   54.00       1.398    
   55.00       1.211    
   56.00       1.037    
   57.00      0.8817    
   58.00      0.7474    
   59.00      0.6350    
   60.00      0.5437    
   61.00      0.4716    
   62.00      0.4156    
   63.00      0.3725    
   64.00      0.3388    
   65.00      0.3117    
   66.00      0.2888    
   67.00      0.2682    
   68.00      0.2486    
   69.00      0.2292    
   70.00      0.2097    
   71.00      0.1900    
   72.00      0.1703    
   73.00      0.1510    
   74.00      0.1326    
   75.00      0.1154    
   76.00      0.9954E-01
   77.00      0.8537E-01
   78.00      0.7295E-01
   79.00      0.6224E-01
   80.00      0.5316E-01
   81.00      0.4558E-01
   82.00      0.3932E-01
   83.00      0.3422E-01
   84.00      0.3006E-01
   85.00      0.2663E-01
   86.00      0.2377E-01
   87.00      0.2135E-01
   88.00      0.1928E-01
   89.00      0.1750E-01
   90.00      0.1593E-01
   91.00      0.1452E-01
   92.00      0.1321E-01
   93.00      0.1201E-01
   94.00      0.1090E-01
   95.00      0.9896E-02
   96.00      0.8986E-02
   97.00      0.8149E-02
   98.00      0.7368E-02
   99.00      0.6640E-02
   100.0      0.5974E-02
   101.0      0.5377E-02
   102.0      0.4841E-02
   103.0      0.4349E-02
   104.0      0.3888E-02
   105.0      0.3453E-02
   106.0      0.3051E-02
   107.0      0.2690E-02
   108.0      0.2373E-02
   109.0      0.2094E-02
   110.0      0.1846E-02
   111.0      0.1623E-02
   112.0      0.1427E-02
   113.0      0.1264E-02
   114.0      0.1133E-02
   115.0      0.1031E-02
   116.0      0.9509E-03
   117.0      0.8852E-03
   118.0      0.8326E-03
   119.0      0.7938E-03
   120.0      0.7686E-03
   121.0      0.7541E-03
   122.0      0.7441E-03
   123.0      0.7323E-03
   124.0      0.7157E-03
   125.0      0.6958E-03
   126.0      0.6759E-03
   127.0      0.6567E-03
   128.0      0.6365E-03
   129.0      0.6120E-03
   130.0      0.5808E-03
   131.0      0.5440E-03
   132.0      0.5061E-03
   133.0      0.4709E-03
   134.0      0.4387E-03
   135.0      0.4072E-03
   136.0      0.3745E-03
   137.0      0.3406E-03
   138.0      0.3078E-03
   139.0      0.2798E-03
   140.0      0.2576E-03
   141.0      0.2391E-03
   142.0      0.2214E-03
   143.0      0.2042E-03
   144.0      0.1888E-03
   145.0      0.1772E-03
   146.0      0.1703E-03
   147.0      0.1659E-03
   148.0      0.1608E-03
   149.0      0.1536E-03
   150.0      0.1469E-03
   151.0      0.1435E-03
   152.0      0.1444E-03
   153.0      0.1478E-03
   154.0      0.1500E-03
   155.0      0.1475E-03
   156.0      0.1412E-03
   157.0      0.1354E-03
   158.0      0.1340E-03
   159.0      0.1368E-03
   160.0      0.1409E-03
   161.0      0.1427E-03
   162.0      0.1391E-03
   163.0      0.1314E-03
   164.0      0.1241E-03
   165.0      0.1207E-03
   166.0      0.1208E-03
   167.0      0.1218E-03
   168.0      0.1209E-03
   169.0      0.1160E-03
   170.0      0.1075E-03
   171.0      0.9899E-04
   172.0      0.9378E-04
   173.0      0.9222E-04
   174.0      0.9281E-04
   175.0      0.9361E-04
   176.0      0.9202E-04
   177.0      0.8687E-04
   178.0      0.8076E-04
   179.0      0.7707E-04
   180.0      0.7610E-04
 END
