# 181 angles,  1 tensor ranks for 0=projectile
@subtitle   "p+O20 2nd ex with BG ;"                                                        
@legend ON
@legend x1 0.2
@legend y1 0.8
@g0 type LOGY
@yaxis ticklabel format power
@legend string   0 "Lab energy =   35.0000"
#legend string   0 "Partition=  1 Excit=  1 near/far= 1"
#  Theta       sigma       iT11        T20         T21         T22         Kyy for projectile
  0.1000E-01  0.1288E+16
   1.000      0.1252E+08
   2.000      0.7275E+06
   3.000      0.1306E+06
   4.000      0.3764E+05
   5.000      0.1461E+05
   6.000       7235.    
   7.000       4438.    
   8.000       3229.    
   9.000       2634.    
   10.00       2294.    
   11.00       2064.    
   12.00       1885.    
   13.00       1727.    
   14.00       1581.    
   15.00       1440.    
   16.00       1304.    
   17.00       1172.    
   18.00       1046.    
   19.00       925.6    
   20.00       812.1    
   21.00       706.1    
   22.00       608.1    
   23.00       518.6    
   24.00       437.7    
   25.00       365.4    
   26.00       301.4    
   27.00       245.5    
   28.00       197.3    
   29.00       156.3    
   30.00       121.9    
   31.00       93.49    
   32.00       70.53    
   33.00       52.36    
   34.00       38.35    
   35.00       27.93    
   36.00       20.52    
   37.00       15.59    
   38.00       12.68    
   39.00       11.33    
   40.00       11.18    
   41.00       11.88    
   42.00       13.16    
   43.00       14.76    
   44.00       16.51    
   45.00       18.23    
   46.00       19.82    
   47.00       21.18    
   48.00       22.27    
   49.00       23.04    
   50.00       23.49    
   51.00       23.61    
   52.00       23.42    
   53.00       22.95    
   54.00       22.24    
   55.00       21.30    
   56.00       20.20    
   57.00       18.95    
   58.00       17.61    
   59.00       16.21    
   60.00       14.78    
   61.00       13.35    
   62.00       11.95    
   63.00       10.59    
   64.00       9.306    
   65.00       8.100    
   66.00       6.985    
   67.00       5.968    
   68.00       5.053    
   69.00       4.241    
   70.00       3.530    
   71.00       2.917    
   72.00       2.398    
   73.00       1.966    
   74.00       1.613    
   75.00       1.333    
   76.00       1.118    
   77.00      0.9592    
   78.00      0.8489    
   79.00      0.7794    
   80.00      0.7433    
   81.00      0.7340    
   82.00      0.7452    
   83.00      0.7712    
   84.00      0.8071    
   85.00      0.8486    
   86.00      0.8921    
   87.00      0.9344    
   88.00      0.9732    
   89.00       1.006    
   90.00       1.033    
   91.00       1.052    
   92.00       1.062    
   93.00       1.063    
   94.00       1.057    
   95.00       1.042    
   96.00       1.019    
   97.00      0.9893    
   98.00      0.9535    
   99.00      0.9123    
   100.0      0.8667    
   101.0      0.8176    
   102.0      0.7658    
   103.0      0.7123    
   104.0      0.6578    
   105.0      0.6031    
   106.0      0.5490    
   107.0      0.4960    
   108.0      0.4446    
   109.0      0.3954    
   110.0      0.3487    
   111.0      0.3049    
   112.0      0.2641    
   113.0      0.2266    
   114.0      0.1924    
   115.0      0.1616    
   116.0      0.1342    
   117.0      0.1101    
   118.0      0.8924E-01
   119.0      0.7154E-01
   120.0      0.5680E-01
   121.0      0.4487E-01
   122.0      0.3554E-01
   123.0      0.2861E-01
   124.0      0.2385E-01
   125.0      0.2106E-01
   126.0      0.1999E-01
   127.0      0.2043E-01
   128.0      0.2216E-01
   129.0      0.2495E-01
   130.0      0.2860E-01
   131.0      0.3290E-01
   132.0      0.3767E-01
   133.0      0.4272E-01
   134.0      0.4789E-01
   135.0      0.5303E-01
   136.0      0.5800E-01
   137.0      0.6268E-01
   138.0      0.6695E-01
   139.0      0.7074E-01
   140.0      0.7397E-01
   141.0      0.7657E-01
   142.0      0.7852E-01
   143.0      0.7978E-01
   144.0      0.8034E-01
   145.0      0.8022E-01
   146.0      0.7942E-01
   147.0      0.7800E-01
   148.0      0.7598E-01
   149.0      0.7343E-01
   150.0      0.7040E-01
   151.0      0.6698E-01
   152.0      0.6323E-01
   153.0      0.5924E-01
   154.0      0.5508E-01
   155.0      0.5085E-01
   156.0      0.4661E-01
   157.0      0.4245E-01
   158.0      0.3843E-01
   159.0      0.3461E-01
   160.0      0.3106E-01
   161.0      0.2781E-01
   162.0      0.2489E-01
   163.0      0.2235E-01
   164.0      0.2017E-01
   165.0      0.1838E-01
   166.0      0.1695E-01
   167.0      0.1588E-01
   168.0      0.1514E-01
   169.0      0.1469E-01
   170.0      0.1450E-01
   171.0      0.1453E-01
   172.0      0.1472E-01
   173.0      0.1502E-01
   174.0      0.1540E-01
   175.0      0.1581E-01
   176.0      0.1620E-01
   177.0      0.1655E-01
   178.0      0.1682E-01
   179.0      0.1699E-01
   180.0      0.1704E-01
 END
