# 178 angles,  1 tensor ranks for 0=projectile
@subtitle   "20O + d inelastic scattering;"                                                 
@legend ON
@legend x1 0.2
@legend y1 0.8
@g0 type LOGY
@yaxis ticklabel format power
@legend string   0 "Lab energy =   70.0000"
#legend string   0 "Partition=  1 Excit=  1 near/far= 1"
#  Theta       sigma       iT11        T20         T21         T22         Kyy for projectile
   3.000      0.2945E+05
   4.000      0.1220E+05
   5.000       8295.    
   6.000       6631.    
   7.000       5399.    
   8.000       4282.    
   9.000       3259.    
   10.00       2360.    
   11.00       1609.    
   12.00       1020.    
   13.00       587.0    
   14.00       295.1    
   15.00       120.3    
   16.00       35.40    
   17.00       13.37    
   18.00       29.89    
   19.00       65.04    
   20.00       104.0    
   21.00       137.1    
   22.00       159.0    
   23.00       168.1    
   24.00       165.5    
   25.00       153.5    
   26.00       135.4    
   27.00       114.4    
   28.00       93.11    
   29.00       73.69    
   30.00       57.40    
   31.00       44.80    
   32.00       35.88    
   33.00       30.20    
   34.00       27.09    
   35.00       25.77    
   36.00       25.51    
   37.00       25.66    
   38.00       25.76    
   39.00       25.50    
   40.00       24.71    
   41.00       23.39    
   42.00       21.59    
   43.00       19.44    
   44.00       17.09    
   45.00       14.70    
   46.00       12.40    
   47.00       10.29    
   48.00       8.429    
   49.00       6.861    
   50.00       5.586    
   51.00       4.587    
   52.00       3.827    
   53.00       3.266    
   54.00       2.858    
   55.00       2.561    
   56.00       2.337    
   57.00       2.158    
   58.00       2.000    
   59.00       1.849    
   60.00       1.697    
   61.00       1.541    
   62.00       1.382    
   63.00       1.221    
   64.00       1.064    
   65.00      0.9145    
   66.00      0.7755    
   67.00      0.6502    
   68.00      0.5401    
   69.00      0.4458    
   70.00      0.3671    
   71.00      0.3029    
   72.00      0.2516    
   73.00      0.2114    
   74.00      0.1803    
   75.00      0.1564    
   76.00      0.1379    
   77.00      0.1234    
   78.00      0.1116    
   79.00      0.1016    
   80.00      0.9275E-01
   81.00      0.8454E-01
   82.00      0.7673E-01
   83.00      0.6920E-01
   84.00      0.6191E-01
   85.00      0.5491E-01
   86.00      0.4824E-01
   87.00      0.4199E-01
   88.00      0.3623E-01
   89.00      0.3100E-01
   90.00      0.2634E-01
   91.00      0.2225E-01
   92.00      0.1871E-01
   93.00      0.1570E-01
   94.00      0.1318E-01
   95.00      0.1109E-01
   96.00      0.9386E-02
   97.00      0.8001E-02
   98.00      0.6888E-02
   99.00      0.5997E-02
   100.0      0.5284E-02
   101.0      0.4711E-02
   102.0      0.4245E-02
   103.0      0.3862E-02
   104.0      0.3538E-02
   105.0      0.3260E-02
   106.0      0.3013E-02
   107.0      0.2788E-02
   108.0      0.2581E-02
   109.0      0.2385E-02
   110.0      0.2199E-02
   111.0      0.2021E-02
   112.0      0.1850E-02
   113.0      0.1687E-02
   114.0      0.1531E-02
   115.0      0.1383E-02
   116.0      0.1243E-02
   117.0      0.1113E-02
   118.0      0.9918E-03
   119.0      0.8809E-03
   120.0      0.7800E-03
   121.0      0.6892E-03
   122.0      0.6084E-03
   123.0      0.5372E-03
   124.0      0.4753E-03
   125.0      0.4222E-03
   126.0      0.3770E-03
   127.0      0.3392E-03
   128.0      0.3079E-03
   129.0      0.2823E-03
   130.0      0.2616E-03
   131.0      0.2450E-03
   132.0      0.2317E-03
   133.0      0.2210E-03
   134.0      0.2123E-03
   135.0      0.2049E-03
   136.0      0.1984E-03
   137.0      0.1923E-03
   138.0      0.1864E-03
   139.0      0.1803E-03
   140.0      0.1738E-03
   141.0      0.1670E-03
   142.0      0.1596E-03
   143.0      0.1518E-03
   144.0      0.1435E-03
   145.0      0.1349E-03
   146.0      0.1261E-03
   147.0      0.1171E-03
   148.0      0.1082E-03
   149.0      0.9947E-04
   150.0      0.9106E-04
   151.0      0.8309E-04
   152.0      0.7567E-04
   153.0      0.6888E-04
   154.0      0.6279E-04
   155.0      0.5744E-04
   156.0      0.5285E-04
   157.0      0.4900E-04
   158.0      0.4586E-04
   159.0      0.4337E-04
   160.0      0.4145E-04
   161.0      0.4004E-04
   162.0      0.3902E-04
   163.0      0.3831E-04
   164.0      0.3781E-04
   165.0      0.3743E-04
   166.0      0.3709E-04
   167.0      0.3673E-04
   168.0      0.3631E-04
   169.0      0.3578E-04
   170.0      0.3514E-04
   171.0      0.3438E-04
   172.0      0.3353E-04
   173.0      0.3263E-04
   174.0      0.3171E-04
   175.0      0.3081E-04
   176.0      0.3000E-04
   177.0      0.2931E-04
   178.0      0.2878E-04
   179.0      0.2845E-04
   180.0      0.2834E-04
 END
