# 178 angles,  1 tensor ranks for 0=projectile
@subtitle   "p+O20 with CH89;"                                                              
@legend ON
@legend x1 0.2
@legend y1 0.8
@g0 type LOGY
@yaxis ticklabel format power
@legend string   0 "Lab energy =   35.0000"
#legend string   0 "Partition=  1 Excit=  1 near/far= 1"
#  Theta       sigma       iT11        T20         T21         T22         Kyy for projectile
   3.000      0.1307E+06
   4.000      0.3766E+05
   5.000      0.1459E+05
   6.000       7210.    
   7.000       4417.    
   8.000       3215.    
   9.000       2628.    
   10.00       2297.    
   11.00       2077.    
   12.00       1906.    
   13.00       1757.    
   14.00       1617.    
   15.00       1483.    
   16.00       1353.    
   17.00       1226.    
   18.00       1103.    
   19.00       986.0    
   20.00       874.9    
   21.00       770.7    
   22.00       674.0    
   23.00       585.3    
   24.00       504.7    
   25.00       432.4    
   26.00       368.2    
   27.00       311.9    
   28.00       263.3    
   29.00       221.8    
   30.00       186.9    
   31.00       158.0    
   32.00       134.7    
   33.00       116.2    
   34.00       101.9    
   35.00       91.23    
   36.00       83.64    
   37.00       78.55    
   38.00       75.46    
   39.00       73.92    
   40.00       73.51    
   41.00       73.88    
   42.00       74.73    
   43.00       75.78    
   44.00       76.83    
   45.00       77.72    
   46.00       78.32    
   47.00       78.54    
   48.00       78.33    
   49.00       77.66    
   50.00       76.52    
   51.00       74.93    
   52.00       72.92    
   53.00       70.54    
   54.00       67.84    
   55.00       64.86    
   56.00       61.67    
   57.00       58.33    
   58.00       54.90    
   59.00       51.42    
   60.00       47.95    
   61.00       44.54    
   62.00       41.21    
   63.00       38.00    
   64.00       34.95    
   65.00       32.06    
   66.00       29.36    
   67.00       26.86    
   68.00       24.56    
   69.00       22.45    
   70.00       20.55    
   71.00       18.84    
   72.00       17.31    
   73.00       15.96    
   74.00       14.76    
   75.00       13.72    
   76.00       12.81    
   77.00       12.03    
   78.00       11.35    
   79.00       10.76    
   80.00       10.26    
   81.00       9.827    
   82.00       9.450    
   83.00       9.122    
   84.00       8.832    
   85.00       8.571    
   86.00       8.334    
   87.00       8.113    
   88.00       7.903    
   89.00       7.700    
   90.00       7.500    
   91.00       7.300    
   92.00       7.099    
   93.00       6.894    
   94.00       6.685    
   95.00       6.472    
   96.00       6.254    
   97.00       6.031    
   98.00       5.804    
   99.00       5.575    
   100.0       5.342    
   101.0       5.109    
   102.0       4.875    
   103.0       4.642    
   104.0       4.412    
   105.0       4.184    
   106.0       3.962    
   107.0       3.745    
   108.0       3.535    
   109.0       3.332    
   110.0       3.139    
   111.0       2.954    
   112.0       2.780    
   113.0       2.616    
   114.0       2.464    
   115.0       2.322    
   116.0       2.193    
   117.0       2.074    
   118.0       1.968    
   119.0       1.872    
   120.0       1.788    
   121.0       1.714    
   122.0       1.650    
   123.0       1.595    
   124.0       1.548    
   125.0       1.509    
   126.0       1.477    
   127.0       1.451    
   128.0       1.429    
   129.0       1.412    
   130.0       1.397    
   131.0       1.385    
   132.0       1.374    
   133.0       1.363    
   134.0       1.352    
   135.0       1.340    
   136.0       1.328    
   137.0       1.313    
   138.0       1.297    
   139.0       1.278    
   140.0       1.258    
   141.0       1.236    
   142.0       1.213    
   143.0       1.189    
   144.0       1.165    
   145.0       1.141    
   146.0       1.118    
   147.0       1.096    
   148.0       1.078    
   149.0       1.062    
   150.0       1.052    
   151.0       1.046    
   152.0       1.046    
   153.0       1.053    
   154.0       1.067    
   155.0       1.088    
   156.0       1.118    
   157.0       1.156    
   158.0       1.203    
   159.0       1.257    
   160.0       1.320    
   161.0       1.390    
   162.0       1.467    
   163.0       1.550    
   164.0       1.638    
   165.0       1.730    
   166.0       1.826    
   167.0       1.923    
   168.0       2.021    
   169.0       2.117    
   170.0       2.211    
   171.0       2.302    
   172.0       2.387    
   173.0       2.466    
   174.0       2.536    
   175.0       2.599    
   176.0       2.651    
   177.0       2.692    
   178.0       2.722    
   179.0       2.741    
   180.0       2.747    
 END
