# 178 angles,  1 tensor ranks for 0=projectile
@subtitle   "p+O20 1st ex with BG ;"                                                        
@legend ON
@legend x1 0.2
@legend y1 0.8
@g0 type LOGY
@yaxis ticklabel format power
@legend string   0 "Lab energy =   35.0000"
#legend string   0 "Partition=  1 Excit=  1 near/far= 1"
#  Theta       sigma       iT11        T20         T21         T22         Kyy for projectile
   3.000      0.1289E+06
   4.000      0.3681E+05
   5.000      0.1418E+05
   6.000       7012.    
   7.000       4337.    
   8.000       3200.    
   9.000       2650.    
   10.00       2338.    
   11.00       2125.    
   12.00       1954.    
   13.00       1800.    
   14.00       1653.    
   15.00       1510.    
   16.00       1370.    
   17.00       1234.    
   18.00       1102.    
   19.00       975.7    
   20.00       856.4    
   21.00       745.0    
   22.00       642.0    
   23.00       547.9    
   24.00       462.9    
   25.00       387.0    
   26.00       320.1    
   27.00       261.7    
   28.00       211.6    
   29.00       169.1    
   30.00       133.6    
   31.00       104.5    
   32.00       81.20    
   33.00       62.88    
   34.00       48.92    
   35.00       38.67    
   36.00       31.53    
   37.00       26.91    
   38.00       24.31    
   39.00       23.25    
   40.00       23.34    
   41.00       24.20    
   42.00       25.55    
   43.00       27.14    
   44.00       28.76    
   45.00       30.27    
   46.00       31.55    
   47.00       32.52    
   48.00       33.13    
   49.00       33.37    
   50.00       33.22    
   51.00       32.72    
   52.00       31.88    
   53.00       30.74    
   54.00       29.35    
   55.00       27.75    
   56.00       26.00    
   57.00       24.13    
   58.00       22.21    
   59.00       20.26    
   60.00       18.32    
   61.00       16.43    
   62.00       14.61    
   63.00       12.89    
   64.00       11.28    
   65.00       9.793    
   66.00       8.440    
   67.00       7.223    
   68.00       6.143    
   69.00       5.197    
   70.00       4.380    
   71.00       3.684    
   72.00       3.102    
   73.00       2.622    
   74.00       2.236    
   75.00       1.931    
   76.00       1.698    
   77.00       1.526    
   78.00       1.405    
   79.00       1.326    
   80.00       1.280    
   81.00       1.258    
   82.00       1.255    
   83.00       1.264    
   84.00       1.280    
   85.00       1.298    
   86.00       1.316    
   87.00       1.330    
   88.00       1.338    
   89.00       1.339    
   90.00       1.332    
   91.00       1.316    
   92.00       1.292    
   93.00       1.260    
   94.00       1.220    
   95.00       1.174    
   96.00       1.122    
   97.00       1.064    
   98.00       1.003    
   99.00      0.9395    
   100.0      0.8739    
   101.0      0.8074    
   102.0      0.7411    
   103.0      0.6757    
   104.0      0.6120    
   105.0      0.5506    
   106.0      0.4920    
   107.0      0.4366    
   108.0      0.3849    
   109.0      0.3370    
   110.0      0.2930    
   111.0      0.2531    
   112.0      0.2173    
   113.0      0.1854    
   114.0      0.1574    
   115.0      0.1331    
   116.0      0.1124    
   117.0      0.9488E-01
   118.0      0.8044E-01
   119.0      0.6879E-01
   120.0      0.5964E-01
   121.0      0.5273E-01
   122.0      0.4779E-01
   123.0      0.4456E-01
   124.0      0.4278E-01
   125.0      0.4221E-01
   126.0      0.4262E-01
   127.0      0.4380E-01
   128.0      0.4555E-01
   129.0      0.4770E-01
   130.0      0.5008E-01
   131.0      0.5256E-01
   132.0      0.5501E-01
   133.0      0.5732E-01
   134.0      0.5941E-01
   135.0      0.6121E-01
   136.0      0.6266E-01
   137.0      0.6371E-01
   138.0      0.6434E-01
   139.0      0.6453E-01
   140.0      0.6428E-01
   141.0      0.6359E-01
   142.0      0.6248E-01
   143.0      0.6098E-01
   144.0      0.5910E-01
   145.0      0.5689E-01
   146.0      0.5439E-01
   147.0      0.5165E-01
   148.0      0.4870E-01
   149.0      0.4561E-01
   150.0      0.4242E-01
   151.0      0.3917E-01
   152.0      0.3592E-01
   153.0      0.3272E-01
   154.0      0.2960E-01
   155.0      0.2661E-01
   156.0      0.2378E-01
   157.0      0.2114E-01
   158.0      0.1872E-01
   159.0      0.1654E-01
   160.0      0.1460E-01
   161.0      0.1293E-01
   162.0      0.1153E-01
   163.0      0.1038E-01
   164.0      0.9492E-02
   165.0      0.8842E-02
   166.0      0.8416E-02
   167.0      0.8193E-02
   168.0      0.8148E-02
   169.0      0.8256E-02
   170.0      0.8487E-02
   171.0      0.8812E-02
   172.0      0.9202E-02
   173.0      0.9626E-02
   174.0      0.1006E-01
   175.0      0.1047E-01
   176.0      0.1084E-01
   177.0      0.1115E-01
   178.0      0.1139E-01
   179.0      0.1153E-01
   180.0      0.1158E-01
 END
