# 178 angles,  1 tensor ranks for 0=projectile
@subtitle   "p+O20 1st ex with BG ;"                                                        
@legend ON
@legend x1 0.2
@legend y1 0.8
@g0 type LOGY
@yaxis ticklabel format power
@legend string   0 "Lab energy =   35.0000"
#legend string   0 "Partition=  1 Excit=  2 near/far= 1"
#  Theta       sigma       iT11        T20         T21         T22         Kyy for projectile
   3.000       12.34    
   4.000       12.08    
   5.000       11.76    
   6.000       11.39    
   7.000       10.98    
   8.000       10.55    
   9.000       10.10    
   10.00       9.657    
   11.00       9.226    
   12.00       8.821    
   13.00       8.454    
   14.00       8.132    
   15.00       7.861    
   16.00       7.643    
   17.00       7.479    
   18.00       7.365    
   19.00       7.296    
   20.00       7.262    
   21.00       7.255    
   22.00       7.264    
   23.00       7.278    
   24.00       7.286    
   25.00       7.278    
   26.00       7.247    
   27.00       7.185    
   28.00       7.087    
   29.00       6.953    
   30.00       6.779    
   31.00       6.567    
   32.00       6.320    
   33.00       6.041    
   34.00       5.734    
   35.00       5.405    
   36.00       5.058    
   37.00       4.701    
   38.00       4.338    
   39.00       3.976    
   40.00       3.621    
   41.00       3.278    
   42.00       2.951    
   43.00       2.646    
   44.00       2.366    
   45.00       2.114    
   46.00       1.891    
   47.00       1.699    
   48.00       1.539    
   49.00       1.408    
   50.00       1.307    
   51.00       1.232    
   52.00       1.181    
   53.00       1.150    
   54.00       1.137    
   55.00       1.138    
   56.00       1.149    
   57.00       1.168    
   58.00       1.190    
   59.00       1.214    
   60.00       1.237    
   61.00       1.258    
   62.00       1.274    
   63.00       1.284    
   64.00       1.288    
   65.00       1.285    
   66.00       1.274    
   67.00       1.255    
   68.00       1.229    
   69.00       1.195    
   70.00       1.155    
   71.00       1.108    
   72.00       1.056    
   73.00      0.9993    
   74.00      0.9392    
   75.00      0.8766    
   76.00      0.8126    
   77.00      0.7481    
   78.00      0.6842    
   79.00      0.6218    
   80.00      0.5615    
   81.00      0.5041    
   82.00      0.4501    
   83.00      0.3998    
   84.00      0.3536    
   85.00      0.3115    
   86.00      0.2737    
   87.00      0.2400    
   88.00      0.2105    
   89.00      0.1849    
   90.00      0.1631    
   91.00      0.1448    
   92.00      0.1297    
   93.00      0.1176    
   94.00      0.1082    
   95.00      0.1011    
   96.00      0.9601E-01
   97.00      0.9266E-01
   98.00      0.9071E-01
   99.00      0.8986E-01
   100.0      0.8983E-01
   101.0      0.9034E-01
   102.0      0.9118E-01
   103.0      0.9214E-01
   104.0      0.9305E-01
   105.0      0.9378E-01
   106.0      0.9423E-01
   107.0      0.9432E-01
   108.0      0.9402E-01
   109.0      0.9328E-01
   110.0      0.9211E-01
   111.0      0.9051E-01
   112.0      0.8848E-01
   113.0      0.8606E-01
   114.0      0.8327E-01
   115.0      0.8015E-01
   116.0      0.7673E-01
   117.0      0.7306E-01
   118.0      0.6918E-01
   119.0      0.6516E-01
   120.0      0.6105E-01
   121.0      0.5689E-01
   122.0      0.5276E-01
   123.0      0.4869E-01
   124.0      0.4473E-01
   125.0      0.4093E-01
   126.0      0.3732E-01
   127.0      0.3391E-01
   128.0      0.3074E-01
   129.0      0.2780E-01
   130.0      0.2511E-01
   131.0      0.2265E-01
   132.0      0.2044E-01
   133.0      0.1844E-01
   134.0      0.1666E-01
   135.0      0.1509E-01
   136.0      0.1372E-01
   137.0      0.1253E-01
   138.0      0.1152E-01
   139.0      0.1068E-01
   140.0      0.1000E-01
   141.0      0.9470E-02
   142.0      0.9069E-02
   143.0      0.8784E-02
   144.0      0.8599E-02
   145.0      0.8498E-02
   146.0      0.8465E-02
   147.0      0.8487E-02
   148.0      0.8551E-02
   149.0      0.8647E-02
   150.0      0.8769E-02
   151.0      0.8911E-02
   152.0      0.9067E-02
   153.0      0.9237E-02
   154.0      0.9416E-02
   155.0      0.9606E-02
   156.0      0.9804E-02
   157.0      0.1001E-01
   158.0      0.1023E-01
   159.0      0.1045E-01
   160.0      0.1067E-01
   161.0      0.1089E-01
   162.0      0.1111E-01
   163.0      0.1132E-01
   164.0      0.1153E-01
   165.0      0.1172E-01
   166.0      0.1190E-01
   167.0      0.1207E-01
   168.0      0.1224E-01
   169.0      0.1241E-01
   170.0      0.1258E-01
   171.0      0.1276E-01
   172.0      0.1293E-01
   173.0      0.1310E-01
   174.0      0.1327E-01
   175.0      0.1342E-01
   176.0      0.1355E-01
   177.0      0.1366E-01
   178.0      0.1374E-01
   179.0      0.1379E-01
   180.0      0.1381E-01
 END
