# 178 angles,  1 tensor ranks for 0=projectile
@subtitle   "p+O20 with CH89;"                                                              
@legend ON
@legend x1 0.2
@legend y1 0.8
@g0 type LOGY
@yaxis ticklabel format power
@legend string   0 "Lab energy =   35.0000"
#legend string   0 "Partition=  1 Excit=  1 near/far= 1"
#  Theta       sigma       iT11        T20         T21         T22         Kyy for projectile
   3.000      0.1255E+06
   4.000      0.3423E+05
   5.000      0.1218E+05
   6.000       5429.    
   7.000       3066.    
   8.000       2171.    
   9.000       1814.    
   10.00       1661.    
   11.00       1582.    
   12.00       1526.    
   13.00       1471.    
   14.00       1411.    
   15.00       1344.    
   16.00       1269.    
   17.00       1189.    
   18.00       1105.    
   19.00       1020.    
   20.00       934.0    
   21.00       849.3    
   22.00       766.9    
   23.00       687.9    
   24.00       612.8    
   25.00       542.3    
   26.00       476.8    
   27.00       416.5    
   28.00       361.5    
   29.00       311.8    
   30.00       267.2    
   31.00       227.7    
   32.00       193.0    
   33.00       162.7    
   34.00       136.6    
   35.00       114.3    
   36.00       95.45    
   37.00       79.73    
   38.00       66.78    
   39.00       56.24    
   40.00       47.79    
   41.00       41.13    
   42.00       35.97    
   43.00       32.06    
   44.00       29.16    
   45.00       27.06    
   46.00       25.60    
   47.00       24.60    
   48.00       23.93    
   49.00       23.49    
   50.00       23.18    
   51.00       22.94    
   52.00       22.69    
   53.00       22.42    
   54.00       22.08    
   55.00       21.65    
   56.00       21.13    
   57.00       20.52    
   58.00       19.82    
   59.00       19.03    
   60.00       18.17    
   61.00       17.25    
   62.00       16.28    
   63.00       15.29    
   64.00       14.27    
   65.00       13.26    
   66.00       12.25    
   67.00       11.26    
   68.00       10.30    
   69.00       9.388    
   70.00       8.518    
   71.00       7.700    
   72.00       6.938    
   73.00       6.233    
   74.00       5.588    
   75.00       5.002    
   76.00       4.474    
   77.00       4.003    
   78.00       3.586    
   79.00       3.220    
   80.00       2.902    
   81.00       2.628    
   82.00       2.393    
   83.00       2.195    
   84.00       2.029    
   85.00       1.890    
   86.00       1.776    
   87.00       1.682    
   88.00       1.606    
   89.00       1.544    
   90.00       1.493    
   91.00       1.451    
   92.00       1.416    
   93.00       1.385    
   94.00       1.357    
   95.00       1.332    
   96.00       1.306    
   97.00       1.281    
   98.00       1.254    
   99.00       1.226    
   100.0       1.196    
   101.0       1.164    
   102.0       1.130    
   103.0       1.093    
   104.0       1.055    
   105.0       1.016    
   106.0      0.9746    
   107.0      0.9324    
   108.0      0.8894    
   109.0      0.8460    
   110.0      0.8025    
   111.0      0.7592    
   112.0      0.7165    
   113.0      0.6745    
   114.0      0.6336    
   115.0      0.5939    
   116.0      0.5558    
   117.0      0.5193    
   118.0      0.4846    
   119.0      0.4517    
   120.0      0.4208    
   121.0      0.3919    
   122.0      0.3650    
   123.0      0.3401    
   124.0      0.3172    
   125.0      0.2961    
   126.0      0.2768    
   127.0      0.2594    
   128.0      0.2435    
   129.0      0.2293    
   130.0      0.2165    
   131.0      0.2051    
   132.0      0.1949    
   133.0      0.1859    
   134.0      0.1780    
   135.0      0.1711    
   136.0      0.1650    
   137.0      0.1598    
   138.0      0.1554    
   139.0      0.1518    
   140.0      0.1487    
   141.0      0.1464    
   142.0      0.1447    
   143.0      0.1435    
   144.0      0.1430    
   145.0      0.1431    
   146.0      0.1437    
   147.0      0.1450    
   148.0      0.1468    
   149.0      0.1493    
   150.0      0.1524    
   151.0      0.1561    
   152.0      0.1604    
   153.0      0.1653    
   154.0      0.1709    
   155.0      0.1770    
   156.0      0.1838    
   157.0      0.1910    
   158.0      0.1988    
   159.0      0.2071    
   160.0      0.2157    
   161.0      0.2248    
   162.0      0.2341    
   163.0      0.2436    
   164.0      0.2533    
   165.0      0.2630    
   166.0      0.2727    
   167.0      0.2823    
   168.0      0.2916    
   169.0      0.3006    
   170.0      0.3093    
   171.0      0.3174    
   172.0      0.3249    
   173.0      0.3317    
   174.0      0.3378    
   175.0      0.3431    
   176.0      0.3475    
   177.0      0.3510    
   178.0      0.3535    
   179.0      0.3551    
   180.0      0.3556    
 END
