# Fusion cross sections for ELAB=  35.000, ECM=  33.322
     0.5   16.89      1
     0.5   34.07     -1
     1.5   34.65      1
     1.5   68.76     -1
     2.5   52.00      1
     2.5   104.8     -1
     3.5   76.05      1
     3.5   144.4     -1
     4.5   95.48      1
     4.5   166.8     -1
     5.5   39.87      1
     5.5   135.6     -1
     6.5   51.84      1
     6.5   68.73     -1
     7.5   6.468      1
     7.5   26.98     -1
     8.5   7.493      1
     8.5   9.867     -1
     9.5  0.8517      1
     9.5   3.526     -1
    10.5  0.9427      1
    10.5   1.244     -1
    11.5  0.1049      1
    11.5  0.4340     -1
    12.5  0.1138      1
    12.5  0.1500     -1
    13.5  0.1230E-01  1
    13.5  0.5128E-01 -1
    14.5  0.1318E-01  1
    14.5  0.1727E-01 -1
    15.5  0.1297E-02  1
    15.5  0.5660E-02 -1
    16.5  0.1378E-02  1
    16.5  0.1740E-02 -1
    17.5  0.5591E-04  1
    17.5  0.4385E-03 -1
 &
