# 178 angles,  1 tensor ranks for 0=projectile
@subtitle   "20O + d inelastic scattering;"                                                 
@legend ON
@legend x1 0.2
@legend y1 0.8
@g0 type LOGY
@yaxis ticklabel format power
@legend string   0 "Lab energy =   70.0000"
#legend string   0 "Partition=  1 Excit=  2 near/far= 1"
#  Theta       sigma       iT11        T20         T21         T22         Kyy for projectile
   3.000       10.61    
   4.000       9.570    
   5.000       8.856    
   6.000       8.861    
   7.000       9.840    
   8.000       11.80    
   9.000       14.50    
   10.00       17.52    
   11.00       20.41    
   12.00       22.80    
   13.00       24.39    
   14.00       24.99    
   15.00       24.51    
   16.00       22.99    
   17.00       20.61    
   18.00       17.66    
   19.00       14.52    
   20.00       11.52    
   21.00       8.919    
   22.00       6.895    
   23.00       5.514    
   24.00       4.760    
   25.00       4.550    
   26.00       4.750    
   27.00       5.198    
   28.00       5.732    
   29.00       6.216    
   30.00       6.550    
   31.00       6.680    
   32.00       6.590    
   33.00       6.294    
   34.00       5.832    
   35.00       5.259    
   36.00       4.637    
   37.00       4.024    
   38.00       3.465    
   39.00       2.988    
   40.00       2.611    
   41.00       2.333    
   42.00       2.147    
   43.00       2.034    
   44.00       1.973    
   45.00       1.939    
   46.00       1.913    
   47.00       1.878    
   48.00       1.824    
   49.00       1.748    
   50.00       1.647    
   51.00       1.525    
   52.00       1.386    
   53.00       1.238    
   54.00       1.087    
   55.00      0.9410    
   56.00      0.8058    
   57.00      0.6847    
   58.00      0.5800    
   59.00      0.4922    
   60.00      0.4211    
   61.00      0.3650    
   62.00      0.3217    
   63.00      0.2884    
   64.00      0.2626    
   65.00      0.2418    
   66.00      0.2243    
   67.00      0.2087    
   68.00      0.1938    
   69.00      0.1791    
   70.00      0.1641    
   71.00      0.1488    
   72.00      0.1336    
   73.00      0.1185    
   74.00      0.1041    
   75.00      0.9054E-01
   76.00      0.7807E-01
   77.00      0.6688E-01
   78.00      0.5704E-01
   79.00      0.4855E-01
   80.00      0.4136E-01
   81.00      0.3535E-01
   82.00      0.3042E-01
   83.00      0.2641E-01
   84.00      0.2316E-01
   85.00      0.2050E-01
   86.00      0.1830E-01
   87.00      0.1646E-01
   88.00      0.1489E-01
   89.00      0.1355E-01
   90.00      0.1238E-01
   91.00      0.1133E-01
   92.00      0.1035E-01
   93.00      0.9435E-02
   94.00      0.8593E-02
   95.00      0.7825E-02
   96.00      0.7125E-02
   97.00      0.6474E-02
   98.00      0.5861E-02
   99.00      0.5285E-02
   100.0      0.4755E-02
   101.0      0.4278E-02
   102.0      0.3849E-02
   103.0      0.3455E-02
   104.0      0.3085E-02
   105.0      0.2735E-02
   106.0      0.2411E-02
   107.0      0.2123E-02
   108.0      0.1871E-02
   109.0      0.1652E-02
   110.0      0.1456E-02
   111.0      0.1281E-02
   112.0      0.1127E-02
   113.0      0.1000E-02
   114.0      0.8996E-03
   115.0      0.8229E-03
   116.0      0.7628E-03
   117.0      0.7136E-03
   118.0      0.6741E-03
   119.0      0.6452E-03
   120.0      0.6270E-03
   121.0      0.6173E-03
   122.0      0.6110E-03
   123.0      0.6027E-03
   124.0      0.5897E-03
   125.0      0.5737E-03
   126.0      0.5575E-03
   127.0      0.5420E-03
   128.0      0.5256E-03
   129.0      0.5055E-03
   130.0      0.4796E-03
   131.0      0.4490E-03
   132.0      0.4177E-03
   133.0      0.3888E-03
   134.0      0.3624E-03
   135.0      0.3365E-03
   136.0      0.3095E-03
   137.0      0.2812E-03
   138.0      0.2539E-03
   139.0      0.2308E-03
   140.0      0.2128E-03
   141.0      0.1977E-03
   142.0      0.1831E-03
   143.0      0.1687E-03
   144.0      0.1558E-03
   145.0      0.1462E-03
   146.0      0.1405E-03
   147.0      0.1372E-03
   148.0      0.1330E-03
   149.0      0.1270E-03
   150.0      0.1213E-03
   151.0      0.1185E-03
   152.0      0.1195E-03
   153.0      0.1227E-03
   154.0      0.1249E-03
   155.0      0.1230E-03
   156.0      0.1177E-03
   157.0      0.1129E-03
   158.0      0.1119E-03
   159.0      0.1147E-03
   160.0      0.1188E-03
   161.0      0.1207E-03
   162.0      0.1180E-03
   163.0      0.1115E-03
   164.0      0.1054E-03
   165.0      0.1029E-03
   166.0      0.1034E-03
   167.0      0.1047E-03
   168.0      0.1044E-03
   169.0      0.1005E-03
   170.0      0.9338E-04
   171.0      0.8618E-04
   172.0      0.8199E-04
   173.0      0.8101E-04
   174.0      0.8187E-04
   175.0      0.8296E-04
   176.0      0.8195E-04
   177.0      0.7772E-04
   178.0      0.7267E-04
   179.0      0.6985E-04
   180.0      0.6922E-04
 END
