# 178 angles,  1 tensor ranks for 0=projectile
@subtitle   "20O(d,d') Daehnick OMP with step defs and iblock=5"                            
@legend ON
@legend x1 0.2
@legend y1 0.8
@g0 type LOGY
@yaxis ticklabel format power
@legend string   0 "Lab energy =   70.0000"
#legend string   0 "Partition=  1 Excit=  5 near/far= 1"
#  Theta       sigma       iT11        T20         T21         T22         Kyy for projectile
   3.000       1.809    
   4.000       1.517    
   5.000       1.195    
   6.000      0.8761    
   7.000      0.5895    
   8.000      0.3606    
   9.000      0.2075    
   10.00      0.1388    
   11.00      0.1541    
   12.00      0.2438    
   13.00      0.3911    
   14.00      0.5744    
   15.00      0.7700    
   16.00      0.9550    
   17.00       1.110    
   18.00       1.219    
   19.00       1.274    
   20.00       1.274    
   21.00       1.223    
   22.00       1.128    
   23.00       1.003    
   24.00      0.8621    
   25.00      0.7186    
   26.00      0.5850    
   27.00      0.4709    
   28.00      0.3823    
   29.00      0.3219    
   30.00      0.2886    
   31.00      0.2789    
   32.00      0.2871    
   33.00      0.3066    
   34.00      0.3306    
   35.00      0.3529    
   36.00      0.3687    
   37.00      0.3746    
   38.00      0.3691    
   39.00      0.3523    
   40.00      0.3254    
   41.00      0.2911    
   42.00      0.2522    
   43.00      0.2119    
   44.00      0.1733    
   45.00      0.1387    
   46.00      0.1098    
   47.00      0.8783E-01
   48.00      0.7283E-01
   49.00      0.6442E-01
   50.00      0.6162E-01
   51.00      0.6313E-01
   52.00      0.6745E-01
   53.00      0.7313E-01
   54.00      0.7882E-01
   55.00      0.8345E-01
   56.00      0.8624E-01
   57.00      0.8675E-01
   58.00      0.8484E-01
   59.00      0.8064E-01
   60.00      0.7451E-01
   61.00      0.6693E-01
   62.00      0.5845E-01
   63.00      0.4964E-01
   64.00      0.4100E-01
   65.00      0.3298E-01
   66.00      0.2588E-01
   67.00      0.1990E-01
   68.00      0.1514E-01
   69.00      0.1157E-01
   70.00      0.9090E-02
   71.00      0.7549E-02
   72.00      0.6750E-02
   73.00      0.6490E-02
   74.00      0.6570E-02
   75.00      0.6815E-02
   76.00      0.7082E-02
   77.00      0.7264E-02
   78.00      0.7292E-02
   79.00      0.7134E-02
   80.00      0.6787E-02
   81.00      0.6273E-02
   82.00      0.5629E-02
   83.00      0.4902E-02
   84.00      0.4142E-02
   85.00      0.3395E-02
   86.00      0.2700E-02
   87.00      0.2089E-02
   88.00      0.1580E-02
   89.00      0.1183E-02
   90.00      0.8970E-03
   91.00      0.7142E-03
   92.00      0.6197E-03
   93.00      0.5955E-03
   94.00      0.6216E-03
   95.00      0.6784E-03
   96.00      0.7482E-03
   97.00      0.8156E-03
   98.00      0.8692E-03
   99.00      0.9011E-03
   100.0      0.9070E-03
   101.0      0.8860E-03
   102.0      0.8401E-03
   103.0      0.7729E-03
   104.0      0.6899E-03
   105.0      0.5969E-03
   106.0      0.5000E-03
   107.0      0.4046E-03
   108.0      0.3156E-03
   109.0      0.2364E-03
   110.0      0.1698E-03
   111.0      0.1169E-03
   112.0      0.7796E-04
   113.0      0.5228E-04
   114.0      0.3838E-04
   115.0      0.3430E-04
   116.0      0.3777E-04
   117.0      0.4645E-04
   118.0      0.5809E-04
   119.0      0.7066E-04
   120.0      0.8246E-04
   121.0      0.9221E-04
   122.0      0.9901E-04
   123.0      0.1024E-03
   124.0      0.1022E-03
   125.0      0.9865E-04
   126.0      0.9217E-04
   127.0      0.8337E-04
   128.0      0.7294E-04
   129.0      0.6161E-04
   130.0      0.5009E-04
   131.0      0.3902E-04
   132.0      0.2891E-04
   133.0      0.2019E-04
   134.0      0.1311E-04
   135.0      0.7812E-05
   136.0      0.4315E-05
   137.0      0.2523E-05
   138.0      0.2255E-05
   139.0      0.3269E-05
   140.0      0.5282E-05
   141.0      0.7994E-05
   142.0      0.1111E-04
   143.0      0.1434E-04
   144.0      0.1746E-04
   145.0      0.2025E-04
   146.0      0.2256E-04
   147.0      0.2429E-04
   148.0      0.2539E-04
   149.0      0.2584E-04
   150.0      0.2568E-04
   151.0      0.2497E-04
   152.0      0.2379E-04
   153.0      0.2225E-04
   154.0      0.2046E-04
   155.0      0.1854E-04
   156.0      0.1659E-04
   157.0      0.1472E-04
   158.0      0.1301E-04
   159.0      0.1153E-04
   160.0      0.1033E-04
   161.0      0.9453E-05
   162.0      0.8916E-05
   163.0      0.8723E-05
   164.0      0.8862E-05
   165.0      0.9312E-05
   166.0      0.1004E-04
   167.0      0.1101E-04
   168.0      0.1218E-04
   169.0      0.1349E-04
   170.0      0.1490E-04
   171.0      0.1636E-04
   172.0      0.1782E-04
   173.0      0.1923E-04
   174.0      0.2055E-04
   175.0      0.2174E-04
   176.0      0.2277E-04
   177.0      0.2359E-04
   178.0      0.2420E-04
   179.0      0.2458E-04
   180.0      0.2470E-04
 END
