# 178 angles,  1 tensor ranks for 0=projectile
@subtitle   "20O(d,d') Daehnick OMP with step defs and iblock=5"                            
@legend ON
@legend x1 0.2
@legend y1 0.8
@g0 type LOGY
@yaxis ticklabel format power
@xaxis label "Scattering angle (degrees)"
@yaxis label "Cross section (mb/sr)"
@legend string   0 "Partition=  1 Excit=  1 near/far= 1"
#legend string   0 "Lab energy =   70.0000"
@s0 linestyle   1
#  Theta       sigma       iT11        T20         T21         T22         Kyy for projectile
   3.000      0.2775E+05
   4.000      0.1176E+05
   5.000       8312.    
   6.000       6796.    
   7.000       5582.    
   8.000       4434.    
   9.000       3367.    
   10.00       2429.    
   11.00       1652.    
   12.00       1048.    
   13.00       609.1    
   14.00       316.4    
   15.00       141.8    
   16.00       55.84    
   17.00       30.22    
   18.00       40.67    
   19.00       68.10    
   20.00       98.94    
   21.00       124.7    
   22.00       141.1    
   23.00       147.0    
   24.00       143.5    
   25.00       132.7    
   26.00       117.3    
   27.00       99.68    
   28.00       82.02    
   29.00       65.80    
   30.00       51.95    
   31.00       40.85    
   32.00       32.49    
   33.00       26.59    
   34.00       22.67    
   35.00       20.23    
   36.00       18.78    
   37.00       17.89    
   38.00       17.23    
   39.00       16.57    
   40.00       15.78    
   41.00       14.79    
   42.00       13.60    
   43.00       12.26    
   44.00       10.83    
   45.00       9.370    
   46.00       7.952    
   47.00       6.630    
   48.00       5.443    
   49.00       4.416    
   50.00       3.559    
   51.00       2.869    
   52.00       2.333    
   53.00       1.932    
   54.00       1.642    
   55.00       1.440    
   56.00       1.302    
   57.00       1.207    
   58.00       1.137    
   59.00       1.080    
   60.00       1.025    
   61.00      0.9662    
   62.00      0.9010    
   63.00      0.8286    
   64.00      0.7503    
   65.00      0.6683    
   66.00      0.5857    
   67.00      0.5052    
   68.00      0.4296    
   69.00      0.3609    
   70.00      0.3006    
   71.00      0.2494    
   72.00      0.2074    
   73.00      0.1741    
   74.00      0.1486    
   75.00      0.1297    
   76.00      0.1161    
   77.00      0.1064    
   78.00      0.9940E-01
   79.00      0.9402E-01
   80.00      0.8938E-01
   81.00      0.8484E-01
   82.00      0.7997E-01
   83.00      0.7457E-01
   84.00      0.6859E-01
   85.00      0.6210E-01
   86.00      0.5529E-01
   87.00      0.4837E-01
   88.00      0.4158E-01
   89.00      0.3513E-01
   90.00      0.2921E-01
   91.00      0.2396E-01
   92.00      0.1945E-01
   93.00      0.1573E-01
   94.00      0.1276E-01
   95.00      0.1050E-01
   96.00      0.8854E-02
   97.00      0.7732E-02
   98.00      0.7018E-02
   99.00      0.6604E-02
   100.0      0.6389E-02
   101.0      0.6284E-02
   102.0      0.6219E-02
   103.0      0.6139E-02
   104.0      0.6008E-02
   105.0      0.5806E-02
   106.0      0.5526E-02
   107.0      0.5171E-02
   108.0      0.4754E-02
   109.0      0.4292E-02
   110.0      0.3804E-02
   111.0      0.3309E-02
   112.0      0.2826E-02
   113.0      0.2370E-02
   114.0      0.1952E-02
   115.0      0.1582E-02
   116.0      0.1263E-02
   117.0      0.9974E-03
   118.0      0.7836E-03
   119.0      0.6180E-03
   120.0      0.4953E-03
   121.0      0.4093E-03
   122.0      0.3535E-03
   123.0      0.3212E-03
   124.0      0.3062E-03
   125.0      0.3029E-03
   126.0      0.3067E-03
   127.0      0.3136E-03
   128.0      0.3206E-03
   129.0      0.3256E-03
   130.0      0.3272E-03
   131.0      0.3246E-03
   132.0      0.3176E-03
   133.0      0.3063E-03
   134.0      0.2914E-03
   135.0      0.2733E-03
   136.0      0.2529E-03
   137.0      0.2310E-03
   138.0      0.2083E-03
   139.0      0.1857E-03
   140.0      0.1637E-03
   141.0      0.1429E-03
   142.0      0.1237E-03
   143.0      0.1065E-03
   144.0      0.9156E-04
   145.0      0.7896E-04
   146.0      0.6878E-04
   147.0      0.6099E-04
   148.0      0.5552E-04
   149.0      0.5223E-04
   150.0      0.5094E-04
   151.0      0.5142E-04
   152.0      0.5344E-04
   153.0      0.5673E-04
   154.0      0.6100E-04
   155.0      0.6597E-04
   156.0      0.7133E-04
   157.0      0.7680E-04
   158.0      0.8210E-04
   159.0      0.8696E-04
   160.0      0.9113E-04
   161.0      0.9442E-04
   162.0      0.9663E-04
   163.0      0.9764E-04
   164.0      0.9735E-04
   165.0      0.9575E-04
   166.0      0.9284E-04
   167.0      0.8870E-04
   168.0      0.8346E-04
   169.0      0.7728E-04
   170.0      0.7037E-04
   171.0      0.6299E-04
   172.0      0.5538E-04
   173.0      0.4783E-04
   174.0      0.4061E-04
   175.0      0.3398E-04
   176.0      0.2819E-04
   177.0      0.2345E-04
   178.0      0.1994E-04
   179.0      0.1778E-04
   180.0      0.1705E-04
 END
@legend string   1 "Partition=  1 Excit=  2 near/far= 1"
#legend string   0 "Lab energy =   70.0000"
@s1 linestyle   2
#  Theta       sigma       iT11        T20         T21         T22         Kyy for projectile
   3.000       11.34    
   4.000       9.989    
   5.000       8.877    
   6.000       8.400    
   7.000       8.814    
   8.000       10.12    
   9.000       12.04    
   10.00       14.21    
   11.00       16.22    
   12.00       17.79    
   13.00       18.72    
   14.00       18.86    
   15.00       18.17    
   16.00       16.70    
   17.00       14.63    
   18.00       12.22    
   19.00       9.785    
   20.00       7.563    
   21.00       5.728    
   22.00       4.368    
   23.00       3.500    
   24.00       3.086    
   25.00       3.041    
   26.00       3.251    
   27.00       3.584    
   28.00       3.925    
   29.00       4.188    
   30.00       4.322    
   31.00       4.309    
   32.00       4.150    
   33.00       3.868    
   34.00       3.494    
   35.00       3.073    
   36.00       2.649    
   37.00       2.257    
   38.00       1.923    
   39.00       1.656    
   40.00       1.461    
   41.00       1.331    
   42.00       1.258    
   43.00       1.225    
   44.00       1.216    
   45.00       1.213    
   46.00       1.203    
   47.00       1.178    
   48.00       1.135    
   49.00       1.073    
   50.00      0.9940    
   51.00      0.9011    
   52.00      0.7996    
   53.00      0.6954    
   54.00      0.5940    
   55.00      0.5000    
   56.00      0.4164    
   57.00      0.3450    
   58.00      0.2864    
   59.00      0.2404    
   60.00      0.2059    
   61.00      0.1810    
   62.00      0.1635    
   63.00      0.1510    
   64.00      0.1418    
   65.00      0.1343    
   66.00      0.1274    
   67.00      0.1201    
   68.00      0.1119    
   69.00      0.1028    
   70.00      0.9308E-01
   71.00      0.8304E-01
   72.00      0.7299E-01
   73.00      0.6316E-01
   74.00      0.5379E-01
   75.00      0.4521E-01
   76.00      0.3774E-01
   77.00      0.3154E-01
   78.00      0.2656E-01
   79.00      0.2264E-01
   80.00      0.1958E-01
   81.00      0.1726E-01
   82.00      0.1558E-01
   83.00      0.1439E-01
   84.00      0.1350E-01
   85.00      0.1272E-01
   86.00      0.1193E-01
   87.00      0.1113E-01
   88.00      0.1032E-01
   89.00      0.9530E-02
   90.00      0.8713E-02
   91.00      0.7837E-02
   92.00      0.6912E-02
   93.00      0.5998E-02
   94.00      0.5161E-02
   95.00      0.4433E-02
   96.00      0.3810E-02
   97.00      0.3276E-02
   98.00      0.2828E-02
   99.00      0.2470E-02
   100.0      0.2211E-02
   101.0      0.2033E-02
   102.0      0.1906E-02
   103.0      0.1805E-02
   104.0      0.1723E-02
   105.0      0.1663E-02
   106.0      0.1617E-02
   107.0      0.1575E-02
   108.0      0.1518E-02
   109.0      0.1438E-02
   110.0      0.1340E-02
   111.0      0.1237E-02
   112.0      0.1133E-02
   113.0      0.1022E-02
   114.0      0.9050E-03
   115.0      0.7880E-03
   116.0      0.6805E-03
   117.0      0.5893E-03
   118.0      0.5132E-03
   119.0      0.4433E-03
   120.0      0.3730E-03
   121.0      0.3082E-03
   122.0      0.2600E-03
   123.0      0.2324E-03
   124.0      0.2199E-03
   125.0      0.2130E-03
   126.0      0.2039E-03
   127.0      0.1913E-03
   128.0      0.1815E-03
   129.0      0.1792E-03
   130.0      0.1802E-03
   131.0      0.1776E-03
   132.0      0.1706E-03
   133.0      0.1624E-03
   134.0      0.1561E-03
   135.0      0.1533E-03
   136.0      0.1512E-03
   137.0      0.1428E-03
   138.0      0.1257E-03
   139.0      0.1066E-03
   140.0      0.9284E-04
   141.0      0.8547E-04
   142.0      0.8196E-04
   143.0      0.7861E-04
   144.0      0.7107E-04
   145.0      0.5922E-04
   146.0      0.4878E-04
   147.0      0.4324E-04
   148.0      0.3991E-04
   149.0      0.3651E-04
   150.0      0.3399E-04
   151.0      0.3208E-04
   152.0      0.3008E-04
   153.0      0.2975E-04
   154.0      0.3089E-04
   155.0      0.2948E-04
   156.0      0.2508E-04
   157.0      0.2214E-04
   158.0      0.2187E-04
   159.0      0.2174E-04
   160.0      0.2196E-04
   161.0      0.2307E-04
   162.0      0.2200E-04
   163.0      0.1827E-04
   164.0      0.1641E-04
   165.0      0.1704E-04
   166.0      0.1600E-04
   167.0      0.1377E-04
   168.0      0.1401E-04
   169.0      0.1480E-04
   170.0      0.1343E-04
   171.0      0.1316E-04
   172.0      0.1564E-04
   173.0      0.1676E-04
   174.0      0.1651E-04
   175.0      0.1902E-04
   176.0      0.2154E-04
   177.0      0.1966E-04
   178.0      0.1948E-04
   179.0      0.2649E-04
   180.0      0.3161E-04
 END
@legend string   2 "Partition=  1 Excit=  3 near/far= 1"
#legend string   0 "Lab energy =   70.0000"
@s2 linestyle   3
#  Theta       sigma       iT11        T20         T21         T22         Kyy for projectile
   3.000       1.771    
   4.000       1.571    
   5.000       1.396    
   6.000       1.324    
   7.000       1.413    
   8.000       1.676    
   9.000       2.072    
   10.00       2.526    
   11.00       2.957    
   12.00       3.299    
   13.00       3.509    
   14.00       3.560    
   15.00       3.444    
   16.00       3.170    
   17.00       2.772    
   18.00       2.301    
   19.00       1.814    
   20.00       1.367    
   21.00      0.9963    
   22.00      0.7224    
   23.00      0.5491    
   24.00      0.4683    
   25.00      0.4632    
   26.00      0.5113    
   27.00      0.5873    
   28.00      0.6675    
   29.00      0.7330    
   30.00      0.7715    
   31.00      0.7780    
   32.00      0.7528    
   33.00      0.7008    
   34.00      0.6292    
   35.00      0.5470    
   36.00      0.4631    
   37.00      0.3852    
   38.00      0.3189    
   39.00      0.2675    
   40.00      0.2316    
   41.00      0.2104    
   42.00      0.2013    
   43.00      0.2011    
   44.00      0.2059    
   45.00      0.2120    
   46.00      0.2165    
   47.00      0.2174    
   48.00      0.2136    
   49.00      0.2047    
   50.00      0.1913    
   51.00      0.1741    
   52.00      0.1544    
   53.00      0.1336    
   54.00      0.1128    
   55.00      0.9331E-01
   56.00      0.7591E-01
   57.00      0.6113E-01
   58.00      0.4921E-01
   59.00      0.4012E-01
   60.00      0.3361E-01
   61.00      0.2927E-01
   62.00      0.2662E-01
   63.00      0.2514E-01
   64.00      0.2440E-01
   65.00      0.2397E-01
   66.00      0.2355E-01
   67.00      0.2291E-01
   68.00      0.2193E-01
   69.00      0.2059E-01
   70.00      0.1895E-01
   71.00      0.1709E-01
   72.00      0.1509E-01
   73.00      0.1305E-01
   74.00      0.1106E-01
   75.00      0.9224E-02
   76.00      0.7603E-02
   77.00      0.6241E-02
   78.00      0.5140E-02
   79.00      0.4283E-02
   80.00      0.3645E-02
   81.00      0.3197E-02
   82.00      0.2907E-02
   83.00      0.2734E-02
   84.00      0.2628E-02
   85.00      0.2544E-02
   86.00      0.2454E-02
   87.00      0.2347E-02
   88.00      0.2221E-02
   89.00      0.2075E-02
   90.00      0.1910E-02
   91.00      0.1724E-02
   92.00      0.1524E-02
   93.00      0.1321E-02
   94.00      0.1126E-02
   95.00      0.9459E-03
   96.00      0.7859E-03
   97.00      0.6489E-03
   98.00      0.5378E-03
   99.00      0.4538E-03
   100.0      0.3956E-03
   101.0      0.3584E-03
   102.0      0.3362E-03
   103.0      0.3245E-03
   104.0      0.3205E-03
   105.0      0.3219E-03
   106.0      0.3252E-03
   107.0      0.3267E-03
   108.0      0.3237E-03
   109.0      0.3152E-03
   110.0      0.3024E-03
   111.0      0.2865E-03
   112.0      0.2674E-03
   113.0      0.2445E-03
   114.0      0.2184E-03
   115.0      0.1910E-03
   116.0      0.1645E-03
   117.0      0.1405E-03
   118.0      0.1189E-03
   119.0      0.9904E-04
   120.0      0.8076E-04
   121.0      0.6518E-04
   122.0      0.5369E-04
   123.0      0.4643E-04
   124.0      0.4215E-04
   125.0      0.3919E-04
   126.0      0.3656E-04
   127.0      0.3438E-04
   128.0      0.3341E-04
   129.0      0.3393E-04
   130.0      0.3516E-04
   131.0      0.3603E-04
   132.0      0.3610E-04
   133.0      0.3565E-04
   134.0      0.3505E-04
   135.0      0.3437E-04
   136.0      0.3320E-04
   137.0      0.3097E-04
   138.0      0.2776E-04
   139.0      0.2444E-04
   140.0      0.2186E-04
   141.0      0.2012E-04
   142.0      0.1871E-04
   143.0      0.1701E-04
   144.0      0.1467E-04
   145.0      0.1198E-04
   146.0      0.9638E-05
   147.0      0.8109E-05
   148.0      0.7223E-05
   149.0      0.6656E-05
   150.0      0.6276E-05
   151.0      0.6002E-05
   152.0      0.5761E-05
   153.0      0.5574E-05
   154.0      0.5360E-05
   155.0      0.4913E-05
   156.0      0.4330E-05
   157.0      0.4029E-05
   158.0      0.4159E-05
   159.0      0.4448E-05
   160.0      0.4631E-05
   161.0      0.4558E-05
   162.0      0.4108E-05
   163.0      0.3452E-05
   164.0      0.3041E-05
   165.0      0.2990E-05
   166.0      0.2957E-05
   167.0      0.2770E-05
   168.0      0.2599E-05
   169.0      0.2528E-05
   170.0      0.2565E-05
   171.0      0.2829E-05
   172.0      0.3220E-05
   173.0      0.3342E-05
   174.0      0.3145E-05
   175.0      0.3067E-05
   176.0      0.3410E-05
   177.0      0.4223E-05
   178.0      0.5580E-05
   179.0      0.7141E-05
   180.0      0.7875E-05
 END
@legend string   3 "Partition=  1 Excit=  4 near/far= 1"
#legend string   0 "Lab energy =   70.0000"
@s3 linestyle   4
#  Theta       sigma       iT11        T20         T21         T22         Kyy for projectile
   3.000       11.01    
   4.000       14.13    
   5.000       17.39    
   6.000       20.46    
   7.000       23.11    
   8.000       25.31    
   9.000       27.19    
   10.00       28.95    
   11.00       30.82    
   12.00       32.94    
   13.00       35.33    
   14.00       37.87    
   15.00       40.32    
   16.00       42.35    
   17.00       43.64    
   18.00       43.92    
   19.00       43.04    
   20.00       40.97    
   21.00       37.84    
   22.00       33.90    
   23.00       29.47    
   24.00       24.92    
   25.00       20.59    
   26.00       16.75    
   27.00       13.63    
   28.00       11.32    
   29.00       9.840    
   30.00       9.103    
   31.00       8.969    
   32.00       9.260    
   33.00       9.786    
   34.00       10.37    
   35.00       10.86    
   36.00       11.15    
   37.00       11.18    
   38.00       10.93    
   39.00       10.43    
   40.00       9.718    
   41.00       8.859    
   42.00       7.925    
   43.00       6.981    
   44.00       6.087    
   45.00       5.284    
   46.00       4.599    
   47.00       4.043    
   48.00       3.611    
   49.00       3.290    
   50.00       3.059    
   51.00       2.893    
   52.00       2.768    
   53.00       2.661    
   54.00       2.555    
   55.00       2.436    
   56.00       2.298    
   57.00       2.138    
   58.00       1.960    
   59.00       1.767    
   60.00       1.566    
   61.00       1.366    
   62.00       1.173    
   63.00      0.9934    
   64.00      0.8319    
   65.00      0.6915    
   66.00      0.5734    
   67.00      0.4772    
   68.00      0.4014    
   69.00      0.3436    
   70.00      0.3005    
   71.00      0.2690    
   72.00      0.2460    
   73.00      0.2286    
   74.00      0.2145    
   75.00      0.2019    
   76.00      0.1895    
   77.00      0.1766    
   78.00      0.1628    
   79.00      0.1482    
   80.00      0.1332    
   81.00      0.1181    
   82.00      0.1032    
   83.00      0.8920E-01
   84.00      0.7630E-01
   85.00      0.6481E-01
   86.00      0.5489E-01
   87.00      0.4658E-01
   88.00      0.3982E-01
   89.00      0.3445E-01
   90.00      0.3029E-01
   91.00      0.2713E-01
   92.00      0.2475E-01
   93.00      0.2292E-01
   94.00      0.2145E-01
   95.00      0.2018E-01
   96.00      0.1898E-01
   97.00      0.1779E-01
   98.00      0.1656E-01
   99.00      0.1526E-01
   100.0      0.1391E-01
   101.0      0.1251E-01
   102.0      0.1112E-01
   103.0      0.9769E-02
   104.0      0.8495E-02
   105.0      0.7328E-02
   106.0      0.6289E-02
   107.0      0.5393E-02
   108.0      0.4645E-02
   109.0      0.4043E-02
   110.0      0.3576E-02
   111.0      0.3226E-02
   112.0      0.2975E-02
   113.0      0.2804E-02
   114.0      0.2693E-02
   115.0      0.2622E-02
   116.0      0.2573E-02
   117.0      0.2529E-02
   118.0      0.2479E-02
   119.0      0.2414E-02
   120.0      0.2330E-02
   121.0      0.2227E-02
   122.0      0.2105E-02
   123.0      0.1966E-02
   124.0      0.1814E-02
   125.0      0.1654E-02
   126.0      0.1492E-02
   127.0      0.1330E-02
   128.0      0.1174E-02
   129.0      0.1027E-02
   130.0      0.8904E-03
   131.0      0.7684E-03
   132.0      0.6625E-03
   133.0      0.5730E-03
   134.0      0.4995E-03
   135.0      0.4410E-03
   136.0      0.3959E-03
   137.0      0.3625E-03
   138.0      0.3387E-03
   139.0      0.3219E-03
   140.0      0.3100E-03
   141.0      0.3019E-03
   142.0      0.2967E-03
   143.0      0.2940E-03
   144.0      0.2926E-03
   145.0      0.2908E-03
   146.0      0.2871E-03
   147.0      0.2807E-03
   148.0      0.2716E-03
   149.0      0.2609E-03
   150.0      0.2493E-03
   151.0      0.2373E-03
   152.0      0.2249E-03
   153.0      0.2119E-03
   154.0      0.1986E-03
   155.0      0.1851E-03
   156.0      0.1719E-03
   157.0      0.1594E-03
   158.0      0.1477E-03
   159.0      0.1371E-03
   160.0      0.1278E-03
   161.0      0.1200E-03
   162.0      0.1136E-03
   163.0      0.1085E-03
   164.0      0.1045E-03
   165.0      0.1013E-03
   166.0      0.9902E-04
   167.0      0.9745E-04
   168.0      0.9652E-04
   169.0      0.9613E-04
   170.0      0.9621E-04
   171.0      0.9682E-04
   172.0      0.9806E-04
   173.0      0.9990E-04
   174.0      0.1020E-03
   175.0      0.1038E-03
   176.0      0.1048E-03
   177.0      0.1046E-03
   178.0      0.1036E-03
   179.0      0.1025E-03
   180.0      0.1020E-03
 END
@legend string   4 "Partition=  1 Excit=  5 near/far= 1"
#legend string   0 "Lab energy =   70.0000"
@s4 linestyle   5
#  Theta       sigma       iT11        T20         T21         T22         Kyy for projectile
   3.000       1.809    
   4.000       1.517    
   5.000       1.195    
   6.000      0.8761    
   7.000      0.5895    
   8.000      0.3606    
   9.000      0.2075    
   10.00      0.1388    
   11.00      0.1541    
   12.00      0.2438    
   13.00      0.3911    
   14.00      0.5744    
   15.00      0.7700    
   16.00      0.9550    
   17.00       1.110    
   18.00       1.219    
   19.00       1.274    
   20.00       1.274    
   21.00       1.223    
   22.00       1.128    
   23.00       1.003    
   24.00      0.8621    
   25.00      0.7186    
   26.00      0.5850    
   27.00      0.4709    
   28.00      0.3823    
   29.00      0.3219    
   30.00      0.2886    
   31.00      0.2789    
   32.00      0.2871    
   33.00      0.3066    
   34.00      0.3306    
   35.00      0.3529    
   36.00      0.3687    
   37.00      0.3746    
   38.00      0.3691    
   39.00      0.3523    
   40.00      0.3254    
   41.00      0.2911    
   42.00      0.2522    
   43.00      0.2119    
   44.00      0.1733    
   45.00      0.1387    
   46.00      0.1098    
   47.00      0.8783E-01
   48.00      0.7283E-01
   49.00      0.6442E-01
   50.00      0.6162E-01
   51.00      0.6313E-01
   52.00      0.6745E-01
   53.00      0.7313E-01
   54.00      0.7882E-01
   55.00      0.8345E-01
   56.00      0.8624E-01
   57.00      0.8675E-01
   58.00      0.8484E-01
   59.00      0.8064E-01
   60.00      0.7451E-01
   61.00      0.6693E-01
   62.00      0.5845E-01
   63.00      0.4964E-01
   64.00      0.4100E-01
   65.00      0.3298E-01
   66.00      0.2588E-01
   67.00      0.1990E-01
   68.00      0.1514E-01
   69.00      0.1157E-01
   70.00      0.9090E-02
   71.00      0.7549E-02
   72.00      0.6750E-02
   73.00      0.6490E-02
   74.00      0.6570E-02
   75.00      0.6815E-02
   76.00      0.7082E-02
   77.00      0.7264E-02
   78.00      0.7292E-02
   79.00      0.7134E-02
   80.00      0.6787E-02
   81.00      0.6273E-02
   82.00      0.5629E-02
   83.00      0.4902E-02
   84.00      0.4142E-02
   85.00      0.3395E-02
   86.00      0.2700E-02
   87.00      0.2089E-02
   88.00      0.1580E-02
   89.00      0.1183E-02
   90.00      0.8970E-03
   91.00      0.7142E-03
   92.00      0.6197E-03
   93.00      0.5955E-03
   94.00      0.6216E-03
   95.00      0.6784E-03
   96.00      0.7482E-03
   97.00      0.8156E-03
   98.00      0.8692E-03
   99.00      0.9011E-03
   100.0      0.9070E-03
   101.0      0.8860E-03
   102.0      0.8401E-03
   103.0      0.7729E-03
   104.0      0.6899E-03
   105.0      0.5969E-03
   106.0      0.5000E-03
   107.0      0.4046E-03
   108.0      0.3156E-03
   109.0      0.2364E-03
   110.0      0.1698E-03
   111.0      0.1169E-03
   112.0      0.7796E-04
   113.0      0.5228E-04
   114.0      0.3838E-04
   115.0      0.3430E-04
   116.0      0.3777E-04
   117.0      0.4645E-04
   118.0      0.5809E-04
   119.0      0.7066E-04
   120.0      0.8246E-04
   121.0      0.9221E-04
   122.0      0.9901E-04
   123.0      0.1024E-03
   124.0      0.1022E-03
   125.0      0.9865E-04
   126.0      0.9217E-04
   127.0      0.8337E-04
   128.0      0.7294E-04
   129.0      0.6161E-04
   130.0      0.5009E-04
   131.0      0.3902E-04
   132.0      0.2891E-04
   133.0      0.2019E-04
   134.0      0.1311E-04
   135.0      0.7812E-05
   136.0      0.4315E-05
   137.0      0.2523E-05
   138.0      0.2255E-05
   139.0      0.3269E-05
   140.0      0.5282E-05
   141.0      0.7994E-05
   142.0      0.1111E-04
   143.0      0.1434E-04
   144.0      0.1746E-04
   145.0      0.2025E-04
   146.0      0.2256E-04
   147.0      0.2429E-04
   148.0      0.2539E-04
   149.0      0.2584E-04
   150.0      0.2568E-04
   151.0      0.2497E-04
   152.0      0.2379E-04
   153.0      0.2225E-04
   154.0      0.2046E-04
   155.0      0.1854E-04
   156.0      0.1659E-04
   157.0      0.1472E-04
   158.0      0.1301E-04
   159.0      0.1153E-04
   160.0      0.1033E-04
   161.0      0.9453E-05
   162.0      0.8916E-05
   163.0      0.8723E-05
   164.0      0.8862E-05
   165.0      0.9312E-05
   166.0      0.1004E-04
   167.0      0.1101E-04
   168.0      0.1218E-04
   169.0      0.1349E-04
   170.0      0.1490E-04
   171.0      0.1636E-04
   172.0      0.1782E-04
   173.0      0.1923E-04
   174.0      0.2055E-04
   175.0      0.2174E-04
   176.0      0.2277E-04
   177.0      0.2359E-04
   178.0      0.2420E-04
   179.0      0.2458E-04
   180.0      0.2470E-04
 END
