# 178 angles,  1 tensor ranks for 0=projectile
@subtitle   "20O(d,d') Daehnick OMP with step defs and iblock=5"                            
@legend ON
@legend x1 0.2
@legend y1 0.8
@g0 type LOGY
@yaxis ticklabel format power
@legend string   0 "Lab energy =   70.0000"
#legend string   0 "Partition=  1 Excit=  1 near/far= 1"
#  Theta       sigma       iT11        T20         T21         T22         Kyy for projectile
   3.000      0.2775E+05
   4.000      0.1176E+05
   5.000       8312.    
   6.000       6796.    
   7.000       5582.    
   8.000       4434.    
   9.000       3367.    
   10.00       2429.    
   11.00       1652.    
   12.00       1048.    
   13.00       609.1    
   14.00       316.4    
   15.00       141.8    
   16.00       55.84    
   17.00       30.22    
   18.00       40.67    
   19.00       68.10    
   20.00       98.94    
   21.00       124.7    
   22.00       141.1    
   23.00       147.0    
   24.00       143.5    
   25.00       132.7    
   26.00       117.3    
   27.00       99.68    
   28.00       82.02    
   29.00       65.80    
   30.00       51.95    
   31.00       40.85    
   32.00       32.49    
   33.00       26.59    
   34.00       22.67    
   35.00       20.23    
   36.00       18.78    
   37.00       17.89    
   38.00       17.23    
   39.00       16.57    
   40.00       15.78    
   41.00       14.79    
   42.00       13.60    
   43.00       12.26    
   44.00       10.83    
   45.00       9.370    
   46.00       7.952    
   47.00       6.630    
   48.00       5.443    
   49.00       4.416    
   50.00       3.559    
   51.00       2.869    
   52.00       2.333    
   53.00       1.932    
   54.00       1.642    
   55.00       1.440    
   56.00       1.302    
   57.00       1.207    
   58.00       1.137    
   59.00       1.080    
   60.00       1.025    
   61.00      0.9662    
   62.00      0.9010    
   63.00      0.8286    
   64.00      0.7503    
   65.00      0.6683    
   66.00      0.5857    
   67.00      0.5052    
   68.00      0.4296    
   69.00      0.3609    
   70.00      0.3006    
   71.00      0.2494    
   72.00      0.2074    
   73.00      0.1741    
   74.00      0.1486    
   75.00      0.1297    
   76.00      0.1161    
   77.00      0.1064    
   78.00      0.9940E-01
   79.00      0.9402E-01
   80.00      0.8938E-01
   81.00      0.8484E-01
   82.00      0.7997E-01
   83.00      0.7457E-01
   84.00      0.6859E-01
   85.00      0.6210E-01
   86.00      0.5529E-01
   87.00      0.4837E-01
   88.00      0.4158E-01
   89.00      0.3513E-01
   90.00      0.2921E-01
   91.00      0.2396E-01
   92.00      0.1945E-01
   93.00      0.1573E-01
   94.00      0.1276E-01
   95.00      0.1050E-01
   96.00      0.8854E-02
   97.00      0.7732E-02
   98.00      0.7018E-02
   99.00      0.6604E-02
   100.0      0.6389E-02
   101.0      0.6284E-02
   102.0      0.6219E-02
   103.0      0.6139E-02
   104.0      0.6008E-02
   105.0      0.5806E-02
   106.0      0.5526E-02
   107.0      0.5171E-02
   108.0      0.4754E-02
   109.0      0.4292E-02
   110.0      0.3804E-02
   111.0      0.3309E-02
   112.0      0.2826E-02
   113.0      0.2370E-02
   114.0      0.1952E-02
   115.0      0.1582E-02
   116.0      0.1263E-02
   117.0      0.9974E-03
   118.0      0.7836E-03
   119.0      0.6180E-03
   120.0      0.4953E-03
   121.0      0.4093E-03
   122.0      0.3535E-03
   123.0      0.3212E-03
   124.0      0.3062E-03
   125.0      0.3029E-03
   126.0      0.3067E-03
   127.0      0.3136E-03
   128.0      0.3206E-03
   129.0      0.3256E-03
   130.0      0.3272E-03
   131.0      0.3246E-03
   132.0      0.3176E-03
   133.0      0.3063E-03
   134.0      0.2914E-03
   135.0      0.2733E-03
   136.0      0.2529E-03
   137.0      0.2310E-03
   138.0      0.2083E-03
   139.0      0.1857E-03
   140.0      0.1637E-03
   141.0      0.1429E-03
   142.0      0.1237E-03
   143.0      0.1065E-03
   144.0      0.9156E-04
   145.0      0.7896E-04
   146.0      0.6878E-04
   147.0      0.6099E-04
   148.0      0.5552E-04
   149.0      0.5223E-04
   150.0      0.5094E-04
   151.0      0.5142E-04
   152.0      0.5344E-04
   153.0      0.5673E-04
   154.0      0.6100E-04
   155.0      0.6597E-04
   156.0      0.7133E-04
   157.0      0.7680E-04
   158.0      0.8210E-04
   159.0      0.8696E-04
   160.0      0.9113E-04
   161.0      0.9442E-04
   162.0      0.9663E-04
   163.0      0.9764E-04
   164.0      0.9735E-04
   165.0      0.9575E-04
   166.0      0.9284E-04
   167.0      0.8870E-04
   168.0      0.8346E-04
   169.0      0.7728E-04
   170.0      0.7037E-04
   171.0      0.6299E-04
   172.0      0.5538E-04
   173.0      0.4783E-04
   174.0      0.4061E-04
   175.0      0.3398E-04
   176.0      0.2819E-04
   177.0      0.2345E-04
   178.0      0.1994E-04
   179.0      0.1778E-04
   180.0      0.1705E-04
 END
