# 178 angles,  1 tensor ranks for 0=projectile
@subtitle   "p+O20 1st with BG ;"                                                           
@legend ON
@legend x1 0.2
@legend y1 0.8
@g0 type LOGY
@yaxis ticklabel format power
@legend string   0 "Lab energy =   43.2700"
#legend string   0 "Partition=  1 Excit=  1 near/far= 1"
#  Theta       sigma       iT11        T20         T21         T22         Kyy for projectile
   3.000      0.7951E+05
   4.000      0.2223E+05
   5.000       8673.    
   6.000       4595.    
   7.000       3164.    
   8.000       2588.    
   9.000       2308.    
   10.00       2132.    
   11.00       1988.    
   12.00       1850.    
   13.00       1711.    
   14.00       1569.    
   15.00       1425.    
   16.00       1282.    
   17.00       1142.    
   18.00       1007.    
   19.00       879.1    
   20.00       759.7    
   21.00       649.7    
   22.00       549.7    
   23.00       459.9    
   24.00       380.3    
   25.00       310.8    
   26.00       250.8    
   27.00       199.7    
   28.00       157.0    
   29.00       121.7    
   30.00       93.15    
   31.00       70.50    
   32.00       52.96    
   33.00       39.75    
   34.00       30.16    
   35.00       23.52    
   36.00       19.23    
   37.00       16.77    
   38.00       15.66    
   39.00       15.52    
   40.00       16.01    
   41.00       16.87    
   42.00       17.89    
   43.00       18.90    
   44.00       19.78    
   45.00       20.46    
   46.00       20.89    
   47.00       21.03    
   48.00       20.90    
   49.00       20.50    
   50.00       19.86    
   51.00       19.01    
   52.00       17.99    
   53.00       16.83    
   54.00       15.58    
   55.00       14.27    
   56.00       12.94    
   57.00       11.62    
   58.00       10.33    
   59.00       9.096    
   60.00       7.932    
   61.00       6.853    
   62.00       5.866    
   63.00       4.977    
   64.00       4.188    
   65.00       3.497    
   66.00       2.902    
   67.00       2.397    
   68.00       1.977    
   69.00       1.633    
   70.00       1.359    
   71.00       1.144    
   72.00      0.9826    
   73.00      0.8651    
   74.00      0.7844    
   75.00      0.7332    
   76.00      0.7050    
   77.00      0.6941    
   78.00      0.6952    
   79.00      0.7041    
   80.00      0.7169    
   81.00      0.7307    
   82.00      0.7432    
   83.00      0.7524    
   84.00      0.7571    
   85.00      0.7565    
   86.00      0.7501    
   87.00      0.7379    
   88.00      0.7201    
   89.00      0.6969    
   90.00      0.6689    
   91.00      0.6369    
   92.00      0.6015    
   93.00      0.5635    
   94.00      0.5237    
   95.00      0.4828    
   96.00      0.4415    
   97.00      0.4005    
   98.00      0.3603    
   99.00      0.3215    
   100.0      0.2845    
   101.0      0.2496    
   102.0      0.2172    
   103.0      0.1873    
   104.0      0.1601    
   105.0      0.1357    
   106.0      0.1141    
   107.0      0.9510E-01
   108.0      0.7875E-01
   109.0      0.6487E-01
   110.0      0.5330E-01
   111.0      0.4385E-01
   112.0      0.3633E-01
   113.0      0.3054E-01
   114.0      0.2627E-01
   115.0      0.2331E-01
   116.0      0.2147E-01
   117.0      0.2055E-01
   118.0      0.2039E-01
   119.0      0.2081E-01
   120.0      0.2166E-01
   121.0      0.2283E-01
   122.0      0.2418E-01
   123.0      0.2562E-01
   124.0      0.2707E-01
   125.0      0.2845E-01
   126.0      0.2971E-01
   127.0      0.3081E-01
   128.0      0.3171E-01
   129.0      0.3240E-01
   130.0      0.3287E-01
   131.0      0.3310E-01
   132.0      0.3310E-01
   133.0      0.3288E-01
   134.0      0.3245E-01
   135.0      0.3181E-01
   136.0      0.3099E-01
   137.0      0.3000E-01
   138.0      0.2887E-01
   139.0      0.2760E-01
   140.0      0.2621E-01
   141.0      0.2474E-01
   142.0      0.2318E-01
   143.0      0.2157E-01
   144.0      0.1992E-01
   145.0      0.1824E-01
   146.0      0.1655E-01
   147.0      0.1488E-01
   148.0      0.1324E-01
   149.0      0.1164E-01
   150.0      0.1010E-01
   151.0      0.8634E-02
   152.0      0.7262E-02
   153.0      0.5997E-02
   154.0      0.4851E-02
   155.0      0.3837E-02
   156.0      0.2966E-02
   157.0      0.2247E-02
   158.0      0.1686E-02
   159.0      0.1287E-02
   160.0      0.1054E-02
   161.0      0.9837E-03
   162.0      0.1074E-02
   163.0      0.1316E-02
   164.0      0.1702E-02
   165.0      0.2218E-02
   166.0      0.2849E-02
   167.0      0.3576E-02
   168.0      0.4380E-02
   169.0      0.5240E-02
   170.0      0.6131E-02
   171.0      0.7031E-02
   172.0      0.7915E-02
   173.0      0.8760E-02
   174.0      0.9544E-02
   175.0      0.1025E-01
   176.0      0.1085E-01
   177.0      0.1133E-01
   178.0      0.1169E-01
   179.0      0.1191E-01
   180.0      0.1198E-01
 END
