# 178 angles,  1 tensor ranks for 0=projectile
@subtitle   "p+O20 with CH89;"                                                              
@legend ON
@legend x1 0.2
@legend y1 0.8
@g0 type LOGY
@yaxis ticklabel format power
@legend string   0 "Lab energy =   35.0000"
#legend string   0 "Partition=  1 Excit=  1 near/far= 1"
#  Theta       sigma       iT11        T20         T21         T22         Kyy for projectile
   3.000      0.1306E+06
   4.000      0.3677E+05
   5.000      0.1354E+05
   6.000       6161.    
   7.000       3421.    
   8.000       2290.    
   9.000       1778.    
   10.00       1522.    
   11.00       1375.    
   12.00       1274.    
   13.00       1191.    
   14.00       1114.    
   15.00       1039.    
   16.00       963.5    
   17.00       887.6    
   18.00       811.9    
   19.00       737.1    
   20.00       664.1    
   21.00       593.8    
   22.00       526.7    
   23.00       463.5    
   24.00       404.5    
   25.00       350.0    
   26.00       300.2    
   27.00       255.1    
   28.00       214.6    
   29.00       178.7    
   30.00       147.2    
   31.00       119.8    
   32.00       96.25    
   33.00       76.24    
   34.00       59.48    
   35.00       45.62    
   36.00       34.34    
   37.00       25.33    
   38.00       18.29    
   39.00       12.92    
   40.00       8.967    
   41.00       6.175    
   42.00       4.327    
   43.00       3.228    
   44.00       2.704    
   45.00       2.607    
   46.00       2.810    
   47.00       3.209    
   48.00       3.718    
   49.00       4.269    
   50.00       4.808    
   51.00       5.298    
   52.00       5.711    
   53.00       6.030    
   54.00       6.247    
   55.00       6.359    
   56.00       6.371    
   57.00       6.288    
   58.00       6.121    
   59.00       5.882    
   60.00       5.582    
   61.00       5.236    
   62.00       4.855    
   63.00       4.452    
   64.00       4.039    
   65.00       3.623    
   66.00       3.215    
   67.00       2.822    
   68.00       2.449    
   69.00       2.101    
   70.00       1.780    
   71.00       1.490    
   72.00       1.232    
   73.00       1.004    
   74.00      0.8080    
   75.00      0.6413    
   76.00      0.5027    
   77.00      0.3900    
   78.00      0.3010    
   79.00      0.2331    
   80.00      0.1838    
   81.00      0.1506    
   82.00      0.1309    
   83.00      0.1223    
   84.00      0.1227    
   85.00      0.1299    
   86.00      0.1420    
   87.00      0.1576    
   88.00      0.1750    
   89.00      0.1931    
   90.00      0.2109    
   91.00      0.2275    
   92.00      0.2424    
   93.00      0.2550    
   94.00      0.2650    
   95.00      0.2722    
   96.00      0.2766    
   97.00      0.2782    
   98.00      0.2771    
   99.00      0.2734    
   100.0      0.2673    
   101.0      0.2592    
   102.0      0.2492    
   103.0      0.2377    
   104.0      0.2250    
   105.0      0.2113    
   106.0      0.1969    
   107.0      0.1821    
   108.0      0.1670    
   109.0      0.1521    
   110.0      0.1373    
   111.0      0.1230    
   112.0      0.1092    
   113.0      0.9606E-01
   114.0      0.8370E-01
   115.0      0.7217E-01
   116.0      0.6154E-01
   117.0      0.5184E-01
   118.0      0.4308E-01
   119.0      0.3526E-01
   120.0      0.2836E-01
   121.0      0.2237E-01
   122.0      0.1724E-01
   123.0      0.1294E-01
   124.0      0.9397E-02
   125.0      0.6574E-02
   126.0      0.4407E-02
   127.0      0.2836E-02
   128.0      0.1799E-02
   129.0      0.1235E-02
   130.0      0.1084E-02
   131.0      0.1289E-02
   132.0      0.1793E-02
   133.0      0.2546E-02
   134.0      0.3498E-02
   135.0      0.4603E-02
   136.0      0.5820E-02
   137.0      0.7113E-02
   138.0      0.8448E-02
   139.0      0.9795E-02
   140.0      0.1113E-01
   141.0      0.1243E-01
   142.0      0.1368E-01
   143.0      0.1486E-01
   144.0      0.1596E-01
   145.0      0.1697E-01
   146.0      0.1789E-01
   147.0      0.1871E-01
   148.0      0.1943E-01
   149.0      0.2005E-01
   150.0      0.2057E-01
   151.0      0.2100E-01
   152.0      0.2134E-01
   153.0      0.2160E-01
   154.0      0.2177E-01
   155.0      0.2187E-01
   156.0      0.2191E-01
   157.0      0.2188E-01
   158.0      0.2181E-01
   159.0      0.2169E-01
   160.0      0.2153E-01
   161.0      0.2134E-01
   162.0      0.2112E-01
   163.0      0.2089E-01
   164.0      0.2064E-01
   165.0      0.2038E-01
   166.0      0.2012E-01
   167.0      0.1986E-01
   168.0      0.1960E-01
   169.0      0.1936E-01
   170.0      0.1912E-01
   171.0      0.1891E-01
   172.0      0.1870E-01
   173.0      0.1852E-01
   174.0      0.1836E-01
   175.0      0.1822E-01
   176.0      0.1810E-01
   177.0      0.1801E-01
   178.0      0.1795E-01
   179.0      0.1791E-01
   180.0      0.1789E-01
 END
