# 178 angles,  1 tensor ranks for 0=projectile
@subtitle   "20O + d 2+2 inelastic;"                                                        
@legend ON
@legend x1 0.2
@legend y1 0.8
@g0 type LOGY
@yaxis ticklabel format power
@legend string   0 "Lab energy =   70.0000"
#legend string   0 "Partition=  1 Excit=  1 near/far= 1"
#  Theta       sigma       iT11        T20         T21         T22         Kyy for projectile
   3.000      0.2751E+05
   4.000      0.1170E+05
   5.000       8310.    
   6.000       6806.    
   7.000       5586.    
   8.000       4425.    
   9.000       3346.    
   10.00       2400.    
   11.00       1620.    
   12.00       1018.    
   13.00       585.9    
   14.00       302.1    
   15.00       137.8    
   16.00       61.84    
   17.00       44.87    
   18.00       61.84    
   19.00       93.33    
   20.00       125.8    
   21.00       150.9    
   22.00       165.1    
   23.00       167.7    
   24.00       160.5    
   25.00       145.9    
   26.00       127.2    
   27.00       107.0    
   28.00       87.52    
   29.00       70.26    
   30.00       56.02    
   31.00       45.06    
   32.00       37.15    
   33.00       31.83    
   34.00       28.49    
   35.00       26.49    
   36.00       25.28    
   37.00       24.40    
   38.00       23.54    
   39.00       22.50    
   40.00       21.19    
   41.00       19.62    
   42.00       17.83    
   43.00       15.92    
   44.00       13.98    
   45.00       12.10    
   46.00       10.34    
   47.00       8.762    
   48.00       7.389    
   49.00       6.229    
   50.00       5.275    
   51.00       4.505    
   52.00       3.894    
   53.00       3.411    
   54.00       3.028    
   55.00       2.718    
   56.00       2.460    
   57.00       2.236    
   58.00       2.034    
   59.00       1.846    
   60.00       1.668    
   61.00       1.498    
   62.00       1.335    
   63.00       1.181    
   64.00       1.038    
   65.00      0.9066    
   66.00      0.7879    
   67.00      0.6827    
   68.00      0.5909    
   69.00      0.5119    
   70.00      0.4450    
   71.00      0.3887    
   72.00      0.3418    
   73.00      0.3026    
   74.00      0.2698    
   75.00      0.2420    
   76.00      0.2182    
   77.00      0.1973    
   78.00      0.1787    
   79.00      0.1618    
   80.00      0.1463    
   81.00      0.1319    
   82.00      0.1184    
   83.00      0.1058    
   84.00      0.9421E-01
   85.00      0.8350E-01
   86.00      0.7373E-01
   87.00      0.6493E-01
   88.00      0.5707E-01
   89.00      0.5013E-01
   90.00      0.4407E-01
   91.00      0.3883E-01
   92.00      0.3432E-01
   93.00      0.3047E-01
   94.00      0.2718E-01
   95.00      0.2436E-01
   96.00      0.2194E-01
   97.00      0.1984E-01
   98.00      0.1798E-01
   99.00      0.1633E-01
   100.0      0.1483E-01
   101.0      0.1346E-01
   102.0      0.1218E-01
   103.0      0.1100E-01
   104.0      0.9883E-02
   105.0      0.8843E-02
   106.0      0.7874E-02
   107.0      0.6977E-02
   108.0      0.6155E-02
   109.0      0.5407E-02
   110.0      0.4735E-02
   111.0      0.4138E-02
   112.0      0.3614E-02
   113.0      0.3159E-02
   114.0      0.2768E-02
   115.0      0.2436E-02
   116.0      0.2155E-02
   117.0      0.1921E-02
   118.0      0.1724E-02
   119.0      0.1560E-02
   120.0      0.1421E-02
   121.0      0.1302E-02
   122.0      0.1198E-02
   123.0      0.1106E-02
   124.0      0.1021E-02
   125.0      0.9423E-03
   126.0      0.8674E-03
   127.0      0.7954E-03
   128.0      0.7257E-03
   129.0      0.6581E-03
   130.0      0.5929E-03
   131.0      0.5303E-03
   132.0      0.4707E-03
   133.0      0.4148E-03
   134.0      0.3628E-03
   135.0      0.3152E-03
   136.0      0.2722E-03
   137.0      0.2339E-03
   138.0      0.2003E-03
   139.0      0.1712E-03
   140.0      0.1465E-03
   141.0      0.1257E-03
   142.0      0.1086E-03
   143.0      0.9465E-04
   144.0      0.8345E-04
   145.0      0.7455E-04
   146.0      0.6754E-04
   147.0      0.6202E-04
   148.0      0.5766E-04
   149.0      0.5415E-04
   150.0      0.5124E-04
   151.0      0.4874E-04
   152.0      0.4648E-04
   153.0      0.4434E-04
   154.0      0.4224E-04
   155.0      0.4009E-04
   156.0      0.3786E-04
   157.0      0.3553E-04
   158.0      0.3308E-04
   159.0      0.3052E-04
   160.0      0.2787E-04
   161.0      0.2515E-04
   162.0      0.2241E-04
   163.0      0.1971E-04
   164.0      0.1709E-04
   165.0      0.1464E-04
   166.0      0.1241E-04
   167.0      0.1047E-04
   168.0      0.8863E-05
   169.0      0.7636E-05
   170.0      0.6800E-05
   171.0      0.6351E-05
   172.0      0.6257E-05
   173.0      0.6467E-05
   174.0      0.6910E-05
   175.0      0.7502E-05
   176.0      0.8151E-05
   177.0      0.8768E-05
   178.0      0.9272E-05
   179.0      0.9602E-05
   180.0      0.9716E-05
 END
