# 178 angles,  1 tensor ranks for 0=projectile
@subtitle   "20O + d 2+2 inelastic;"                                                        
@legend ON
@legend x1 0.2
@legend y1 0.8
@g0 type LOGY
@yaxis ticklabel format power
@legend string   0 "Lab energy =   70.0000"
#legend string   0 "Partition=  1 Excit=  2 near/far= 1"
#  Theta       sigma       iT11        T20         T21         T22         Kyy for projectile
   3.000       15.97    
   4.000       14.61    
   5.000       13.94    
   6.000       14.54    
   7.000       16.74    
   8.000       20.44    
   9.000       25.14    
   10.00       30.12    
   11.00       34.62    
   12.00       38.03    
   13.00       39.92    
   14.00       40.08    
   15.00       38.49    
   16.00       35.35    
   17.00       31.07    
   18.00       26.17    
   19.00       21.23    
   20.00       16.75    
   21.00       13.07    
   22.00       10.37    
   23.00       8.688    
   24.00       7.919    
   25.00       7.887    
   26.00       8.355    
   27.00       9.072    
   28.00       9.809    
   29.00       10.39    
   30.00       10.71    
   31.00       10.72    
   32.00       10.41    
   33.00       9.850    
   34.00       9.091    
   35.00       8.220    
   36.00       7.320    
   37.00       6.462    
   38.00       5.695    
   39.00       5.045    
   40.00       4.523    
   41.00       4.123    
   42.00       3.828    
   43.00       3.613    
   44.00       3.449    
   45.00       3.309    
   46.00       3.170    
   47.00       3.018    
   48.00       2.845    
   49.00       2.650    
   50.00       2.435    
   51.00       2.206    
   52.00       1.970    
   53.00       1.737    
   54.00       1.515    
   55.00       1.311    
   56.00       1.128    
   57.00      0.9687    
   58.00      0.8342    
   59.00      0.7232    
   60.00      0.6335    
   61.00      0.5618    
   62.00      0.5045    
   63.00      0.4579    
   64.00      0.4187    
   65.00      0.3846    
   66.00      0.3536    
   67.00      0.3241    
   68.00      0.2955    
   69.00      0.2674    
   70.00      0.2401    
   71.00      0.2138    
   72.00      0.1889    
   73.00      0.1657    
   74.00      0.1443    
   75.00      0.1252    
   76.00      0.1084    
   77.00      0.9406E-01
   78.00      0.8200E-01
   79.00      0.7193E-01
   80.00      0.6355E-01
   81.00      0.5660E-01
   82.00      0.5088E-01
   83.00      0.4613E-01
   84.00      0.4208E-01
   85.00      0.3846E-01
   86.00      0.3511E-01
   87.00      0.3197E-01
   88.00      0.2903E-01
   89.00      0.2629E-01
   90.00      0.2372E-01
   91.00      0.2128E-01
   92.00      0.1896E-01
   93.00      0.1682E-01
   94.00      0.1491E-01
   95.00      0.1323E-01
   96.00      0.1177E-01
   97.00      0.1049E-01
   98.00      0.9382E-02
   99.00      0.8447E-02
   100.0      0.7683E-02
   101.0      0.7060E-02
   102.0      0.6537E-02
   103.0      0.6076E-02
   104.0      0.5661E-02
   105.0      0.5289E-02
   106.0      0.4953E-02
   107.0      0.4639E-02
   108.0      0.4328E-02
   109.0      0.4013E-02
   110.0      0.3701E-02
   111.0      0.3401E-02
   112.0      0.3117E-02
   113.0      0.2843E-02
   114.0      0.2575E-02
   115.0      0.2319E-02
   116.0      0.2087E-02
   117.0      0.1884E-02
   118.0      0.1705E-02
   119.0      0.1539E-02
   120.0      0.1381E-02
   121.0      0.1236E-02
   122.0      0.1117E-02
   123.0      0.1029E-02
   124.0      0.9614E-03
   125.0      0.9005E-03
   126.0      0.8368E-03
   127.0      0.7722E-03
   128.0      0.7153E-03
   129.0      0.6708E-03
   130.0      0.6345E-03
   131.0      0.5986E-03
   132.0      0.5602E-03
   133.0      0.5233E-03
   134.0      0.4925E-03
   135.0      0.4678E-03
   136.0      0.4431E-03
   137.0      0.4116E-03
   138.0      0.3732E-03
   139.0      0.3359E-03
   140.0      0.3078E-03
   141.0      0.2904E-03
   142.0      0.2777E-03
   143.0      0.2626E-03
   144.0      0.2418E-03
   145.0      0.2183E-03
   146.0      0.1977E-03
   147.0      0.1826E-03
   148.0      0.1706E-03
   149.0      0.1589E-03
   150.0      0.1474E-03
   151.0      0.1382E-03
   152.0      0.1322E-03
   153.0      0.1282E-03
   154.0      0.1232E-03
   155.0      0.1145E-03
   156.0      0.1034E-03
   157.0      0.9440E-04
   158.0      0.9002E-04
   159.0      0.8882E-04
   160.0      0.8784E-04
   161.0      0.8496E-04
   162.0      0.7971E-04
   163.0      0.7370E-04
   164.0      0.6927E-04
   165.0      0.6637E-04
   166.0      0.6286E-04
   167.0      0.5824E-04
   168.0      0.5421E-04
   169.0      0.5176E-04
   170.0      0.5043E-04
   171.0      0.4962E-04
   172.0      0.4859E-04
   173.0      0.4664E-04
   174.0      0.4479E-04
   175.0      0.4476E-04
   176.0      0.4581E-04
   177.0      0.4596E-04
   178.0      0.4550E-04
   179.0      0.4580E-04
   180.0      0.4624E-04
 END
