# Fusion cross sections for ELAB=  35.000, ECM=  33.322
     0.5   16.77      1
     0.5   34.12     -1
     1.5   34.74      1
     1.5   69.16     -1
     2.5   51.92      1
     2.5   106.5     -1
     3.5   76.54      1
     3.5   146.8     -1
     4.5   98.40      1
     4.5   163.0     -1
     5.5   33.55      1
     5.5   118.6     -1
     6.5   41.46      1
     6.5   55.40     -1
     7.5   5.259      1
     7.5   21.67     -1
     8.5   5.987      1
     8.5   7.997     -1
     9.5  0.7702      1
     9.5   3.013     -1
    10.5  0.8484      1
    10.5   1.140     -1
    11.5  0.1094      1
    11.5  0.4282     -1
    12.5  0.1186      1
    12.5  0.1592     -1
    13.5  0.1491E-01  1
    13.5  0.5863E-01 -1
    14.5  0.1598E-01  1
    14.5  0.2142E-01 -1
    15.5  0.1968E-02  1
    15.5  0.7768E-02 -1
    16.5  0.2091E-02  1
    16.5  0.2800E-02 -1
    17.5  0.2535E-03  1
    17.5  0.1003E-02 -1
    18.5  0.2676E-03  1
    18.5  0.3579E-03 -1
    19.5  0.3203E-04  1
    19.5  0.1271E-03 -1
    20.5  0.3363E-04  1
    20.5  0.4494E-04 -1
    21.5  0.3984E-05  1
    21.5  0.1584E-04 -1
    22.5  0.4165E-05  1
    22.5  0.5563E-05 -1
    23.5  0.4893E-06  1
    23.5  0.1948E-05 -1
    24.5  0.5097E-06  1
    24.5  0.6804E-06 -1
    25.5  0.5945E-07  1
    25.5  0.2370E-06 -1
    26.5  0.6174E-07  1
    26.5  0.8239E-07 -1
    27.5  0.7161E-08  1
    27.5  0.2858E-07 -1
    28.5  0.7417E-08  1
    28.5  0.9895E-08 -1
    29.5  0.8554E-09  1
    29.5  0.3419E-08 -1
    30.5  0.8842E-09  1
    30.5  0.1180E-08 -1
    31.5  0.1020E-09  1
    31.5  0.4073E-09 -1
    32.5  0.1057E-09  1
    32.5  0.1407E-09 -1
    33.5  0.1188E-10  1
    33.5  0.4802E-10 -1
    34.5  0.1206E-10  1
    34.5  0.1614E-10 -1
    35.5  0.1197E-11  1
    35.5  0.5224E-11 -1
    36.5  0.1399E-11  1
    36.5  0.1682E-11 -1
    37.5  0.1518E-12  1
    37.5  0.9551E-13 -1
    38.5 -0.2218E-13  1
    38.5  0.3268E-12 -1
    39.5 -0.1793E-14  1
    39.5 -0.3739E-12 -1
    40.5  0.1852E-12  1
    40.5 -0.1893E-12 -1
 &
