# 178 angles,  1 tensor ranks for 0=projectile
@subtitle   "20O + d inelastic scattering;"                                                 
@legend ON
@legend x1 0.2
@legend y1 0.8
@g0 type LOGY
@yaxis ticklabel format power
@legend string   0 "Lab energy =   70.0000"
#legend string   0 "Partition=  1 Excit=  1 near/far= 1"
#  Theta       sigma       iT11        T20         T21         T22         Kyy for projectile
   3.000      0.2942E+05
   4.000      0.1220E+05
   5.000       8301.    
   6.000       6637.    
   7.000       5403.    
   8.000       4283.    
   9.000       3257.    
   10.00       2355.    
   11.00       1603.    
   12.00       1013.    
   13.00       581.3    
   14.00       290.7    
   15.00       117.6    
   16.00       34.68    
   17.00       14.53    
   18.00       32.69    
   19.00       69.10    
   20.00       108.9    
   21.00       142.4    
   22.00       164.3    
   23.00       173.2    
   24.00       170.0    
   25.00       157.4    
   26.00       138.6    
   27.00       116.9    
   28.00       95.14    
   29.00       75.31    
   30.00       58.73    
   31.00       45.96    
   32.00       36.97    
   33.00       31.30    
   34.00       28.22    
   35.00       26.96    
   36.00       26.74    
   37.00       26.92    
   38.00       27.02    
   39.00       26.71    
   40.00       25.86    
   41.00       24.44    
   42.00       22.53    
   43.00       20.26    
   44.00       17.80    
   45.00       15.30    
   46.00       12.90    
   47.00       10.71    
   48.00       8.783    
   49.00       7.165    
   50.00       5.855    
   51.00       4.830    
   52.00       4.055    
   53.00       3.483    
   54.00       3.066    
   55.00       2.761    
   56.00       2.529    
   57.00       2.339    
   58.00       2.169    
   59.00       2.005    
   60.00       1.837    
   61.00       1.665    
   62.00       1.490    
   63.00       1.313    
   64.00       1.141    
   65.00      0.9781    
   66.00      0.8274    
   67.00      0.6921    
   68.00      0.5738    
   69.00      0.4731    
   70.00      0.3895    
   71.00      0.3216    
   72.00      0.2677    
   73.00      0.2257    
   74.00      0.1933    
   75.00      0.1684    
   76.00      0.1492    
   77.00      0.1340    
   78.00      0.1216    
   79.00      0.1109    
   80.00      0.1014    
   81.00      0.9239E-01
   82.00      0.8378E-01
   83.00      0.7544E-01
   84.00      0.6735E-01
   85.00      0.5957E-01
   86.00      0.5219E-01
   87.00      0.4529E-01
   88.00      0.3895E-01
   89.00      0.3323E-01
   90.00      0.2816E-01
   91.00      0.2373E-01
   92.00      0.1993E-01
   93.00      0.1672E-01
   94.00      0.1405E-01
   95.00      0.1186E-01
   96.00      0.1007E-01
   97.00      0.8640E-02
   98.00      0.7496E-02
   99.00      0.6585E-02
   100.0      0.5858E-02
   101.0      0.5274E-02
   102.0      0.4798E-02
   103.0      0.4402E-02
   104.0      0.4063E-02
   105.0      0.3764E-02
   106.0      0.3494E-02
   107.0      0.3243E-02
   108.0      0.3006E-02
   109.0      0.2780E-02
   110.0      0.2561E-02
   111.0      0.2350E-02
   112.0      0.2146E-02
   113.0      0.1950E-02
   114.0      0.1764E-02
   115.0      0.1588E-02
   116.0      0.1422E-02
   117.0      0.1269E-02
   118.0      0.1127E-02
   119.0      0.9987E-03
   120.0      0.8831E-03
   121.0      0.7802E-03
   122.0      0.6897E-03
   123.0      0.6112E-03
   124.0      0.5438E-03
   125.0      0.4868E-03
   126.0      0.4391E-03
   127.0      0.3998E-03
   128.0      0.3676E-03
   129.0      0.3416E-03
   130.0      0.3207E-03
   131.0      0.3039E-03
   132.0      0.2902E-03
   133.0      0.2788E-03
   134.0      0.2690E-03
   135.0      0.2602E-03
   136.0      0.2517E-03
   137.0      0.2434E-03
   138.0      0.2347E-03
   139.0      0.2256E-03
   140.0      0.2158E-03
   141.0      0.2055E-03
   142.0      0.1945E-03
   143.0      0.1830E-03
   144.0      0.1712E-03
   145.0      0.1591E-03
   146.0      0.1470E-03
   147.0      0.1349E-03
   148.0      0.1232E-03
   149.0      0.1120E-03
   150.0      0.1015E-03
   151.0      0.9173E-04
   152.0      0.8288E-04
   153.0      0.7503E-04
   154.0      0.6823E-04
   155.0      0.6250E-04
   156.0      0.5784E-04
   157.0      0.5419E-04
   158.0      0.5150E-04
   159.0      0.4966E-04
   160.0      0.4857E-04
   161.0      0.4811E-04
   162.0      0.4813E-04
   163.0      0.4850E-04
   164.0      0.4909E-04
   165.0      0.4979E-04
   166.0      0.5047E-04
   167.0      0.5106E-04
   168.0      0.5149E-04
   169.0      0.5172E-04
   170.0      0.5172E-04
   171.0      0.5150E-04
   172.0      0.5108E-04
   173.0      0.5051E-04
   174.0      0.4984E-04
   175.0      0.4913E-04
   176.0      0.4844E-04
   177.0      0.4783E-04
   178.0      0.4735E-04
   179.0      0.4704E-04
   180.0      0.4694E-04
 END
