# 178 angles,  1 tensor ranks for 0=projectile
@subtitle   "O(d,t) @ 30AMeV Haixia (d) + Pang (t)"                                         
@legend ON
@legend x1 0.2
@legend y1 0.8
@g0 type LOGY
@yaxis ticklabel format power
@legend string   0 "Lab energy =   70.0000"
#legend string   0 "Partition=  2 Excit=  3 near/far= 1"
#  Theta       sigma       iT11        T20         T21         T22         Kyy for projectile
   3.000       1.647    
   4.000       1.599    
   5.000       1.592    
   6.000       1.640    
   7.000       1.740    
   8.000       1.874    
   9.000       2.010    
   10.00       2.113    
   11.00       2.152    
   12.00       2.109    
   13.00       1.978    
   14.00       1.772    
   15.00       1.512    
   16.00       1.227    
   17.00      0.9487    
   18.00      0.7017    
   19.00      0.5039    
   20.00      0.3635    
   21.00      0.2798    
   22.00      0.2449    
   23.00      0.2467    
   24.00      0.2717    
   25.00      0.3072    
   26.00      0.3438    
   27.00      0.3752    
   28.00      0.3990    
   29.00      0.4157    
   30.00      0.4277    
   31.00      0.4382    
   32.00      0.4504    
   33.00      0.4665    
   34.00      0.4876    
   35.00      0.5134    
   36.00      0.5422    
   37.00      0.5721    
   38.00      0.6003    
   39.00      0.6245    
   40.00      0.6425    
   41.00      0.6532    
   42.00      0.6557    
   43.00      0.6503    
   44.00      0.6376    
   45.00      0.6189    
   46.00      0.5955    
   47.00      0.5690    
   48.00      0.5406    
   49.00      0.5116    
   50.00      0.4829    
   51.00      0.4550    
   52.00      0.4284    
   53.00      0.4031    
   54.00      0.3791    
   55.00      0.3562    
   56.00      0.3342    
   57.00      0.3130    
   58.00      0.2924    
   59.00      0.2723    
   60.00      0.2527    
   61.00      0.2336    
   62.00      0.2151    
   63.00      0.1973    
   64.00      0.1803    
   65.00      0.1641    
   66.00      0.1490    
   67.00      0.1350    
   68.00      0.1220    
   69.00      0.1101    
   70.00      0.9928E-01
   71.00      0.8949E-01
   72.00      0.8064E-01
   73.00      0.7267E-01
   74.00      0.6549E-01
   75.00      0.5902E-01
   76.00      0.5317E-01
   77.00      0.4789E-01
   78.00      0.4310E-01
   79.00      0.3875E-01
   80.00      0.3480E-01
   81.00      0.3120E-01
   82.00      0.2794E-01
   83.00      0.2497E-01
   84.00      0.2228E-01
   85.00      0.1985E-01
   86.00      0.1766E-01
   87.00      0.1569E-01
   88.00      0.1392E-01
   89.00      0.1235E-01
   90.00      0.1095E-01
   91.00      0.9710E-02
   92.00      0.8610E-02
   93.00      0.7636E-02
   94.00      0.6775E-02
   95.00      0.6013E-02
   96.00      0.5339E-02
   97.00      0.4742E-02
   98.00      0.4213E-02
   99.00      0.3743E-02
   100.0      0.3324E-02
   101.0      0.2952E-02
   102.0      0.2619E-02
   103.0      0.2323E-02
   104.0      0.2059E-02
   105.0      0.1823E-02
   106.0      0.1613E-02
   107.0      0.1425E-02
   108.0      0.1259E-02
   109.0      0.1112E-02
   110.0      0.9810E-03
   111.0      0.8655E-03
   112.0      0.7636E-03
   113.0      0.6737E-03
   114.0      0.5947E-03
   115.0      0.5252E-03
   116.0      0.4641E-03
   117.0      0.4104E-03
   118.0      0.3633E-03
   119.0      0.3218E-03
   120.0      0.2854E-03
   121.0      0.2532E-03
   122.0      0.2249E-03
   123.0      0.2000E-03
   124.0      0.1779E-03
   125.0      0.1584E-03
   126.0      0.1411E-03
   127.0      0.1259E-03
   128.0      0.1123E-03
   129.0      0.1003E-03
   130.0      0.8964E-04
   131.0      0.8020E-04
   132.0      0.7184E-04
   133.0      0.6443E-04
   134.0      0.5787E-04
   135.0      0.5206E-04
   136.0      0.4691E-04
   137.0      0.4234E-04
   138.0      0.3828E-04
   139.0      0.3467E-04
   140.0      0.3144E-04
   141.0      0.2854E-04
   142.0      0.2593E-04
   143.0      0.2357E-04
   144.0      0.2142E-04
   145.0      0.1946E-04
   146.0      0.1767E-04
   147.0      0.1602E-04
   148.0      0.1452E-04
   149.0      0.1314E-04
   150.0      0.1189E-04
   151.0      0.1075E-04
   152.0      0.9736E-05
   153.0      0.8828E-05
   154.0      0.8028E-05
   155.0      0.7329E-05
   156.0      0.6725E-05
   157.0      0.6211E-05
   158.0      0.5779E-05
   159.0      0.5423E-05
   160.0      0.5136E-05
   161.0      0.4914E-05
   162.0      0.4751E-05
   163.0      0.4646E-05
   164.0      0.4598E-05
   165.0      0.4605E-05
   166.0      0.4667E-05
   167.0      0.4784E-05
   168.0      0.4954E-05
   169.0      0.5174E-05
   170.0      0.5439E-05
   171.0      0.5741E-05
   172.0      0.6069E-05
   173.0      0.6411E-05
   174.0      0.6753E-05
   175.0      0.7078E-05
   176.0      0.7371E-05
   177.0      0.7617E-05
   178.0      0.7802E-05
   179.0      0.7918E-05
   180.0      0.7957E-05
 END
