# Fusion cross sections for ELAB=  70.000, ECM=  63.596
     0.0   1.719     -1
     1.0   10.33      1
     1.0   15.48     -1
     2.0   8.626      1
     2.0   25.90     -1
     3.0   24.32      1
     3.0   36.47     -1
     4.0   15.73      1
     4.0   47.23     -1
     5.0   38.84      1
     5.0   58.22     -1
     6.0   23.14      1
     6.0   69.39     -1
     7.0   53.68      1
     7.0   80.61     -1
     8.0   30.83      1
     8.0   91.21     -1
     9.0   64.84      1
     9.0   99.33     -1
    10.0   35.82      1
    10.0   102.1     -1
    11.0   63.60      1
    11.0   96.17     -1
    12.0   25.62      1
    12.0   79.96     -1
    13.0   40.43      1
    13.0   58.43     -1
    14.0   11.80      1
    14.0   38.99     -1
    15.0   17.30      1
    15.0   24.75     -1
    16.0   4.601      1
    16.0   15.31     -1
    17.0   6.538      1
    17.0   9.348     -1
    18.0   1.703      1
    18.0   5.664     -1
    19.0   2.388      1
    19.0   3.415     -1
    20.0  0.6174      1
    20.0   2.052     -1
    21.0  0.8592      1
    21.0   1.229     -1
    22.0  0.2209      1
    22.0  0.7341     -1
    23.0  0.3058      1
    23.0  0.4374     -1
    24.0  0.7820E-01  1
    24.0  0.2600     -1
    25.0  0.1078      1
    25.0  0.1542     -1
    26.0  0.2744E-01  1
    26.0  0.9125E-01 -1
    27.0  0.3769E-01  1
    27.0  0.5390E-01 -1
    28.0  0.9552E-02  1
    28.0  0.3178E-01 -1
    29.0  0.1308E-01  1
    29.0  0.1870E-01 -1
    30.0  0.3302E-02  1
    30.0  0.1099E-01 -1
    31.0  0.4510E-02  1
    31.0  0.6446E-02 -1
    32.0  0.1134E-02  1
    32.0  0.3776E-02 -1
    33.0  0.1546E-02  1
    33.0  0.2209E-02 -1
    34.0  0.3876E-03  1
    34.0  0.1291E-02 -1
    35.0  0.5270E-03  1
    35.0  0.7531E-03 -1
    36.0  0.1318E-03  1
    36.0  0.4389E-03 -1
    37.0  0.1788E-03  1
    37.0  0.2555E-03 -1
    38.0  0.4461E-04  1
    38.0  0.1486E-03 -1
    39.0  0.6044E-04  1
    39.0  0.8635E-04 -1
    40.0  0.1504E-04  1
    40.0  0.5012E-04 -1
    41.0  0.2035E-04  1
    41.0  0.2907E-04 -1
    42.0  0.5054E-05  1
    42.0  0.1684E-04 -1
    43.0  0.6827E-05  1
    43.0  0.9753E-05 -1
    44.0  0.1693E-05  1
    44.0  0.5642E-05 -1
    45.0  0.2284E-05  1
    45.0  0.3262E-05 -1
    46.0  0.5652E-06  1
    46.0  0.1884E-05 -1
    47.0  0.7616E-06  1
    47.0  0.1088E-05 -1
    48.0  0.1882E-06  1
    48.0  0.6276E-06 -1
    49.0  0.2534E-06  1
    49.0  0.3619E-06 -1
    50.0  0.6252E-07  1
    50.0  0.2085E-06 -1
    51.0  0.8408E-07  1
    51.0  0.1201E-06 -1
    52.0  0.2072E-07  1
    52.0  0.6912E-07 -1
    53.0  0.2784E-07  1
    53.0  0.3976E-07 -1
    54.0  0.6852E-08  1
    54.0  0.2286E-07 -1
    55.0  0.9201E-08  1
    55.0  0.1314E-07 -1
    56.0  0.2262E-08  1
    56.0  0.7546E-08 -1
    57.0  0.3034E-08  1
    57.0  0.4333E-08 -1
    58.0  0.7446E-09  1
    58.0  0.2486E-08 -1
    59.0  0.9990E-09  1
    59.0  0.1426E-08 -1
    60.0  0.2451E-09  1
    60.0  0.8183E-09 -1
 &
