# Fusion cross sections for ELAB=  70.000, ECM=  63.596
     0.0   1.719       1.754      0.3506E-01
     1.0   15.48       15.79      0.3038    
     2.0   25.90       26.37      0.4708    
     3.0   36.47       37.05      0.5796    
     4.0   47.23       47.85      0.6209    
     5.0   58.22       58.82      0.5961    
     6.0   69.39       69.90      0.5155    
     7.0   80.61       81.03      0.4213    
     8.0   91.21       91.59      0.3796    
     9.0   99.33       99.75      0.4197    
    10.0   102.1       102.6      0.5466    
    11.0   96.17       96.92      0.7519    
    12.0   79.96       80.85      0.8938    
    13.0   58.43       59.23      0.7950    
    14.0   38.99       39.53      0.5376    
    15.0   24.75       25.05      0.3016    
    16.0   15.31       15.46      0.1517    
    17.0   9.348       9.419      0.7172E-01
    18.0   5.664       5.697      0.3270E-01
    19.0   3.415       3.430      0.1459E-01
    20.0   2.052       2.058      0.6432E-02
    21.0   1.229       1.232      0.2815E-02
    22.0  0.7341      0.7353      0.1227E-02
    23.0  0.4374      0.4379      0.5339E-03
    24.0  0.2600      0.2602      0.2320E-03
    25.0  0.1542      0.1543      0.1008E-03
    26.0  0.9125E-01  0.9129E-01  0.4376E-04
    27.0  0.5390E-01  0.5392E-01  0.1900E-04
    28.0  0.3178E-01  0.3178E-01  0.8254E-05
    29.0  0.1870E-01  0.1871E-01  0.3585E-05
    30.0  0.1099E-01  0.1099E-01  0.1558E-05
    31.0  0.6446E-02  0.6447E-02  0.6770E-06
    32.0  0.3776E-02  0.3777E-02  0.2942E-06
    33.0  0.2209E-02  0.2209E-02  0.1279E-06
    34.0  0.1291E-02  0.1291E-02  0.5561E-07
    35.0  0.7531E-03  0.7531E-03  0.2418E-07
    36.0  0.4389E-03  0.4389E-03  0.1051E-07
    37.0  0.2555E-03  0.2555E-03  0.4573E-08
    38.0  0.1486E-03  0.1486E-03  0.1989E-08
    39.0  0.8635E-04  0.8635E-04  0.8652E-09
    40.0  0.5012E-04  0.5013E-04  0.3764E-09
    41.0  0.2907E-04  0.2907E-04  0.1638E-09
    42.0  0.1684E-04  0.1684E-04  0.7125E-10
    43.0  0.9753E-05  0.9753E-05  0.3100E-10
    44.0  0.5642E-05  0.5642E-05  0.1349E-10
    45.0  0.3262E-05  0.3262E-05  0.5871E-11
    46.0  0.1884E-05  0.1884E-05  0.2555E-11
    47.0  0.1088E-05  0.1088E-05  0.1112E-11
    48.0  0.6276E-06  0.6276E-06  0.4841E-12
    49.0  0.3619E-06  0.3619E-06  0.2107E-12
    50.0  0.2085E-06  0.2085E-06  0.9171E-13
    51.0  0.1201E-06  0.1201E-06  0.3992E-13
    52.0  0.6912E-07  0.6912E-07  0.1738E-13
    53.0  0.3976E-07  0.3976E-07  0.7565E-14
    54.0  0.2286E-07  0.2286E-07  0.3294E-14
    55.0  0.1314E-07  0.1314E-07  0.1433E-14
    56.0  0.7546E-08  0.7546E-08  0.6242E-15
    57.0  0.4333E-08  0.4333E-08  0.2723E-15
    58.0  0.2486E-08  0.2486E-08  0.1183E-15
    59.0  0.1426E-08  0.1426E-08  0.5152E-16
    60.0  0.8183E-09  0.8183E-09  0.2247E-16
 &
