# 178 angles,  1 tensor ranks for 0=projectile
@subtitle   "p+O20 3- E. Khan reanalysis;"                                                  
@legend ON
@legend x1 0.2
@legend y1 0.8
@g0 type LOGY
@yaxis ticklabel format power
@legend string   0 "Lab energy =   43.2700"
#legend string   0 "Partition=  1 Excit=  2 near/far= 1"
#  Theta       sigma       iT11        T20         T21         T22         Kyy for projectile
   3.000       6.686    
   4.000       7.157    
   5.000       7.737    
   6.000       8.408    
   7.000       9.153    
   8.000       9.956    
   9.000       10.80    
   10.00       11.68    
   11.00       12.58    
   12.00       13.50    
   13.00       14.44    
   14.00       15.38    
   15.00       16.33    
   16.00       17.30    
   17.00       18.28    
   18.00       19.28    
   19.00       20.30    
   20.00       21.35    
   21.00       22.41    
   22.00       23.49    
   23.00       24.57    
   24.00       25.64    
   25.00       26.69    
   26.00       27.69    
   27.00       28.64    
   28.00       29.50    
   29.00       30.26    
   30.00       30.89    
   31.00       31.37    
   32.00       31.69    
   33.00       31.83    
   34.00       31.78    
   35.00       31.53    
   36.00       31.09    
   37.00       30.45    
   38.00       29.63    
   39.00       28.63    
   40.00       27.47    
   41.00       26.18    
   42.00       24.76    
   43.00       23.26    
   44.00       21.69    
   45.00       20.08    
   46.00       18.46    
   47.00       16.84    
   48.00       15.26    
   49.00       13.73    
   50.00       12.28    
   51.00       10.92    
   52.00       9.653    
   53.00       8.500    
   54.00       7.465    
   55.00       6.550    
   56.00       5.756    
   57.00       5.080    
   58.00       4.518    
   59.00       4.062    
   60.00       3.705    
   61.00       3.437    
   62.00       3.248    
   63.00       3.126    
   64.00       3.061    
   65.00       3.041    
   66.00       3.056    
   67.00       3.094    
   68.00       3.148    
   69.00       3.209    
   70.00       3.270    
   71.00       3.323    
   72.00       3.365    
   73.00       3.390    
   74.00       3.397    
   75.00       3.383    
   76.00       3.348    
   77.00       3.290    
   78.00       3.212    
   79.00       3.114    
   80.00       2.997    
   81.00       2.865    
   82.00       2.719    
   83.00       2.562    
   84.00       2.397    
   85.00       2.227    
   86.00       2.053    
   87.00       1.880    
   88.00       1.708    
   89.00       1.540    
   90.00       1.379    
   91.00       1.224    
   92.00       1.079    
   93.00      0.9433    
   94.00      0.8181    
   95.00      0.7040    
   96.00      0.6012    
   97.00      0.5096    
   98.00      0.4292    
   99.00      0.3596    
   100.0      0.3004    
   101.0      0.2508    
   102.0      0.2102    
   103.0      0.1779    
   104.0      0.1530    
   105.0      0.1347    
   106.0      0.1223    
   107.0      0.1148    
   108.0      0.1114    
   109.0      0.1115    
   110.0      0.1142    
   111.0      0.1191    
   112.0      0.1253    
   113.0      0.1325    
   114.0      0.1402    
   115.0      0.1479    
   116.0      0.1553    
   117.0      0.1622    
   118.0      0.1683    
   119.0      0.1734    
   120.0      0.1775    
   121.0      0.1804    
   122.0      0.1821    
   123.0      0.1827    
   124.0      0.1821    
   125.0      0.1804    
   126.0      0.1777    
   127.0      0.1740    
   128.0      0.1695    
   129.0      0.1643    
   130.0      0.1583    
   131.0      0.1519    
   132.0      0.1450    
   133.0      0.1378    
   134.0      0.1303    
   135.0      0.1228    
   136.0      0.1152    
   137.0      0.1076    
   138.0      0.1001    
   139.0      0.9278E-01
   140.0      0.8568E-01
   141.0      0.7885E-01
   142.0      0.7233E-01
   143.0      0.6613E-01
   144.0      0.6030E-01
   145.0      0.5484E-01
   146.0      0.4978E-01
   147.0      0.4510E-01
   148.0      0.4082E-01
   149.0      0.3693E-01
   150.0      0.3342E-01
   151.0      0.3029E-01
   152.0      0.2753E-01
   153.0      0.2511E-01
   154.0      0.2303E-01
   155.0      0.2126E-01
   156.0      0.1979E-01
   157.0      0.1859E-01
   158.0      0.1765E-01
   159.0      0.1694E-01
   160.0      0.1644E-01
   161.0      0.1614E-01
   162.0      0.1600E-01
   163.0      0.1601E-01
   164.0      0.1615E-01
   165.0      0.1640E-01
   166.0      0.1674E-01
   167.0      0.1714E-01
   168.0      0.1760E-01
   169.0      0.1809E-01
   170.0      0.1859E-01
   171.0      0.1910E-01
   172.0      0.1959E-01
   173.0      0.2006E-01
   174.0      0.2049E-01
   175.0      0.2087E-01
   176.0      0.2120E-01
   177.0      0.2146E-01
   178.0      0.2165E-01
   179.0      0.2176E-01
   180.0      0.2180E-01
 END
