# 178 angles,  1 tensor ranks for 0=projectile
@subtitle   "20O(d,t) @ 30AMeV Daeh (d) + Pang (t)"                                         
@legend ON
@legend x1 0.2
@legend y1 0.8
@g0 type LOGY
@yaxis ticklabel format power
@legend string   0 "Lab energy =   70.0000"
#legend string   0 "Partition=  2 Excit=  1 near/far= 1"
#  Theta       sigma       iT11        T20         T21         T22         Kyy for projectile
   3.000       18.98    
   4.000       13.41    
   5.000       8.257    
   6.000       4.255    
   7.000       1.750    
   8.000      0.7080    
   9.000      0.8038    
   10.00       1.567    
   11.00       2.528    
   12.00       3.323    
   13.00       3.749    
   14.00       3.759    
   15.00       3.426    
   16.00       2.888    
   17.00       2.295    
   18.00       1.771    
   19.00       1.392    
   20.00       1.185    
   21.00       1.133    
   22.00       1.193    
   23.00       1.310    
   24.00       1.435    
   25.00       1.529    
   26.00       1.567    
   27.00       1.543    
   28.00       1.461    
   29.00       1.334    
   30.00       1.178    
   31.00       1.011    
   32.00      0.8468    
   33.00      0.6957    
   34.00      0.5643    
   35.00      0.4554    
   36.00      0.3689    
   37.00      0.3030    
   38.00      0.2547    
   39.00      0.2206    
   40.00      0.1974    
   41.00      0.1822    
   42.00      0.1725    
   43.00      0.1663    
   44.00      0.1620    
   45.00      0.1582    
   46.00      0.1542    
   47.00      0.1493    
   48.00      0.1432    
   49.00      0.1358    
   50.00      0.1270    
   51.00      0.1173    
   52.00      0.1070    
   53.00      0.9644E-01
   54.00      0.8605E-01
   55.00      0.7621E-01
   56.00      0.6722E-01
   57.00      0.5928E-01
   58.00      0.5247E-01
   59.00      0.4679E-01
   60.00      0.4216E-01
   61.00      0.3842E-01
   62.00      0.3539E-01
   63.00      0.3288E-01
   64.00      0.3071E-01
   65.00      0.2872E-01
   66.00      0.2681E-01
   67.00      0.2490E-01
   68.00      0.2294E-01
   69.00      0.2095E-01
   70.00      0.1895E-01
   71.00      0.1696E-01
   72.00      0.1504E-01
   73.00      0.1322E-01
   74.00      0.1156E-01
   75.00      0.1006E-01
   76.00      0.8755E-02
   77.00      0.7634E-02
   78.00      0.6693E-02
   79.00      0.5915E-02
   80.00      0.5278E-02
   81.00      0.4756E-02
   82.00      0.4325E-02
   83.00      0.3962E-02
   84.00      0.3646E-02
   85.00      0.3362E-02
   86.00      0.3097E-02
   87.00      0.2844E-02
   88.00      0.2599E-02
   89.00      0.2360E-02
   90.00      0.2129E-02
   91.00      0.1906E-02
   92.00      0.1695E-02
   93.00      0.1498E-02
   94.00      0.1316E-02
   95.00      0.1152E-02
   96.00      0.1006E-02
   97.00      0.8783E-03
   98.00      0.7675E-03
   99.00      0.6726E-03
   100.0      0.5919E-03
   101.0      0.5236E-03
   102.0      0.4659E-03
   103.0      0.4168E-03
   104.0      0.3749E-03
   105.0      0.3386E-03
   106.0      0.3068E-03
   107.0      0.2786E-03
   108.0      0.2534E-03
   109.0      0.2306E-03
   110.0      0.2099E-03
   111.0      0.1911E-03
   112.0      0.1741E-03
   113.0      0.1587E-03
   114.0      0.1450E-03
   115.0      0.1328E-03
   116.0      0.1221E-03
   117.0      0.1126E-03
   118.0      0.1042E-03
   119.0      0.9687E-04
   120.0      0.9031E-04
   121.0      0.8437E-04
   122.0      0.7891E-04
   123.0      0.7376E-04
   124.0      0.6883E-04
   125.0      0.6400E-04
   126.0      0.5922E-04
   127.0      0.5445E-04
   128.0      0.4968E-04
   129.0      0.4493E-04
   130.0      0.4023E-04
   131.0      0.3563E-04
   132.0      0.3118E-04
   133.0      0.2693E-04
   134.0      0.2295E-04
   135.0      0.1927E-04
   136.0      0.1594E-04
   137.0      0.1299E-04
   138.0      0.1043E-04
   139.0      0.8255E-05
   140.0      0.6473E-05
   141.0      0.5061E-05
   142.0      0.3994E-05
   143.0      0.3243E-05
   144.0      0.2770E-05
   145.0      0.2539E-05
   146.0      0.2511E-05
   147.0      0.2648E-05
   148.0      0.2914E-05
   149.0      0.3274E-05
   150.0      0.3695E-05
   151.0      0.4151E-05
   152.0      0.4613E-05
   153.0      0.5059E-05
   154.0      0.5467E-05
   155.0      0.5821E-05
   156.0      0.6106E-05
   157.0      0.6311E-05
   158.0      0.6426E-05
   159.0      0.6448E-05
   160.0      0.6375E-05
   161.0      0.6210E-05
   162.0      0.5958E-05
   163.0      0.5630E-05
   164.0      0.5236E-05
   165.0      0.4791E-05
   166.0      0.4310E-05
   167.0      0.3809E-05
   168.0      0.3304E-05
   169.0      0.2808E-05
   170.0      0.2337E-05
   171.0      0.1898E-05
   172.0      0.1502E-05
   173.0      0.1153E-05
   174.0      0.8537E-06
   175.0      0.6049E-06
   176.0      0.4059E-06
   177.0      0.2547E-06
   178.0      0.1490E-06
   179.0      0.8666E-07
   180.0      0.6607E-07
 END
