           4           1           1
    0.0-     1 1   1.754       0.000      0.7954E-02  0.9163E-04  0.5529E-02   1.740    
    1.0+     0 1   5.247       0.000      0.2701E-01  0.5790E-03  0.1615E-01   5.203    
    1.0+     2 2   5.278       0.000      0.2082E-01  0.2240E-03  0.1611E-01   5.240    
    1.0-     1 1   5.257       0.000      0.2571E-01  0.4203E-03  0.1642E-01   5.215    
    2.0+     2 1   8.781       0.000      0.4047E-01  0.7953E-03  0.2664E-01   8.713    
    2.0-     1 1   8.748       0.000      0.4904E-01  0.1459E-02  0.2583E-01   8.672    
    2.0-     3 2   8.836       0.000      0.2881E-01  0.2746E-03  0.2520E-01   8.781    
    3.0+     2 1   12.26       0.000      0.6873E-01  0.2862E-02  0.3361E-01   12.16    
    3.0+     4 2   12.44       0.000      0.3179E-01  0.2719E-03  0.3198E-01   12.38    
    3.0-     3 1   12.34       0.000      0.5145E-01  0.1220E-02  0.3579E-01   12.25    
    4.0+     4 1   15.93       0.000      0.5778E-01  0.1715E-02  0.4349E-01   15.83    
    4.0-     3 1   15.80       0.000      0.8476E-01  0.5202E-02  0.3930E-01   15.67    
    4.0-     5 2   16.11       0.000      0.3018E-01  0.2414E-03  0.3551E-01   16.04    
    5.0+     4 1   19.38       0.000      0.9482E-01  0.8880E-02  0.4256E-01   19.24    
    5.0+     6 2   19.85       0.000      0.2555E-01  0.2037E-03  0.3600E-01   19.79    
    5.0-     5 1   19.58       0.000      0.5879E-01  0.2333E-02  0.4918E-01   19.47    
    6.0+     6 1   23.31       0.000      0.5450E-01  0.2996E-02  0.5241E-01   23.20    
    6.0-     5 1   23.00       0.000      0.9666E-01  0.1450E-01  0.4334E-01   22.84    
    6.0-     7 2   23.59       0.000      0.2105E-01  0.2136E-03  0.3626E-01   23.53    
    7.0+     6 1   26.70       0.000      0.8833E-01  0.2182E-01  0.4148E-01   26.55    
    7.0+     8 2   27.27       0.000      0.1901E-01  0.3168E-03  0.4129E-01   27.21    
    7.0-     7 1   27.06       0.000      0.4668E-01  0.3981E-02  0.5383E-01   26.96    
    8.0+     8 1   30.92       0.000      0.3497E-01  0.4914E-02  0.5051E-01   30.83    
    8.0-     7 1   30.46       0.000      0.7257E-01  0.3054E-01  0.3837E-01   30.32    
    8.0-     9 2   30.22       0.000      0.2529E-01  0.1055E-02  0.8030E-01   30.12    
    9.0+     8 1   34.28       0.000      0.4957E-01  0.3802E-01  0.3195E-01   34.16    
    9.0+    10 2   30.92       0.000      0.3548E-01  0.3395E-02  0.1807       30.70    
    9.0-     9 1   34.60       0.000      0.2917E-01  0.7276E-02  0.6313E-01   34.50    
   10.0+    10 1   36.03       0.000      0.3435E-01  0.2400E-01  0.1284       35.85    
   10.0-     9 1   38.54       0.000      0.2829E-01  0.3630E-01  0.2683E-01   38.45    
   10.0-    11 2   28.14       0.000      0.3517E-01  0.5826E-02  0.2873       27.81    
   11.0+    10 1   41.56       0.000      0.2660E-01  0.5976E-01  0.4826E-01   41.42    
   11.0+    12 2   22.56       0.000      0.3670E-01  0.5322E-02  0.3147       22.20    
   11.0-    11 1   32.93       0.000      0.3635E-01  0.6106E-01  0.2086       32.62    
   12.0+    12 1   26.00       0.000      0.4341E-01  0.9073E-01  0.2296       25.64    
   12.0-    11 1   38.75       0.000      0.3501E-01  0.1469      0.8783E-01   38.48    
   12.0-    13 2   16.25       0.000      0.5024E-01  0.3624E-02  0.2617       15.93    
   13.0+    12 1   30.19       0.000      0.5189E-01  0.2188      0.1024       29.81    
   13.0+    14 2   10.87       0.000      0.5834E-01  0.3229E-02  0.1818       10.62    
   13.0-    13 1   18.31       0.000      0.6018E-01  0.9076E-01  0.1893       17.97    
   14.0+    14 1   12.00       0.000      0.6715E-01  0.7093E-01  0.1300       11.73    
   14.0-    13 1   20.69       0.000      0.7268E-01  0.2127      0.8650E-01   20.32    
   14.0-    15 2   6.951       0.000      0.5199E-01  0.3325E-02  0.1131       6.782    
   15.0+    14 1   13.23       0.000      0.7748E-01  0.1598      0.6016E-01   12.94    
   15.0+    16 2   4.332       0.000      0.3821E-01  0.2918E-02  0.6584E-01   4.225    
   15.0-    15 1   7.554       0.000      0.5792E-01  0.4786E-01  0.8008E-01   7.368    
   16.0+    16 1   4.657       0.000      0.4167E-01  0.2956E-01  0.4625E-01   4.540    
   16.0-    15 1   8.192       0.000      0.6449E-01  0.1038      0.3731E-01   7.986    
   16.0-    17 2   2.661       0.000      0.2486E-01  0.2144E-02  0.3684E-01   2.597    
   17.0+    16 1   4.992       0.000      0.4536E-01  0.6200E-01  0.2164E-01   4.863    
   17.0+    18 2   1.619       0.000      0.1500E-01  0.1391E-02  0.2013E-01   1.583    
   17.0-    17 1   2.838       0.000      0.2674E-01  0.1726E-01  0.2572E-01   2.768    
   18.0+    18 1   1.717       0.000      0.1598E-01  0.9729E-02  0.1398E-01   1.678    
   18.0-    17 1   3.018       0.000      0.2870E-01  0.3530E-01  0.1206E-01   2.942    
   18.0-    19 2  0.9798       0.000      0.8632E-02  0.8333E-03  0.1084E-01  0.9595    
   19.0+    18 1   1.817       0.000      0.1700E-01  0.1953E-01  0.6555E-02   1.773    
   19.0+    20 2  0.5902       0.000      0.4825E-02  0.4749E-03  0.5791E-02  0.5791    
   19.0-    19 1   1.035       0.000      0.9143E-02  0.5359E-02  0.7493E-02   1.013    
   20.0+    20 1  0.6211       0.000      0.5087E-02  0.2909E-02  0.3983E-02  0.6091    
   20.0-    19 1   1.090       0.000      0.9662E-02  0.1062E-01  0.3504E-02   1.066    
   20.0-    21 2  0.3543       0.000      0.2647E-02  0.2623E-03  0.3076E-02  0.3483    
   21.0+    20 1  0.6521       0.000      0.5352E-02  0.5713E-02  0.1853E-02  0.6392    
   21.0+    22 2  0.2120       0.000      0.1434E-02  0.1421E-03  0.1629E-02  0.2088    
   21.0-    21 1  0.3718       0.000      0.2781E-02  0.1564E-02  0.2106E-02  0.3653    
   22.0+    22 1  0.2219       0.000      0.1503E-02  0.8358E-03  0.1110E-02  0.2185    
   22.0-    21 1  0.3893       0.000      0.2915E-02  0.3053E-02  0.9739E-03  0.3824    
   22.0-    23 2  0.1265       0.000      0.7713E-03  0.7598E-04  0.8610E-03  0.1248    
   23.0+    22 1  0.2319       0.000      0.1571E-02  0.1624E-02  0.5098E-03  0.2282    
   23.0+    24 2  0.7532E-01   0.000      0.4126E-03  0.4032E-04  0.4545E-03  0.7441E-01
   23.0-    23 1  0.1322       0.000      0.8061E-03  0.4448E-03  0.5843E-03  0.1303    
   24.0+    24 1  0.7853E-01   0.000      0.4303E-03  0.2361E-03  0.3072E-03  0.7756E-01
   24.0-    23 1  0.1378       0.000      0.8410E-03  0.8616E-03  0.2663E-03  0.1359    
   24.0-    25 2  0.4473E-01   0.000      0.2200E-03  0.2129E-04  0.2398E-03  0.4425E-01
   25.0+    24 1  0.8175E-01   0.000      0.4481E-03  0.4563E-03  0.1390E-03  0.8070E-01
   25.0+    26 2  0.2651E-01   0.000      0.1170E-03  0.1121E-04  0.1265E-03  0.2625E-01
   25.0-    25 1  0.4656E-01   0.000      0.2290E-03  0.1251E-03  0.1614E-03  0.4604E-01
   26.0+    26 1  0.2755E-01   0.000      0.1216E-03  0.6624E-04  0.8484E-04  0.2727E-01
   26.0-    25 1  0.4839E-01   0.000      0.2380E-03  0.2414E-03  0.7250E-04  0.4783E-01
   26.0-    27 2  0.1567E-01   0.000      0.6213E-04  0.5890E-05  0.6668E-04  0.1554E-01
   27.0+    26 1  0.2859E-01   0.000      0.1262E-03  0.1276E-03  0.3783E-04  0.2829E-01
   27.0+    28 2  0.9250E-02   0.000      0.3296E-04  0.3093E-05  0.3516E-04  0.9179E-02
   27.0-    27 1  0.1627E-01   0.000      0.6448E-04  0.3504E-04  0.4458E-04  0.1612E-01
   28.0+    28 1  0.9587E-02   0.000      0.3416E-04  0.1852E-04  0.2343E-04  0.9511E-02
   28.0-    27 1  0.1686E-01   0.000      0.6683E-04  0.6740E-04  0.1974E-04  0.1670E-01
   28.0-    29 2  0.5450E-02   0.000      0.1747E-04  0.1623E-05  0.1854E-04  0.5412E-02
   29.0+    28 1  0.9923E-02   0.000      0.3536E-04  0.3560E-04  0.1031E-04  0.9842E-02
   29.0+    30 2  0.3205E-02   0.000      0.9256E-05  0.8514E-06  0.9778E-05  0.3185E-02
   29.0-    29 1  0.5641E-02   0.000      0.1808E-04  0.9791E-05  0.1232E-04  0.5601E-02
   30.0+    30 1  0.3314E-02   0.000      0.9570E-05  0.5174E-05  0.6479E-05  0.3292E-02
   30.0-    29 1  0.5832E-02   0.000      0.1870E-04  0.1880E-04  0.5388E-05  0.5789E-02
   30.0-    31 2  0.1882E-02   0.000      0.4902E-05  0.4466E-06  0.5157E-05  0.1871E-02
   31.0+    30 1  0.3422E-02   0.000      0.9884E-05  0.9926E-05  0.2817E-05  0.3400E-02
   31.0+    32 2  0.1103E-02   0.000      0.2595E-05  0.2343E-06  0.2720E-05  0.1098E-02
   31.0-    31 1  0.1944E-02   0.000      0.5062E-05  0.2734E-05  0.3408E-05  0.1932E-02
   32.0+    32 1  0.1138E-02   0.000      0.2677E-05  0.1444E-05  0.1793E-05  0.1132E-02
   32.0-    31 1  0.2005E-02   0.000      0.5223E-05  0.5241E-05  0.1474E-05  0.1993E-02
   32.0-    33 2  0.6459E-03   0.000      0.1374E-05  0.1230E-06  0.1435E-05  0.6430E-03
   33.0+    32 1  0.1173E-02   0.000      0.2760E-05  0.2767E-05  0.7716E-06  0.1167E-02
   33.0+    34 2  0.3776E-03   0.000      0.7270E-06  0.6456E-07  0.7567E-06  0.3761E-03
   33.0-    33 1  0.6658E-03   0.000      0.1416E-05  0.7631E-06  0.9437E-06  0.6627E-03
   34.0+    34 1  0.3889E-03   0.000      0.7487E-06  0.4032E-06  0.4967E-06  0.3873E-03
   34.0-    33 1  0.6857E-03   0.000      0.1458E-05  0.1461E-05  0.4041E-06  0.6823E-03
   34.0-    35 2  0.2205E-03   0.000      0.3847E-06  0.3391E-07  0.3992E-06  0.2197E-03
   35.0+    34 1  0.4002E-03   0.000      0.7704E-06  0.7715E-06  0.2118E-06  0.3984E-03
   35.0+    36 2  0.1286E-03   0.000      0.2036E-06  0.1781E-07  0.2106E-06  0.1282E-03
   35.0-    35 1  0.2269E-03   0.000      0.3959E-06  0.2130E-06  0.2615E-06  0.2260E-03
   36.0+    36 1  0.1322E-03   0.000      0.2093E-06  0.1125E-06  0.1377E-06  0.1318E-03
   36.0-    35 1  0.2333E-03   0.000      0.4070E-06  0.4074E-06  0.1110E-06  0.2324E-03
   36.0-    37 2  0.7492E-04   0.000      0.1077E-06  0.9360E-08  0.1111E-06  0.7469E-04
   37.0+    36 1  0.1359E-03   0.000      0.2151E-06  0.2151E-06  0.5822E-07  0.1354E-03
   37.0+    38 2  0.4360E-04   0.000      0.5699E-07  0.4919E-08  0.5864E-07  0.4348E-04
   37.0-    37 1  0.7697E-04   0.000      0.1107E-06  0.5945E-07  0.7253E-07  0.7673E-04
   38.0+    38 1  0.4476E-04   0.000      0.5851E-07  0.3141E-07  0.3821E-07  0.4463E-04
   38.0-    37 1  0.7903E-04   0.000      0.1136E-06  0.1136E-06  0.3055E-07  0.7877E-04
   38.0-    39 2  0.2535E-04   0.000      0.3015E-07  0.2585E-08  0.3095E-07  0.2528E-04
   39.0+    38 1  0.4592E-04   0.000      0.6003E-07  0.5997E-07  0.1603E-07  0.4579E-04
   39.0+    40 2  0.1472E-04   0.000      0.1595E-07  0.1359E-08  0.1633E-07  0.1469E-04
   39.0-    39 1  0.2600E-04   0.000      0.3094E-07  0.1659E-07  0.2013E-07  0.2594E-04
   40.0+    40 1  0.1509E-04   0.000      0.1636E-07  0.8762E-08  0.1061E-07  0.1506E-04
   40.0-    39 1  0.2666E-04   0.000      0.3172E-07  0.3166E-07  0.8418E-08  0.2659E-04
   40.0-    41 2  0.8541E-05   0.000      0.8438E-08  0.7140E-09  0.8621E-08  0.8524E-05
   41.0+    40 1  0.1547E-04   0.000      0.1676E-07  0.1672E-07  0.4421E-08  0.1543E-04
   41.0+    42 2  0.4952E-05   0.000      0.4462E-08  0.3754E-09  0.4550E-08  0.4942E-05
   41.0-    41 1  0.8752E-05   0.000      0.8646E-08  0.4628E-08  0.5591E-08  0.8733E-05
   42.0+    42 1  0.5071E-05   0.000      0.4569E-08  0.2445E-08  0.2947E-08  0.5061E-05
   42.0-    41 1  0.8963E-05   0.000      0.8854E-08  0.8828E-08  0.2323E-08  0.8943E-05
   42.0-    43 2  0.2868E-05   0.000      0.2359E-08  0.1975E-09  0.2402E-08  0.2863E-05
   43.0+    42 1  0.5190E-05   0.000      0.4677E-08  0.4662E-08  0.1221E-08  0.5180E-05
   43.0+    44 2  0.1660E-05   0.000      0.1247E-08  0.1040E-09  0.1268E-08  0.1658E-05
   43.0-    43 1  0.2936E-05   0.000      0.2414E-08  0.1292E-08  0.1553E-08  0.2931E-05
   44.0+    44 1  0.1698E-05   0.000      0.1276E-08  0.6827E-09  0.8189E-09  0.1696E-05
   44.0-    43 1  0.3003E-05   0.000      0.2470E-08  0.2463E-08  0.6418E-09  0.2998E-05
   44.0-    45 2  0.9602E-06   0.000      0.6595E-09  0.5477E-10  0.6693E-09  0.9588E-06
   45.0+    44 1  0.1737E-05   0.000      0.1305E-08  0.1301E-08  0.3374E-09  0.1734E-05
   45.0+    46 2  0.5549E-06   0.000      0.3488E-09  0.2883E-10  0.3533E-09  0.5542E-06
   45.0-    45 1  0.9817E-06   0.000      0.6743E-09  0.3607E-09  0.4318E-09  0.9803E-06
   46.0+    46 1  0.5671E-06   0.000      0.3564E-09  0.1905E-09  0.2277E-09  0.5663E-06
   46.0-    45 1  0.1003E-05   0.000      0.6891E-09  0.6869E-09  0.1774E-09  0.1002E-05
   46.0-    47 2  0.3205E-06   0.000      0.1844E-09  0.1517E-10  0.1865E-09  0.3201E-06
   47.0+    46 1  0.5793E-06   0.000      0.3641E-09  0.3628E-09  0.9333E-10  0.5785E-06
   47.0+    48 2  0.1850E-06   0.000      0.9753E-10  0.7983E-11  0.9847E-10  0.1848E-06
   47.0-    47 1  0.3274E-06   0.000      0.1884E-09  0.1007E-09  0.1201E-09  0.3270E-06
   48.0+    48 1  0.1889E-06   0.000      0.9958E-10  0.5317E-10  0.6332E-10  0.1886E-06
   48.0-    47 1  0.3343E-06   0.000      0.1924E-09  0.1916E-09  0.4910E-10  0.3338E-06
   48.0-    49 2  0.1067E-06   0.000      0.5157E-10  0.4202E-11  0.5199E-10  0.1066E-06
   49.0+    48 1  0.1927E-06   0.000      0.1016E-09  0.1012E-09  0.2584E-10  0.1925E-06
   49.0+    50 2  0.6149E-07   0.000      0.2727E-10  0.2213E-11  0.2745E-10  0.6143E-07
   49.0-    49 1  0.1089E-06   0.000      0.5264E-10  0.2809E-10  0.3339E-10  0.1088E-06
   50.0+    50 1  0.6274E-07   0.000      0.2782E-10  0.1484E-10  0.1761E-10  0.6267E-07
   50.0-    49 1  0.1111E-06   0.000      0.5370E-10  0.5344E-10  0.1360E-10  0.1110E-06
   50.0-    51 2  0.3542E-07   0.000      0.1442E-10  0.1166E-11  0.1449E-10  0.3539E-07
   51.0+    50 1  0.6398E-07   0.000      0.2837E-10  0.2823E-10  0.7157E-11  0.6391E-07
   51.0+    52 2  0.2040E-07   0.000      0.7623E-11  0.6144E-12  0.7652E-11  0.2038E-07
   51.0-    51 1  0.3613E-07   0.000      0.1470E-10  0.7842E-11  0.9291E-11  0.3609E-07
   52.0+    52 1  0.2079E-07   0.000      0.7771E-11  0.4144E-11  0.4901E-11  0.2077E-07
   52.0-    51 1  0.3683E-07   0.000      0.1499E-10  0.1491E-10  0.3768E-11  0.3679E-07
   52.0-    53 2  0.1174E-07   0.000      0.4029E-11  0.3238E-12  0.4040E-11  0.1173E-07
   53.0+    52 1  0.2119E-07   0.000      0.7919E-11  0.7876E-11  0.1984E-11  0.2117E-07
   53.0+    54 2  0.6750E-08   0.000      0.2129E-11  0.1706E-12  0.2133E-11  0.6746E-08
   53.0-    53 1  0.1196E-07   0.000      0.4106E-11  0.2189E-11  0.2586E-11  0.1195E-07
   54.0+    54 1  0.6877E-08   0.000      0.2169E-11  0.1156E-11  0.1364E-11  0.6872E-08
   54.0-    53 1  0.1218E-07   0.000      0.4183E-11  0.4159E-11  0.1045E-11  0.1217E-07
   54.0-    55 2  0.3880E-08   0.000      0.1125E-11  0.8986E-13  0.1127E-11  0.3877E-08
   55.0+    54 1  0.7003E-08   0.000      0.2209E-11  0.2197E-11  0.5502E-12  0.6998E-08
   55.0+    56 2  0.2230E-08   0.000      0.5950E-12  0.4731E-13  0.5949E-12  0.2228E-08
   55.0-    55 1  0.3951E-08   0.000      0.1146E-11  0.6108E-12  0.7198E-12  0.3948E-08
   56.0+    56 1  0.2270E-08   0.000      0.6057E-12  0.3226E-12  0.3798E-12  0.2269E-08
   56.0-    55 1  0.4022E-08   0.000      0.1167E-11  0.1160E-11  0.2898E-12  0.4020E-08
   56.0-    57 2  0.1280E-08   0.000      0.3146E-12  0.2492E-13  0.3142E-12  0.1280E-08
   57.0+    56 1  0.2310E-08   0.000      0.6164E-12  0.6127E-12  0.1527E-12  0.2309E-08
   57.0+    58 2  0.7355E-09   0.000      0.1663E-12  0.1313E-13  0.1659E-12  0.7352E-09
   57.0-    57 1  0.1303E-08   0.000      0.3201E-12  0.1705E-12  0.2004E-12  0.1302E-08
   58.0+    58 1  0.7476E-09   0.000      0.1692E-12  0.9007E-13  0.1058E-12  0.7472E-09
   58.0-    57 1  0.1325E-08   0.000      0.3257E-12  0.3236E-12  0.8043E-13  0.1324E-08
   58.0-    59 2  0.4216E-09   0.000      0.8792E-13  0.6921E-14  0.8761E-13  0.4215E-09
   59.0+    58 1  0.7605E-09   0.000      0.1721E-12  0.1710E-12  0.4238E-13  0.7601E-09
   59.0+    60 2  0.2419E-09   0.000      0.4647E-13  0.3650E-14  0.4627E-13  0.2418E-09
   59.0-    59 1  0.4290E-09   0.000      0.8942E-13  0.4760E-13  0.5582E-13  0.4288E-09
   60.0+    60 1  0.2460E-09   0.000      0.4725E-13  0.2515E-13  0.2946E-13  0.2459E-09
   60.0-    59 1  0.4361E-09   0.000      0.9093E-13  0.9033E-13  0.2233E-13  0.4359E-09
   60.0-    61 2  0.1388E-09   0.000      0.2456E-13  0.1926E-14  0.2443E-13  0.1388E-09
