# Fusion cross sections for ELAB=  70.000, ECM=  63.596
     0.0   1.740     -1
     1.0   10.44      1
     1.0   15.66     -1
     2.0   8.713      1
     2.0   26.17     -1
     3.0   24.53      1
     3.0   36.78     -1
     4.0   15.83      1
     4.0   47.55     -1
     5.0   39.03      1
     5.0   58.50     -1
     6.0   23.20      1
     6.0   69.58     -1
     7.0   53.76      1
     7.0   80.72     -1
     8.0   30.83      1
     8.0   91.27     -1
     9.0   64.86      1
     9.0   99.36     -1
    10.0   35.85      1
    10.0   102.1     -1
    11.0   63.63      1
    11.0   96.25     -1
    12.0   25.64      1
    12.0   80.05     -1
    13.0   40.44      1
    13.0   58.41     -1
    14.0   11.73      1
    14.0   38.83     -1
    15.0   17.16      1
    15.0   24.53     -1
    16.0   4.540      1
    16.0   15.12     -1
    17.0   6.446      1
    17.0   9.214     -1
    18.0   1.678      1
    18.0   5.579     -1
    19.0   2.353      1
    19.0   3.365     -1
    20.0  0.6091      1
    20.0   2.023     -1
    21.0  0.8480      1
    21.0   1.213     -1
    22.0  0.2185      1
    22.0  0.7257     -1
    23.0  0.3026      1
    23.0  0.4329     -1
    24.0  0.7756E-01  1
    24.0  0.2577     -1
    25.0  0.1070      1
    25.0  0.1530     -1
    26.0  0.2727E-01  1
    26.0  0.9065E-01 -1
    27.0  0.3747E-01  1
    27.0  0.5359E-01 -1
    28.0  0.9511E-02  1
    28.0  0.3163E-01 -1
    29.0  0.1303E-01  1
    29.0  0.1863E-01 -1
    30.0  0.3292E-02  1
    30.0  0.1095E-01 -1
    31.0  0.4497E-02  1
    31.0  0.6430E-02 -1
    32.0  0.1132E-02  1
    32.0  0.3769E-02 -1
    33.0  0.1543E-02  1
    33.0  0.2206E-02 -1
    34.0  0.3873E-03  1
    34.0  0.1289E-02 -1
    35.0  0.5266E-03  1
    35.0  0.7526E-03 -1
    36.0  0.1318E-03  1
    36.0  0.4388E-03 -1
    37.0  0.1788E-03  1
    37.0  0.2556E-03 -1
    38.0  0.4463E-04  1
    38.0  0.1487E-03 -1
    39.0  0.6047E-04  1
    39.0  0.8641E-04 -1
    40.0  0.1506E-04  1
    40.0  0.5017E-04 -1
    41.0  0.2037E-04  1
    41.0  0.2910E-04 -1
    42.0  0.5061E-05  1
    42.0  0.1687E-04 -1
    43.0  0.6837E-05  1
    43.0  0.9768E-05 -1
    44.0  0.1696E-05  1
    44.0  0.5652E-05 -1
    45.0  0.2288E-05  1
    45.0  0.3268E-05 -1
    46.0  0.5663E-06  1
    46.0  0.1888E-05 -1
    47.0  0.7632E-06  1
    47.0  0.1090E-05 -1
    48.0  0.1886E-06  1
    48.0  0.6290E-06 -1
    49.0  0.2540E-06  1
    49.0  0.3627E-06 -1
    50.0  0.6267E-07  1
    50.0  0.2090E-06 -1
    51.0  0.8429E-07  1
    51.0  0.1204E-06 -1
    52.0  0.2077E-07  1
    52.0  0.6930E-07 -1
    53.0  0.2792E-07  1
    53.0  0.3987E-07 -1
    54.0  0.6872E-08  1
    54.0  0.2292E-07 -1
    55.0  0.9226E-08  1
    55.0  0.1317E-07 -1
    56.0  0.2269E-08  1
    56.0  0.7568E-08 -1
    57.0  0.3044E-08  1
    57.0  0.4346E-08 -1
    58.0  0.7472E-09  1
    58.0  0.2493E-08 -1
    59.0  0.1002E-08  1
    59.0  0.1431E-08 -1
    60.0  0.2459E-09  1
    60.0  0.8206E-09 -1
 &
