# 178 angles,  1 tensor ranks for 0=projectile
@subtitle   "20O + d inelastic scattering;"                                                 
@legend ON
@legend x1 0.2
@legend y1 0.8
@g0 type LOGY
@yaxis ticklabel format power
@legend string   0 "Lab energy =   70.0000"
#legend string   0 "Partition=  1 Excit=  1 near/far= 1"
#  Theta       sigma       iT11        T20         T21         T22         Kyy for projectile
   3.000      0.2978E+05
   4.000      0.1230E+05
   5.000       8307.    
   6.000       6613.    
   7.000       5375.    
   8.000       4263.    
   9.000       3249.    
   10.00       2359.    
   11.00       1616.    
   12.00       1031.    
   13.00       600.1    
   14.00       307.4    
   15.00       129.7    
   16.00       40.68    
   17.00       13.91    
   18.00       25.75    
   19.00       56.78    
   20.00       92.53    
   21.00       123.4    
   22.00       144.2    
   23.00       153.2    
   24.00       151.2    
   25.00       140.3    
   26.00       123.6    
   27.00       104.1    
   28.00       84.25    
   29.00       66.09    
   30.00       50.81    
   31.00       38.97    
   32.00       30.57    
   33.00       25.23    
   34.00       22.32    
   35.00       21.13    
   36.00       20.98    
   37.00       21.27    
   38.00       21.55    
   39.00       21.52    
   40.00       21.04    
   41.00       20.06    
   42.00       18.64    
   43.00       16.89    
   44.00       14.94    
   45.00       12.91    
   46.00       10.95    
   47.00       9.122    
   48.00       7.508    
   49.00       6.136    
   50.00       5.013    
   51.00       4.127    
   52.00       3.450    
   53.00       2.947    
   54.00       2.580    
   55.00       2.312    
   56.00       2.111    
   57.00       1.951    
   58.00       1.812    
   59.00       1.680    
   60.00       1.548    
   61.00       1.413    
   62.00       1.274    
   63.00       1.133    
   64.00      0.9943    
   65.00      0.8608    
   66.00      0.7358    
   67.00      0.6218    
   68.00      0.5205    
   69.00      0.4327    
   70.00      0.3584    
   71.00      0.2969    
   72.00      0.2470    
   73.00      0.2073    
   74.00      0.1762    
   75.00      0.1519    
   76.00      0.1330    
   77.00      0.1182    
   78.00      0.1062    
   79.00      0.9626E-01
   80.00      0.8762E-01
   81.00      0.7983E-01
   82.00      0.7256E-01
   83.00      0.6563E-01
   84.00      0.5898E-01
   85.00      0.5260E-01
   86.00      0.4651E-01
   87.00      0.4076E-01
   88.00      0.3542E-01
   89.00      0.3052E-01
   90.00      0.2611E-01
   91.00      0.2220E-01
   92.00      0.1878E-01
   93.00      0.1583E-01
   94.00      0.1334E-01
   95.00      0.1125E-01
   96.00      0.9533E-02
   97.00      0.8126E-02
   98.00      0.6989E-02
   99.00      0.6074E-02
   100.0      0.5340E-02
   101.0      0.4751E-02
   102.0      0.4274E-02
   103.0      0.3882E-02
   104.0      0.3554E-02
   105.0      0.3273E-02
   106.0      0.3026E-02
   107.0      0.2802E-02
   108.0      0.2595E-02
   109.0      0.2401E-02
   110.0      0.2217E-02
   111.0      0.2041E-02
   112.0      0.1871E-02
   113.0      0.1709E-02
   114.0      0.1555E-02
   115.0      0.1408E-02
   116.0      0.1270E-02
   117.0      0.1140E-02
   118.0      0.1020E-02
   119.0      0.9085E-03
   120.0      0.8069E-03
   121.0      0.7147E-03
   122.0      0.6318E-03
   123.0      0.5579E-03
   124.0      0.4926E-03
   125.0      0.4355E-03
   126.0      0.3860E-03
   127.0      0.3434E-03
   128.0      0.3073E-03
   129.0      0.2768E-03
   130.0      0.2514E-03
   131.0      0.2304E-03
   132.0      0.2131E-03
   133.0      0.1990E-03
   134.0      0.1875E-03
   135.0      0.1779E-03
   136.0      0.1699E-03
   137.0      0.1631E-03
   138.0      0.1570E-03
   139.0      0.1513E-03
   140.0      0.1459E-03
   141.0      0.1404E-03
   142.0      0.1349E-03
   143.0      0.1290E-03
   144.0      0.1230E-03
   145.0      0.1166E-03
   146.0      0.1100E-03
   147.0      0.1032E-03
   148.0      0.9632E-04
   149.0      0.8941E-04
   150.0      0.8259E-04
   151.0      0.7598E-04
   152.0      0.6969E-04
   153.0      0.6380E-04
   154.0      0.5843E-04
   155.0      0.5363E-04
   156.0      0.4947E-04
   157.0      0.4599E-04
   158.0      0.4320E-04
   159.0      0.4109E-04
   160.0      0.3964E-04
   161.0      0.3882E-04
   162.0      0.3854E-04
   163.0      0.3876E-04
   164.0      0.3937E-04
   165.0      0.4031E-04
   166.0      0.4148E-04
   167.0      0.4280E-04
   168.0      0.4421E-04
   169.0      0.4562E-04
   170.0      0.4698E-04
   171.0      0.4825E-04
   172.0      0.4940E-04
   173.0      0.5041E-04
   174.0      0.5127E-04
   175.0      0.5197E-04
   176.0      0.5253E-04
   177.0      0.5295E-04
   178.0      0.5324E-04
   179.0      0.5341E-04
   180.0      0.5347E-04
 END
