# 178 angles,  1 tensor ranks for 0=projectile
@subtitle   "p+O20 with CH89;"                                                              
@legend ON
@legend x1 0.2
@legend y1 0.8
@g0 type LOGY
@yaxis ticklabel format power
@legend string   0 "Lab energy =   35.0000"
#legend string   0 "Partition=  1 Excit=  1 near/far= 1"
#  Theta       sigma       iT11        T20         T21         T22         Kyy for projectile
   3.000      0.1336E+06
   4.000      0.3917E+05
   5.000      0.1544E+05
   6.000       7685.    
   7.000       4661.    
   8.000       3306.    
   9.000       2613.    
   10.00       2205.    
   11.00       1929.    
   12.00       1716.    
   13.00       1535.    
   14.00       1373.    
   15.00       1222.    
   16.00       1081.    
   17.00       949.0    
   18.00       825.1    
   19.00       709.9    
   20.00       603.9    
   21.00       507.5    
   22.00       420.7    
   23.00       343.6    
   24.00       276.1    
   25.00       217.8    
   26.00       168.4    
   27.00       127.2    
   28.00       93.69    
   29.00       67.11    
   30.00       46.71    
   31.00       31.73    
   32.00       21.40    
   33.00       14.99    
   34.00       11.77    
   35.00       11.08    
   36.00       12.32    
   37.00       14.94    
   38.00       18.46    
   39.00       22.47    
   40.00       26.63    
   41.00       30.67    
   42.00       34.35    
   43.00       37.54    
   44.00       40.11    
   45.00       42.00    
   46.00       43.20    
   47.00       43.71    
   48.00       43.57    
   49.00       42.82    
   50.00       41.55    
   51.00       39.82    
   52.00       37.72    
   53.00       35.34    
   54.00       32.76    
   55.00       30.06    
   56.00       27.30    
   57.00       24.56    
   58.00       21.88    
   59.00       19.32    
   60.00       16.92    
   61.00       14.69    
   62.00       12.66    
   63.00       10.85    
   64.00       9.251    
   65.00       7.868    
   66.00       6.693    
   67.00       5.715    
   68.00       4.921    
   69.00       4.293    
   70.00       3.814    
   71.00       3.464    
   72.00       3.225    
   73.00       3.076    
   74.00       3.001    
   75.00       2.982    
   76.00       3.003    
   77.00       3.052    
   78.00       3.115    
   79.00       3.183    
   80.00       3.247    
   81.00       3.299    
   82.00       3.336    
   83.00       3.353    
   84.00       3.349    
   85.00       3.321    
   86.00       3.270    
   87.00       3.198    
   88.00       3.104    
   89.00       2.992    
   90.00       2.864    
   91.00       2.723    
   92.00       2.571    
   93.00       2.412    
   94.00       2.248    
   95.00       2.082    
   96.00       1.916    
   97.00       1.753    
   98.00       1.595    
   99.00       1.444    
   100.0       1.300    
   101.0       1.165    
   102.0       1.040    
   103.0      0.9249    
   104.0      0.8208    
   105.0      0.7274    
   106.0      0.6446    
   107.0      0.5721    
   108.0      0.5096    
   109.0      0.4564    
   110.0      0.4119    
   111.0      0.3755    
   112.0      0.3463    
   113.0      0.3237    
   114.0      0.3069    
   115.0      0.2951    
   116.0      0.2877    
   117.0      0.2838    
   118.0      0.2829    
   119.0      0.2843    
   120.0      0.2876    
   121.0      0.2921    
   122.0      0.2974    
   123.0      0.3032    
   124.0      0.3091    
   125.0      0.3147    
   126.0      0.3198    
   127.0      0.3242    
   128.0      0.3276    
   129.0      0.3300    
   130.0      0.3311    
   131.0      0.3309    
   132.0      0.3294    
   133.0      0.3264    
   134.0      0.3220    
   135.0      0.3161    
   136.0      0.3087    
   137.0      0.3001    
   138.0      0.2901    
   139.0      0.2788    
   140.0      0.2665    
   141.0      0.2533    
   142.0      0.2391    
   143.0      0.2244    
   144.0      0.2092    
   145.0      0.1937    
   146.0      0.1782    
   147.0      0.1628    
   148.0      0.1479    
   149.0      0.1336    
   150.0      0.1201    
   151.0      0.1077    
   152.0      0.9664E-01
   153.0      0.8701E-01
   154.0      0.7903E-01
   155.0      0.7285E-01
   156.0      0.6858E-01
   157.0      0.6632E-01
   158.0      0.6611E-01
   159.0      0.6798E-01
   160.0      0.7190E-01
   161.0      0.7781E-01
   162.0      0.8561E-01
   163.0      0.9516E-01
   164.0      0.1063    
   165.0      0.1188    
   166.0      0.1324    
   167.0      0.1470    
   168.0      0.1621    
   169.0      0.1775    
   170.0      0.1929    
   171.0      0.2079    
   172.0      0.2224    
   173.0      0.2360    
   174.0      0.2483    
   175.0      0.2593    
   176.0      0.2685    
   177.0      0.2759    
   178.0      0.2813    
   179.0      0.2846    
   180.0      0.2857    
 END
