# 178 angles,  1 tensor ranks for 0=projectile
@subtitle   "p+O20 with CH89;"                                                              
@legend ON
@legend x1 0.2
@legend y1 0.8
@g0 type LOGY
@yaxis ticklabel format power
@legend string   0 "Lab energy =   35.0000"
#legend string   0 "Partition=  1 Excit=  1 near/far= 1"
#  Theta       sigma       iT11        T20         T21         T22         Kyy for projectile
   3.000      0.1333E+06
   4.000      0.3885E+05
   5.000      0.1514E+05
   6.000       7417.    
   7.000       4424.    
   8.000       3097.    
   9.000       2429.    
   10.00       2042.    
   11.00       1784.    
   12.00       1587.    
   13.00       1421.    
   14.00       1272.    
   15.00       1133.    
   16.00       1003.    
   17.00       880.0    
   18.00       765.0    
   19.00       658.1    
   20.00       559.8    
   21.00       470.5    
   22.00       390.3    
   23.00       319.4    
   24.00       257.7    
   25.00       204.9    
   26.00       160.6    
   27.00       124.2    
   28.00       95.22    
   29.00       72.88    
   30.00       56.45    
   31.00       45.18    
   32.00       38.32    
   33.00       35.11    
   34.00       34.84    
   35.00       36.85    
   36.00       40.53    
   37.00       45.32    
   38.00       50.75    
   39.00       56.40    
   40.00       61.94    
   41.00       67.07    
   42.00       71.60    
   43.00       75.36    
   44.00       78.27    
   45.00       80.26    
   46.00       81.33    
   47.00       81.51    
   48.00       80.84    
   49.00       79.39    
   50.00       77.27    
   51.00       74.55    
   52.00       71.37    
   53.00       67.80    
   54.00       63.97    
   55.00       59.97    
   56.00       55.89    
   57.00       51.81    
   58.00       47.81    
   59.00       43.95    
   60.00       40.26    
   61.00       36.81    
   62.00       33.60    
   63.00       30.66    
   64.00       28.00    
   65.00       25.63    
   66.00       23.53    
   67.00       21.69    
   68.00       20.10    
   69.00       18.75    
   70.00       17.60    
   71.00       16.63    
   72.00       15.83    
   73.00       15.17    
   74.00       14.62    
   75.00       14.16    
   76.00       13.78    
   77.00       13.45    
   78.00       13.16    
   79.00       12.89    
   80.00       12.64    
   81.00       12.39    
   82.00       12.13    
   83.00       11.86    
   84.00       11.58    
   85.00       11.28    
   86.00       10.96    
   87.00       10.63    
   88.00       10.28    
   89.00       9.915    
   90.00       9.540    
   91.00       9.155    
   92.00       8.765    
   93.00       8.373    
   94.00       7.981    
   95.00       7.593    
   96.00       7.211    
   97.00       6.838    
   98.00       6.475    
   99.00       6.125    
   100.0       5.789    
   101.0       5.467    
   102.0       5.161    
   103.0       4.870    
   104.0       4.596    
   105.0       4.337    
   106.0       4.094    
   107.0       3.867    
   108.0       3.655    
   109.0       3.458    
   110.0       3.274    
   111.0       3.105    
   112.0       2.948    
   113.0       2.804    
   114.0       2.672    
   115.0       2.552    
   116.0       2.443    
   117.0       2.345    
   118.0       2.258    
   119.0       2.181    
   120.0       2.114    
   121.0       2.056    
   122.0       2.007    
   123.0       1.966    
   124.0       1.933    
   125.0       1.906    
   126.0       1.885    
   127.0       1.870    
   128.0       1.858    
   129.0       1.850    
   130.0       1.844    
   131.0       1.838    
   132.0       1.832    
   133.0       1.826    
   134.0       1.817    
   135.0       1.804    
   136.0       1.788    
   137.0       1.768    
   138.0       1.742    
   139.0       1.712    
   140.0       1.675    
   141.0       1.634    
   142.0       1.588    
   143.0       1.537    
   144.0       1.483    
   145.0       1.427    
   146.0       1.370    
   147.0       1.312    
   148.0       1.257    
   149.0       1.204    
   150.0       1.157    
   151.0       1.116    
   152.0       1.084    
   153.0       1.061    
   154.0       1.049    
   155.0       1.050    
   156.0       1.065    
   157.0       1.094    
   158.0       1.138    
   159.0       1.198    
   160.0       1.272    
   161.0       1.361    
   162.0       1.464    
   163.0       1.580    
   164.0       1.708    
   165.0       1.845    
   166.0       1.990    
   167.0       2.140    
   168.0       2.294    
   169.0       2.448    
   170.0       2.601    
   171.0       2.749    
   172.0       2.890    
   173.0       3.021    
   174.0       3.140    
   175.0       3.245    
   176.0       3.333    
   177.0       3.404    
   178.0       3.455    
   179.0       3.486    
   180.0       3.497    
 END
