# 181 angles,  1 tensor ranks for 0=projectile
@subtitle   "p+O20 2nd ex with BG ;"                                                        
@legend ON
@legend x1 0.2
@legend y1 0.8
@g0 type LOGY
@yaxis ticklabel format power
@legend string   0 "Lab energy =   35.0000"
#legend string   0 "Partition=  1 Excit=  2 near/far= 1"
#  Theta       sigma       iT11        T20         T21         T22         Kyy for projectile
   0.000       36.12    
   1.000       36.16    
   2.000       36.24    
   3.000       36.25    
   4.000       36.06    
   5.000       35.58    
   6.000       34.79    
   7.000       33.73    
   8.000       32.50    
   9.000       31.21    
   10.00       29.94    
   11.00       28.76    
   12.00       27.69    
   13.00       26.75    
   14.00       25.96    
   15.00       25.34    
   16.00       24.88    
   17.00       24.60    
   18.00       24.48    
   19.00       24.50    
   20.00       24.63    
   21.00       24.84    
   22.00       25.09    
   23.00       25.35    
   24.00       25.59    
   25.00       25.77    
   26.00       25.86    
   27.00       25.85    
   28.00       25.71    
   29.00       25.43    
   30.00       25.00    
   31.00       24.42    
   32.00       23.69    
   33.00       22.82    
   34.00       21.83    
   35.00       20.74    
   36.00       19.56    
   37.00       18.32    
   38.00       17.04    
   39.00       15.74    
   40.00       14.45    
   41.00       13.19    
   42.00       11.98    
   43.00       10.83    
   44.00       9.764    
   45.00       8.789    
   46.00       7.914    
   47.00       7.142    
   48.00       6.477    
   49.00       5.917    
   50.00       5.458    
   51.00       5.096    
   52.00       4.821    
   53.00       4.626    
   54.00       4.500    
   55.00       4.433    
   56.00       4.412    
   57.00       4.428    
   58.00       4.468    
   59.00       4.524    
   60.00       4.587    
   61.00       4.649    
   62.00       4.702    
   63.00       4.740    
   64.00       4.758    
   65.00       4.754    
   66.00       4.724    
   67.00       4.669    
   68.00       4.588    
   69.00       4.481    
   70.00       4.349    
   71.00       4.196    
   72.00       4.022    
   73.00       3.833    
   74.00       3.630    
   75.00       3.417    
   76.00       3.198    
   77.00       2.975    
   78.00       2.751    
   79.00       2.530    
   80.00       2.314    
   81.00       2.106    
   82.00       1.907    
   83.00       1.719    
   84.00       1.543    
   85.00       1.380    
   86.00       1.232    
   87.00       1.097    
   88.00      0.9757    
   89.00      0.8686    
   90.00      0.7747    
   91.00      0.6935    
   92.00      0.6242    
   93.00      0.5659    
   94.00      0.5175    
   95.00      0.4781    
   96.00      0.4466    
   97.00      0.4219    
   98.00      0.4030    
   99.00      0.3889    
   100.0      0.3788    
   101.0      0.3716    
   102.0      0.3667    
   103.0      0.3633    
   104.0      0.3608    
   105.0      0.3588    
   106.0      0.3567    
   107.0      0.3542    
   108.0      0.3510    
   109.0      0.3469    
   110.0      0.3417    
   111.0      0.3355    
   112.0      0.3281    
   113.0      0.3196    
   114.0      0.3100    
   115.0      0.2995    
   116.0      0.2880    
   117.0      0.2759    
   118.0      0.2632    
   119.0      0.2501    
   120.0      0.2367    
   121.0      0.2232    
   122.0      0.2097    
   123.0      0.1963    
   124.0      0.1833    
   125.0      0.1706    
   126.0      0.1584    
   127.0      0.1468    
   128.0      0.1358    
   129.0      0.1255    
   130.0      0.1160    
   131.0      0.1072    
   132.0      0.9910E-01
   133.0      0.9178E-01
   134.0      0.8520E-01
   135.0      0.7934E-01
   136.0      0.7416E-01
   137.0      0.6963E-01
   138.0      0.6568E-01
   139.0      0.6226E-01
   140.0      0.5930E-01
   141.0      0.5678E-01
   142.0      0.5466E-01
   143.0      0.5287E-01
   144.0      0.5137E-01
   145.0      0.5008E-01
   146.0      0.4895E-01
   147.0      0.4796E-01
   148.0      0.4707E-01
   149.0      0.4626E-01
   150.0      0.4552E-01
   151.0      0.4480E-01
   152.0      0.4410E-01
   153.0      0.4339E-01
   154.0      0.4266E-01
   155.0      0.4192E-01
   156.0      0.4117E-01
   157.0      0.4042E-01
   158.0      0.3966E-01
   159.0      0.3890E-01
   160.0      0.3815E-01
   161.0      0.3742E-01
   162.0      0.3671E-01
   163.0      0.3602E-01
   164.0      0.3538E-01
   165.0      0.3477E-01
   166.0      0.3420E-01
   167.0      0.3370E-01
   168.0      0.3325E-01
   169.0      0.3286E-01
   170.0      0.3252E-01
   171.0      0.3222E-01
   172.0      0.3197E-01
   173.0      0.3175E-01
   174.0      0.3157E-01
   175.0      0.3144E-01
   176.0      0.3135E-01
   177.0      0.3128E-01
   178.0      0.3124E-01
   179.0      0.3121E-01
   180.0      0.3121E-01
 END
