# 178 angles,  1 tensor ranks for 0=projectile
@subtitle   "p+O20 with CH89;"                                                              
@legend ON
@legend x1 0.2
@legend y1 0.8
@g0 type LOGY
@yaxis ticklabel format power
@legend string   0 "Lab energy =   35.0000"
#legend string   0 "Partition=  1 Excit=  1 near/far= 1"
#  Theta       sigma       iT11        T20         T21         T22         Kyy for projectile
   3.000      0.1321E+06
   4.000      0.3835E+05
   5.000      0.1494E+05
   6.000       7372.    
   7.000       4468.    
   8.000       3195.    
   9.000       2563.    
   10.00       2202.    
   11.00       1961.    
   12.00       1777.    
   13.00       1620.    
   14.00       1476.    
   15.00       1341.    
   16.00       1211.    
   17.00       1086.    
   18.00       966.9    
   19.00       853.8    
   20.00       747.5    
   21.00       648.4    
   22.00       557.1    
   23.00       473.7    
   24.00       398.5    
   25.00       331.3    
   26.00       272.1    
   27.00       220.5    
   28.00       176.1    
   29.00       138.4    
   30.00       107.1    
   31.00       81.36    
   32.00       60.74    
   33.00       44.61    
   34.00       32.38    
   35.00       23.49    
   36.00       17.38    
   37.00       13.55    
   38.00       11.54    
   39.00       10.94    
   40.00       11.37    
   41.00       12.52    
   42.00       14.12    
   43.00       15.94    
   44.00       17.79    
   45.00       19.54    
   46.00       21.08    
   47.00       22.34    
   48.00       23.27    
   49.00       23.85    
   50.00       24.07    
   51.00       23.96    
   52.00       23.53    
   53.00       22.81    
   54.00       21.86    
   55.00       20.71    
   56.00       19.40    
   57.00       17.98    
   58.00       16.50    
   59.00       14.97    
   60.00       13.45    
   61.00       11.96    
   62.00       10.53    
   63.00       9.173    
   64.00       7.908    
   65.00       6.747    
   66.00       5.697    
   67.00       4.761    
   68.00       3.940    
   69.00       3.231    
   70.00       2.631    
   71.00       2.131    
   72.00       1.725    
   73.00       1.405    
   74.00       1.160    
   75.00      0.9805    
   76.00      0.8580    
   77.00      0.7829    
   78.00      0.7461    
   79.00      0.7397    
   80.00      0.7559    
   81.00      0.7882    
   82.00      0.8306    
   83.00      0.8780    
   84.00      0.9262    
   85.00      0.9717    
   86.00       1.012    
   87.00       1.044    
   88.00       1.068    
   89.00       1.082    
   90.00       1.086    
   91.00       1.081    
   92.00       1.065    
   93.00       1.040    
   94.00       1.008    
   95.00      0.9679    
   96.00      0.9220    
   97.00      0.8712    
   98.00      0.8167    
   99.00      0.7595    
   100.0      0.7008    
   101.0      0.6416    
   102.0      0.5828    
   103.0      0.5251    
   104.0      0.4694    
   105.0      0.4162    
   106.0      0.3660    
   107.0      0.3192    
   108.0      0.2761    
   109.0      0.2369    
   110.0      0.2016    
   111.0      0.1704    
   112.0      0.1431    
   113.0      0.1197    
   114.0      0.9998E-01
   115.0      0.8373E-01
   116.0      0.7074E-01
   117.0      0.6075E-01
   118.0      0.5348E-01
   119.0      0.4863E-01
   120.0      0.4593E-01
   121.0      0.4508E-01
   122.0      0.4579E-01
   123.0      0.4779E-01
   124.0      0.5081E-01
   125.0      0.5461E-01
   126.0      0.5896E-01
   127.0      0.6364E-01
   128.0      0.6847E-01
   129.0      0.7327E-01
   130.0      0.7789E-01
   131.0      0.8221E-01
   132.0      0.8612E-01
   133.0      0.8954E-01
   134.0      0.9238E-01
   135.0      0.9461E-01
   136.0      0.9620E-01
   137.0      0.9711E-01
   138.0      0.9736E-01
   139.0      0.9695E-01
   140.0      0.9591E-01
   141.0      0.9427E-01
   142.0      0.9208E-01
   143.0      0.8938E-01
   144.0      0.8624E-01
   145.0      0.8272E-01
   146.0      0.7888E-01
   147.0      0.7480E-01
   148.0      0.7054E-01
   149.0      0.6618E-01
   150.0      0.6178E-01
   151.0      0.5741E-01
   152.0      0.5313E-01
   153.0      0.4899E-01
   154.0      0.4506E-01
   155.0      0.4138E-01
   156.0      0.3798E-01
   157.0      0.3490E-01
   158.0      0.3216E-01
   159.0      0.2979E-01
   160.0      0.2779E-01
   161.0      0.2616E-01
   162.0      0.2490E-01
   163.0      0.2400E-01
   164.0      0.2343E-01
   165.0      0.2317E-01
   166.0      0.2320E-01
   167.0      0.2348E-01
   168.0      0.2397E-01
   169.0      0.2463E-01
   170.0      0.2541E-01
   171.0      0.2629E-01
   172.0      0.2720E-01
   173.0      0.2812E-01
   174.0      0.2901E-01
   175.0      0.2982E-01
   176.0      0.3053E-01
   177.0      0.3111E-01
   178.0      0.3154E-01
   179.0      0.3181E-01
   180.0      0.3190E-01
 END
