# 178 angles,  1 tensor ranks for 0=projectile
@subtitle   "p+O20 with CH89;"                                                              
@legend ON
@legend x1 0.2
@legend y1 0.8
@g0 type LOGY
@yaxis ticklabel format power
@legend string   0 "Lab energy =   35.0000"
#legend string   0 "Partition=  1 Excit=  1 near/far= 1"
#  Theta       sigma       iT11        T20         T21         T22         Kyy for projectile
   3.000      0.1290E+06
   4.000      0.3631E+05
   5.000      0.1353E+05
   6.000       6350.    
   7.000       3707.    
   8.000       2621.    
   9.000       2127.    
   10.00       1872.    
   11.00       1717.    
   12.00       1601.    
   13.00       1500.    
   14.00       1404.    
   15.00       1307.    
   16.00       1210.    
   17.00       1112.    
   18.00       1014.    
   19.00       918.6    
   20.00       825.6    
   21.00       736.5    
   22.00       651.8    
   23.00       572.4    
   24.00       498.5    
   25.00       430.6    
   26.00       368.8    
   27.00       313.1    
   28.00       263.4    
   29.00       219.5    
   30.00       181.1    
   31.00       148.0    
   32.00       119.7    
   33.00       95.92    
   34.00       76.13    
   35.00       59.95    
   36.00       46.95    
   37.00       36.72    
   38.00       28.87    
   39.00       23.03    
   40.00       18.86    
   41.00       16.04    
   42.00       14.31    
   43.00       13.41    
   44.00       13.12    
   45.00       13.26    
   46.00       13.69    
   47.00       14.26    
   48.00       14.88    
   49.00       15.47    
   50.00       15.97    
   51.00       16.35    
   52.00       16.57    
   53.00       16.62    
   54.00       16.50    
   55.00       16.22    
   56.00       15.79    
   57.00       15.23    
   58.00       14.54    
   59.00       13.76    
   60.00       12.91    
   61.00       12.01    
   62.00       11.08    
   63.00       10.13    
   64.00       9.196    
   65.00       8.278    
   66.00       7.393    
   67.00       6.551    
   68.00       5.762    
   69.00       5.030    
   70.00       4.361    
   71.00       3.755    
   72.00       3.214    
   73.00       2.737    
   74.00       2.321    
   75.00       1.965    
   76.00       1.663    
   77.00       1.413    
   78.00       1.208    
   79.00       1.045    
   80.00      0.9184    
   81.00      0.8232    
   82.00      0.7550    
   83.00      0.7090    
   84.00      0.6812    
   85.00      0.6676    
   86.00      0.6648    
   87.00      0.6697    
   88.00      0.6796    
   89.00      0.6921    
   90.00      0.7053    
   91.00      0.7176    
   92.00      0.7278    
   93.00      0.7348    
   94.00      0.7382    
   95.00      0.7373    
   96.00      0.7320    
   97.00      0.7223    
   98.00      0.7083    
   99.00      0.6902    
   100.0      0.6684    
   101.0      0.6433    
   102.0      0.6154    
   103.0      0.5851    
   104.0      0.5530    
   105.0      0.5195    
   106.0      0.4852    
   107.0      0.4505    
   108.0      0.4159    
   109.0      0.3818    
   110.0      0.3485    
   111.0      0.3163    
   112.0      0.2855    
   113.0      0.2563    
   114.0      0.2289    
   115.0      0.2034    
   116.0      0.1799    
   117.0      0.1585    
   118.0      0.1391    
   119.0      0.1218    
   120.0      0.1064    
   121.0      0.9306E-01
   122.0      0.8153E-01
   123.0      0.7176E-01
   124.0      0.6361E-01
   125.0      0.5697E-01
   126.0      0.5171E-01
   127.0      0.4768E-01
   128.0      0.4475E-01
   129.0      0.4278E-01
   130.0      0.4165E-01
   131.0      0.4122E-01
   132.0      0.4137E-01
   133.0      0.4200E-01
   134.0      0.4299E-01
   135.0      0.4426E-01
   136.0      0.4572E-01
   137.0      0.4729E-01
   138.0      0.4892E-01
   139.0      0.5055E-01
   140.0      0.5213E-01
   141.0      0.5364E-01
   142.0      0.5505E-01
   143.0      0.5635E-01
   144.0      0.5752E-01
   145.0      0.5857E-01
   146.0      0.5949E-01
   147.0      0.6030E-01
   148.0      0.6101E-01
   149.0      0.6165E-01
   150.0      0.6221E-01
   151.0      0.6274E-01
   152.0      0.6324E-01
   153.0      0.6375E-01
   154.0      0.6427E-01
   155.0      0.6483E-01
   156.0      0.6544E-01
   157.0      0.6612E-01
   158.0      0.6687E-01
   159.0      0.6772E-01
   160.0      0.6865E-01
   161.0      0.6967E-01
   162.0      0.7079E-01
   163.0      0.7198E-01
   164.0      0.7325E-01
   165.0      0.7458E-01
   166.0      0.7596E-01
   167.0      0.7737E-01
   168.0      0.7878E-01
   169.0      0.8019E-01
   170.0      0.8157E-01
   171.0      0.8290E-01
   172.0      0.8416E-01
   173.0      0.8533E-01
   174.0      0.8638E-01
   175.0      0.8731E-01
   176.0      0.8809E-01
   177.0      0.8871E-01
   178.0      0.8916E-01
   179.0      0.8943E-01
   180.0      0.8952E-01
 END
