# 178 angles,  1 tensor ranks for 0=projectile
@subtitle   "p+O20 with CH89;"                                                              
@legend ON
@legend x1 0.2
@legend y1 0.8
@g0 type LOGY
@yaxis ticklabel format power
@legend string   0 "Lab energy =   35.0000"
#legend string   0 "Partition=  1 Excit=  1 near/far= 1"
#  Theta       sigma       iT11        T20         T21         T22         Kyy for projectile
   3.000      0.1313E+06
   4.000      0.3785E+05
   5.000      0.1461E+05
   6.000       7142.    
   7.000       4304.    
   8.000       3078.    
   9.000       2479.    
   10.00       2144.    
   11.00       1924.    
   12.00       1756.    
   13.00       1611.    
   14.00       1478.    
   15.00       1351.    
   16.00       1228.    
   17.00       1109.    
   18.00       993.9    
   19.00       883.9    
   20.00       779.7    
   21.00       681.9    
   22.00       591.0    
   23.00       507.5    
   24.00       431.5    
   25.00       363.0    
   26.00       302.1    
   27.00       248.6    
   28.00       202.0    
   29.00       162.0    
   30.00       128.2    
   31.00       100.0    
   32.00       76.93    
   33.00       58.43    
   34.00       43.94    
   35.00       32.92    
   36.00       24.86    
   37.00       19.27    
   38.00       15.70    
   39.00       13.74    
   40.00       13.01    
   41.00       13.20    
   42.00       14.03    
   43.00       15.25    
   44.00       16.67    
   45.00       18.13    
   46.00       19.50    
   47.00       20.70    
   48.00       21.67    
   49.00       22.35    
   50.00       22.74    
   51.00       22.83    
   52.00       22.63    
   53.00       22.16    
   54.00       21.45    
   55.00       20.54    
   56.00       19.46    
   57.00       18.25    
   58.00       16.94    
   59.00       15.57    
   60.00       14.18    
   61.00       12.79    
   62.00       11.43    
   63.00       10.11    
   64.00       8.870    
   65.00       7.707    
   66.00       6.634    
   67.00       5.660    
   68.00       4.786    
   69.00       4.014    
   70.00       3.343    
   71.00       2.767    
   72.00       2.283    
   73.00       1.883    
   74.00       1.561    
   75.00       1.307    
   76.00       1.115    
   77.00      0.9756    
   78.00      0.8811    
   79.00      0.8236    
   80.00      0.7959    
   81.00      0.7914    
   82.00      0.8040    
   83.00      0.8284    
   84.00      0.8599    
   85.00      0.8944    
   86.00      0.9288    
   87.00      0.9603    
   88.00      0.9870    
   89.00       1.007    
   90.00       1.020    
   91.00       1.025    
   92.00       1.021    
   93.00       1.010    
   94.00      0.9903    
   95.00      0.9638    
   96.00      0.9308    
   97.00      0.8922    
   98.00      0.8489    
   99.00      0.8018    
   100.0      0.7518    
   101.0      0.6999    
   102.0      0.6470    
   103.0      0.5938    
   104.0      0.5412    
   105.0      0.4897    
   106.0      0.4400    
   107.0      0.3925    
   108.0      0.3476    
   109.0      0.3058    
   110.0      0.2671    
   111.0      0.2318    
   112.0      0.1999    
   113.0      0.1715    
   114.0      0.1466    
   115.0      0.1250    
   116.0      0.1066    
   117.0      0.9122E-01
   118.0      0.7873E-01
   119.0      0.6889E-01
   120.0      0.6145E-01
   121.0      0.5618E-01
   122.0      0.5284E-01
   123.0      0.5117E-01
   124.0      0.5092E-01
   125.0      0.5187E-01
   126.0      0.5378E-01
   127.0      0.5643E-01
   128.0      0.5963E-01
   129.0      0.6318E-01
   130.0      0.6692E-01
   131.0      0.7069E-01
   132.0      0.7436E-01
   133.0      0.7782E-01
   134.0      0.8097E-01
   135.0      0.8372E-01
   136.0      0.8603E-01
   137.0      0.8784E-01
   138.0      0.8912E-01
   139.0      0.8986E-01
   140.0      0.9005E-01
   141.0      0.8972E-01
   142.0      0.8888E-01
   143.0      0.8756E-01
   144.0      0.8581E-01
   145.0      0.8368E-01
   146.0      0.8120E-01
   147.0      0.7846E-01
   148.0      0.7549E-01
   149.0      0.7237E-01
   150.0      0.6916E-01
   151.0      0.6591E-01
   152.0      0.6269E-01
   153.0      0.5955E-01
   154.0      0.5654E-01
   155.0      0.5370E-01
   156.0      0.5108E-01
   157.0      0.4871E-01
   158.0      0.4661E-01
   159.0      0.4480E-01
   160.0      0.4331E-01
   161.0      0.4212E-01
   162.0      0.4124E-01
   163.0      0.4067E-01
   164.0      0.4038E-01
   165.0      0.4035E-01
   166.0      0.4057E-01
   167.0      0.4100E-01
   168.0      0.4160E-01
   169.0      0.4235E-01
   170.0      0.4320E-01
   171.0      0.4411E-01
   172.0      0.4506E-01
   173.0      0.4599E-01
   174.0      0.4688E-01
   175.0      0.4769E-01
   176.0      0.4839E-01
   177.0      0.4897E-01
   178.0      0.4939E-01
   179.0      0.4965E-01
   180.0      0.4974E-01
 END
