155 1296
155 13613
155 20981
155 25101
155 26466
155 26695
155 27433
155 28476
179 18815
179 26687
179 33879
179 36942
179 44963
179 53446
179 56671
179 57448
179 57962
161 1533
161 4997
161 10544
161 24797
161 28898
161 35742
161 41174
161 42752
161 45786
161 49723
161 51609
258 1963
258 4572
258 19476
258 30433
258 35978
258 37048
258 39324
258 52868
191 879
191 2162
191 21147
191 23809
191 26175
191 45627
191 65551
167 7280
167 11609
167 13624
167 32504
167 50090
167 50345
167 56738
206 15255
206 15696
206 21041
206 43898
206 47231
206 54288
206 61383
206 67659
314 2750
314 12529
314 64109
314 65600
314 79200
314 82456
314 85084
156 4226
156 5972
156 8536
156 25386
156 32282
156 38961
156 41924
156 52611
156 58133
315 748
259 18018
259 19499
259 34489
259 35778
259 44700
259 48205
162 4281
162 7409
162 25512
162 30253
162 35447
180 12271
180 12331
180 15248
180 23684
180 36897
180 40158
180 47330
180 59772
192 1437
192 9497
192 11840
192 12407
192 17836
192 24153
192 26497
192 29331
192 33346
192 34628
192 45684
192 55466
192 55667
192 59003
192 59618
192 67203
168 24472
168 30950
168 39555
168 47826
168 50998
207 21756
207 23183
207 25983
207 31469
207 31666
207 36269
207 57239
207 59059
207 61635
207 61981
207 65574
260 730
260 1320
260 7032
260 18787
260 43210
260 46319
260 56597
157 2052
157 6749
157 25970
157 26073
157 28399
157 29926
157 37475
157 46581
316 14335
316 16316
316 25719
316 29650
316 31665
316 35819
316 51766
316 60723
316 67504
316 68310
163 279
163 1392
163 4276
163 23385
163 29912
163 30405
163 38865
163 39234
163 40978
163 47800
163 57546
163 57833
193 9743
193 10216
193 22494
193 35158
193 38342
193 46262
193 46269
193 52887
193 55068
169 8033
169 24277
169 46959
169 50253
169 53069
169 58364
169 60584
169 68156
181 1568
181 5334
181 6233
181 6921
181 47017
181 52213
181 65272
181 70048
181 74419
158 22189
158 28586
158 33962
158 37688
158 38667
158 39434
158 40583
158 42641
158 53365
261 1695
261 10615
261 14816
261 23261
261 30147
261 33750
261 42395
261 48573
261 53225
261 62802
164 2642
164 15747
164 28903
164 39325
164 49172
164 55059
208 4554
208 16909
208 22714
208 24145
208 25294
208 28332
208 41040
208 53070
208 85283
208 86071
208 92179
208 96012
317 12377
317 15668
317 22122
317 24348
317 25699
317 31365
317 34327
317 44344
317 53730
317 54318
194 19321
194 24066
194 36075
194 52733
194 59824
194 64325
170 6984
170 15849
170 51046
170 51861
170 61878
182 9170
182 14778
182 17326
182 26289
182 32028
182 32924
182 34856
182 41694
182 43422
182 44955
182 51432
182 61494
165 3810
165 10997
165 12759
165 22160
165 31308
165 53644
159 3421
159 17995
159 24949
318 3832
318 18068
318 23033
318 38340
318 47530
318 68326
195 13835
195 17545
195 18928
195 20760
195 21746
195 35782
195 43388
195 58460
195 61362
195 61695
195 64214
195 68205
262 1363
262 4139
262 8652
262 36514
262 41741
262 45836
262 46396
262 77451
262 98529
171 407
171 1536
171 3280
171 8051
171 28005
171 69609
166 7222
166 20134
166 31354
166 46925
166 47321
185 6024
185 6216
185 13295
185 13522
185 15226
185 40703
160 397
160 6985
160 19081
160 35688
160 36971
160 41040
160 49121
160 54486
160 55337
196 14186
196 19296
196 23233
196 29108
196 45073
209 25675
209 33765
209 70200
209 80309
209 84806
209 101724
209 115560
209 121816
209 130512
209 132295
263 9131
263 9962
263 54401
319 6872
319 39180
319 52822
319 63004
319 69164
319 82006
186 11850
186 33193
186 36760
186 44038
186 46291
186 48801
186 58273
172 14823
172 17464
172 19336
172 27363
172 32356
172 46378
172 49855
172 53441
172 57878
172 67053
233 8318
233 28152
233 48997
233 53402
233 69180
233 70477
197 8950
197 10177
197 28278
197 37117
197 61762
197 62476
197 69316
197 69677
197 71656
264 5884
264 8841
264 9745
264 15725
264 17676
264 22073
264 22530
264 22750
264 30322
264 47039
264 56955
264 65027
264 67709
187 3647
187 9608
187 29345
187 37823
187 44340
187 48515
187 61617
320 3452
320 21860
320 27823
320 35615
320 42696
320 57653
320 78035
320 82735
346 1643
346 23994
346 28220
346 32095
346 36469
346 61536
346 93533
346 97154
346 106326
346 111970
346 124799
346 132481
346 135141
346 138521
346 139517
346 145511
346 154539
173 21426
173 22273
173 36926
173 47306
173 57348
173 64085
173 71895
210 28382
210 30607
210 39728
210 131647
200 5666
200 8237
200 15194
200 16471
200 31705
200 34664
200 38509
200 41086
200 46281
200 47230
200 54354
265 8518
265 20452
265 25639
265 31221
265 56265
265 58705
265 62900
234 6812
234 10892
234 16192
234 17436
234 29582
234 44816
234 45379
234 45496
234 46404
234 56959
234 60931
234 73875
188 37833
188 48800
188 68173
211 11626
211 16114
211 21168
211 29508
211 30899
266 6507
266 12649
266 14561
266 17732
266 30546
266 31909
266 36245
201 21671
201 67419
201 70682
201 71334
174 4726
174 6898
174 12501
174 22906
174 41053
321 10272
321 20924
321 32600
321 52274
321 63919
321 81393
321 84825
321 84919
321 93641
189 268
189 12128
189 12921
189 14411
189 26951
189 27167
189 27796
189 51829
235 3237
235 7420
235 33485
235 38937
235 43147
235 51077
235 51914
235 67169
267 1650
267 3395
267 24175
267 26278
267 31285
267 33630
267 44744
267 48385
267 48551
175 1482
175 7762
175 12053
175 22037
175 30755
175 39634
202 11180
202 45721
202 47153
348 19563
348 33505
348 67460
348 96289
348 113643
348 115070
348 129382
348 136179
348 152449
322 51563
322 56790
322 64081
322 64836
190 43787
190 50100
190 51956
190 64810
212 30407
212 39128
212 61710
212 79574
212 82997
212 83304
212 100120
236 6125
236 16952
236 41659
236 50237
236 50881
236 51215
236 69502
236 75468
268 18545
268 30108
268 64543
268 66221
268 70335
203 2320
203 5002
203 7966
203 12115
203 15466
203 23353
203 34192
176 1912
176 25803
176 48578
176 56232
176 60196
176 64574
176 66116
367 1953
367 2981
367 29297
367 36164
367 43301
323 9736
323 24980
323 36604
323 37360
323 64795
204 2039
204 5320
204 15541
204 27539
204 38486
204 43208
204 43218
204 49851
204 57428
204 58820
177 625
177 4150
177 26658
177 40297
177 58531
177 66576
237 7669
237 17505
237 24529
237 33691
237 48316
237 62030
237 70155
237 73824
349 26598
349 29263
349 35526
349 37366
349 41156
349 45320
349 57094
349 75120
349 78036
349 86573
349 90074
349 101643
349 106316
349 110118
349 120683
349 133105
349 147795
269 6644
269 7362
269 22865
269 28094
269 36987
269 41362
269 41948
269 50596
269 55660
269 82547
269 100639
269 105494
269 111154
324 31766
324 37259
324 47954
324 48506
324 63260
324 76144
324 80553
205 1135
205 21269
205 21574
205 50371
205 56575
205 56901
205 57862
205 66314
205 67366
178 5555
178 8724
178 14082
178 15420
178 29332
178 30190
178 38988
178 43045
178 49036
178 53169
178 56889
178 71324
178 72165
213 6900
213 7652
213 10411
213 37671
213 48326
213 56035
213 60687
213 77007
213 81692
213 85846
213 87969
213 115944
213 119041
213 147093
213 171244
238 1508
238 22907
238 23353
238 26410
238 35790
238 36160
238 48551
238 52762
238 55319
238 57019
238 59644
270 24263
270 29310
270 34042
270 42001
270 43710
270 52064
270 57618
369 14456
369 26144
369 37124
369 61951
369 82769
369 87826
369 92515
369 123761
369 131246
369 144146
326 4737
326 20954
326 23739
326 38163
325 36431
325 38014
325 38782
325 41781
325 63212
325 67557
325 87785
239 20155
239 21618
239 48358
271 22715
271 26960
271 30476
271 42550
271 43350
271 51760
271 54378
271 55019
271 71854
327 259
327 3344
327 7835
327 14615
327 32039
327 37038
327 69175
355 20240
355 30301
355 43317
355 48244
355 50162
355 53609
355 64111
355 70093
355 88350
355 98932
355 107248
355 108349
355 110213
355 128366
355 156204
374 3735
374 39025
374 63403
374 67650
374 84534
374 86869
374 93889
374 94086
374 107481
374 115983
374 116822
374 131319
374 141610
374 152350
240 784
240 8236
240 12104
240 17095
240 23875
240 27812
240 32621
240 32979
240 43799
240 45641
240 59526
215 2891
215 10797
215 28704
215 48932
215 59024
215 73963
215 86507
215 99712
215 110503
215 116786
215 117565
370 10271
370 19188
370 20952
370 26952
370 38377
370 59030
370 78440
370 94027
370 116169
370 126119
370 126500
370 126964
370 137422
370 143610
370 155773
272 4113
272 15632
272 17570
272 40621
272 46254
272 64983
377 18716
377 25039
377 26023
377 41105
377 50539
377 56318
377 66709
377 73144
377 79230
377 90895
377 117053
377 125238
377 142315
328 1773
328 4981
328 7209
328 12453
328 16333
328 32966
328 33295
328 52508
328 79114
241 16092
241 28447
241 32276
241 34260
241 48140
241 52669
356 9326
356 11387
356 15232
356 16106
356 33367
356 60447
356 63811
356 68536
356 98299
356 119718
356 126503
356 145642
273 9034
273 17632
273 22715
273 28010
273 38574
273 70077
273 77978
273 81908
273 81911
273 82304
216 51971
216 52132
216 85542
216 88607
329 13234
329 21130
329 55884
329 76493
242 3977
242 13524
242 14627
242 45081
242 59240
375 16046
375 19617
375 44877
375 56084
375 69673
375 73097
375 77694
375 79434
375 93197
375 98160
375 143416
375 152571
375 159829
375 164061
375 164208
218 35811
371 2606
371 73941
371 84109
371 86148
371 89544
371 99099
371 111933
371 111981
371 114886
371 144546
371 147372
371 151587
371 158266
371 159358
378 8695
378 28848
378 33660
378 58364
378 65646
378 65732
378 83905
378 90805
378 103997
378 109358
378 122953
378 131317
378 133230
378 134765
378 140986
378 141201
378 142687
220 5128
220 12858
220 23530
243 5684
243 6344
243 7069
243 22811
243 25230
243 33311
243 37061
243 45390
243 62914
243 67189
274 34288
274 40558
274 42702
274 69437
274 70107
274 93901
330 15930
330 37453
330 47420
330 56434
330 60594
330 69129
330 70819
330 106549
358 26530
358 28826
358 34930
358 36384
358 48326
358 59871
358 78058
358 79144
358 118996
358 128146
358 128811
358 135008
358 136874
358 140560
358 140930
358 150674
221 5899
221 14477
221 16133
221 35073
221 66378
221 67655
244 7117
244 12661
244 21709
244 22800
244 45303
244 50704
244 57182
244 62252
244 65696
376 25064
376 40826
376 51093
376 53186
376 92024
376 107672
376 117570
376 121089
376 132841
376 134432
376 146638
379 17706
379 32080
379 74444
379 74745
379 84012
379 138874
275 7238
275 27333
275 39035
275 40264
275 58390
275 103888
275 106258
275 106659
275 106738
275 113932
372 7139
372 11383
372 15853
372 16060
372 29472
372 30450
372 34878
372 37431
372 53525
372 86872
372 87857
372 95531
372 96764
372 102489
372 122354
372 130742
372 146519
372 153383
372 155505
372 161853
222 8530
222 22204
222 23903
222 25630
222 41918
222 43141
222 49440
222 50319
222 54703
222 63206
222 68228
222 78397
222 79200
331 7909
331 18211
331 27581
331 35329
331 47217
331 57725
331 59103
331 83870
331 89777
245 20396
245 27881
245 33167
245 42686
245 43090
245 44831
245 61673
245 65374
245 66032
245 74151
245 76911
245 78743
227 6397
227 11180
227 14867
227 15524
227 19380
227 25062
227 25123
227 36106
227 37789
227 38079
227 47605
223 17251
223 49401
223 56871
223 57974
360 26024
360 29602
360 51054
360 78366
360 84562
360 125801
360 135339
276 2812
276 21395
276 22324
276 30460
276 41029
276 73711
276 80733
276 83794
276 91395
276 92779
276 102197
332 13256
332 31751
332 57901
332 63739
332 64651
332 71659
332 74209
332 81323
332 84363
385 1939
385 10918
385 22268
385 30552
385 35242
385 88859
385 112337
385 138724
246 138
246 29895
246 33591
246 41037
246 47330
246 50981
246 60653
246 61159
228 19771
228 44642
228 45635
228 47700
228 47983
228 49926
228 57306
224 13066
224 13508
224 24513
224 40672
224 42163
224 49007
224 49092
224 49748
224 51084
224 52144
224 55234
224 55794
224 60288
230 7391
230 22882
230 25390
230 26739
230 27718
230 32405
230 38990
230 39397
230 47109
230 62225
361 7906
361 8770
361 9399
361 14541
361 17623
373 2205
373 11696
373 12760
373 21058
373 31052
373 35779
373 53601
373 84102
373 85143
373 120757
373 156028
373 167190
247 8520
247 12752
247 23282
247 38598
247 44286
247 57404
277 6337
277 11747
277 32854
277 43896
277 43972
277 69722
277 70295
277 82462
277 87250
277 90213
225 1313
225 8081
225 8532
225 9820
225 12478
225 26466
225 35030
225 42217
231 8055
231 9281
231 20178
231 27523
231 38248
231 42062
231 43860
231 49304
231 51953
231 59588
231 60323
333 10414
333 22911
333 23229
333 25553
333 50732
333 56727
333 61141
333 80999
333 96573
364 3456
364 10728
226 2363
226 10213
226 11767
226 20643
226 21661
226 32091
226 48855
226 50322
226 73202
248 210
248 4511
248 10863
248 22948
248 33612
248 37878
248 45879
248 64069
248 67334
232 534
232 960
232 9952
232 10567
232 23333
232 36395
232 54483
232 60733
232 62726
232 63595
232 72866
232 82294
251 11587
251 18083
251 21627
251 26595
251 26962
251 32831
251 48358
251 48935
278 14227
278 14433
278 14870
278 46311
278 47018
278 54365
278 58988
278 62106
278 64420
278 82899
278 86442
249 649
249 3877
249 6278
249 13018
249 42297
249 45096
249 46112
365 9423
365 18780
365 25475
365 54720
365 62506
365 64587
365 124493
254 775
254 2197
254 6040
254 17458
254 24565
254 28123
254 52173
254 63274
254 69900
362 34442
362 46311
362 52731
362 63121
362 65438
362 66000
362 69414
362 79623
362 100744
362 109515
362 128173
362 153137
362 154914
362 157252
252 21390
252 24371
252 24456
252 29177
252 35881
252 46792
252 47358
250 4906
250 17186
250 26682
250 34469
279 10678
279 14281
279 25410
279 34518
279 35235
279 36739
279 37700
279 39109
279 41139
279 55397
279 56368
279 56399
279 71624
341 7036
341 12595
341 30374
341 35940
341 38291
341 72445
341 130019
341 142476
255 29367
255 35726
253 1217
253 44169
253 48827
253 50168
253 52207
253 57072
253 60495
253 64221
253 65954
280 17589
280 19750
280 26495
280 38400
280 44243
280 66145
280 77653
280 88404
280 91184
280 92024
256 4490
256 12433
256 41294
256 45609
256 67352
256 67697
300 5159
300 52836
300 58209
300 66123
300 68710
342 228
342 83899
342 90201
342 145702
345 6329
345 12180
345 21146
345 22150
345 35390
345 45824
345 51501
345 58669
345 64021
345 75120
345 79269
345 82442
345 99048
345 113991
345 118670
345 124700
345 150675
281 24167
281 55428
281 66617
281 78643
281 81753
281 83980
281 89544
344 7014
344 20480
344 27131
344 30412
344 55193
344 73204
344 78848
344 92748
344 107820
344 118880
344 136777
344 140442
344 147392
344 153391
344 173099
282 9129
282 13683
282 20660
282 37172
282 37787
282 43434
282 50161
282 52672
282 54146
282 57226
282 61148
282 74821
282 90821
282 145296
282 152778
282 152937
257 4146
257 4926
257 11264
257 15524
257 21990
257 22533
257 40688
257 45625
306 20124
306 35495
306 36240
306 38517
306 44535
301 6566
301 11184
301 14002
301 40426
301 57807
301 67151
301 67938
301 83730
307 9
307 6252
307 36179
343 702
343 1717
343 16782
343 23987
343 41864
343 44975
343 52016
343 60365
343 65585
294 9685
294 11957
294 37749
294 50993
294 52409
294 56406
294 57310
294 59519
294 61386
294 66894
294 70064
294 76164
309 4759
309 9960
309 11811
309 25833
309 27823
309 63154
283 62031
283 86637
297 12149
297 15773
297 35638
297 49017
297 56648
297 74688
297 88938
285 802
285 1969
285 10963
285 13770
285 32097
285 60351
285 61195
285 65533
285 82945
302 24475
302 25727
302 25803
302 33730
302 39701
302 41234
302 68099
298 9635
298 77207
308 4742
308 27879
308 32098
308 41455
308 52203
308 60546
308 64948
308 68566
308 87925
308 90719
303 914
303 14816
303 44472
303 47408
303 56176
303 60651
311 44229
295 5139
295 22571
295 72619
284 7570
284 14532
284 26707
284 33256
284 64683
284 78897
296 30407
286 3519
286 8516
286 9641
286 22522
286 54079
286 80548
299 34795
305 3838
305 21903
305 23634
305 31827
305 35826
304 9489
304 15857
304 47366
313 10402
313 16220
313 25963
313 40215
313 42358
313 54992
313 59309
313 76607
312 4853
312 58517
312 75138
293 3252
293 6431
293 9469
293 13460
293 47692
293 76087
293 85256
293 85375
