# 178 angles,  1 tensor ranks for 0=projectile
@subtitle   "p+O20 with CH89;"                                                              
@legend ON
@legend x1 0.2
@legend y1 0.8
@g0 type LOGY
@yaxis ticklabel format power
@legend string   0 "Lab energy =   35.0000"
#legend string   0 "Partition=  1 Excit=  1 near/far= 1"
#  Theta       sigma       iT11        T20         T21         T22         Kyy for projectile
   3.000      0.1261E+06
   4.000      0.3484E+05
   5.000      0.1272E+05
   6.000       5900.    
   7.000       3475.    
   8.000       2527.    
   9.000       2125.    
   10.00       1933.    
   11.00       1821.    
   12.00       1735.    
   13.00       1654.    
   14.00       1570.    
   15.00       1481.    
   16.00       1387.    
   17.00       1289.    
   18.00       1190.    
   19.00       1090.    
   20.00       991.8    
   21.00       896.1    
   22.00       804.1    
   23.00       716.8    
   24.00       634.7    
   25.00       558.4    
   26.00       488.1    
   27.00       424.0    
   28.00       366.1    
   29.00       314.3    
   30.00       268.4    
   31.00       228.1    
   32.00       193.1    
   33.00       163.0    
   34.00       137.4    
   35.00       115.9    
   36.00       98.03    
   37.00       83.41    
   38.00       71.62    
   39.00       62.26    
   40.00       54.97    
   41.00       49.40    
   42.00       45.25    
   43.00       42.23    
   44.00       40.09    
   45.00       38.62    
   46.00       37.64    
   47.00       36.98    
   48.00       36.51    
   49.00       36.14    
   50.00       35.77    
   51.00       35.36    
   52.00       34.85    
   53.00       34.21    
   54.00       33.44    
   55.00       32.52    
   56.00       31.47    
   57.00       30.28    
   58.00       28.98    
   59.00       27.59    
   60.00       26.12    
   61.00       24.59    
   62.00       23.04    
   63.00       21.47    
   64.00       19.92    
   65.00       18.39    
   66.00       16.90    
   67.00       15.47    
   68.00       14.11    
   69.00       12.82    
   70.00       11.61    
   71.00       10.49    
   72.00       9.464    
   73.00       8.525    
   74.00       7.675    
   75.00       6.913    
   76.00       6.234    
   77.00       5.634    
   78.00       5.109    
   79.00       4.652    
   80.00       4.259    
   81.00       3.922    
   82.00       3.637    
   83.00       3.397    
   84.00       3.195    
   85.00       3.027    
   86.00       2.888    
   87.00       2.772    
   88.00       2.675    
   89.00       2.593    
   90.00       2.523    
   91.00       2.461    
   92.00       2.405    
   93.00       2.352    
   94.00       2.301    
   95.00       2.250    
   96.00       2.198    
   97.00       2.144    
   98.00       2.088    
   99.00       2.029    
   100.0       1.966    
   101.0       1.901    
   102.0       1.833    
   103.0       1.763    
   104.0       1.691    
   105.0       1.618    
   106.0       1.543    
   107.0       1.468    
   108.0       1.393    
   109.0       1.319    
   110.0       1.245    
   111.0       1.174    
   112.0       1.104    
   113.0       1.037    
   114.0      0.9729    
   115.0      0.9116    
   116.0      0.8535    
   117.0      0.7989    
   118.0      0.7478    
   119.0      0.7003    
   120.0      0.6563    
   121.0      0.6159    
   122.0      0.5790    
   123.0      0.5454    
   124.0      0.5150    
   125.0      0.4877    
   126.0      0.4631    
   127.0      0.4412    
   128.0      0.4217    
   129.0      0.4044    
   130.0      0.3890    
   131.0      0.3754    
   132.0      0.3634    
   133.0      0.3527    
   134.0      0.3432    
   135.0      0.3347    
   136.0      0.3272    
   137.0      0.3204    
   138.0      0.3144    
   139.0      0.3090    
   140.0      0.3043    
   141.0      0.3002    
   142.0      0.2966    
   143.0      0.2937    
   144.0      0.2915    
   145.0      0.2901    
   146.0      0.2894    
   147.0      0.2896    
   148.0      0.2907    
   149.0      0.2929    
   150.0      0.2962    
   151.0      0.3006    
   152.0      0.3062    
   153.0      0.3132    
   154.0      0.3214    
   155.0      0.3310    
   156.0      0.3418    
   157.0      0.3540    
   158.0      0.3674    
   159.0      0.3820    
   160.0      0.3977    
   161.0      0.4144    
   162.0      0.4319    
   163.0      0.4501    
   164.0      0.4689    
   165.0      0.4880    
   166.0      0.5072    
   167.0      0.5264    
   168.0      0.5453    
   169.0      0.5637    
   170.0      0.5814    
   171.0      0.5981    
   172.0      0.6137    
   173.0      0.6281    
   174.0      0.6408    
   175.0      0.6520    
   176.0      0.6613    
   177.0      0.6686    
   178.0      0.6740    
   179.0      0.6772    
   180.0      0.6783    
 END
