# 178 angles,  1 tensor ranks for 0=projectile
@subtitle   "20O + d 3-?;"                                                                  
@legend ON
@legend x1 0.2
@legend y1 0.8
@g0 type LOGY
@yaxis ticklabel format power
@legend string   0 "Lab energy =   70.0000"
#legend string   0 "Partition=  1 Excit=  1 near/far= 1"
#  Theta       sigma       iT11        T20         T21         T22         Kyy for projectile
   3.000      0.2712E+05
   4.000      0.1161E+05
   5.000       8327.    
   6.000       6854.    
   7.000       5632.    
   8.000       4457.    
   9.000       3360.    
   10.00       2397.    
   11.00       1605.    
   12.00       997.4    
   13.00       564.5    
   14.00       284.3    
   15.00       126.6    
   16.00       58.98    
   17.00       50.65    
   18.00       75.54    
   19.00       113.5    
   20.00       150.5    
   21.00       178.3    
   22.00       193.3    
   23.00       195.2    
   24.00       186.1    
   25.00       169.2    
   26.00       147.7    
   27.00       124.8    
   28.00       102.9    
   29.00       83.56    
   30.00       67.72    
   31.00       55.57    
   32.00       46.81    
   33.00       40.88    
   34.00       37.08    
   35.00       34.69    
   36.00       33.07    
   37.00       31.74    
   38.00       30.34    
   39.00       28.69    
   40.00       26.73    
   41.00       24.46    
   42.00       21.99    
   43.00       19.43    
   44.00       16.89    
   45.00       14.48    
   46.00       12.27    
   47.00       10.34    
   48.00       8.683    
   49.00       7.314    
   50.00       6.208    
   51.00       5.331    
   52.00       4.643    
   53.00       4.103    
   54.00       3.673    
   55.00       3.320    
   56.00       3.017    
   57.00       2.746    
   58.00       2.493    
   59.00       2.253    
   60.00       2.021    
   61.00       1.800    
   62.00       1.590    
   63.00       1.394    
   64.00       1.214    
   65.00       1.053    
   66.00      0.9113    
   67.00      0.7888    
   68.00      0.6846    
   69.00      0.5974    
   70.00      0.5249    
   71.00      0.4649    
   72.00      0.4151    
   73.00      0.3733    
   74.00      0.3376    
   75.00      0.3063    
   76.00      0.2783    
   77.00      0.2527    
   78.00      0.2288    
   79.00      0.2064    
   80.00      0.1853    
   81.00      0.1654    
   82.00      0.1469    
   83.00      0.1299    
   84.00      0.1144    
   85.00      0.1005    
   86.00      0.8811E-01
   87.00      0.7732E-01
   88.00      0.6799E-01
   89.00      0.6001E-01
   90.00      0.5323E-01
   91.00      0.4749E-01
   92.00      0.4263E-01
   93.00      0.3849E-01
   94.00      0.3491E-01
   95.00      0.3179E-01
   96.00      0.2901E-01
   97.00      0.2648E-01
   98.00      0.2416E-01
   99.00      0.2199E-01
   100.0      0.1995E-01
   101.0      0.1802E-01
   102.0      0.1621E-01
   103.0      0.1451E-01
   104.0      0.1292E-01
   105.0      0.1146E-01
   106.0      0.1013E-01
   107.0      0.8920E-02
   108.0      0.7843E-02
   109.0      0.6891E-02
   110.0      0.6060E-02
   111.0      0.5340E-02
   112.0      0.4721E-02
   113.0      0.4193E-02
   114.0      0.3744E-02
   115.0      0.3362E-02
   116.0      0.3035E-02
   117.0      0.2754E-02
   118.0      0.2509E-02
   119.0      0.2293E-02
   120.0      0.2100E-02
   121.0      0.1923E-02
   122.0      0.1760E-02
   123.0      0.1608E-02
   124.0      0.1465E-02
   125.0      0.1330E-02
   126.0      0.1203E-02
   127.0      0.1083E-02
   128.0      0.9712E-03
   129.0      0.8672E-03
   130.0      0.7715E-03
   131.0      0.6841E-03
   132.0      0.6052E-03
   133.0      0.5346E-03
   134.0      0.4720E-03
   135.0      0.4171E-03
   136.0      0.3694E-03
   137.0      0.3281E-03
   138.0      0.2927E-03
   139.0      0.2625E-03
   140.0      0.2369E-03
   141.0      0.2151E-03
   142.0      0.1965E-03
   143.0      0.1807E-03
   144.0      0.1672E-03
   145.0      0.1555E-03
   146.0      0.1453E-03
   147.0      0.1363E-03
   148.0      0.1283E-03
   149.0      0.1211E-03
   150.0      0.1145E-03
   151.0      0.1083E-03
   152.0      0.1024E-03
   153.0      0.9678E-04
   154.0      0.9126E-04
   155.0      0.8578E-04
   156.0      0.8032E-04
   157.0      0.7485E-04
   158.0      0.6938E-04
   159.0      0.6395E-04
   160.0      0.5863E-04
   161.0      0.5350E-04
   162.0      0.4869E-04
   163.0      0.4431E-04
   164.0      0.4050E-04
   165.0      0.3737E-04
   166.0      0.3502E-04
   167.0      0.3354E-04
   168.0      0.3295E-04
   169.0      0.3325E-04
   170.0      0.3439E-04
   171.0      0.3627E-04
   172.0      0.3876E-04
   173.0      0.4166E-04
   174.0      0.4479E-04
   175.0      0.4792E-04
   176.0      0.5084E-04
   177.0      0.5335E-04
   178.0      0.5528E-04
   179.0      0.5649E-04
   180.0      0.5691E-04
 END
