# 178 angles,  1 tensor ranks for 0=projectile
@subtitle   "20O + d inelastic scattering;"                                                 
@legend ON
@legend x1 0.2
@legend y1 0.8
@g0 type LOGY
@yaxis ticklabel format power
@legend string   0 "Lab energy =   70.0000"
#legend string   0 "Partition=  1 Excit=  2 near/far= 1"
#  Theta       sigma       iT11        T20         T21         T22         Kyy for projectile
   3.000       4.412    
   4.000       3.973    
   5.000       3.591    
   6.000       3.430    
   7.000       3.617    
   8.000       4.177    
   9.000       5.022    
   10.00       5.999    
   11.00       6.948    
   12.00       7.741    
   13.00       8.289    
   14.00       8.526    
   15.00       8.413    
   16.00       7.947    
   17.00       7.174    
   18.00       6.193    
   19.00       5.128    
   20.00       4.100    
   21.00       3.204    
   22.00       2.496    
   23.00       2.000    
   24.00       1.714    
   25.00       1.611    
   26.00       1.650    
   27.00       1.777    
   28.00       1.939    
   29.00       2.088    
   30.00       2.191    
   31.00       2.230    
   32.00       2.197    
   33.00       2.097    
   34.00       1.942    
   35.00       1.750    
   36.00       1.542    
   37.00       1.337    
   38.00       1.151    
   39.00      0.9926    
   40.00      0.8678    
   41.00      0.7772    
   42.00      0.7181    
   43.00      0.6845    
   44.00      0.6686    
   45.00      0.6617    
   46.00      0.6565    
   47.00      0.6475    
   48.00      0.6316    
   49.00      0.6072    
   50.00      0.5740    
   51.00      0.5328    
   52.00      0.4851    
   53.00      0.4334    
   54.00      0.3805    
   55.00      0.3291    
   56.00      0.2812    
   57.00      0.2383    
   58.00      0.2011    
   59.00      0.1700    
   60.00      0.1448    
   61.00      0.1252    
   62.00      0.1102    
   63.00      0.9885E-01
   64.00      0.9020E-01
   65.00      0.8339E-01
   66.00      0.7776E-01
   67.00      0.7276E-01
   68.00      0.6801E-01
   69.00      0.6323E-01
   70.00      0.5826E-01
   71.00      0.5310E-01
   72.00      0.4783E-01
   73.00      0.4256E-01
   74.00      0.3742E-01
   75.00      0.3254E-01
   76.00      0.2800E-01
   77.00      0.2391E-01
   78.00      0.2029E-01
   79.00      0.1716E-01
   80.00      0.1450E-01
   81.00      0.1228E-01
   82.00      0.1047E-01
   83.00      0.9025E-02
   84.00      0.7874E-02
   85.00      0.6951E-02
   86.00      0.6199E-02
   87.00      0.5579E-02
   88.00      0.5069E-02
   89.00      0.4647E-02
   90.00      0.4289E-02
   91.00      0.3965E-02
   92.00      0.3659E-02
   93.00      0.3364E-02
   94.00      0.3088E-02
   95.00      0.2834E-02
   96.00      0.2600E-02
   97.00      0.2378E-02
   98.00      0.2162E-02
   99.00      0.1953E-02
   100.0      0.1757E-02
   101.0      0.1581E-02
   102.0      0.1423E-02
   103.0      0.1277E-02
   104.0      0.1137E-02
   105.0      0.1004E-02
   106.0      0.8795E-03
   107.0      0.7707E-03
   108.0      0.6784E-03
   109.0      0.5991E-03
   110.0      0.5279E-03
   111.0      0.4633E-03
   112.0      0.4065E-03
   113.0      0.3601E-03
   114.0      0.3255E-03
   115.0      0.3011E-03
   116.0      0.2826E-03
   117.0      0.2670E-03
   118.0      0.2540E-03
   119.0      0.2448E-03
   120.0      0.2400E-03
   121.0      0.2391E-03
   122.0      0.2397E-03
   123.0      0.2387E-03
   124.0      0.2349E-03
   125.0      0.2294E-03
   126.0      0.2239E-03
   127.0      0.2188E-03
   128.0      0.2132E-03
   129.0      0.2060E-03
   130.0      0.1959E-03
   131.0      0.1834E-03
   132.0      0.1707E-03
   133.0      0.1595E-03
   134.0      0.1493E-03
   135.0      0.1389E-03
   136.0      0.1276E-03
   137.0      0.1153E-03
   138.0      0.1034E-03
   139.0      0.9367E-04
   140.0      0.8663E-04
   141.0      0.8068E-04
   142.0      0.7446E-04
   143.0      0.6802E-04
   144.0      0.6212E-04
   145.0      0.5770E-04
   146.0      0.5546E-04
   147.0      0.5456E-04
   148.0      0.5298E-04
   149.0      0.5013E-04
   150.0      0.4747E-04
   151.0      0.4644E-04
   152.0      0.4731E-04
   153.0      0.4944E-04
   154.0      0.5115E-04
   155.0      0.5050E-04
   156.0      0.4774E-04
   157.0      0.4548E-04
   158.0      0.4557E-04
   159.0      0.4766E-04
   160.0      0.5045E-04
   161.0      0.5223E-04
   162.0      0.5128E-04
   163.0      0.4799E-04
   164.0      0.4510E-04
   165.0      0.4453E-04
   166.0      0.4562E-04
   167.0      0.4703E-04
   168.0      0.4774E-04
   169.0      0.4647E-04
   170.0      0.4306E-04
   171.0      0.3965E-04
   172.0      0.3824E-04
   173.0      0.3865E-04
   174.0      0.4004E-04
   175.0      0.4176E-04
   176.0      0.4232E-04
   177.0      0.4077E-04
   178.0      0.3887E-04
   179.0      0.3861E-04
   180.0      0.3896E-04
 END
