# 181 angles,  1 tensor ranks for 0=projectile
@subtitle   "p+O20 2nd ex with BG ;"                                                        
@legend ON
@legend x1 0.2
@legend y1 0.8
@g0 type LOGY
@yaxis ticklabel format power
@legend string   0 "Lab energy =   35.0000"
#legend string   0 "Partition=  1 Excit=  2 near/far= 1"
#  Theta       sigma       iT11        T20         T21         T22         Kyy for projectile
   0.000      0.8514    
   1.000      0.8801    
   2.000      0.9562    
   3.000       1.055    
   4.000       1.147    
   5.000       1.212    
   6.000       1.239    
   7.000       1.231    
   8.000       1.199    
   9.000       1.154    
   10.00       1.107    
   11.00       1.062    
   12.00       1.019    
   13.00      0.9771    
   14.00      0.9361    
   15.00      0.8972    
   16.00      0.8624    
   17.00      0.8332    
   18.00      0.8100    
   19.00      0.7921    
   20.00      0.7786    
   21.00      0.7682    
   22.00      0.7599    
   23.00      0.7529    
   24.00      0.7464    
   25.00      0.7398    
   26.00      0.7322    
   27.00      0.7231    
   28.00      0.7119    
   29.00      0.6979    
   30.00      0.6807    
   31.00      0.6600    
   32.00      0.6357    
   33.00      0.6083    
   34.00      0.5781    
   35.00      0.5458    
   36.00      0.5117    
   37.00      0.4762    
   38.00      0.4398    
   39.00      0.4031    
   40.00      0.3668    
   41.00      0.3314    
   42.00      0.2978    
   43.00      0.2662    
   44.00      0.2369    
   45.00      0.2104    
   46.00      0.1868    
   47.00      0.1662    
   48.00      0.1487    
   49.00      0.1343    
   50.00      0.1228    
   51.00      0.1142    
   52.00      0.1082    
   53.00      0.1045    
   54.00      0.1030    
   55.00      0.1031    
   56.00      0.1046    
   57.00      0.1071    
   58.00      0.1103    
   59.00      0.1139    
   60.00      0.1178    
   61.00      0.1216    
   62.00      0.1251    
   63.00      0.1280    
   64.00      0.1302    
   65.00      0.1316    
   66.00      0.1321    
   67.00      0.1318    
   68.00      0.1306    
   69.00      0.1286    
   70.00      0.1256    
   71.00      0.1218    
   72.00      0.1172    
   73.00      0.1120    
   74.00      0.1064    
   75.00      0.1004    
   76.00      0.9401E-01
   77.00      0.8744E-01
   78.00      0.8074E-01
   79.00      0.7402E-01
   80.00      0.6742E-01
   81.00      0.6101E-01
   82.00      0.5485E-01
   83.00      0.4901E-01
   84.00      0.4351E-01
   85.00      0.3840E-01
   86.00      0.3372E-01
   87.00      0.2948E-01
   88.00      0.2569E-01
   89.00      0.2236E-01
   90.00      0.1945E-01
   91.00      0.1697E-01
   92.00      0.1489E-01
   93.00      0.1319E-01
   94.00      0.1183E-01
   95.00      0.1077E-01
   96.00      0.9989E-02
   97.00      0.9444E-02
   98.00      0.9108E-02
   99.00      0.8948E-02
   100.0      0.8928E-02
   101.0      0.9010E-02
   102.0      0.9163E-02
   103.0      0.9363E-02
   104.0      0.9591E-02
   105.0      0.9830E-02
   106.0      0.1006E-01
   107.0      0.1027E-01
   108.0      0.1044E-01
   109.0      0.1056E-01
   110.0      0.1062E-01
   111.0      0.1063E-01
   112.0      0.1058E-01
   113.0      0.1048E-01
   114.0      0.1031E-01
   115.0      0.1009E-01
   116.0      0.9815E-02
   117.0      0.9499E-02
   118.0      0.9145E-02
   119.0      0.8758E-02
   120.0      0.8341E-02
   121.0      0.7902E-02
   122.0      0.7446E-02
   123.0      0.6983E-02
   124.0      0.6519E-02
   125.0      0.6057E-02
   126.0      0.5602E-02
   127.0      0.5156E-02
   128.0      0.4725E-02
   129.0      0.4314E-02
   130.0      0.3927E-02
   131.0      0.3564E-02
   132.0      0.3224E-02
   133.0      0.2909E-02
   134.0      0.2619E-02
   135.0      0.2357E-02
   136.0      0.2124E-02
   137.0      0.1917E-02
   138.0      0.1735E-02
   139.0      0.1573E-02
   140.0      0.1433E-02
   141.0      0.1314E-02
   142.0      0.1218E-02
   143.0      0.1144E-02
   144.0      0.1090E-02
   145.0      0.1049E-02
   146.0      0.1019E-02
   147.0      0.1000E-02
   148.0      0.9937E-03
   149.0      0.1001E-02
   150.0      0.1021E-02
   151.0      0.1051E-02
   152.0      0.1088E-02
   153.0      0.1129E-02
   154.0      0.1175E-02
   155.0      0.1228E-02
   156.0      0.1288E-02
   157.0      0.1354E-02
   158.0      0.1426E-02
   159.0      0.1501E-02
   160.0      0.1578E-02
   161.0      0.1656E-02
   162.0      0.1736E-02
   163.0      0.1817E-02
   164.0      0.1901E-02
   165.0      0.1985E-02
   166.0      0.2069E-02
   167.0      0.2151E-02
   168.0      0.2230E-02
   169.0      0.2307E-02
   170.0      0.2380E-02
   171.0      0.2448E-02
   172.0      0.2512E-02
   173.0      0.2571E-02
   174.0      0.2623E-02
   175.0      0.2669E-02
   176.0      0.2707E-02
   177.0      0.2737E-02
   178.0      0.2757E-02
   179.0      0.2770E-02
   180.0      0.2774E-02
 END
