# 178 angles,  1 tensor ranks for 0=projectile
@subtitle   "20O + d 2+2 inelastic;"                                                        
@legend ON
@legend x1 0.2
@legend y1 0.8
@g0 type LOGY
@yaxis ticklabel format power
@legend string   0 "Lab energy =   70.0000"
#legend string   0 "Partition=  1 Excit=  1 near/far= 1"
#  Theta       sigma       iT11        T20         T21         T22         Kyy for projectile
   3.000      0.2726E+05
   4.000      0.1164E+05
   5.000       8323.    
   6.000       6839.    
   7.000       5617.    
   8.000       4446.    
   9.000       3355.    
   10.00       2398.    
   11.00       1611.    
   12.00       1005.    
   13.00       572.4    
   14.00       291.0    
   15.00       130.9    
   16.00       60.27    
   17.00       48.82    
   18.00       70.83    
   19.00       106.4    
   20.00       141.7    
   21.00       168.5    
   22.00       183.1    
   23.00       185.2    
   24.00       176.7    
   25.00       160.6    
   26.00       140.1    
   27.00       118.1    
   28.00       97.07    
   29.00       78.52    
   30.00       63.29    
   31.00       51.59    
   32.00       43.17    
   33.00       37.50    
   34.00       33.89    
   35.00       31.66    
   36.00       30.22    
   37.00       29.06    
   38.00       27.88    
   39.00       26.46    
   40.00       24.74    
   41.00       22.73    
   42.00       20.52    
   43.00       18.19    
   44.00       15.87    
   45.00       13.65    
   46.00       11.62    
   47.00       9.809    
   48.00       8.258    
   49.00       6.964    
   50.00       5.911    
   51.00       5.071    
   52.00       4.408    
   53.00       3.886    
   54.00       3.469    
   55.00       3.128    
   56.00       2.837    
   57.00       2.580    
   58.00       2.342    
   59.00       2.117    
   60.00       1.903    
   61.00       1.697    
   62.00       1.503    
   63.00       1.320    
   64.00       1.153    
   65.00       1.002    
   66.00      0.8675    
   67.00      0.7507    
   68.00      0.6508    
   69.00      0.5663    
   70.00      0.4956    
   71.00      0.4368    
   72.00      0.3880    
   73.00      0.3470    
   74.00      0.3123    
   75.00      0.2823    
   76.00      0.2558    
   77.00      0.2318    
   78.00      0.2099    
   79.00      0.1895    
   80.00      0.1704    
   81.00      0.1526    
   82.00      0.1360    
   83.00      0.1206    
   84.00      0.1066    
   85.00      0.9387E-01
   86.00      0.8252E-01
   87.00      0.7251E-01
   88.00      0.6377E-01
   89.00      0.5621E-01
   90.00      0.4973E-01
   91.00      0.4420E-01
   92.00      0.3949E-01
   93.00      0.3547E-01
   94.00      0.3201E-01
   95.00      0.2901E-01
   96.00      0.2636E-01
   97.00      0.2399E-01
   98.00      0.2183E-01
   99.00      0.1985E-01
   100.0      0.1800E-01
   101.0      0.1628E-01
   102.0      0.1466E-01
   103.0      0.1315E-01
   104.0      0.1173E-01
   105.0      0.1043E-01
   106.0      0.9232E-02
   107.0      0.8143E-02
   108.0      0.7165E-02
   109.0      0.6294E-02
   110.0      0.5527E-02
   111.0      0.4858E-02
   112.0      0.4280E-02
   113.0      0.3783E-02
   114.0      0.3360E-02
   115.0      0.3000E-02
   116.0      0.2694E-02
   117.0      0.2433E-02
   118.0      0.2208E-02
   119.0      0.2013E-02
   120.0      0.1841E-02
   121.0      0.1687E-02
   122.0      0.1546E-02
   123.0      0.1417E-02
   124.0      0.1296E-02
   125.0      0.1183E-02
   126.0      0.1076E-02
   127.0      0.9746E-03
   128.0      0.8792E-03
   129.0      0.7897E-03
   130.0      0.7062E-03
   131.0      0.6289E-03
   132.0      0.5581E-03
   133.0      0.4937E-03
   134.0      0.4358E-03
   135.0      0.3841E-03
   136.0      0.3384E-03
   137.0      0.2984E-03
   138.0      0.2636E-03
   139.0      0.2336E-03
   140.0      0.2078E-03
   141.0      0.1858E-03
   142.0      0.1671E-03
   143.0      0.1511E-03
   144.0      0.1376E-03
   145.0      0.1259E-03
   146.0      0.1160E-03
   147.0      0.1074E-03
   148.0      0.9983E-04
   149.0      0.9318E-04
   150.0      0.8722E-04
   151.0      0.8180E-04
   152.0      0.7680E-04
   153.0      0.7211E-04
   154.0      0.6763E-04
   155.0      0.6328E-04
   156.0      0.5902E-04
   157.0      0.5481E-04
   158.0      0.5063E-04
   159.0      0.4648E-04
   160.0      0.4240E-04
   161.0      0.3844E-04
   162.0      0.3466E-04
   163.0      0.3115E-04
   164.0      0.2799E-04
   165.0      0.2526E-04
   166.0      0.2306E-04
   167.0      0.2144E-04
   168.0      0.2045E-04
   169.0      0.2010E-04
   170.0      0.2037E-04
   171.0      0.2120E-04
   172.0      0.2251E-04
   173.0      0.2418E-04
   174.0      0.2606E-04
   175.0      0.2801E-04
   176.0      0.2987E-04
   177.0      0.3150E-04
   178.0      0.3275E-04
   179.0      0.3355E-04
   180.0      0.3382E-04
 END
