# 178 angles,  1 tensor ranks for 0=projectile
@subtitle   "20O + d 2+2 inelastic;"                                                        
@legend ON
@legend x1 0.2
@legend y1 0.8
@g0 type LOGY
@yaxis ticklabel format power
@legend string   0 "Lab energy =   70.0000"
#legend string   0 "Partition=  1 Excit=  2 near/far= 1"
#  Theta       sigma       iT11        T20         T21         T22         Kyy for projectile
   3.000       7.954    
   4.000       7.232    
   5.000       6.678    
   6.000       6.610    
   7.000       7.252    
   8.000       8.609    
   9.000       10.46    
   10.00       12.47    
   11.00       14.29    
   12.00       15.69    
   13.00       16.52    
   14.00       16.67    
   15.00       16.13    
   16.00       14.93    
   17.00       13.22    
   18.00       11.21    
   19.00       9.157    
   20.00       7.277    
   21.00       5.718    
   22.00       4.557    
   23.00       3.807    
   24.00       3.435    
   25.00       3.373    
   26.00       3.526    
   27.00       3.792    
   28.00       4.074    
   29.00       4.298    
   30.00       4.419    
   31.00       4.418    
   32.00       4.295    
   33.00       4.065    
   34.00       3.755    
   35.00       3.398    
   36.00       3.029    
   37.00       2.677    
   38.00       2.364    
   39.00       2.098    
   40.00       1.885    
   41.00       1.723    
   42.00       1.605    
   43.00       1.522    
   44.00       1.461    
   45.00       1.409    
   46.00       1.355    
   47.00       1.295    
   48.00       1.224    
   49.00       1.143    
   50.00       1.054    
   51.00      0.9567    
   52.00      0.8562    
   53.00      0.7559    
   54.00      0.6598    
   55.00      0.5708    
   56.00      0.4910    
   57.00      0.4213    
   58.00      0.3620    
   59.00      0.3131    
   60.00      0.2737    
   61.00      0.2424    
   62.00      0.2176    
   63.00      0.1975    
   64.00      0.1807    
   65.00      0.1662    
   66.00      0.1531    
   67.00      0.1407    
   68.00      0.1285    
   69.00      0.1165    
   70.00      0.1048    
   71.00      0.9346E-01
   72.00      0.8273E-01
   73.00      0.7265E-01
   74.00      0.6329E-01
   75.00      0.5480E-01
   76.00      0.4736E-01
   77.00      0.4102E-01
   78.00      0.3572E-01
   79.00      0.3129E-01
   80.00      0.2758E-01
   81.00      0.2452E-01
   82.00      0.2203E-01
   83.00      0.2002E-01
   84.00      0.1833E-01
   85.00      0.1680E-01
   86.00      0.1536E-01
   87.00      0.1398E-01
   88.00      0.1271E-01
   89.00      0.1155E-01
   90.00      0.1045E-01
   91.00      0.9399E-02
   92.00      0.8375E-02
   93.00      0.7415E-02
   94.00      0.6557E-02
   95.00      0.5812E-02
   96.00      0.5164E-02
   97.00      0.4591E-02
   98.00      0.4089E-02
   99.00      0.3668E-02
   100.0      0.3334E-02
   101.0      0.3073E-02
   102.0      0.2857E-02
   103.0      0.2661E-02
   104.0      0.2482E-02
   105.0      0.2324E-02
   106.0      0.2187E-02
   107.0      0.2060E-02
   108.0      0.1930E-02
   109.0      0.1793E-02
   110.0      0.1654E-02
   111.0      0.1522E-02
   112.0      0.1398E-02
   113.0      0.1275E-02
   114.0      0.1150E-02
   115.0      0.1028E-02
   116.0      0.9180E-03
   117.0      0.8260E-03
   118.0      0.7473E-03
   119.0      0.6716E-03
   120.0      0.5941E-03
   121.0      0.5216E-03
   122.0      0.4657E-03
   123.0      0.4302E-03
   124.0      0.4078E-03
   125.0      0.3865E-03
   126.0      0.3591E-03
   127.0      0.3279E-03
   128.0      0.3016E-03
   129.0      0.2853E-03
   130.0      0.2749E-03
   131.0      0.2632E-03
   132.0      0.2476E-03
   133.0      0.2316E-03
   134.0      0.2195E-03
   135.0      0.2120E-03
   136.0      0.2044E-03
   137.0      0.1904E-03
   138.0      0.1696E-03
   139.0      0.1489E-03
   140.0      0.1356E-03
   141.0      0.1306E-03
   142.0      0.1286E-03
   143.0      0.1238E-03
   144.0      0.1132E-03
   145.0      0.9918E-04
   146.0      0.8744E-04
   147.0      0.8068E-04
   148.0      0.7643E-04
   149.0      0.7177E-04
   150.0      0.6684E-04
   151.0      0.6300E-04
   152.0      0.6096E-04
   153.0      0.6046E-04
   154.0      0.5928E-04
   155.0      0.5461E-04
   156.0      0.4735E-04
   157.0      0.4188E-04
   158.0      0.4056E-04
   159.0      0.4168E-04
   160.0      0.4284E-04
   161.0      0.4248E-04
   162.0      0.3954E-04
   163.0      0.3519E-04
   164.0      0.3248E-04
   165.0      0.3187E-04
   166.0      0.3083E-04
   167.0      0.2871E-04
   168.0      0.2742E-04
   169.0      0.2743E-04
   170.0      0.2780E-04
   171.0      0.2862E-04
   172.0      0.2961E-04
   173.0      0.2943E-04
   174.0      0.2889E-04
   175.0      0.3046E-04
   176.0      0.3374E-04
   177.0      0.3666E-04
   178.0      0.4003E-04
   179.0      0.4471E-04
   180.0      0.4723E-04
 END
