# Fusion cross sections for ELAB=  70.000, ECM=  63.597
     0.0   1.756       1.782      0.2559E-01
     1.0   15.80       16.03      0.2231    
     2.0   26.39       26.72      0.3335    
     3.0   37.06       37.45      0.3957    
     4.0   47.84       48.26      0.4169    
     5.0   58.77       59.19      0.4189    
     6.0   69.85       70.28      0.4286    
     7.0   80.97       81.49      0.5118    
     8.0   91.42       92.13      0.7072    
     9.0   99.34       100.3      0.9859    
    10.0   101.9       103.2       1.265    
    11.0   95.96       97.39       1.435    
    12.0   79.93       81.25       1.320    
    13.0   58.63       59.60      0.9727    
    14.0   39.27       39.85      0.5824    
    15.0   24.98       25.26      0.2846    
    16.0   15.45       15.57      0.1190    
    17.0   9.422       9.467      0.4469E-01
    18.0   5.699       5.714      0.1534E-01
    19.0   3.430       3.435      0.4760E-02
    20.0   2.058       2.059      0.1311E-02
    21.0   1.231       1.231      0.3680E-03
    22.0  0.7344      0.7347      0.2184E-03
    23.0  0.4372      0.4375      0.2707E-03
    24.0  0.2597      0.2600      0.3409E-03
    25.0  0.1539      0.1543      0.3845E-03
    26.0  0.9106E-01  0.9146E-01  0.3997E-03
    27.0  0.5376E-01  0.5416E-01  0.3946E-03
    28.0  0.3168E-01  0.3206E-01  0.3774E-03
    29.0  0.1864E-01  0.1899E-01  0.3540E-03
    30.0  0.1095E-01  0.1128E-01  0.3282E-03
    31.0  0.6421E-02  0.6723E-02  0.3022E-03
    32.0  0.3760E-02  0.4037E-02  0.2771E-03
    33.0  0.2199E-02  0.2453E-02  0.2537E-03
    34.0  0.1284E-02  0.1516E-02  0.2321E-03
    35.0  0.7491E-03  0.9615E-03  0.2124E-03
    36.0  0.4365E-03  0.6309E-03  0.1944E-03
    37.0  0.2541E-03  0.4321E-03  0.1781E-03
    38.0  0.1477E-03  0.3111E-03  0.1633E-03
    39.0  0.8580E-04  0.2357E-03  0.1499E-03
    40.0  0.4979E-04  0.1876E-03  0.1378E-03
    41.0  0.2887E-04  0.1556E-03  0.1267E-03
    42.0  0.1672E-04  0.1334E-03  0.1167E-03
    43.0  0.9682E-05  0.1173E-03  0.1076E-03
    44.0  0.5601E-05  0.1048E-03  0.9922E-04
    45.0  0.3238E-05  0.9487E-04  0.9163E-04
    46.0  0.1871E-05  0.8654E-04  0.8467E-04
    47.0  0.1081E-05  0.7938E-04  0.7830E-04
    48.0  0.6246E-06  0.7311E-04  0.7249E-04
    49.0  0.3611E-06  0.6749E-04  0.6712E-04
    50.0  0.2091E-06  0.6244E-04  0.6223E-04
 &
