# 178 angles,  1 tensor ranks for 0=projectile
@subtitle   "p+O20 with CH89;"                                                              
@legend ON
@legend x1 0.2
@legend y1 0.8
@g0 type LOGY
@yaxis ticklabel format power
@legend string   0 "Lab energy =   35.0000"
#legend string   0 "Partition=  1 Excit=  1 near/far= 1"
#  Theta       sigma       iT11        T20         T21         T22         Kyy for projectile
   3.000      0.1306E+06
   4.000      0.3748E+05
   5.000      0.1442E+05
   6.000       7042.    
   7.000       4260.    
   8.000       3070.    
   9.000       2495.    
   10.00       2175.    
   11.00       1966.    
   12.00       1805.    
   13.00       1665.    
   14.00       1534.    
   15.00       1408.    
   16.00       1285.    
   17.00       1165.    
   18.00       1049.    
   19.00       937.0    
   20.00       830.6    
   21.00       730.2    
   22.00       636.7    
   23.00       550.4    
   24.00       471.6    
   25.00       400.4    
   26.00       336.8    
   27.00       280.6    
   28.00       231.6    
   29.00       189.3    
   30.00       153.3    
   31.00       123.2    
   32.00       98.33    
   33.00       78.24    
   34.00       62.35    
   35.00       50.10    
   36.00       40.98    
   37.00       34.48    
   38.00       30.13    
   39.00       27.52    
   40.00       26.26    
   41.00       26.00    
   42.00       26.45    
   43.00       27.35    
   44.00       28.49    
   45.00       29.71    
   46.00       30.86    
   47.00       31.84    
   48.00       32.58    
   49.00       33.04    
   50.00       33.18    
   51.00       33.01    
   52.00       32.52    
   53.00       31.75    
   54.00       30.71    
   55.00       29.45    
   56.00       28.00    
   57.00       26.40    
   58.00       24.69    
   59.00       22.91    
   60.00       21.10    
   61.00       19.29    
   62.00       17.51    
   63.00       15.78    
   64.00       14.13    
   65.00       12.57    
   66.00       11.12    
   67.00       9.782    
   68.00       8.564    
   69.00       7.468    
   70.00       6.494    
   71.00       5.638    
   72.00       4.897    
   73.00       4.262    
   74.00       3.726    
   75.00       3.282    
   76.00       2.919    
   77.00       2.628    
   78.00       2.401    
   79.00       2.228    
   80.00       2.100    
   81.00       2.009    
   82.00       1.948    
   83.00       1.910    
   84.00       1.888    
   85.00       1.878    
   86.00       1.874    
   87.00       1.873    
   88.00       1.871    
   89.00       1.866    
   90.00       1.857    
   91.00       1.841    
   92.00       1.817    
   93.00       1.786    
   94.00       1.748    
   95.00       1.702    
   96.00       1.648    
   97.00       1.589    
   98.00       1.524    
   99.00       1.454    
   100.0       1.380    
   101.0       1.303    
   102.0       1.225    
   103.0       1.146    
   104.0       1.067    
   105.0      0.9883    
   106.0      0.9118    
   107.0      0.8376    
   108.0      0.7664    
   109.0      0.6986    
   110.0      0.6347    
   111.0      0.5751    
   112.0      0.5198    
   113.0      0.4691    
   114.0      0.4230    
   115.0      0.3816    
   116.0      0.3447    
   117.0      0.3123    
   118.0      0.2842    
   119.0      0.2601    
   120.0      0.2398    
   121.0      0.2230    
   122.0      0.2095    
   123.0      0.1989    
   124.0      0.1909    
   125.0      0.1851    
   126.0      0.1812    
   127.0      0.1790    
   128.0      0.1781    
   129.0      0.1782    
   130.0      0.1790    
   131.0      0.1804    
   132.0      0.1819    
   133.0      0.1836    
   134.0      0.1851    
   135.0      0.1863    
   136.0      0.1871    
   137.0      0.1874    
   138.0      0.1872    
   139.0      0.1864    
   140.0      0.1849    
   141.0      0.1828    
   142.0      0.1802    
   143.0      0.1770    
   144.0      0.1734    
   145.0      0.1694    
   146.0      0.1651    
   147.0      0.1607    
   148.0      0.1562    
   149.0      0.1517    
   150.0      0.1475    
   151.0      0.1436    
   152.0      0.1401    
   153.0      0.1370    
   154.0      0.1346    
   155.0      0.1329    
   156.0      0.1319    
   157.0      0.1318    
   158.0      0.1324    
   159.0      0.1339    
   160.0      0.1363    
   161.0      0.1394    
   162.0      0.1433    
   163.0      0.1480    
   164.0      0.1533    
   165.0      0.1591    
   166.0      0.1654    
   167.0      0.1720    
   168.0      0.1788    
   169.0      0.1858    
   170.0      0.1926    
   171.0      0.1993    
   172.0      0.2058    
   173.0      0.2117    
   174.0      0.2172    
   175.0      0.2220    
   176.0      0.2261    
   177.0      0.2293    
   178.0      0.2317    
   179.0      0.2331    
   180.0      0.2336    
 END
