# 178 angles,  1 tensor ranks for 0=projectile
@subtitle   "p+O20 with CH89;"                                                              
@legend ON
@legend x1 0.2
@legend y1 0.8
@g0 type LOGY
@yaxis ticklabel format power
@legend string   0 "Lab energy =   35.0000"
#legend string   0 "Partition=  1 Excit=  1 near/far= 1"
#  Theta       sigma       iT11        T20         T21         T22         Kyy for projectile
   3.000      0.1319E+06
   4.000      0.3815E+05
   5.000      0.1478E+05
   6.000       7229.    
   7.000       4346.    
   8.000       3091.    
   9.000       2474.    
   10.00       2125.    
   11.00       1897.    
   12.00       1723.    
   13.00       1575.    
   14.00       1439.    
   15.00       1311.    
   16.00       1188.    
   17.00       1069.    
   18.00       955.2    
   19.00       846.7    
   20.00       744.2    
   21.00       648.3    
   22.00       559.5    
   23.00       478.2    
   24.00       404.4    
   25.00       338.1    
   26.00       279.4    
   27.00       227.8    
   28.00       183.2    
   29.00       145.1    
   30.00       112.9    
   31.00       86.27    
   32.00       64.57    
   33.00       47.28    
   34.00       33.85    
   35.00       23.74    
   36.00       16.45    
   37.00       11.50    
   38.00       8.443    
   39.00       6.894    
   40.00       6.492    
   41.00       6.927    
   42.00       7.933    
   43.00       9.286    
   44.00       10.80    
   45.00       12.33    
   46.00       13.76    
   47.00       15.02    
   48.00       16.03    
   49.00       16.78    
   50.00       17.24    
   51.00       17.43    
   52.00       17.34    
   53.00       17.00    
   54.00       16.45    
   55.00       15.71    
   56.00       14.83    
   57.00       13.83    
   58.00       12.74    
   59.00       11.61    
   60.00       10.46    
   61.00       9.324    
   62.00       8.213    
   63.00       7.151    
   64.00       6.152    
   65.00       5.228    
   66.00       4.387    
   67.00       3.632    
   68.00       2.967    
   69.00       2.389    
   70.00       1.897    
   71.00       1.486    
   72.00       1.151    
   73.00      0.8858    
   74.00      0.6822    
   75.00      0.5334    
   76.00      0.4318    
   77.00      0.3701    
   78.00      0.3411    
   79.00      0.3383    
   80.00      0.3554    
   81.00      0.3869    
   82.00      0.4278    
   83.00      0.4739    
   84.00      0.5217    
   85.00      0.5680    
   86.00      0.6106    
   87.00      0.6476    
   88.00      0.6777    
   89.00      0.7002    
   90.00      0.7145    
   91.00      0.7207    
   92.00      0.7188    
   93.00      0.7094    
   94.00      0.6929    
   95.00      0.6703    
   96.00      0.6423    
   97.00      0.6098    
   98.00      0.5738    
   99.00      0.5350    
   100.0      0.4944    
   101.0      0.4529    
   102.0      0.4110    
   103.0      0.3697    
   104.0      0.3293    
   105.0      0.2905    
   106.0      0.2537    
   107.0      0.2191    
   108.0      0.1872    
   109.0      0.1580    
   110.0      0.1317    
   111.0      0.1083    
   112.0      0.8780E-01
   113.0      0.7017E-01
   114.0      0.5530E-01
   115.0      0.4305E-01
   116.0      0.3326E-01
   117.0      0.2574E-01
   118.0      0.2029E-01
   119.0      0.1671E-01
   120.0      0.1477E-01
   121.0      0.1426E-01
   122.0      0.1498E-01
   123.0      0.1670E-01
   124.0      0.1924E-01
   125.0      0.2241E-01
   126.0      0.2604E-01
   127.0      0.2996E-01
   128.0      0.3404E-01
   129.0      0.3815E-01
   130.0      0.4217E-01
   131.0      0.4600E-01
   132.0      0.4958E-01
   133.0      0.5282E-01
   134.0      0.5567E-01
   135.0      0.5810E-01
   136.0      0.6009E-01
   137.0      0.6160E-01
   138.0      0.6264E-01
   139.0      0.6321E-01
   140.0      0.6333E-01
   141.0      0.6300E-01
   142.0      0.6227E-01
   143.0      0.6114E-01
   144.0      0.5967E-01
   145.0      0.5789E-01
   146.0      0.5584E-01
   147.0      0.5356E-01
   148.0      0.5109E-01
   149.0      0.4847E-01
   150.0      0.4575E-01
   151.0      0.4297E-01
   152.0      0.4015E-01
   153.0      0.3735E-01
   154.0      0.3459E-01
   155.0      0.3190E-01
   156.0      0.2931E-01
   157.0      0.2684E-01
   158.0      0.2451E-01
   159.0      0.2233E-01
   160.0      0.2032E-01
   161.0      0.1849E-01
   162.0      0.1683E-01
   163.0      0.1536E-01
   164.0      0.1406E-01
   165.0      0.1293E-01
   166.0      0.1197E-01
   167.0      0.1116E-01
   168.0      0.1049E-01
   169.0      0.9946E-02
   170.0      0.9520E-02
   171.0      0.9193E-02
   172.0      0.8950E-02
   173.0      0.8776E-02
   174.0      0.8658E-02
   175.0      0.8583E-02
   176.0      0.8538E-02
   177.0      0.8513E-02
   178.0      0.8502E-02
   179.0      0.8498E-02
   180.0      0.8496E-02
 END
