# 178 angles,  1 tensor ranks for 0=projectile
@subtitle   "p+O20 1st with BG ;"                                                           
@legend ON
@legend x1 0.2
@legend y1 0.8
@g0 type LOGY
@yaxis ticklabel format power
@legend string   0 "Lab energy =   43.0000"
#legend string   0 "Partition=  1 Excit=  2 near/far= 1"
#  Theta       sigma       iT11        T20         T21         T22         Kyy for projectile
   3.000       26.84    
   4.000       26.42    
   5.000       25.76    
   6.000       24.87    
   7.000       23.84    
   8.000       22.78    
   9.000       21.76    
   10.00       20.83    
   11.00       20.04    
   12.00       19.39    
   13.00       18.91    
   14.00       18.62    
   15.00       18.50    
   16.00       18.54    
   17.00       18.72    
   18.00       18.99    
   19.00       19.34    
   20.00       19.74    
   21.00       20.15    
   22.00       20.54    
   23.00       20.85    
   24.00       21.05    
   25.00       21.11    
   26.00       21.03    
   27.00       20.80    
   28.00       20.42    
   29.00       19.88    
   30.00       19.20    
   31.00       18.37    
   32.00       17.42    
   33.00       16.38    
   34.00       15.27    
   35.00       14.12    
   36.00       12.96    
   37.00       11.80    
   38.00       10.66    
   39.00       9.573    
   40.00       8.549    
   41.00       7.605    
   42.00       6.753    
   43.00       5.995    
   44.00       5.336    
   45.00       4.773    
   46.00       4.307    
   47.00       3.931    
   48.00       3.638    
   49.00       3.418    
   50.00       3.262    
   51.00       3.158    
   52.00       3.097    
   53.00       3.070    
   54.00       3.067    
   55.00       3.076    
   56.00       3.090    
   57.00       3.102    
   58.00       3.105    
   59.00       3.098    
   60.00       3.076    
   61.00       3.038    
   62.00       2.981    
   63.00       2.905    
   64.00       2.810    
   65.00       2.698    
   66.00       2.572    
   67.00       2.435    
   68.00       2.289    
   69.00       2.136    
   70.00       1.978    
   71.00       1.817    
   72.00       1.658    
   73.00       1.503    
   74.00       1.353    
   75.00       1.211    
   76.00       1.076    
   77.00      0.9514    
   78.00      0.8366    
   79.00      0.7327    
   80.00      0.6399    
   81.00      0.5582    
   82.00      0.4870    
   83.00      0.4259    
   84.00      0.3743    
   85.00      0.3314    
   86.00      0.2966    
   87.00      0.2688    
   88.00      0.2473    
   89.00      0.2309    
   90.00      0.2189    
   91.00      0.2105    
   92.00      0.2050    
   93.00      0.2015    
   94.00      0.1996    
   95.00      0.1984    
   96.00      0.1977    
   97.00      0.1970    
   98.00      0.1960    
   99.00      0.1946    
   100.0      0.1926    
   101.0      0.1896    
   102.0      0.1858    
   103.0      0.1811    
   104.0      0.1755    
   105.0      0.1693    
   106.0      0.1623    
   107.0      0.1547    
   108.0      0.1466    
   109.0      0.1381    
   110.0      0.1293    
   111.0      0.1205    
   112.0      0.1116    
   113.0      0.1028    
   114.0      0.9423E-01
   115.0      0.8589E-01
   116.0      0.7791E-01
   117.0      0.7034E-01
   118.0      0.6323E-01
   119.0      0.5659E-01
   120.0      0.5046E-01
   121.0      0.4486E-01
   122.0      0.3982E-01
   123.0      0.3532E-01
   124.0      0.3134E-01
   125.0      0.2785E-01
   126.0      0.2480E-01
   127.0      0.2219E-01
   128.0      0.2000E-01
   129.0      0.1822E-01
   130.0      0.1681E-01
   131.0      0.1570E-01
   132.0      0.1483E-01
   133.0      0.1418E-01
   134.0      0.1371E-01
   135.0      0.1343E-01
   136.0      0.1332E-01
   137.0      0.1332E-01
   138.0      0.1340E-01
   139.0      0.1351E-01
   140.0      0.1364E-01
   141.0      0.1378E-01
   142.0      0.1393E-01
   143.0      0.1407E-01
   144.0      0.1420E-01
   145.0      0.1428E-01
   146.0      0.1430E-01
   147.0      0.1426E-01
   148.0      0.1416E-01
   149.0      0.1402E-01
   150.0      0.1383E-01
   151.0      0.1358E-01
   152.0      0.1328E-01
   153.0      0.1293E-01
   154.0      0.1254E-01
   155.0      0.1212E-01
   156.0      0.1167E-01
   157.0      0.1119E-01
   158.0      0.1069E-01
   159.0      0.1018E-01
   160.0      0.9667E-02
   161.0      0.9169E-02
   162.0      0.8684E-02
   163.0      0.8208E-02
   164.0      0.7741E-02
   165.0      0.7285E-02
   166.0      0.6855E-02
   167.0      0.6460E-02
   168.0      0.6106E-02
   169.0      0.5788E-02
   170.0      0.5498E-02
   171.0      0.5231E-02
   172.0      0.4985E-02
   173.0      0.4770E-02
   174.0      0.4591E-02
   175.0      0.4449E-02
   176.0      0.4340E-02
   177.0      0.4258E-02
   178.0      0.4199E-02
   179.0      0.4160E-02
   180.0      0.4147E-02
 END
