# 178 angles,  1 tensor ranks for 0=projectile
@subtitle   "p+O20 with CH89;"                                                              
@legend ON
@legend x1 0.2
@legend y1 0.8
@g0 type LOGY
@yaxis ticklabel format power
@legend string   0 "Lab energy =   35.0000"
#legend string   0 "Partition=  1 Excit=  1 near/far= 1"
#  Theta       sigma       iT11        T20         T21         T22         Kyy for projectile
   3.000      0.1326E+06
   4.000      0.3867E+05
   5.000      0.1516E+05
   6.000       7527.    
   7.000       4581.    
   8.000       3279.    
   9.000       2624.    
   10.00       2246.    
   11.00       1992.    
   12.00       1796.    
   13.00       1629.    
   14.00       1477.    
   15.00       1335.    
   16.00       1199.    
   17.00       1070.    
   18.00       947.3    
   19.00       831.5    
   20.00       723.3    
   21.00       623.1    
   22.00       531.2    
   23.00       448.0    
   24.00       373.4    
   25.00       307.4    
   26.00       249.6    
   27.00       199.8    
   28.00       157.4    
   29.00       122.0    
   30.00       93.00    
   31.00       69.68    
   32.00       51.45    
   33.00       37.65    
   34.00       27.65    
   35.00       20.85    
   36.00       16.68    
   37.00       14.61    
   38.00       14.16    
   39.00       14.91    
   40.00       16.48    
   41.00       18.57    
   42.00       20.89    
   43.00       23.24    
   44.00       25.45    
   45.00       27.39    
   46.00       28.97    
   47.00       30.14    
   48.00       30.88    
   49.00       31.17    
   50.00       31.03    
   51.00       30.50    
   52.00       29.61    
   53.00       28.42    
   54.00       26.97    
   55.00       25.32    
   56.00       23.53    
   57.00       21.65    
   58.00       19.72    
   59.00       17.79    
   60.00       15.89    
   61.00       14.07    
   62.00       12.33    
   63.00       10.71    
   64.00       9.221    
   65.00       7.868    
   66.00       6.660    
   67.00       5.596    
   68.00       4.674    
   69.00       3.889    
   70.00       3.233    
   71.00       2.697    
   72.00       2.268    
   73.00       1.937    
   74.00       1.690    
   75.00       1.516    
   76.00       1.403    
   77.00       1.340    
   78.00       1.316    
   79.00       1.321    
   80.00       1.347    
   81.00       1.387    
   82.00       1.433    
   83.00       1.481    
   84.00       1.526    
   85.00       1.564    
   86.00       1.593    
   87.00       1.611    
   88.00       1.617    
   89.00       1.610    
   90.00       1.591    
   91.00       1.559    
   92.00       1.517    
   93.00       1.464    
   94.00       1.403    
   95.00       1.334    
   96.00       1.260    
   97.00       1.181    
   98.00       1.099    
   99.00       1.016    
   100.0      0.9322    
   101.0      0.8496    
   102.0      0.7691    
   103.0      0.6915    
   104.0      0.6175    
   105.0      0.5479    
   106.0      0.4831    
   107.0      0.4235    
   108.0      0.3691    
   109.0      0.3203    
   110.0      0.2770    
   111.0      0.2390    
   112.0      0.2063    
   113.0      0.1786    
   114.0      0.1556    
   115.0      0.1370    
   116.0      0.1225    
   117.0      0.1116    
   118.0      0.1040    
   119.0      0.9934E-01
   120.0      0.9716E-01
   121.0      0.9710E-01
   122.0      0.9880E-01
   123.0      0.1019    
   124.0      0.1060    
   125.0      0.1110    
   126.0      0.1163    
   127.0      0.1219    
   128.0      0.1275    
   129.0      0.1328    
   130.0      0.1377    
   131.0      0.1421    
   132.0      0.1458    
   133.0      0.1487    
   134.0      0.1507    
   135.0      0.1519    
   136.0      0.1521    
   137.0      0.1514    
   138.0      0.1497    
   139.0      0.1472    
   140.0      0.1438    
   141.0      0.1396    
   142.0      0.1347    
   143.0      0.1292    
   144.0      0.1231    
   145.0      0.1167    
   146.0      0.1099    
   147.0      0.1029    
   148.0      0.9583E-01
   149.0      0.8876E-01
   150.0      0.8183E-01
   151.0      0.7513E-01
   152.0      0.6876E-01
   153.0      0.6282E-01
   154.0      0.5737E-01
   155.0      0.5250E-01
   156.0      0.4826E-01
   157.0      0.4470E-01
   158.0      0.4184E-01
   159.0      0.3971E-01
   160.0      0.3831E-01
   161.0      0.3763E-01
   162.0      0.3764E-01
   163.0      0.3830E-01
   164.0      0.3957E-01
   165.0      0.4138E-01
   166.0      0.4367E-01
   167.0      0.4635E-01
   168.0      0.4934E-01
   169.0      0.5255E-01
   170.0      0.5589E-01
   171.0      0.5925E-01
   172.0      0.6256E-01
   173.0      0.6571E-01
   174.0      0.6863E-01
   175.0      0.7125E-01
   176.0      0.7348E-01
   177.0      0.7529E-01
   178.0      0.7661E-01
   179.0      0.7741E-01
   180.0      0.7768E-01
 END
