# 178 angles,  1 tensor ranks for 0=projectile
@subtitle   "20O + d 3-?;"                                                                  
@legend ON
@legend x1 0.2
@legend y1 0.8
@g0 type LOGY
@yaxis ticklabel format power
@legend string   0 "Lab energy =   70.0000"
#legend string   0 "Partition=  1 Excit=  2 near/far= 1"
#  Theta       sigma       iT11        T20         T21         T22         Kyy for projectile
   3.000       3.872    
   4.000       4.649    
   5.000       5.468    
   6.000       6.239    
   7.000       6.904    
   8.000       7.450    
   9.000       7.908    
   10.00       8.337    
   11.00       8.796    
   12.00       9.325    
   13.00       9.930    
   14.00       10.58    
   15.00       11.21    
   16.00       11.75    
   17.00       12.11    
   18.00       12.21    
   19.00       12.01    
   20.00       11.52    
   21.00       10.75    
   22.00       9.770    
   23.00       8.668    
   24.00       7.528    
   25.00       6.437    
   26.00       5.465    
   27.00       4.665    
   28.00       4.062    
   29.00       3.660    
   30.00       3.440    
   31.00       3.366    
   32.00       3.395    
   33.00       3.480    
   34.00       3.577    
   35.00       3.651    
   36.00       3.676    
   37.00       3.637    
   38.00       3.532    
   39.00       3.365    
   40.00       3.148    
   41.00       2.897    
   42.00       2.628    
   43.00       2.359    
   44.00       2.102    
   45.00       1.868    
   46.00       1.664    
   47.00       1.490    
   48.00       1.347    
   49.00       1.230    
   50.00       1.136    
   51.00       1.059    
   52.00      0.9926    
   53.00      0.9324    
   54.00      0.8744    
   55.00      0.8158    
   56.00      0.7552    
   57.00      0.6924    
   58.00      0.6278    
   59.00      0.5626    
   60.00      0.4982    
   61.00      0.4362    
   62.00      0.3781    
   63.00      0.3250    
   64.00      0.2776    
   65.00      0.2365    
   66.00      0.2016    
   67.00      0.1726    
   68.00      0.1490    
   69.00      0.1300    
   70.00      0.1150    
   71.00      0.1029    
   72.00      0.9316E-01
   73.00      0.8503E-01
   74.00      0.7801E-01
   75.00      0.7167E-01
   76.00      0.6573E-01
   77.00      0.6000E-01
   78.00      0.5442E-01
   79.00      0.4899E-01
   80.00      0.4376E-01
   81.00      0.3878E-01
   82.00      0.3412E-01
   83.00      0.2983E-01
   84.00      0.2596E-01
   85.00      0.2255E-01
   86.00      0.1960E-01
   87.00      0.1710E-01
   88.00      0.1500E-01
   89.00      0.1326E-01
   90.00      0.1182E-01
   91.00      0.1063E-01
   92.00      0.9636E-02
   93.00      0.8794E-02
   94.00      0.8057E-02
   95.00      0.7392E-02
   96.00      0.6777E-02
   97.00      0.6200E-02
   98.00      0.5652E-02
   99.00      0.5126E-02
   100.0      0.4621E-02
   101.0      0.4140E-02
   102.0      0.3690E-02
   103.0      0.3278E-02
   104.0      0.2908E-02
   105.0      0.2581E-02
   106.0      0.2296E-02
   107.0      0.2054E-02
   108.0      0.1851E-02
   109.0      0.1686E-02
   110.0      0.1553E-02
   111.0      0.1444E-02
   112.0      0.1356E-02
   113.0      0.1282E-02
   114.0      0.1220E-02
   115.0      0.1166E-02
   116.0      0.1115E-02
   117.0      0.1064E-02
   118.0      0.1010E-02
   119.0      0.9536E-03
   120.0      0.8939E-03
   121.0      0.8317E-03
   122.0      0.7675E-03
   123.0      0.7019E-03
   124.0      0.6365E-03
   125.0      0.5728E-03
   126.0      0.5123E-03
   127.0      0.4555E-03
   128.0      0.4025E-03
   129.0      0.3536E-03
   130.0      0.3094E-03
   131.0      0.2708E-03
   132.0      0.2382E-03
   133.0      0.2115E-03
   134.0      0.1899E-03
   135.0      0.1728E-03
   136.0      0.1597E-03
   137.0      0.1500E-03
   138.0      0.1430E-03
   139.0      0.1377E-03
   140.0      0.1333E-03
   141.0      0.1296E-03
   142.0      0.1268E-03
   143.0      0.1249E-03
   144.0      0.1238E-03
   145.0      0.1225E-03
   146.0      0.1202E-03
   147.0      0.1165E-03
   148.0      0.1118E-03
   149.0      0.1066E-03
   150.0      0.1014E-03
   151.0      0.9641E-04
   152.0      0.9138E-04
   153.0      0.8616E-04
   154.0      0.8077E-04
   155.0      0.7538E-04
   156.0      0.7016E-04
   157.0      0.6513E-04
   158.0      0.6034E-04
   159.0      0.5590E-04
   160.0      0.5203E-04
   161.0      0.4888E-04
   162.0      0.4647E-04
   163.0      0.4467E-04
   164.0      0.4324E-04
   165.0      0.4205E-04
   166.0      0.4116E-04
   167.0      0.4067E-04
   168.0      0.4063E-04
   169.0      0.4099E-04
   170.0      0.4168E-04
   171.0      0.4266E-04
   172.0      0.4392E-04
   173.0      0.4544E-04
   174.0      0.4706E-04
   175.0      0.4847E-04
   176.0      0.4941E-04
   177.0      0.4976E-04
   178.0      0.4965E-04
   179.0      0.4937E-04
   180.0      0.4923E-04
 END
