# Fusion cross sections for ELAB=  70.000, ECM=  63.597
     0.0   1.720       1.754      0.3412E-01
     1.0   15.48       15.78      0.3025    
     2.0   25.92       26.37      0.4534    
     3.0   36.51       37.04      0.5383    
     4.0   47.28       47.85      0.5707    
     5.0   58.25       58.82      0.5754    
     6.0   69.32       69.91      0.5906    
     7.0   80.34       81.05      0.7076    
     8.0   90.66       91.63      0.9678    
     9.0   98.48       99.80       1.323    
    10.0   101.0       102.7       1.669    
    11.0   95.15       97.01       1.857    
    12.0   79.27       80.93       1.660    
    13.0   58.10       59.28       1.181    
    14.0   38.86       39.56      0.6995    
    15.0   24.71       25.06      0.3502    
    16.0   15.31       15.47      0.1534    
    17.0   9.359       9.420      0.6127E-01
    18.0   5.673       5.696      0.2289E-01
    19.0   3.420       3.428      0.8012E-02
    20.0   2.054       2.057      0.2592E-02
    21.0   1.230       1.231      0.7637E-03
    22.0  0.7341      0.7343      0.2250E-03
    23.0  0.4371      0.4372      0.1133E-03
    24.0  0.2596      0.2597      0.1218E-03
    25.0  0.1538      0.1539      0.1499E-03
    26.0  0.9090E-01  0.9107E-01  0.1703E-03
    27.0  0.5359E-01  0.5377E-01  0.1790E-03
    28.0  0.3151E-01  0.3169E-01  0.1787E-03
    29.0  0.1847E-01  0.1864E-01  0.1728E-03
    30.0  0.1079E-01  0.1095E-01  0.1637E-03
    31.0  0.6268E-02  0.6421E-02  0.1532E-03
    32.0  0.3618E-02  0.3760E-02  0.1425E-03
 &
