# 178 angles,  1 tensor ranks for 0=projectile
@subtitle   "20O + d 1st Ex inelastic;"                                                     
@legend ON
@legend x1 0.2
@legend y1 0.8
@g0 type LOGY
@yaxis ticklabel format power
@legend string   0 "Lab energy =   70.0000"
#legend string   0 "Partition=  1 Excit=  2 near/far= 1"
#  Theta       sigma       iT11        T20         T21         T22         Kyy for projectile
   3.000       11.72    
   4.000       10.68    
   5.000       10.03    
   6.000       10.07    
   7.000       10.98    
   8.000       12.75    
   9.000       15.18    
   10.00       17.93    
   11.00       20.54    
   12.00       22.57    
   13.00       23.68    
   14.00       23.69    
   15.00       22.63    
   16.00       20.66    
   17.00       18.06    
   18.00       15.17    
   19.00       12.31    
   20.00       9.723    
   21.00       7.602    
   22.00       6.043    
   23.00       5.062    
   24.00       4.608    
   25.00       4.579    
   26.00       4.841    
   27.00       5.249    
   28.00       5.670    
   29.00       6.001    
   30.00       6.173    
   31.00       6.159    
   32.00       5.967    
   33.00       5.628    
   34.00       5.186    
   35.00       4.690    
   36.00       4.184    
   37.00       3.702    
   38.00       3.272    
   39.00       2.910    
   40.00       2.622    
   41.00       2.405    
   42.00       2.248    
   43.00       2.136    
   44.00       2.052    
   45.00       1.979    
   46.00       1.904    
   47.00       1.817    
   48.00       1.715    
   49.00       1.599    
   50.00       1.469    
   51.00       1.332    
   52.00       1.191    
   53.00       1.051    
   54.00      0.9165    
   55.00      0.7922    
   56.00      0.6809    
   57.00      0.5845    
   58.00      0.5034    
   59.00      0.4369    
   60.00      0.3833    
   61.00      0.3405    
   62.00      0.3061    
   63.00      0.2782    
   64.00      0.2549    
   65.00      0.2348    
   66.00      0.2166    
   67.00      0.1995    
   68.00      0.1828    
   69.00      0.1661    
   70.00      0.1494    
   71.00      0.1332    
   72.00      0.1177    
   73.00      0.1033    
   74.00      0.9026E-01
   75.00      0.7866E-01
   76.00      0.6845E-01
   77.00      0.5954E-01
   78.00      0.5183E-01
   79.00      0.4527E-01
   80.00      0.3979E-01
   81.00      0.3533E-01
   82.00      0.3171E-01
   83.00      0.2874E-01
   84.00      0.2620E-01
   85.00      0.2391E-01
   86.00      0.2177E-01
   87.00      0.1975E-01
   88.00      0.1787E-01
   89.00      0.1615E-01
   90.00      0.1458E-01
   91.00      0.1315E-01
   92.00      0.1182E-01
   93.00      0.1056E-01
   94.00      0.9365E-02
   95.00      0.8256E-02
   96.00      0.7266E-02
   97.00      0.6424E-02
   98.00      0.5734E-02
   99.00      0.5173E-02
   100.0      0.4706E-02
   101.0      0.4302E-02
   102.0      0.3944E-02
   103.0      0.3631E-02
   104.0      0.3363E-02
   105.0      0.3140E-02
   106.0      0.2953E-02
   107.0      0.2789E-02
   108.0      0.2630E-02
   109.0      0.2464E-02
   110.0      0.2287E-02
   111.0      0.2103E-02
   112.0      0.1924E-02
   113.0      0.1759E-02
   114.0      0.1609E-02
   115.0      0.1463E-02
   116.0      0.1314E-02
   117.0      0.1159E-02
   118.0      0.1008E-02
   119.0      0.8729E-03
   120.0      0.7615E-03
   121.0      0.6765E-03
   122.0      0.6138E-03
   123.0      0.5661E-03
   124.0      0.5242E-03
   125.0      0.4806E-03
   126.0      0.4326E-03
   127.0      0.3845E-03
   128.0      0.3446E-03
   129.0      0.3188E-03
   130.0      0.3059E-03
   131.0      0.2978E-03
   132.0      0.2861E-03
   133.0      0.2677E-03
   134.0      0.2462E-03
   135.0      0.2277E-03
   136.0      0.2166E-03
   137.0      0.2139E-03
   138.0      0.2184E-03
   139.0      0.2276E-03
   140.0      0.2374E-03
   141.0      0.2423E-03
   142.0      0.2384E-03
   143.0      0.2271E-03
   144.0      0.2145E-03
   145.0      0.2066E-03
   146.0      0.2044E-03
   147.0      0.2037E-03
   148.0      0.1994E-03
   149.0      0.1903E-03
   150.0      0.1794E-03
   151.0      0.1702E-03
   152.0      0.1637E-03
   153.0      0.1587E-03
   154.0      0.1552E-03
   155.0      0.1544E-03
   156.0      0.1562E-03
   157.0      0.1574E-03
   158.0      0.1534E-03
   159.0      0.1432E-03
   160.0      0.1309E-03
   161.0      0.1226E-03
   162.0      0.1206E-03
   163.0      0.1219E-03
   164.0      0.1221E-03
   165.0      0.1206E-03
   166.0      0.1205E-03
   167.0      0.1240E-03
   168.0      0.1291E-03
   169.0      0.1311E-03
   170.0      0.1283E-03
   171.0      0.1241E-03
   172.0      0.1228E-03
   173.0      0.1253E-03
   174.0      0.1290E-03
   175.0      0.1327E-03
   176.0      0.1409E-03
   177.0      0.1597E-03
   178.0      0.1885E-03
   179.0      0.2161E-03
   180.0      0.2276E-03
 END
