# 178 angles,  1 tensor ranks for 0=projectile
@subtitle   "20O(d,t) @ 30AMeV Daeh (d) + Pang (t)"                                         
@legend ON
@legend x1 0.2
@legend y1 0.8
@g0 type LOGY
@yaxis ticklabel format power
@legend string   0 "Lab energy =   70.0000"
#legend string   0 "Partition=  2 Excit=  1 near/far= 1"
#  Theta       sigma       iT11        T20         T21         T22         Kyy for projectile
   3.000       20.87    
   4.000       14.70    
   5.000       9.002    
   6.000       4.581    
   7.000       1.819    
   8.000      0.6752    
   9.000      0.7849    
   10.00       1.625    
   11.00       2.675    
   12.00       3.536    
   13.00       3.985    
   14.00       3.975    
   15.00       3.590    
   16.00       2.983    
   17.00       2.320    
   18.00       1.739    
   19.00       1.321    
   20.00       1.094    
   21.00       1.039    
   22.00       1.107    
   23.00       1.240    
   24.00       1.381    
   25.00       1.490    
   26.00       1.540    
   27.00       1.524    
   28.00       1.446    
   29.00       1.321    
   30.00       1.167    
   31.00      0.9995    
   32.00      0.8351    
   33.00      0.6842    
   34.00      0.5533    
   35.00      0.4454    
   36.00      0.3604    
   37.00      0.2962    
   38.00      0.2498    
   39.00      0.2179    
   40.00      0.1970    
   41.00      0.1842    
   42.00      0.1768    
   43.00      0.1727    
   44.00      0.1702    
   45.00      0.1680    
   46.00      0.1650    
   47.00      0.1607    
   48.00      0.1546    
   49.00      0.1468    
   50.00      0.1373    
   51.00      0.1267    
   52.00      0.1152    
   53.00      0.1035    
   54.00      0.9205E-01
   55.00      0.8131E-01
   56.00      0.7160E-01
   57.00      0.6314E-01
   58.00      0.5600E-01
   59.00      0.5015E-01
   60.00      0.4545E-01
   61.00      0.4171E-01
   62.00      0.3871E-01
   63.00      0.3620E-01
   64.00      0.3400E-01
   65.00      0.3192E-01
   66.00      0.2986E-01
   67.00      0.2775E-01
   68.00      0.2555E-01
   69.00      0.2329E-01
   70.00      0.2101E-01
   71.00      0.1876E-01
   72.00      0.1659E-01
   73.00      0.1456E-01
   74.00      0.1271E-01
   75.00      0.1108E-01
   76.00      0.9656E-02
   77.00      0.8455E-02
   78.00      0.7456E-02
   79.00      0.6637E-02
   80.00      0.5968E-02
   81.00      0.5419E-02
   82.00      0.4962E-02
   83.00      0.4570E-02
   84.00      0.4221E-02
   85.00      0.3899E-02
   86.00      0.3593E-02
   87.00      0.3296E-02
   88.00      0.3006E-02
   89.00      0.2723E-02
   90.00      0.2448E-02
   91.00      0.2185E-02
   92.00      0.1938E-02
   93.00      0.1709E-02
   94.00      0.1500E-02
   95.00      0.1313E-02
   96.00      0.1148E-02
   97.00      0.1004E-02
   98.00      0.8803E-03
   99.00      0.7751E-03
   100.0      0.6859E-03
   101.0      0.6104E-03
   102.0      0.5464E-03
   103.0      0.4917E-03
   104.0      0.4444E-03
   105.0      0.4029E-03
   106.0      0.3661E-03
   107.0      0.3330E-03
   108.0      0.3029E-03
   109.0      0.2755E-03
   110.0      0.2504E-03
   111.0      0.2275E-03
   112.0      0.2067E-03
   113.0      0.1879E-03
   114.0      0.1711E-03
   115.0      0.1561E-03
   116.0      0.1430E-03
   117.0      0.1314E-03
   118.0      0.1212E-03
   119.0      0.1122E-03
   120.0      0.1042E-03
   121.0      0.9703E-04
   122.0      0.9041E-04
   123.0      0.8420E-04
   124.0      0.7826E-04
   125.0      0.7248E-04
   126.0      0.6678E-04
   127.0      0.6112E-04
   128.0      0.5551E-04
   129.0      0.4995E-04
   130.0      0.4449E-04
   131.0      0.3918E-04
   132.0      0.3409E-04
   133.0      0.2928E-04
   134.0      0.2480E-04
   135.0      0.2071E-04
   136.0      0.1705E-04
   137.0      0.1385E-04
   138.0      0.1110E-04
   139.0      0.8813E-05
   140.0      0.6968E-05
   141.0      0.5540E-05
   142.0      0.4493E-05
   143.0      0.3784E-05
   144.0      0.3370E-05
   145.0      0.3203E-05
   146.0      0.3238E-05
   147.0      0.3430E-05
   148.0      0.3738E-05
   149.0      0.4126E-05
   150.0      0.4558E-05
   151.0      0.5007E-05
   152.0      0.5446E-05
   153.0      0.5853E-05
   154.0      0.6208E-05
   155.0      0.6497E-05
   156.0      0.6706E-05
   157.0      0.6827E-05
   158.0      0.6854E-05
   159.0      0.6785E-05
   160.0      0.6620E-05
   161.0      0.6364E-05
   162.0      0.6026E-05
   163.0      0.5617E-05
   164.0      0.5150E-05
   165.0      0.4643E-05
   166.0      0.4110E-05
   167.0      0.3571E-05
   168.0      0.3040E-05
   169.0      0.2533E-05
   170.0      0.2062E-05
   171.0      0.1636E-05
   172.0      0.1261E-05
   173.0      0.9407E-06
   174.0      0.6747E-06
   175.0      0.4610E-06
   176.0      0.2956E-06
   177.0      0.1739E-06
   178.0      0.9122E-07
   179.0      0.4340E-07
   180.0      0.2778E-07
 END
