# Fusion cross sections for ELAB=  70.000, ECM=  63.596
     0.0   1.742       1.754      0.1185E-01
     1.0   15.67       15.78      0.1086    
     2.0   26.19       26.36      0.1765    
     3.0   36.81       37.04      0.2324    
     4.0   47.57       47.84      0.2739    
     5.0   58.52       58.82      0.2990    
     6.0   69.59       69.90      0.3103    
     7.0   80.72       81.04      0.3139    
     8.0   91.27       91.61      0.3475    
     9.0   99.33       99.80      0.4701    
    10.0   102.0       102.7      0.6716    
    11.0   96.15       97.04      0.8961    
    12.0   79.93       81.00       1.069    
    13.0   58.28       59.36       1.079    
    14.0   38.72       39.63      0.9139    
    15.0   24.45       25.12      0.6707    
    16.0   15.07       15.51      0.4419    
    17.0   9.179       9.449      0.2699    
    18.0   5.559       5.715      0.1566    
    19.0   3.354       3.441      0.8787E-01
    20.0   2.017       2.065      0.4824E-01
    21.0   1.210       1.236      0.2611E-01
    22.0  0.7238      0.7378      0.1400E-01
    23.0  0.4319      0.4394      0.7466E-02
    24.0  0.2571      0.2611      0.3965E-02
    25.0  0.1527      0.1548      0.2101E-02
    26.0  0.9049E-01  0.9161E-01  0.1111E-02
    27.0  0.5351E-01  0.5410E-01  0.5872E-03
    28.0  0.3158E-01  0.3189E-01  0.3101E-03
    29.0  0.1861E-01  0.1877E-01  0.1637E-03
    30.0  0.1094E-01  0.1103E-01  0.8640E-04
    31.0  0.6424E-02  0.6469E-02  0.4560E-04
    32.0  0.3765E-02  0.3789E-02  0.2407E-04
    33.0  0.2204E-02  0.2217E-02  0.1270E-04
    34.0  0.1288E-02  0.1295E-02  0.6705E-05
    35.0  0.7522E-03  0.7557E-03  0.3539E-05
    36.0  0.4386E-03  0.4404E-03  0.1868E-05
    37.0  0.2554E-03  0.2564E-03  0.9859E-06
    38.0  0.1486E-03  0.1491E-03  0.5204E-06
    39.0  0.8637E-04  0.8665E-04  0.2747E-06
    40.0  0.5015E-04  0.5030E-04  0.1450E-06
    41.0  0.2909E-04  0.2917E-04  0.7656E-07
    42.0  0.1686E-04  0.1690E-04  0.4042E-07
    43.0  0.9765E-05  0.9786E-05  0.2134E-07
    44.0  0.5651E-05  0.5662E-05  0.1127E-07
    45.0  0.3267E-05  0.3273E-05  0.5950E-08
    46.0  0.1888E-05  0.1891E-05  0.3142E-08
    47.0  0.1090E-05  0.1092E-05  0.1659E-08
    48.0  0.6289E-06  0.6298E-06  0.8761E-09
    49.0  0.3627E-06  0.3631E-06  0.4626E-09
    50.0  0.2090E-06  0.2092E-06  0.2443E-09
    51.0  0.1204E-06  0.1205E-06  0.1290E-09
    52.0  0.6929E-07  0.6935E-07  0.6812E-10
    53.0  0.3986E-07  0.3990E-07  0.3597E-10
    54.0  0.2292E-07  0.2294E-07  0.1900E-10
    55.0  0.1317E-07  0.1318E-07  0.1004E-10
    56.0  0.7567E-08  0.7572E-08  0.5301E-11
    57.0  0.4346E-08  0.4349E-08  0.2800E-11
    58.0  0.2493E-08  0.2494E-08  0.1478E-11
    59.0  0.1431E-08  0.1431E-08  0.7807E-12
    60.0  0.8205E-09  0.8209E-09  0.4123E-12
 &
