# 178 angles,  1 tensor ranks for 0=projectile
@subtitle   "20O + d Ex 7.639 2+;"                                                          
@legend ON
@legend x1 0.2
@legend y1 0.8
@g0 type LOGY
@yaxis ticklabel format power
@legend string   0 "Lab energy =   70.0000"
#legend string   0 "Partition=  1 Excit=  2 near/far= 1"
#  Theta       sigma       iT11        T20         T21         T22         Kyy for projectile
   3.000       29.82    
   4.000       27.26    
   5.000       24.73    
   6.000       23.77    
   7.000       25.67    
   8.000       30.79    
   9.000       38.39    
   10.00       47.02    
   11.00       55.16    
   12.00       61.66    
   13.00       65.78    
   14.00       67.14    
   15.00       65.57    
   16.00       61.17    
   17.00       54.44    
   18.00       46.24    
   19.00       37.62    
   20.00       29.56    
   21.00       22.77    
   22.00       17.63    
   23.00       14.26    
   24.00       12.53    
   25.00       12.21    
   26.00       12.91    
   27.00       14.21    
   28.00       15.67    
   29.00       16.94    
   30.00       17.81    
   31.00       18.14    
   32.00       17.92    
   33.00       17.18    
   34.00       16.05    
   35.00       14.63    
   36.00       13.09    
   37.00       11.56    
   38.00       10.14    
   39.00       8.897    
   40.00       7.869    
   41.00       7.061    
   42.00       6.460    
   43.00       6.030    
   44.00       5.723    
   45.00       5.485    
   46.00       5.271    
   47.00       5.048    
   48.00       4.799    
   49.00       4.515    
   50.00       4.196    
   51.00       3.846    
   52.00       3.475    
   53.00       3.098    
   54.00       2.728    
   55.00       2.380    
   56.00       2.060    
   57.00       1.776    
   58.00       1.530    
   59.00       1.323    
   60.00       1.154    
   61.00       1.018    
   62.00      0.9104    
   63.00      0.8238    
   64.00      0.7527    
   65.00      0.6923    
   66.00      0.6385    
   67.00      0.5884    
   68.00      0.5399    
   69.00      0.4922    
   70.00      0.4455    
   71.00      0.4001    
   72.00      0.3565    
   73.00      0.3152    
   74.00      0.2763    
   75.00      0.2406    
   76.00      0.2086    
   77.00      0.1807    
   78.00      0.1568    
   79.00      0.1365    
   80.00      0.1195    
   81.00      0.1055    
   82.00      0.9414E-01
   83.00      0.8502E-01
   84.00      0.7745E-01
   85.00      0.7078E-01
   86.00      0.6462E-01
   87.00      0.5888E-01
   88.00      0.5361E-01
   89.00      0.4881E-01
   90.00      0.4432E-01
   91.00      0.4002E-01
   92.00      0.3586E-01
   93.00      0.3195E-01
   94.00      0.2840E-01
   95.00      0.2522E-01
   96.00      0.2236E-01
   97.00      0.1975E-01
   98.00      0.1743E-01
   99.00      0.1547E-01
   100.0      0.1392E-01
   101.0      0.1273E-01
   102.0      0.1176E-01
   103.0      0.1090E-01
   104.0      0.1013E-01
   105.0      0.9470E-02
   106.0      0.8910E-02
   107.0      0.8407E-02
   108.0      0.7905E-02
   109.0      0.7385E-02
   110.0      0.6875E-02
   111.0      0.6411E-02
   112.0      0.5986E-02
   113.0      0.5560E-02
   114.0      0.5100E-02
   115.0      0.4623E-02
   116.0      0.4176E-02
   117.0      0.3793E-02
   118.0      0.3462E-02
   119.0      0.3143E-02
   120.0      0.2815E-02
   121.0      0.2506E-02
   122.0      0.2265E-02
   123.0      0.2111E-02
   124.0      0.2012E-02
   125.0      0.1911E-02
   126.0      0.1773E-02
   127.0      0.1614E-02
   128.0      0.1478E-02
   129.0      0.1394E-02
   130.0      0.1347E-02
   131.0      0.1305E-02
   132.0      0.1246E-02
   133.0      0.1179E-02
   134.0      0.1123E-02
   135.0      0.1082E-02
   136.0      0.1035E-02
   137.0      0.9585E-03
   138.0      0.8557E-03
   139.0      0.7582E-03
   140.0      0.6989E-03
   141.0      0.6811E-03
   142.0      0.6765E-03
   143.0      0.6510E-03
   144.0      0.5914E-03
   145.0      0.5137E-03
   146.0      0.4468E-03
   147.0      0.4063E-03
   148.0      0.3842E-03
   149.0      0.3650E-03
   150.0      0.3438E-03
   151.0      0.3271E-03
   152.0      0.3196E-03
   153.0      0.3159E-03
   154.0      0.3035E-03
   155.0      0.2739E-03
   156.0      0.2343E-03
   157.0      0.2052E-03
   158.0      0.2012E-03
   159.0      0.2163E-03
   160.0      0.2310E-03
   161.0      0.2295E-03
   162.0      0.2093E-03
   163.0      0.1808E-03
   164.0      0.1590E-03
   165.0      0.1506E-03
   166.0      0.1486E-03
   167.0      0.1432E-03
   168.0      0.1349E-03
   169.0      0.1312E-03
   170.0      0.1336E-03
   171.0      0.1365E-03
   172.0      0.1352E-03
   173.0      0.1292E-03
   174.0      0.1221E-03
   175.0      0.1224E-03
   176.0      0.1397E-03
   177.0      0.1757E-03
   178.0      0.2185E-03
   179.0      0.2515E-03
   180.0      0.2636E-03
 END
