# Fusion cross sections for ELAB=  70.000, ECM=  63.597
     0.0   1.622       1.754      0.1318    
     1.0   14.65       15.78       1.139    
     2.0   24.72       26.37       1.649    
     3.0   35.19       37.04       1.853    
     4.0   45.97       47.85       1.887    
     5.0   57.01       58.82       1.815    
     6.0   68.10       69.91       1.809    
     7.0   78.78       81.05       2.270    
     8.0   88.25       91.63       3.373    
     9.0   94.90       99.80       4.907    
    10.0   96.27       102.7       6.442    
    11.0   89.72       97.01       7.281    
    12.0   74.40       80.93       6.534    
    13.0   54.62       59.28       4.665    
    14.0   36.94       39.56       2.616    
    15.0   23.91       25.06       1.149    
    16.0   15.05       15.47      0.4150    
    17.0   9.291       9.420      0.1285    
    18.0   5.660       5.696      0.3613E-01
    19.0   3.415       3.428      0.1312E-01
    20.0   2.046       2.057      0.1081E-01
    21.0   1.218       1.231      0.1275E-01
    22.0  0.7200      0.7343      0.1435E-01
    23.0  0.4224      0.4372      0.1478E-01
    24.0  0.2454      0.2597      0.1431E-01
    25.0  0.1407      0.1539      0.1329E-01
    26.0  0.7904E-01  0.9107E-01  0.1202E-01
    27.0  0.4306E-01  0.5377E-01  0.1070E-01
    28.0  0.2226E-01  0.3169E-01  0.9428E-02
    29.0  0.1039E-01  0.1864E-01  0.8253E-02
    30.0  0.3754E-02  0.1095E-01  0.7195E-02
    31.0  0.1618E-03  0.6421E-02  0.6260E-02
    32.0 -0.1679E-02  0.3760E-02  0.5439E-02
    33.0 -0.2524E-02  0.2199E-02  0.4723E-02
    34.0 -0.2818E-02  0.1284E-02  0.4102E-02
    35.0 -0.2813E-02  0.7492E-03  0.3562E-02
    36.0 -0.2659E-02  0.4365E-03  0.3095E-02
    37.0 -0.2436E-02  0.2541E-03  0.2690E-02
    38.0 -0.2191E-02  0.1477E-03  0.2338E-02
    39.0 -0.1948E-02  0.8581E-04  0.2034E-02
    40.0 -0.1719E-02  0.4979E-04  0.1769E-02
    41.0 -0.1512E-02  0.2887E-04  0.1540E-02
    42.0 -0.1324E-02  0.1672E-04  0.1341E-02
    43.0 -0.1158E-02  0.9680E-05  0.1168E-02
    44.0 -0.1012E-02  0.5598E-05  0.1017E-02
    45.0 -0.8827E-03  0.3236E-05  0.8860E-03
    46.0 -0.7705E-03  0.1869E-05  0.7724E-03
    47.0 -0.6718E-03  0.1078E-05  0.6729E-03
    48.0 -0.5857E-03  0.6220E-06  0.5864E-03
    49.0 -0.5109E-03  0.3585E-06  0.5113E-03
    50.0 -0.4451E-03  0.2065E-06  0.4453E-03
 &
