# 178 angles,  1 tensor ranks for 0=projectile
@subtitle   "20O + d 2+2 inelastic;"                                                        
@legend ON
@legend x1 0.2
@legend y1 0.8
@g0 type LOGY
@yaxis ticklabel format power
@legend string   0 "Lab energy =   70.0000"
#legend string   0 "Partition=  1 Excit=  2 near/far= 1"
#  Theta       sigma       iT11        T20         T21         T22         Kyy for projectile
   3.000       3.575    
   4.000       3.387    
   5.000       3.189    
   6.000       3.001    
   7.000       2.841    
   8.000       2.723    
   9.000       2.657    
   10.00       2.649    
   11.00       2.705    
   12.00       2.832    
   13.00       3.031    
   14.00       3.303    
   15.00       3.642    
   16.00       4.035    
   17.00       4.460    
   18.00       4.889    
   19.00       5.289    
   20.00       5.626    
   21.00       5.868    
   22.00       5.992    
   23.00       5.984    
   24.00       5.841    
   25.00       5.572    
   26.00       5.198    
   27.00       4.747    
   28.00       4.252    
   29.00       3.746    
   30.00       3.260    
   31.00       2.820    
   32.00       2.443    
   33.00       2.141    
   34.00       1.915    
   35.00       1.760    
   36.00       1.666    
   37.00       1.618    
   38.00       1.603    
   39.00       1.604    
   40.00       1.607    
   41.00       1.603    
   42.00       1.583    
   43.00       1.544    
   44.00       1.483    
   45.00       1.404    
   46.00       1.308    
   47.00       1.202    
   48.00       1.089    
   49.00      0.9762    
   50.00      0.8665    
   51.00      0.7637    
   52.00      0.6703    
   53.00      0.5876    
   54.00      0.5161    
   55.00      0.4553    
   56.00      0.4042    
   57.00      0.3614    
   58.00      0.3254    
   59.00      0.2946    
   60.00      0.2678    
   61.00      0.2438    
   62.00      0.2217    
   63.00      0.2008    
   64.00      0.1810    
   65.00      0.1620    
   66.00      0.1438    
   67.00      0.1267    
   68.00      0.1106    
   69.00      0.9594E-01
   70.00      0.8267E-01
   71.00      0.7094E-01
   72.00      0.6076E-01
   73.00      0.5209E-01
   74.00      0.4484E-01
   75.00      0.3887E-01
   76.00      0.3401E-01
   77.00      0.3010E-01
   78.00      0.2694E-01
   79.00      0.2436E-01
   80.00      0.2223E-01
   81.00      0.2040E-01
   82.00      0.1878E-01
   83.00      0.1729E-01
   84.00      0.1589E-01
   85.00      0.1454E-01
   86.00      0.1323E-01
   87.00      0.1195E-01
   88.00      0.1073E-01
   89.00      0.9560E-02
   90.00      0.8462E-02
   91.00      0.7446E-02
   92.00      0.6521E-02
   93.00      0.5691E-02
   94.00      0.4959E-02
   95.00      0.4322E-02
   96.00      0.3776E-02
   97.00      0.3311E-02
   98.00      0.2920E-02
   99.00      0.2593E-02
   100.0      0.2319E-02
   101.0      0.2089E-02
   102.0      0.1893E-02
   103.0      0.1726E-02
   104.0      0.1579E-02
   105.0      0.1449E-02
   106.0      0.1332E-02
   107.0      0.1225E-02
   108.0      0.1126E-02
   109.0      0.1034E-02
   110.0      0.9489E-03
   111.0      0.8704E-03
   112.0      0.7984E-03
   113.0      0.7329E-03
   114.0      0.6737E-03
   115.0      0.6207E-03
   116.0      0.5736E-03
   117.0      0.5321E-03
   118.0      0.4955E-03
   119.0      0.4632E-03
   120.0      0.4347E-03
   121.0      0.4092E-03
   122.0      0.3860E-03
   123.0      0.3647E-03
   124.0      0.3446E-03
   125.0      0.3253E-03
   126.0      0.3064E-03
   127.0      0.2878E-03
   128.0      0.2693E-03
   129.0      0.2509E-03
   130.0      0.2325E-03
   131.0      0.2144E-03
   132.0      0.1965E-03
   133.0      0.1791E-03
   134.0      0.1624E-03
   135.0      0.1465E-03
   136.0      0.1316E-03
   137.0      0.1179E-03
   138.0      0.1054E-03
   139.0      0.9421E-04
   140.0      0.8441E-04
   141.0      0.7599E-04
   142.0      0.6892E-04
   143.0      0.6313E-04
   144.0      0.5855E-04
   145.0      0.5507E-04
   146.0      0.5257E-04
   147.0      0.5092E-04
   148.0      0.4997E-04
   149.0      0.4959E-04
   150.0      0.4962E-04
   151.0      0.4994E-04
   152.0      0.5043E-04
   153.0      0.5096E-04
   154.0      0.5144E-04
   155.0      0.5178E-04
   156.0      0.5191E-04
   157.0      0.5177E-04
   158.0      0.5132E-04
   159.0      0.5055E-04
   160.0      0.4944E-04
   161.0      0.4800E-04
   162.0      0.4626E-04
   163.0      0.4425E-04
   164.0      0.4200E-04
   165.0      0.3957E-04
   166.0      0.3700E-04
   167.0      0.3436E-04
   168.0      0.3169E-04
   169.0      0.2906E-04
   170.0      0.2652E-04
   171.0      0.2410E-04
   172.0      0.2185E-04
   173.0      0.1980E-04
   174.0      0.1798E-04
   175.0      0.1641E-04
   176.0      0.1511E-04
   177.0      0.1409E-04
   178.0      0.1336E-04
   179.0      0.1292E-04
   180.0      0.1277E-04
 END
