# Fusion cross sections for ELAB=  70.000, ECM=  63.597
     0.0   1.739       1.754      0.1471E-01
     1.0   15.65       15.78      0.1376    
     2.0   26.14       26.37      0.2320    
     3.0   36.75       37.04      0.2926    
     4.0   47.55       47.85      0.3047    
     5.0   58.52       58.82      0.3032    
     6.0   69.61       69.91      0.3065    
     7.0   80.69       81.05      0.3621    
     8.0   91.13       91.63      0.4927    
     9.0   99.14       99.80      0.6638    
    10.0   101.9       102.7      0.8081    
    11.0   96.12       97.01      0.8869    
    12.0   80.12       80.93      0.8074    
    13.0   58.70       59.28      0.5838    
    14.0   39.22       39.56      0.3446    
    15.0   24.88       25.06      0.1796    
    16.0   15.38       15.47      0.8935E-01
    17.0   9.378       9.420      0.4230E-01
    18.0   5.677       5.696      0.1884E-01
    19.0   3.420       3.428      0.8012E-02
    20.0   2.053       2.057      0.3309E-02
    21.0   1.229       1.231      0.1343E-02
    22.0  0.7338      0.7343      0.5391E-03
    23.0  0.4370      0.4372      0.2147E-03
    24.0  0.2596      0.2597      0.8497E-04
    25.0  0.1539      0.1539      0.3345E-04
    26.0  0.9105E-01  0.9107E-01  0.1310E-04
    27.0  0.5376E-01  0.5377E-01  0.5100E-05
    28.0  0.3168E-01  0.3169E-01  0.1973E-05
    29.0  0.1864E-01  0.1864E-01  0.7575E-06
    30.0  0.1095E-01  0.1095E-01  0.2878E-06
    31.0  0.6421E-02  0.6421E-02  0.1079E-06
    32.0  0.3760E-02  0.3760E-02  0.3970E-07
    33.0  0.2199E-02  0.2199E-02  0.1421E-07
    34.0  0.1284E-02  0.1284E-02  0.4888E-08
    35.0  0.7492E-03  0.7492E-03  0.1585E-08
    36.0  0.4365E-03  0.4365E-03  0.4750E-09
    37.0  0.2541E-03  0.2541E-03  0.1346E-09
    38.0  0.1477E-03  0.1477E-03  0.4894E-10
    39.0  0.8581E-04  0.8581E-04  0.3806E-10
    40.0  0.4979E-04  0.4979E-04  0.4341E-10
    41.0  0.2887E-04  0.2887E-04  0.4836E-10
    42.0  0.1672E-04  0.1672E-04  0.4978E-10
    43.0  0.9680E-05  0.9680E-05  0.4827E-10
    44.0  0.5598E-05  0.5598E-05  0.4501E-10
    45.0  0.3235E-05  0.3236E-05  0.4094E-10
    46.0  0.1869E-05  0.1869E-05  0.3668E-10
    47.0  0.1078E-05  0.1078E-05  0.3256E-10
    48.0  0.6220E-06  0.6220E-06  0.2877E-10
    49.0  0.3585E-06  0.3585E-06  0.2535E-10
    50.0  0.2065E-06  0.2065E-06  0.2232E-10
 &
