# 181 angles,  1 tensor ranks for 0=projectile
@subtitle   "p+O20 1st ex with BG ;"                                                        
@legend ON
@legend x1 0.2
@legend y1 0.8
@g0 type LOGY
@yaxis ticklabel format power
@legend string   0 "Lab energy =   35.0000"
#legend string   0 "Partition=  1 Excit=  1 near/far= 1"
#  Theta       sigma       iT11        T20         T21         T22         Kyy for projectile
  0.1000E-01  0.1288E+16
   1.000      0.1251E+08
   2.000      0.7246E+06
   3.000      0.1294E+06
   4.000      0.3705E+05
   5.000      0.1430E+05
   6.000       7064.    
   7.000       4352.    
   8.000       3194.    
   9.000       2630.    
   10.00       2310.    
   11.00       2093.    
   12.00       1919.    
   13.00       1765.    
   14.00       1619.    
   15.00       1477.    
   16.00       1338.    
   17.00       1203.    
   18.00       1074.    
   19.00       949.6    
   20.00       832.6    
   21.00       723.4    
   22.00       622.5    
   23.00       530.5    
   24.00       447.4    
   25.00       373.3    
   26.00       308.0    
   27.00       251.1    
   28.00       202.4    
   29.00       161.1    
   30.00       126.7    
   31.00       98.63    
   32.00       76.14    
   33.00       58.58    
   34.00       45.29    
   35.00       35.64    
   36.00       29.01    
   37.00       24.85    
   38.00       22.65    
   39.00       21.95    
   40.00       22.35    
   41.00       23.50    
   42.00       25.11    
   43.00       26.93    
   44.00       28.76    
   45.00       30.45    
   46.00       31.90    
   47.00       33.02    
   48.00       33.77    
   49.00       34.12    
   50.00       34.07    
   51.00       33.64    
   52.00       32.87    
   53.00       31.77    
   54.00       30.41    
   55.00       28.83    
   56.00       27.08    
   57.00       25.20    
   58.00       23.25    
   59.00       21.26    
   60.00       19.27    
   61.00       17.31    
   62.00       15.43    
   63.00       13.63    
   64.00       11.94    
   65.00       10.37    
   66.00       8.930    
   67.00       7.626    
   68.00       6.459    
   69.00       5.428    
   70.00       4.529    
   71.00       3.756    
   72.00       3.100    
   73.00       2.553    
   74.00       2.106    
   75.00       1.746    
   76.00       1.466    
   77.00       1.252    
   78.00       1.097    
   79.00      0.9901    
   80.00      0.9225    
   81.00      0.8861    
   82.00      0.8736    
   83.00      0.8784    
   84.00      0.8949    
   85.00      0.9183    
   86.00      0.9444    
   87.00      0.9701    
   88.00      0.9927    
   89.00       1.010    
   90.00       1.021    
   91.00       1.025    
   92.00       1.022    
   93.00       1.010    
   94.00      0.9909    
   95.00      0.9646    
   96.00      0.9320    
   97.00      0.8936    
   98.00      0.8505    
   99.00      0.8035    
   100.0      0.7535    
   101.0      0.7015    
   102.0      0.6483    
   103.0      0.5947    
   104.0      0.5416    
   105.0      0.4895    
   106.0      0.4391    
   107.0      0.3908    
   108.0      0.3451    
   109.0      0.3023    
   110.0      0.2626    
   111.0      0.2261    
   112.0      0.1931    
   113.0      0.1634    
   114.0      0.1371    
   115.0      0.1141    
   116.0      0.9427E-01
   117.0      0.7742E-01
   118.0      0.6338E-01
   119.0      0.5194E-01
   120.0      0.4288E-01
   121.0      0.3597E-01
   122.0      0.3097E-01
   123.0      0.2764E-01
   124.0      0.2576E-01
   125.0      0.2510E-01
   126.0      0.2544E-01
   127.0      0.2659E-01
   128.0      0.2837E-01
   129.0      0.3059E-01
   130.0      0.3311E-01
   131.0      0.3580E-01
   132.0      0.3852E-01
   133.0      0.4118E-01
   134.0      0.4369E-01
   135.0      0.4599E-01
   136.0      0.4801E-01
   137.0      0.4972E-01
   138.0      0.5108E-01
   139.0      0.5207E-01
   140.0      0.5270E-01
   141.0      0.5296E-01
   142.0      0.5286E-01
   143.0      0.5243E-01
   144.0      0.5167E-01
   145.0      0.5063E-01
   146.0      0.4932E-01
   147.0      0.4778E-01
   148.0      0.4606E-01
   149.0      0.4417E-01
   150.0      0.4216E-01
   151.0      0.4005E-01
   152.0      0.3789E-01
   153.0      0.3570E-01
   154.0      0.3351E-01
   155.0      0.3134E-01
   156.0      0.2922E-01
   157.0      0.2717E-01
   158.0      0.2520E-01
   159.0      0.2334E-01
   160.0      0.2158E-01
   161.0      0.1994E-01
   162.0      0.1842E-01
   163.0      0.1703E-01
   164.0      0.1577E-01
   165.0      0.1463E-01
   166.0      0.1361E-01
   167.0      0.1271E-01
   168.0      0.1192E-01
   169.0      0.1124E-01
   170.0      0.1065E-01
   171.0      0.1014E-01
   172.0      0.9723E-02
   173.0      0.9373E-02
   174.0      0.9088E-02
   175.0      0.8860E-02
   176.0      0.8682E-02
   177.0      0.8550E-02
   178.0      0.8459E-02
   179.0      0.8405E-02
   180.0      0.8388E-02
 END
