# 178 angles,  1 tensor ranks for 0=projectile
@subtitle   "20O + d inelastic scattering;"                                                 
@legend ON
@legend x1 0.2
@legend y1 0.8
@g0 type LOGY
@yaxis ticklabel format power
@legend string   0 "Lab energy =   70.0000"
#legend string   0 "Partition=  1 Excit=  1 near/far= 1"
#  Theta       sigma       iT11        T20         T21         T22         Kyy for projectile
   3.000      0.3029E+05
   4.000      0.1244E+05
   5.000       8314.    
   6.000       6573.    
   7.000       5328.    
   8.000       4228.    
   9.000       3231.    
   10.00       2357.    
   11.00       1627.    
   12.00       1050.    
   13.00       622.4    
   14.00       328.2    
   15.00       145.5    
   16.00       49.19    
   17.00       14.35    
   18.00       18.38    
   19.00       42.69    
   20.00       73.33    
   21.00       101.0    
   22.00       120.3    
   23.00       129.5    
   24.00       128.8    
   25.00       120.1    
   26.00       106.0    
   27.00       89.08    
   28.00       71.66    
   29.00       55.51    
   30.00       41.79    
   31.00       31.03    
   32.00       23.31    
   33.00       18.33    
   34.00       15.58    
   35.00       14.44    
   36.00       14.33    
   37.00       14.72    
   38.00       15.20    
   39.00       15.49    
   40.00       15.44    
   41.00       14.98    
   42.00       14.13    
   43.00       12.98    
   44.00       11.62    
   45.00       10.15    
   46.00       8.677    
   47.00       7.281    
   48.00       6.019    
   49.00       4.926    
   50.00       4.016    
   51.00       3.288    
   52.00       2.724    
   53.00       2.302    
   54.00       1.995    
   55.00       1.774    
   56.00       1.615    
   57.00       1.496    
   58.00       1.398    
   59.00       1.311    
   60.00       1.226    
   61.00       1.137    
   62.00       1.044    
   63.00      0.9468    
   64.00      0.8475    
   65.00      0.7485    
   66.00      0.6523    
   67.00      0.5614    
   68.00      0.4777    
   69.00      0.4026    
   70.00      0.3368    
   71.00      0.2804    
   72.00      0.2332    
   73.00      0.1946    
   74.00      0.1635    
   75.00      0.1389    
   76.00      0.1198    
   77.00      0.1049    
   78.00      0.9342E-01
   79.00      0.8435E-01
   80.00      0.7701E-01
   81.00      0.7081E-01
   82.00      0.6533E-01
   83.00      0.6026E-01
   84.00      0.5540E-01
   85.00      0.5066E-01
   86.00      0.4599E-01
   87.00      0.4140E-01
   88.00      0.3693E-01
   89.00      0.3264E-01
   90.00      0.2858E-01
   91.00      0.2479E-01
   92.00      0.2133E-01
   93.00      0.1823E-01
   94.00      0.1548E-01
   95.00      0.1310E-01
   96.00      0.1107E-01
   97.00      0.9371E-02
   98.00      0.7971E-02
   99.00      0.6836E-02
   100.0      0.5932E-02
   101.0      0.5219E-02
   102.0      0.4664E-02
   103.0      0.4234E-02
   104.0      0.3899E-02
   105.0      0.3634E-02
   106.0      0.3419E-02
   107.0      0.3236E-02
   108.0      0.3072E-02
   109.0      0.2918E-02
   110.0      0.2768E-02
   111.0      0.2616E-02
   112.0      0.2462E-02
   113.0      0.2303E-02
   114.0      0.2142E-02
   115.0      0.1978E-02
   116.0      0.1814E-02
   117.0      0.1652E-02
   118.0      0.1494E-02
   119.0      0.1341E-02
   120.0      0.1195E-02
   121.0      0.1059E-02
   122.0      0.9315E-03
   123.0      0.8152E-03
   124.0      0.7102E-03
   125.0      0.6168E-03
   126.0      0.5350E-03
   127.0      0.4646E-03
   128.0      0.4051E-03
   129.0      0.3560E-03
   130.0      0.3166E-03
   131.0      0.2858E-03
   132.0      0.2628E-03
   133.0      0.2465E-03
   134.0      0.2358E-03
   135.0      0.2298E-03
   136.0      0.2274E-03
   137.0      0.2275E-03
   138.0      0.2294E-03
   139.0      0.2322E-03
   140.0      0.2351E-03
   141.0      0.2377E-03
   142.0      0.2392E-03
   143.0      0.2395E-03
   144.0      0.2383E-03
   145.0      0.2353E-03
   146.0      0.2306E-03
   147.0      0.2243E-03
   148.0      0.2164E-03
   149.0      0.2072E-03
   150.0      0.1969E-03
   151.0      0.1858E-03
   152.0      0.1743E-03
   153.0      0.1628E-03
   154.0      0.1514E-03
   155.0      0.1406E-03
   156.0      0.1306E-03
   157.0      0.1216E-03
   158.0      0.1140E-03
   159.0      0.1078E-03
   160.0      0.1031E-03
   161.0      0.9997E-04
   162.0      0.9841E-04
   163.0      0.9836E-04
   164.0      0.9970E-04
   165.0      0.1023E-03
   166.0      0.1060E-03
   167.0      0.1106E-03
   168.0      0.1159E-03
   169.0      0.1216E-03
   170.0      0.1277E-03
   171.0      0.1337E-03
   172.0      0.1397E-03
   173.0      0.1454E-03
   174.0      0.1506E-03
   175.0      0.1552E-03
   176.0      0.1592E-03
   177.0      0.1623E-03
   178.0      0.1646E-03
   179.0      0.1660E-03
   180.0      0.1665E-03
 END
