# 178 angles,  1 tensor ranks for 0=projectile
@subtitle   "20O(d,t) @ 30AMeV Daeh (d) + Pang (t)"                                         
@legend ON
@legend x1 0.2
@legend y1 0.8
@g0 type LOGY
@yaxis ticklabel format power
@xaxis label "Scattering angle (degrees)"
@yaxis label "Cross section (mb/sr)"
@legend string   0 "Partition=  1 Excit=  1 near/far= 1"
#legend string   0 "Lab energy =   70.0000"
@s0 linestyle   1
#  Theta       sigma       iT11        T20         T21         T22         Kyy for projectile
   3.000      0.2708E+05
   4.000      0.1161E+05
   5.000       8340.    
   6.000       6868.    
   7.000       5642.    
   8.000       4463.    
   9.000       3362.    
   10.00       2396.    
   11.00       1603.    
   12.00       993.9    
   13.00       561.4    
   14.00       282.2    
   15.00       125.8    
   16.00       59.57    
   17.00       52.50    
   18.00       78.38    
   19.00       117.0    
   20.00       154.3    
   21.00       182.1    
   22.00       196.8    
   23.00       198.4    
   24.00       188.8    
   25.00       171.4    
   26.00       149.5    
   27.00       126.2    
   28.00       104.0    
   29.00       84.51    
   30.00       68.57    
   31.00       56.37    
   32.00       47.61    
   33.00       41.70    
   34.00       37.92    
   35.00       35.54    
   36.00       33.92    
   37.00       32.56    
   38.00       31.12    
   39.00       29.41    
   40.00       27.37    
   41.00       25.03    
   42.00       22.48    
   43.00       19.84    
   44.00       17.24    
   45.00       14.77    
   46.00       12.53    
   47.00       10.55    
   48.00       8.876    
   49.00       7.489    
   50.00       6.370    
   51.00       5.484    
   52.00       4.788    
   53.00       4.240    
   54.00       3.802    
   55.00       3.440    
   56.00       3.126    
   57.00       2.844    
   58.00       2.579    
   59.00       2.327    
   60.00       2.084    
   61.00       1.852    
   62.00       1.632    
   63.00       1.428    
   64.00       1.242    
   65.00       1.076    
   66.00      0.9297    
   67.00      0.8044    
   68.00      0.6984    
   69.00      0.6098    
   70.00      0.5365    
   71.00      0.4760    
   72.00      0.4257    
   73.00      0.3835    
   74.00      0.3472    
   75.00      0.3154    
   76.00      0.2866    
   77.00      0.2602    
   78.00      0.2354    
   79.00      0.2121    
   80.00      0.1901    
   81.00      0.1695    
   82.00      0.1503    
   83.00      0.1327    
   84.00      0.1167    
   85.00      0.1024    
   86.00      0.8977E-01
   87.00      0.7881E-01
   88.00      0.6938E-01
   89.00      0.6135E-01
   90.00      0.5455E-01
   91.00      0.4880E-01
   92.00      0.4393E-01
   93.00      0.3977E-01
   94.00      0.3616E-01
   95.00      0.3298E-01
   96.00      0.3013E-01
   97.00      0.2752E-01
   98.00      0.2509E-01
   99.00      0.2281E-01
   100.0      0.2066E-01
   101.0      0.1862E-01
   102.0      0.1670E-01
   103.0      0.1491E-01
   104.0      0.1324E-01
   105.0      0.1171E-01
   106.0      0.1032E-01
   107.0      0.9072E-02
   108.0      0.7966E-02
   109.0      0.6996E-02
   110.0      0.6154E-02
   111.0      0.5430E-02
   112.0      0.4812E-02
   113.0      0.4287E-02
   114.0      0.3842E-02
   115.0      0.3463E-02
   116.0      0.3139E-02
   117.0      0.2859E-02
   118.0      0.2613E-02
   119.0      0.2394E-02
   120.0      0.2194E-02
   121.0      0.2011E-02
   122.0      0.1840E-02
   123.0      0.1678E-02
   124.0      0.1526E-02
   125.0      0.1382E-02
   126.0      0.1246E-02
   127.0      0.1119E-02
   128.0      0.9998E-03
   129.0      0.8902E-03
   130.0      0.7899E-03
   131.0      0.6992E-03
   132.0      0.6179E-03
   133.0      0.5459E-03
   134.0      0.4826E-03
   135.0      0.4275E-03
   136.0      0.3800E-03
   137.0      0.3392E-03
   138.0      0.3044E-03
   139.0      0.2748E-03
   140.0      0.2495E-03
   141.0      0.2279E-03
   142.0      0.2094E-03
   143.0      0.1933E-03
   144.0      0.1793E-03
   145.0      0.1669E-03
   146.0      0.1559E-03
   147.0      0.1460E-03
   148.0      0.1369E-03
   149.0      0.1286E-03
   150.0      0.1209E-03
   151.0      0.1137E-03
   152.0      0.1069E-03
   153.0      0.1005E-03
   154.0      0.9422E-04
   155.0      0.8815E-04
   156.0      0.8219E-04
   157.0      0.7633E-04
   158.0      0.7055E-04
   159.0      0.6489E-04
   160.0      0.5940E-04
   161.0      0.5415E-04
   162.0      0.4927E-04
   163.0      0.4486E-04
   164.0      0.4107E-04
   165.0      0.3801E-04
   166.0      0.3579E-04
   167.0      0.3449E-04
   168.0      0.3416E-04
   169.0      0.3479E-04
   170.0      0.3632E-04
   171.0      0.3865E-04
   172.0      0.4162E-04
   173.0      0.4504E-04
   174.0      0.4869E-04
   175.0      0.5232E-04
   176.0      0.5570E-04
   177.0      0.5860E-04
   178.0      0.6081E-04
   179.0      0.6221E-04
   180.0      0.6268E-04
 END
@legend string   1 "Partition=  2 Excit=  1 near/far= 1"
#legend string   0 "Lab energy =   70.0000"
@s1 linestyle   2
#  Theta       sigma       iT11        T20         T21         T22         Kyy for projectile
   3.000       26.02    
   4.000       18.84    
   5.000       12.02    
   6.000       6.493    
   7.000       2.787    
   8.000      0.9603    
   9.000      0.6995    
   10.00       1.470    
   11.00       2.684    
   12.00       3.845    
   13.00       4.629    
   14.00       4.903    
   15.00       4.704    
   16.00       4.171    
   17.00       3.489    
   18.00       2.827    
   19.00       2.307    
   20.00       1.989    
   21.00       1.875    
   22.00       1.920    
   23.00       2.059    
   24.00       2.222    
   25.00       2.352    
   26.00       2.407    
   27.00       2.372    
   28.00       2.248    
   29.00       2.051    
   30.00       1.806    
   31.00       1.538    
   32.00       1.272    
   33.00       1.025    
   34.00      0.8102    
   35.00      0.6322    
   36.00      0.4914    
   37.00      0.3847    
   38.00      0.3065    
   39.00      0.2509    
   40.00      0.2119    
   41.00      0.1847    
   42.00      0.1654    
   43.00      0.1512    
   44.00      0.1403    
   45.00      0.1316    
   46.00      0.1243    
   47.00      0.1180    
   48.00      0.1123    
   49.00      0.1069    
   50.00      0.1016    
   51.00      0.9613E-01
   52.00      0.9039E-01
   53.00      0.8434E-01
   54.00      0.7803E-01
   55.00      0.7157E-01
   56.00      0.6515E-01
   57.00      0.5894E-01
   58.00      0.5315E-01
   59.00      0.4791E-01
   60.00      0.4334E-01
   61.00      0.3946E-01
   62.00      0.3625E-01
   63.00      0.3363E-01
   64.00      0.3151E-01
   65.00      0.2974E-01
   66.00      0.2821E-01
   67.00      0.2678E-01
   68.00      0.2537E-01
   69.00      0.2391E-01
   70.00      0.2237E-01
   71.00      0.2074E-01
   72.00      0.1904E-01
   73.00      0.1729E-01
   74.00      0.1556E-01
   75.00      0.1387E-01
   76.00      0.1227E-01
   77.00      0.1080E-01
   78.00      0.9476E-02
   79.00      0.8312E-02
   80.00      0.7310E-02
   81.00      0.6463E-02
   82.00      0.5756E-02
   83.00      0.5171E-02
   84.00      0.4685E-02
   85.00      0.4277E-02
   86.00      0.3928E-02
   87.00      0.3621E-02
   88.00      0.3341E-02
   89.00      0.3079E-02
   90.00      0.2828E-02
   91.00      0.2584E-02
   92.00      0.2348E-02
   93.00      0.2119E-02
   94.00      0.1898E-02
   95.00      0.1689E-02
   96.00      0.1494E-02
   97.00      0.1314E-02
   98.00      0.1151E-02
   99.00      0.1005E-02
   100.0      0.8763E-03
   101.0      0.7644E-03
   102.0      0.6682E-03
   103.0      0.5860E-03
   104.0      0.5163E-03
   105.0      0.4573E-03
   106.0      0.4072E-03
   107.0      0.3645E-03
   108.0      0.3279E-03
   109.0      0.2960E-03
   110.0      0.2682E-03
   111.0      0.2435E-03
   112.0      0.2214E-03
   113.0      0.2017E-03
   114.0      0.1840E-03
   115.0      0.1681E-03
   116.0      0.1539E-03
   117.0      0.1412E-03
   118.0      0.1301E-03
   119.0      0.1202E-03
   120.0      0.1116E-03
   121.0      0.1040E-03
   122.0      0.9726E-04
   123.0      0.9125E-04
   124.0      0.8579E-04
   125.0      0.8071E-04
   126.0      0.7588E-04
   127.0      0.7120E-04
   128.0      0.6656E-04
   129.0      0.6193E-04
   130.0      0.5726E-04
   131.0      0.5255E-04
   132.0      0.4783E-04
   133.0      0.4312E-04
   134.0      0.3849E-04
   135.0      0.3397E-04
   136.0      0.2963E-04
   137.0      0.2553E-04
   138.0      0.2171E-04
   139.0      0.1821E-04
   140.0      0.1506E-04
   141.0      0.1229E-04
   142.0      0.9912E-05
   143.0      0.7918E-05
   144.0      0.6304E-05
   145.0      0.5055E-05
   146.0      0.4151E-05
   147.0      0.3563E-05
   148.0      0.3263E-05
   149.0      0.3213E-05
   150.0      0.3379E-05
   151.0      0.3719E-05
   152.0      0.4194E-05
   153.0      0.4762E-05
   154.0      0.5381E-05
   155.0      0.6011E-05
   156.0      0.6616E-05
   157.0      0.7162E-05
   158.0      0.7618E-05
   159.0      0.7963E-05
   160.0      0.8179E-05
   161.0      0.8257E-05
   162.0      0.8197E-05
   163.0      0.8004E-05
   164.0      0.7691E-05
   165.0      0.7275E-05
   166.0      0.6779E-05
   167.0      0.6228E-05
   168.0      0.5647E-05
   169.0      0.5060E-05
   170.0      0.4490E-05
   171.0      0.3955E-05
   172.0      0.3470E-05
   173.0      0.3044E-05
   174.0      0.2681E-05
   175.0      0.2383E-05
   176.0      0.2148E-05
   177.0      0.1973E-05
   178.0      0.1852E-05
   179.0      0.1781E-05
   180.0      0.1758E-05
 END
@legend string   2 "Partition=  2 Excit=  2 near/far= 1"
#legend string   0 "Lab energy =   70.0000"
@s2 linestyle   3
#  Theta       sigma       iT11        T20         T21         T22         Kyy for projectile
   3.000       7.703    
   4.000       7.918    
   5.000       7.860    
   6.000       7.441    
   7.000       6.659    
   8.000       5.595    
   9.000       4.387    
   10.00       3.190    
   11.00       2.140    
   12.00       1.325    
   13.00      0.7807    
   14.00      0.4877    
   15.00      0.3920    
   16.00      0.4220    
   17.00      0.5077    
   18.00      0.5933    
   19.00      0.6442    
   20.00      0.6475    
   21.00      0.6077    
   22.00      0.5400    
   23.00      0.4638    
   24.00      0.3968    
   25.00      0.3512    
   26.00      0.3327    
   27.00      0.3402    
   28.00      0.3680    
   29.00      0.4076    
   30.00      0.4503    
   31.00      0.4885    
   32.00      0.5170    
   33.00      0.5332    
   34.00      0.5372    
   35.00      0.5308    
   36.00      0.5170    
   37.00      0.4990    
   38.00      0.4797    
   39.00      0.4614    
   40.00      0.4452    
   41.00      0.4316    
   42.00      0.4201    
   43.00      0.4099    
   44.00      0.4000    
   45.00      0.3893    
   46.00      0.3770    
   47.00      0.3626    
   48.00      0.3461    
   49.00      0.3276    
   50.00      0.3077    
   51.00      0.2868    
   52.00      0.2658    
   53.00      0.2451    
   54.00      0.2253    
   55.00      0.2068    
   56.00      0.1897    
   57.00      0.1743    
   58.00      0.1603    
   59.00      0.1478    
   60.00      0.1365    
   61.00      0.1261    
   62.00      0.1166    
   63.00      0.1078    
   64.00      0.9941E-01
   65.00      0.9150E-01
   66.00      0.8397E-01
   67.00      0.7682E-01
   68.00      0.7004E-01
   69.00      0.6366E-01
   70.00      0.5771E-01
   71.00      0.5219E-01
   72.00      0.4714E-01
   73.00      0.4254E-01
   74.00      0.3838E-01
   75.00      0.3465E-01
   76.00      0.3132E-01
   77.00      0.2835E-01
   78.00      0.2569E-01
   79.00      0.2331E-01
   80.00      0.2118E-01
   81.00      0.1925E-01
   82.00      0.1750E-01
   83.00      0.1590E-01
   84.00      0.1443E-01
   85.00      0.1308E-01
   86.00      0.1184E-01
   87.00      0.1069E-01
   88.00      0.9637E-02
   89.00      0.8671E-02
   90.00      0.7789E-02
   91.00      0.6987E-02
   92.00      0.6261E-02
   93.00      0.5608E-02
   94.00      0.5021E-02
   95.00      0.4498E-02
   96.00      0.4031E-02
   97.00      0.3617E-02
   98.00      0.3249E-02
   99.00      0.2921E-02
   100.0      0.2631E-02
   101.0      0.2372E-02
   102.0      0.2140E-02
   103.0      0.1933E-02
   104.0      0.1746E-02
   105.0      0.1578E-02
   106.0      0.1426E-02
   107.0      0.1288E-02
   108.0      0.1163E-02
   109.0      0.1049E-02
   110.0      0.9460E-03
   111.0      0.8524E-03
   112.0      0.7677E-03
   113.0      0.6910E-03
   114.0      0.6218E-03
   115.0      0.5593E-03
   116.0      0.5032E-03
   117.0      0.4527E-03
   118.0      0.4073E-03
   119.0      0.3666E-03
   120.0      0.3300E-03
   121.0      0.2972E-03
   122.0      0.2677E-03
   123.0      0.2411E-03
   124.0      0.2171E-03
   125.0      0.1955E-03
   126.0      0.1760E-03
   127.0      0.1583E-03
   128.0      0.1423E-03
   129.0      0.1279E-03
   130.0      0.1148E-03
   131.0      0.1031E-03
   132.0      0.9246E-04
   133.0      0.8295E-04
   134.0      0.7443E-04
   135.0      0.6682E-04
   136.0      0.6004E-04
   137.0      0.5401E-04
   138.0      0.4867E-04
   139.0      0.4393E-04
   140.0      0.3975E-04
   141.0      0.3605E-04
   142.0      0.3277E-04
   143.0      0.2986E-04
   144.0      0.2728E-04
   145.0      0.2497E-04
   146.0      0.2290E-04
   147.0      0.2104E-04
   148.0      0.1935E-04
   149.0      0.1781E-04
   150.0      0.1639E-04
   151.0      0.1509E-04
   152.0      0.1388E-04
   153.0      0.1275E-04
   154.0      0.1169E-04
   155.0      0.1071E-04
   156.0      0.9797E-05
   157.0      0.8951E-05
   158.0      0.8174E-05
   159.0      0.7468E-05
   160.0      0.6835E-05
   161.0      0.6278E-05
   162.0      0.5800E-05
   163.0      0.5399E-05
   164.0      0.5076E-05
   165.0      0.4829E-05
   166.0      0.4652E-05
   167.0      0.4541E-05
   168.0      0.4488E-05
   169.0      0.4484E-05
   170.0      0.4521E-05
   171.0      0.4588E-05
   172.0      0.4677E-05
   173.0      0.4777E-05
   174.0      0.4882E-05
   175.0      0.4983E-05
   176.0      0.5074E-05
   177.0      0.5150E-05
   178.0      0.5207E-05
   179.0      0.5243E-05
   180.0      0.5255E-05
 END
@legend string   3 "Partition=  2 Excit=  3 near/far= 1"
#legend string   0 "Lab energy =   70.0000"
@s3 linestyle   4
#  Theta       sigma       iT11        T20         T21         T22         Kyy for projectile
   3.000       9.140    
   4.000       8.931    
   5.000       8.693    
   6.000       8.418    
   7.000       8.083    
   8.000       7.656    
   9.000       7.114    
   10.00       6.445    
   11.00       5.662    
   12.00       4.803    
   13.00       3.920    
   14.00       3.073    
   15.00       2.318    
   16.00       1.695    
   17.00       1.227    
   18.00      0.9145    
   19.00      0.7413    
   20.00      0.6788    
   21.00      0.6930    
   22.00      0.7507    
   23.00      0.8241    
   24.00      0.8936    
   25.00      0.9485    
   26.00      0.9856    
   27.00       1.008    
   28.00       1.020    
   29.00       1.030    
   30.00       1.042    
   31.00       1.060    
   32.00       1.084    
   33.00       1.112    
   34.00       1.141    
   35.00       1.168    
   36.00       1.187    
   37.00       1.196    
   38.00       1.192    
   39.00       1.174    
   40.00       1.143    
   41.00       1.101    
   42.00       1.050    
   43.00      0.9923    
   44.00      0.9312    
   45.00      0.8689    
   46.00      0.8074    
   47.00      0.7482    
   48.00      0.6921    
   49.00      0.6395    
   50.00      0.5905    
   51.00      0.5449    
   52.00      0.5022    
   53.00      0.4622    
   54.00      0.4244    
   55.00      0.3885    
   56.00      0.3545    
   57.00      0.3222    
   58.00      0.2917    
   59.00      0.2629    
   60.00      0.2361    
   61.00      0.2112    
   62.00      0.1884    
   63.00      0.1676    
   64.00      0.1489    
   65.00      0.1320    
   66.00      0.1170    
   67.00      0.1037    
   68.00      0.9192E-01
   69.00      0.8149E-01
   70.00      0.7226E-01
   71.00      0.6409E-01
   72.00      0.5683E-01
   73.00      0.5036E-01
   74.00      0.4459E-01
   75.00      0.3942E-01
   76.00      0.3480E-01
   77.00      0.3066E-01
   78.00      0.2697E-01
   79.00      0.2367E-01
   80.00      0.2074E-01
   81.00      0.1814E-01
   82.00      0.1586E-01
   83.00      0.1385E-01
   84.00      0.1209E-01
   85.00      0.1056E-01
   86.00      0.9229E-02
   87.00      0.8073E-02
   88.00      0.7069E-02
   89.00      0.6197E-02
   90.00      0.5439E-02
   91.00      0.4778E-02
   92.00      0.4200E-02
   93.00      0.3693E-02
   94.00      0.3248E-02
   95.00      0.2855E-02
   96.00      0.2509E-02
   97.00      0.2203E-02
   98.00      0.1933E-02
   99.00      0.1695E-02
   100.0      0.1486E-02
   101.0      0.1302E-02
   102.0      0.1141E-02
   103.0      0.1001E-02
   104.0      0.8781E-03
   105.0      0.7716E-03
   106.0      0.6792E-03
   107.0      0.5990E-03
   108.0      0.5295E-03
   109.0      0.4690E-03
   110.0      0.4164E-03
   111.0      0.3704E-03
   112.0      0.3300E-03
   113.0      0.2945E-03
   114.0      0.2631E-03
   115.0      0.2352E-03
   116.0      0.2103E-03
   117.0      0.1881E-03
   118.0      0.1683E-03
   119.0      0.1505E-03
   120.0      0.1346E-03
   121.0      0.1205E-03
   122.0      0.1078E-03
   123.0      0.9650E-04
   124.0      0.8647E-04
   125.0      0.7757E-04
   126.0      0.6969E-04
   127.0      0.6272E-04
   128.0      0.5655E-04
   129.0      0.5110E-04
   130.0      0.4626E-04
   131.0      0.4197E-04
   132.0      0.3814E-04
   133.0      0.3471E-04
   134.0      0.3161E-04
   135.0      0.2881E-04
   136.0      0.2626E-04
   137.0      0.2392E-04
   138.0      0.2176E-04
   139.0      0.1977E-04
   140.0      0.1792E-04
   141.0      0.1620E-04
   142.0      0.1461E-04
   143.0      0.1314E-04
   144.0      0.1178E-04
   145.0      0.1054E-04
   146.0      0.9413E-05
   147.0      0.8394E-05
   148.0      0.7486E-05
   149.0      0.6686E-05
   150.0      0.5993E-05
   151.0      0.5401E-05
   152.0      0.4907E-05
   153.0      0.4503E-05
   154.0      0.4183E-05
   155.0      0.3936E-05
   156.0      0.3753E-05
   157.0      0.3623E-05
   158.0      0.3537E-05
   159.0      0.3482E-05
   160.0      0.3448E-05
   161.0      0.3424E-05
   162.0      0.3403E-05
   163.0      0.3375E-05
   164.0      0.3335E-05
   165.0      0.3277E-05
   166.0      0.3199E-05
   167.0      0.3098E-05
   168.0      0.2976E-05
   169.0      0.2833E-05
   170.0      0.2674E-05
   171.0      0.2502E-05
   172.0      0.2324E-05
   173.0      0.2146E-05
   174.0      0.1974E-05
   175.0      0.1815E-05
   176.0      0.1675E-05
   177.0      0.1560E-05
   178.0      0.1474E-05
   179.0      0.1421E-05
   180.0      0.1403E-05
 END
