# Fusion cross sections for ELAB=  70.000, ECM=  63.596
     0.0   1.733     -1
     1.0   10.40      1
     1.0   15.59     -1
     2.0   8.680      1
     2.0   26.07     -1
     3.0   24.45      1
     3.0   36.66     -1
     4.0   15.79      1
     4.0   47.42     -1
     5.0   38.95      1
     5.0   58.38     -1
     6.0   23.17      1
     6.0   69.48     -1
     7.0   53.71      1
     7.0   80.64     -1
     8.0   30.82      1
     8.0   91.21     -1
     9.0   64.84      1
     9.0   99.32     -1
    10.0   35.84      1
    10.0   102.1     -1
    11.0   63.63      1
    11.0   96.24     -1
    12.0   25.63      1
    12.0   80.02     -1
    13.0   40.40      1
    13.0   58.36     -1
    14.0   11.73      1
    14.0   38.79     -1
    15.0   17.16      1
    15.0   24.53     -1
    16.0   4.548      1
    16.0   15.14     -1
    17.0   6.460      1
    17.0   9.236     -1
    18.0   1.684      1
    18.0   5.599     -1
    19.0   2.362      1
    19.0   3.379     -1
    20.0  0.6120      1
    20.0   2.033     -1
    21.0  0.8521      1
    21.0   1.219     -1
    22.0  0.2196      1
    22.0  0.7292     -1
    23.0  0.3041      1
    23.0  0.4350     -1
    24.0  0.7792E-01  1
    24.0  0.2589     -1
    25.0  0.1074      1
    25.0  0.1537     -1
    26.0  0.2739E-01  1
    26.0  0.9104E-01 -1
    27.0  0.3763E-01  1
    27.0  0.5382E-01 -1
    28.0  0.9547E-02  1
    28.0  0.3175E-01 -1
    29.0  0.1308E-01  1
    29.0  0.1870E-01 -1
    30.0  0.3303E-02  1
    30.0  0.1099E-01 -1
    31.0  0.4512E-02  1
    31.0  0.6450E-02 -1
    32.0  0.1136E-02  1
    32.0  0.3780E-02 -1
    33.0  0.1548E-02  1
    33.0  0.2212E-02 -1
    34.0  0.3882E-03  1
    34.0  0.1293E-02 -1
    35.0  0.5279E-03  1
    35.0  0.7545E-03 -1
    36.0  0.1321E-03  1
    36.0  0.4398E-03 -1
    37.0  0.1792E-03  1
    37.0  0.2561E-03 -1
    38.0  0.4472E-04  1
    38.0  0.1490E-03 -1
    39.0  0.6059E-04  1
    39.0  0.8657E-04 -1
    40.0  0.1508E-04  1
    40.0  0.5026E-04 -1
    41.0  0.2040E-04  1
    41.0  0.2915E-04 -1
    42.0  0.5068E-05  1
    42.0  0.1689E-04 -1
    43.0  0.6847E-05  1
    43.0  0.9781E-05 -1
    44.0  0.1698E-05  1
    44.0  0.5659E-05 -1
    45.0  0.2290E-05  1
    45.0  0.3272E-05 -1
    46.0  0.5669E-06  1
    46.0  0.1890E-05 -1
    47.0  0.7640E-06  1
    47.0  0.1091E-05 -1
    48.0  0.1888E-06  1
    48.0  0.6296E-06 -1
    49.0  0.2542E-06  1
    49.0  0.3630E-06 -1
    50.0  0.6272E-07  1
    50.0  0.2092E-06 -1
    51.0  0.8436E-07  1
    51.0  0.1205E-06 -1
    52.0  0.2079E-07  1
    52.0  0.6934E-07 -1
    53.0  0.2793E-07  1
    53.0  0.3989E-07 -1
    54.0  0.6875E-08  1
    54.0  0.2294E-07 -1
    55.0  0.9232E-08  1
    55.0  0.1318E-07 -1
    56.0  0.2270E-08  1
    56.0  0.7571E-08 -1
    57.0  0.3043E-08  1
    57.0  0.4346E-08 -1
    58.0  0.7480E-09  1
    58.0  0.2495E-08 -1
    59.0  0.1001E-08  1
    59.0  0.1430E-08 -1
    60.0  0.2460E-09  1
    60.0  0.8208E-09 -1
 &
