# 178 angles,  1 tensor ranks for 0=projectile
@subtitle   "20O + d Ex 8.575 2+;"                                                          
@legend ON
@legend x1 0.2
@legend y1 0.8
@g0 type LOGY
@yaxis ticklabel format power
@legend string   0 "Lab energy =   70.0000"
#legend string   0 "Partition=  1 Excit=  2 near/far= 1"
#  Theta       sigma       iT11        T20         T21         T22         Kyy for projectile
   3.000       14.79    
   4.000       13.98    
   5.000       13.66    
   6.000       14.14    
   7.000       15.53    
   8.000       17.80    
   9.000       20.69    
   10.00       23.83    
   11.00       26.76    
   12.00       29.05    
   13.00       30.37    
   14.00       30.51    
   15.00       29.45    
   16.00       27.30    
   17.00       24.34    
   18.00       20.88    
   19.00       17.29    
   20.00       13.91    
   21.00       10.99    
   22.00       8.710    
   23.00       7.131    
   24.00       6.235    
   25.00       5.924    
   26.00       6.054    
   27.00       6.460    
   28.00       6.980    
   29.00       7.474    
   30.00       7.836    
   31.00       8.005    
   32.00       7.956    
   33.00       7.699    
   34.00       7.269    
   35.00       6.718    
   36.00       6.102    
   37.00       5.473    
   38.00       4.877    
   39.00       4.346    
   40.00       3.898    
   41.00       3.539    
   42.00       3.263    
   43.00       3.058    
   44.00       2.905    
   45.00       2.785    
   46.00       2.681    
   47.00       2.577    
   48.00       2.463    
   49.00       2.332    
   50.00       2.183    
   51.00       2.017    
   52.00       1.839    
   53.00       1.654    
   54.00       1.470    
   55.00       1.292    
   56.00       1.126    
   57.00      0.9748    
   58.00      0.8422    
   59.00      0.7285    
   60.00      0.6335    
   61.00      0.5557    
   62.00      0.4929    
   63.00      0.4424    
   64.00      0.4017    
   65.00      0.3681    
   66.00      0.3394    
   67.00      0.3138    
   68.00      0.2899    
   69.00      0.2669    
   70.00      0.2444    
   71.00      0.2221    
   72.00      0.2002    
   73.00      0.1790    
   74.00      0.1587    
   75.00      0.1397    
   76.00      0.1223    
   77.00      0.1066    
   78.00      0.9276E-01
   79.00      0.8079E-01
   80.00      0.7060E-01
   81.00      0.6205E-01
   82.00      0.5492E-01
   83.00      0.4902E-01
   84.00      0.4410E-01
   85.00      0.3994E-01
   86.00      0.3637E-01
   87.00      0.3322E-01
   88.00      0.3037E-01
   89.00      0.2773E-01
   90.00      0.2525E-01
   91.00      0.2289E-01
   92.00      0.2065E-01
   93.00      0.1852E-01
   94.00      0.1652E-01
   95.00      0.1468E-01
   96.00      0.1299E-01
   97.00      0.1148E-01
   98.00      0.1015E-01
   99.00      0.8991E-02
   100.0      0.8011E-02
   101.0      0.7190E-02
   102.0      0.6512E-02
   103.0      0.5954E-02
   104.0      0.5497E-02
   105.0      0.5120E-02
   106.0      0.4803E-02
   107.0      0.4529E-02
   108.0      0.4284E-02
   109.0      0.4055E-02
   110.0      0.3833E-02
   111.0      0.3612E-02
   112.0      0.3390E-02
   113.0      0.3165E-02
   114.0      0.2936E-02
   115.0      0.2706E-02
   116.0      0.2479E-02
   117.0      0.2256E-02
   118.0      0.2041E-02
   119.0      0.1837E-02
   120.0      0.1644E-02
   121.0      0.1466E-02
   122.0      0.1303E-02
   123.0      0.1157E-02
   124.0      0.1028E-02
   125.0      0.9138E-03
   126.0      0.8145E-03
   127.0      0.7291E-03
   128.0      0.6571E-03
   129.0      0.5977E-03
   130.0      0.5496E-03
   131.0      0.5110E-03
   132.0      0.4802E-03
   133.0      0.4560E-03
   134.0      0.4375E-03
   135.0      0.4240E-03
   136.0      0.4146E-03
   137.0      0.4082E-03
   138.0      0.4040E-03
   139.0      0.4015E-03
   140.0      0.4003E-03
   141.0      0.4000E-03
   142.0      0.3998E-03
   143.0      0.3989E-03
   144.0      0.3970E-03
   145.0      0.3940E-03
   146.0      0.3901E-03
   147.0      0.3854E-03
   148.0      0.3797E-03
   149.0      0.3730E-03
   150.0      0.3650E-03
   151.0      0.3559E-03
   152.0      0.3461E-03
   153.0      0.3357E-03
   154.0      0.3248E-03
   155.0      0.3136E-03
   156.0      0.3025E-03
   157.0      0.2918E-03
   158.0      0.2818E-03
   159.0      0.2728E-03
   160.0      0.2646E-03
   161.0      0.2572E-03
   162.0      0.2506E-03
   163.0      0.2451E-03
   164.0      0.2408E-03
   165.0      0.2381E-03
   166.0      0.2367E-03
   167.0      0.2365E-03
   168.0      0.2373E-03
   169.0      0.2390E-03
   170.0      0.2414E-03
   171.0      0.2443E-03
   172.0      0.2477E-03
   173.0      0.2511E-03
   174.0      0.2546E-03
   175.0      0.2579E-03
   176.0      0.2612E-03
   177.0      0.2642E-03
   178.0      0.2668E-03
   179.0      0.2685E-03
   180.0      0.2691E-03
 END
