# 178 angles,  1 tensor ranks for 0=projectile
@subtitle   "p+O20 3- E. Khan reanalysis;"                                                  
@legend ON
@legend x1 0.2
@legend y1 0.8
@g0 type LOGY
@yaxis ticklabel format power
@legend string   0 "Lab energy =   43.2700"
#legend string   0 "Partition=  1 Excit=  1 near/far= 1"
#  Theta       sigma       iT11        T20         T21         T22         Kyy for projectile
   3.000      0.7972E+05
   4.000      0.2232E+05
   5.000       8709.    
   6.000       4603.    
   7.000       3156.    
   8.000       2570.    
   9.000       2285.    
   10.00       2105.    
   11.00       1959.    
   12.00       1820.    
   13.00       1681.    
   14.00       1539.    
   15.00       1396.    
   16.00       1253.    
   17.00       1114.    
   18.00       981.0    
   19.00       854.7    
   20.00       737.0    
   21.00       628.8    
   22.00       530.6    
   23.00       442.6    
   24.00       365.0    
   25.00       297.3    
   26.00       239.2    
   27.00       190.0    
   28.00       149.0    
   29.00       115.4    
   30.00       88.50    
   31.00       67.38    
   32.00       51.26    
   33.00       39.36    
   34.00       30.95    
   35.00       25.37    
   36.00       22.02    
   37.00       20.36    
   38.00       19.94    
   39.00       20.35    
   40.00       21.29    
   41.00       22.47    
   42.00       23.71    
   43.00       24.84    
   44.00       25.75    
   45.00       26.38    
   46.00       26.68    
   47.00       26.64    
   48.00       26.27    
   49.00       25.59    
   50.00       24.63    
   51.00       23.44    
   52.00       22.06    
   53.00       20.54    
   54.00       18.92    
   55.00       17.25    
   56.00       15.56    
   57.00       13.89    
   58.00       12.28    
   59.00       10.73    
   60.00       9.285    
   61.00       7.942    
   62.00       6.717    
   63.00       5.614    
   64.00       4.635    
   65.00       3.779    
   66.00       3.040    
   67.00       2.414    
   68.00       1.892    
   69.00       1.466    
   70.00       1.125    
   71.00      0.8601    
   72.00      0.6609    
   73.00      0.5178    
   74.00      0.4214    
   75.00      0.3630    
   76.00      0.3346    
   77.00      0.3291    
   78.00      0.3402    
   79.00      0.3624    
   80.00      0.3910    
   81.00      0.4222    
   82.00      0.4529    
   83.00      0.4809    
   84.00      0.5043    
   85.00      0.5219    
   86.00      0.5331    
   87.00      0.5376    
   88.00      0.5354    
   89.00      0.5269    
   90.00      0.5125    
   91.00      0.4929    
   92.00      0.4690    
   93.00      0.4414    
   94.00      0.4112    
   95.00      0.3790    
   96.00      0.3456    
   97.00      0.3119    
   98.00      0.2785    
   99.00      0.2459    
   100.0      0.2146    
   101.0      0.1851    
   102.0      0.1577    
   103.0      0.1325    
   104.0      0.1098    
   105.0      0.8960E-01
   106.0      0.7197E-01
   107.0      0.5685E-01
   108.0      0.4417E-01
   109.0      0.3379E-01
   110.0      0.2556E-01
   111.0      0.1931E-01
   112.0      0.1483E-01
   113.0      0.1192E-01
   114.0      0.1039E-01
   115.0      0.1001E-01
   116.0      0.1059E-01
   117.0      0.1194E-01
   118.0      0.1388E-01
   119.0      0.1624E-01
   120.0      0.1887E-01
   121.0      0.2164E-01
   122.0      0.2443E-01
   123.0      0.2715E-01
   124.0      0.2970E-01
   125.0      0.3203E-01
   126.0      0.3408E-01
   127.0      0.3582E-01
   128.0      0.3722E-01
   129.0      0.3828E-01
   130.0      0.3898E-01
   131.0      0.3935E-01
   132.0      0.3938E-01
   133.0      0.3910E-01
   134.0      0.3854E-01
   135.0      0.3773E-01
   136.0      0.3669E-01
   137.0      0.3547E-01
   138.0      0.3408E-01
   139.0      0.3257E-01
   140.0      0.3097E-01
   141.0      0.2930E-01
   142.0      0.2759E-01
   143.0      0.2588E-01
   144.0      0.2417E-01
   145.0      0.2249E-01
   146.0      0.2086E-01
   147.0      0.1929E-01
   148.0      0.1780E-01
   149.0      0.1638E-01
   150.0      0.1504E-01
   151.0      0.1380E-01
   152.0      0.1264E-01
   153.0      0.1157E-01
   154.0      0.1059E-01
   155.0      0.9693E-02
   156.0      0.8872E-02
   157.0      0.8126E-02
   158.0      0.7448E-02
   159.0      0.6832E-02
   160.0      0.6273E-02
   161.0      0.5766E-02
   162.0      0.5304E-02
   163.0      0.4884E-02
   164.0      0.4501E-02
   165.0      0.4151E-02
   166.0      0.3830E-02
   167.0      0.3537E-02
   168.0      0.3268E-02
   169.0      0.3023E-02
   170.0      0.2799E-02
   171.0      0.2596E-02
   172.0      0.2415E-02
   173.0      0.2254E-02
   174.0      0.2113E-02
   175.0      0.1993E-02
   176.0      0.1895E-02
   177.0      0.1818E-02
   178.0      0.1763E-02
   179.0      0.1729E-02
   180.0      0.1718E-02
 END
