# 181 angles,  1 tensor ranks for 0=projectile
@subtitle   "p+O20 2nd ex with BG ;"                                                        
@legend ON
@legend x1 0.2
@legend y1 0.8
@g0 type LOGY
@yaxis ticklabel format power
@legend string   0 "Lab energy =   35.0000"
#legend string   0 "Partition=  1 Excit=  1 near/far= 1"
#  Theta       sigma       iT11        T20         T21         T22         Kyy for projectile
  0.1000E-01  0.1288E+16
   1.000      0.1250E+08
   2.000      0.7225E+06
   3.000      0.1285E+06
   4.000      0.3665E+05
   5.000      0.1410E+05
   6.000       6973.    
   7.000       4320.    
   8.000       3198.    
   9.000       2655.    
   10.00       2348.    
   11.00       2138.    
   12.00       1968.    
   13.00       1815.    
   14.00       1668.    
   15.00       1525.    
   16.00       1383.    
   17.00       1246.    
   18.00       1113.    
   19.00       985.2    
   20.00       864.8    
   21.00       752.2    
   22.00       648.2    
   23.00       553.1    
   24.00       467.3    
   25.00       390.7    
   26.00       323.2    
   27.00       264.4    
   28.00       214.0    
   29.00       171.2    
   30.00       135.6    
   31.00       106.5    
   32.00       83.12    
   33.00       64.85    
   34.00       50.98    
   35.00       40.84    
   36.00       33.82    
   37.00       29.34    
   38.00       26.86    
   39.00       25.92    
   40.00       26.10    
   41.00       27.05    
   42.00       28.45    
   43.00       30.06    
   44.00       31.69    
   45.00       33.17    
   46.00       34.40    
   47.00       35.29    
   48.00       35.81    
   49.00       35.93    
   50.00       35.65    
   51.00       35.00    
   52.00       34.01    
   53.00       32.71    
   54.00       31.16    
   55.00       29.40    
   56.00       27.49    
   57.00       25.48    
   58.00       23.40    
   59.00       21.31    
   60.00       19.25    
   61.00       17.24    
   62.00       15.31    
   63.00       13.49    
   64.00       11.80    
   65.00       10.24    
   66.00       8.820    
   67.00       7.549    
   68.00       6.424    
   69.00       5.441    
   70.00       4.594    
   71.00       3.876    
   72.00       3.276    
   73.00       2.784    
   74.00       2.389    
   75.00       2.079    
   76.00       1.843    
   77.00       1.670    
   78.00       1.549    
   79.00       1.470    
   80.00       1.424    
   81.00       1.403    
   82.00       1.400    
   83.00       1.408    
   84.00       1.423    
   85.00       1.439    
   86.00       1.453    
   87.00       1.463    
   88.00       1.466    
   89.00       1.462    
   90.00       1.449    
   91.00       1.426    
   92.00       1.395    
   93.00       1.356    
   94.00       1.308    
   95.00       1.254    
   96.00       1.194    
   97.00       1.129    
   98.00       1.061    
   99.00      0.9902    
   100.0      0.9180    
   101.0      0.8454    
   102.0      0.7734    
   103.0      0.7028    
   104.0      0.6345    
   105.0      0.5689    
   106.0      0.5067    
   107.0      0.4483    
   108.0      0.3939    
   109.0      0.3439    
   110.0      0.2983    
   111.0      0.2571    
   112.0      0.2203    
   113.0      0.1879    
   114.0      0.1596    
   115.0      0.1353    
   116.0      0.1147    
   117.0      0.9760E-01
   118.0      0.8367E-01
   119.0      0.7264E-01
   120.0      0.6419E-01
   121.0      0.5803E-01
   122.0      0.5387E-01
   123.0      0.5141E-01
   124.0      0.5038E-01
   125.0      0.5051E-01
   126.0      0.5158E-01
   127.0      0.5333E-01
   128.0      0.5559E-01
   129.0      0.5815E-01
   130.0      0.6085E-01
   131.0      0.6355E-01
   132.0      0.6612E-01
   133.0      0.6846E-01
   134.0      0.7048E-01
   135.0      0.7212E-01
   136.0      0.7332E-01
   137.0      0.7404E-01
   138.0      0.7427E-01
   139.0      0.7400E-01
   140.0      0.7323E-01
   141.0      0.7198E-01
   142.0      0.7026E-01
   143.0      0.6813E-01
   144.0      0.6561E-01
   145.0      0.6274E-01
   146.0      0.5959E-01
   147.0      0.5621E-01
   148.0      0.5264E-01
   149.0      0.4896E-01
   150.0      0.4520E-01
   151.0      0.4144E-01
   152.0      0.3771E-01
   153.0      0.3408E-01
   154.0      0.3058E-01
   155.0      0.2727E-01
   156.0      0.2417E-01
   157.0      0.2132E-01
   158.0      0.1874E-01
   159.0      0.1646E-01
   160.0      0.1447E-01
   161.0      0.1280E-01
   162.0      0.1143E-01
   163.0      0.1037E-01
   164.0      0.9590E-02
   165.0      0.9086E-02
   166.0      0.8831E-02
   167.0      0.8798E-02
   168.0      0.8958E-02
   169.0      0.9279E-02
   170.0      0.9726E-02
   171.0      0.1026E-01
   172.0      0.1086E-01
   173.0      0.1148E-01
   174.0      0.1209E-01
   175.0      0.1266E-01
   176.0      0.1316E-01
   177.0      0.1358E-01
   178.0      0.1389E-01
   179.0      0.1408E-01
   180.0      0.1415E-01
 END
