# 178 angles,  1 tensor ranks for 0=projectile
@subtitle   "20O + d inelastic scattering;"                                                 
@legend ON
@legend x1 0.2
@legend y1 0.8
@g0 type LOGY
@yaxis ticklabel format power
@legend string   0 "Lab energy =   70.0000"
#legend string   0 "Partition=  1 Excit=  2 near/far= 1"
#  Theta       sigma       iT11        T20         T21         T22         Kyy for projectile
   3.000       5.215    
   4.000       4.696    
   5.000       4.260    
   6.000       4.101    
   7.000       4.362    
   8.000       5.067    
   9.000       6.111    
   10.00       7.310    
   11.00       8.473    
   12.00       9.444    
   13.00       10.11    
   14.00       10.39    
   15.00       10.24    
   16.00       9.664    
   17.00       8.715    
   18.00       7.516    
   19.00       6.218    
   20.00       4.968    
   21.00       3.879    
   22.00       3.021    
   23.00       2.422    
   24.00       2.078    
   25.00       1.958    
   26.00       2.011    
   27.00       2.170    
   28.00       2.370    
   29.00       2.554    
   30.00       2.682    
   31.00       2.729    
   32.00       2.689    
   33.00       2.567    
   34.00       2.378    
   35.00       2.143    
   36.00       1.889    
   37.00       1.639    
   38.00       1.411    
   39.00       1.217    
   40.00       1.065    
   41.00      0.9537    
   42.00      0.8807    
   43.00      0.8388    
   44.00      0.8183    
   45.00      0.8090    
   46.00      0.8017    
   47.00      0.7900    
   48.00      0.7700    
   49.00      0.7397    
   50.00      0.6989    
   51.00      0.6484    
   52.00      0.5901    
   53.00      0.5272    
   54.00      0.4628    
   55.00      0.4004    
   56.00      0.3423    
   57.00      0.2902    
   58.00      0.2451    
   59.00      0.2074    
   60.00      0.1768    
   61.00      0.1529    
   62.00      0.1346    
   63.00      0.1208    
   64.00      0.1102    
   65.00      0.1018    
   66.00      0.9484E-01
   67.00      0.8866E-01
   68.00      0.8278E-01
   69.00      0.7687E-01
   70.00      0.7076E-01
   71.00      0.6445E-01
   72.00      0.5801E-01
   73.00      0.5160E-01
   74.00      0.4536E-01
   75.00      0.3944E-01
   76.00      0.3396E-01
   77.00      0.2900E-01
   78.00      0.2463E-01
   79.00      0.2085E-01
   80.00      0.1764E-01
   81.00      0.1497E-01
   82.00      0.1278E-01
   83.00      0.1103E-01
   84.00      0.9628E-02
   85.00      0.8504E-02
   86.00      0.7586E-02
   87.00      0.6829E-02
   88.00      0.6201E-02
   89.00      0.5680E-02
   90.00      0.5233E-02
   91.00      0.4831E-02
   92.00      0.4451E-02
   93.00      0.4088E-02
   94.00      0.3748E-02
   95.00      0.3436E-02
   96.00      0.3149E-02
   97.00      0.2877E-02
   98.00      0.2614E-02
   99.00      0.2360E-02
   100.0      0.2123E-02
   101.0      0.1910E-02
   102.0      0.1718E-02
   103.0      0.1542E-02
   104.0      0.1373E-02
   105.0      0.1212E-02
   106.0      0.1064E-02
   107.0      0.9326E-03
   108.0      0.8211E-03
   109.0      0.7249E-03
   110.0      0.6389E-03
   111.0      0.5611E-03
   112.0      0.4929E-03
   113.0      0.4371E-03
   114.0      0.3951E-03
   115.0      0.3649E-03
   116.0      0.3419E-03
   117.0      0.3227E-03
   118.0      0.3069E-03
   119.0      0.2956E-03
   120.0      0.2895E-03
   121.0      0.2878E-03
   122.0      0.2878E-03
   123.0      0.2861E-03
   124.0      0.2811E-03
   125.0      0.2744E-03
   126.0      0.2675E-03
   127.0      0.2611E-03
   128.0      0.2542E-03
   129.0      0.2453E-03
   130.0      0.2331E-03
   131.0      0.2181E-03
   132.0      0.2030E-03
   133.0      0.1895E-03
   134.0      0.1772E-03
   135.0      0.1648E-03
   136.0      0.1514E-03
   137.0      0.1370E-03
   138.0      0.1230E-03
   139.0      0.1115E-03
   140.0      0.1031E-03
   141.0      0.9597E-04
   142.0      0.8864E-04
   143.0      0.8114E-04
   144.0      0.7429E-04
   145.0      0.6918E-04
   146.0      0.6652E-04
   147.0      0.6533E-04
   148.0      0.6343E-04
   149.0      0.6014E-04
   150.0      0.5707E-04
   151.0      0.5583E-04
   152.0      0.5675E-04
   153.0      0.5909E-04
   154.0      0.6092E-04
   155.0      0.6013E-04
   156.0      0.5703E-04
   157.0      0.5444E-04
   158.0      0.5443E-04
   159.0      0.5669E-04
   160.0      0.5973E-04
   161.0      0.6160E-04
   162.0      0.6046E-04
   163.0      0.5676E-04
   164.0      0.5346E-04
   165.0      0.5267E-04
   166.0      0.5374E-04
   167.0      0.5521E-04
   168.0      0.5583E-04
   169.0      0.5424E-04
   170.0      0.5034E-04
   171.0      0.4643E-04
   172.0      0.4467E-04
   173.0      0.4492E-04
   174.0      0.4626E-04
   175.0      0.4792E-04
   176.0      0.4828E-04
   177.0      0.4637E-04
   178.0      0.4405E-04
   179.0      0.4344E-04
   180.0      0.4367E-04
 END
