# 178 angles,  1 tensor ranks for 0=projectile
@subtitle   "20O + d inelastic scattering;"                                                 
@legend ON
@legend x1 0.2
@legend y1 0.8
@g0 type LOGY
@yaxis ticklabel format power
@legend string   0 "Lab energy =   70.0000"
#legend string   0 "Partition=  1 Excit=  2 near/far= 1"
#  Theta       sigma       iT11        T20         T21         T22         Kyy for projectile
   3.000       1.614    
   4.000       2.098    
   5.000       2.627    
   6.000       3.144    
   7.000       3.603    
   8.000       3.982    
   9.000       4.289    
   10.00       4.552    
   11.00       4.804    
   12.00       5.074    
   13.00       5.375    
   14.00       5.703    
   15.00       6.034    
   16.00       6.332    
   17.00       6.552    
   18.00       6.653    
   19.00       6.603    
   20.00       6.389    
   21.00       6.019    
   22.00       5.518    
   23.00       4.927    
   24.00       4.292    
   25.00       3.663    
   26.00       3.085    
   27.00       2.593    
   28.00       2.211    
   29.00       1.947    
   30.00       1.797    
   31.00       1.743    
   32.00       1.762    
   33.00       1.824    
   34.00       1.903    
   35.00       1.974    
   36.00       2.017    
   37.00       2.021    
   38.00       1.980    
   39.00       1.897    
   40.00       1.778    
   41.00       1.632    
   42.00       1.470    
   43.00       1.304    
   44.00       1.145    
   45.00      0.9999    
   46.00      0.8745    
   47.00      0.7713    
   48.00      0.6903    
   49.00      0.6295    
   50.00      0.5857    
   51.00      0.5547    
   52.00      0.5322    
   53.00      0.5140    
   54.00      0.4966    
   55.00      0.4774    
   56.00      0.4548    
   57.00      0.4282    
   58.00      0.3975    
   59.00      0.3635    
   60.00      0.3273    
   61.00      0.2901    
   62.00      0.2532    
   63.00      0.2179    
   64.00      0.1851    
   65.00      0.1556    
   66.00      0.1299    
   67.00      0.1080    
   68.00      0.8984E-01
   69.00      0.7519E-01
   70.00      0.6364E-01
   71.00      0.5469E-01
   72.00      0.4784E-01
   73.00      0.4262E-01
   74.00      0.3857E-01
   75.00      0.3535E-01
   76.00      0.3264E-01
   77.00      0.3022E-01
   78.00      0.2795E-01
   79.00      0.2574E-01
   80.00      0.2355E-01
   81.00      0.2137E-01
   82.00      0.1921E-01
   83.00      0.1710E-01
   84.00      0.1508E-01
   85.00      0.1318E-01
   86.00      0.1142E-01
   87.00      0.9816E-02
   88.00      0.8384E-02
   89.00      0.7119E-02
   90.00      0.6017E-02
   91.00      0.5071E-02
   92.00      0.4270E-02
   93.00      0.3600E-02
   94.00      0.3045E-02
   95.00      0.2589E-02
   96.00      0.2217E-02
   97.00      0.1919E-02
   98.00      0.1685E-02
   99.00      0.1505E-02
   100.0      0.1370E-02
   101.0      0.1272E-02
   102.0      0.1202E-02
   103.0      0.1156E-02
   104.0      0.1128E-02
   105.0      0.1113E-02
   106.0      0.1106E-02
   107.0      0.1102E-02
   108.0      0.1096E-02
   109.0      0.1087E-02
   110.0      0.1071E-02
   111.0      0.1048E-02
   112.0      0.1016E-02
   113.0      0.9753E-03
   114.0      0.9265E-03
   115.0      0.8697E-03
   116.0      0.8063E-03
   117.0      0.7378E-03
   118.0      0.6663E-03
   119.0      0.5941E-03
   120.0      0.5232E-03
   121.0      0.4550E-03
   122.0      0.3909E-03
   123.0      0.3321E-03
   124.0      0.2799E-03
   125.0      0.2351E-03
   126.0      0.1981E-03
   127.0      0.1688E-03
   128.0      0.1466E-03
   129.0      0.1309E-03
   130.0      0.1213E-03
   131.0      0.1173E-03
   132.0      0.1183E-03
   133.0      0.1231E-03
   134.0      0.1305E-03
   135.0      0.1395E-03
   136.0      0.1491E-03
   137.0      0.1588E-03
   138.0      0.1683E-03
   139.0      0.1769E-03
   140.0      0.1840E-03
   141.0      0.1892E-03
   142.0      0.1924E-03
   143.0      0.1935E-03
   144.0      0.1930E-03
   145.0      0.1907E-03
   146.0      0.1865E-03
   147.0      0.1804E-03
   148.0      0.1726E-03
   149.0      0.1637E-03
   150.0      0.1541E-03
   151.0      0.1444E-03
   152.0      0.1347E-03
   153.0      0.1247E-03
   154.0      0.1145E-03
   155.0      0.1043E-03
   156.0      0.9455E-04
   157.0      0.8552E-04
   158.0      0.7739E-04
   159.0      0.7009E-04
   160.0      0.6349E-04
   161.0      0.5752E-04
   162.0      0.5222E-04
   163.0      0.4768E-04
   164.0      0.4384E-04
   165.0      0.4054E-04
   166.0      0.3765E-04
   167.0      0.3514E-04
   168.0      0.3305E-04
   169.0      0.3149E-04
   170.0      0.3042E-04
   171.0      0.2964E-04
   172.0      0.2885E-04
   173.0      0.2791E-04
   174.0      0.2689E-04
   175.0      0.2602E-04
   176.0      0.2561E-04
   177.0      0.2580E-04
   178.0      0.2642E-04
   179.0      0.2706E-04
   180.0      0.2732E-04
 END
