# 178 angles,  1 tensor ranks for 0=projectile
@subtitle   "20O + d 2+2 inelastic;"                                                        
@legend ON
@legend x1 0.2
@legend y1 0.8
@g0 type LOGY
@yaxis ticklabel format power
@legend string   0 "Lab energy =   70.0000"
#legend string   0 "Partition=  1 Excit=  1 near/far= 1"
#  Theta       sigma       iT11        T20         T21         T22         Kyy for projectile
   3.000      0.2727E+05
   4.000      0.1165E+05
   5.000       8323.    
   6.000       6837.    
   7.000       5615.    
   8.000       4445.    
   9.000       3355.    
   10.00       2399.    
   11.00       1611.    
   12.00       1006.    
   13.00       573.2    
   14.00       291.6    
   15.00       131.3    
   16.00       60.32    
   17.00       48.56    
   18.00       70.29    
   19.00       105.6    
   20.00       140.8    
   21.00       167.5    
   22.00       182.1    
   23.00       184.2    
   24.00       175.8    
   25.00       159.7    
   26.00       139.3    
   27.00       117.5    
   28.00       96.51    
   29.00       78.03    
   30.00       62.86    
   31.00       51.20    
   32.00       42.82    
   33.00       37.17    
   34.00       33.58    
   35.00       31.37    
   36.00       29.93    
   37.00       28.80    
   38.00       27.63    
   39.00       26.23    
   40.00       24.54    
   41.00       22.56    
   42.00       20.36    
   43.00       18.06    
   44.00       15.76    
   45.00       13.56    
   46.00       11.54    
   47.00       9.748    
   48.00       8.207    
   49.00       6.921    
   50.00       5.874    
   51.00       5.038    
   52.00       4.379    
   53.00       3.859    
   54.00       3.444    
   55.00       3.105    
   56.00       2.816    
   57.00       2.560    
   58.00       2.324    
   59.00       2.102    
   60.00       1.889    
   61.00       1.686    
   62.00       1.493    
   63.00       1.312    
   64.00       1.146    
   65.00      0.9958    
   66.00      0.8626    
   67.00      0.7466    
   68.00      0.6471    
   69.00      0.5630    
   70.00      0.4926    
   71.00      0.4340    
   72.00      0.3852    
   73.00      0.3444    
   74.00      0.3098    
   75.00      0.2799    
   76.00      0.2535    
   77.00      0.2298    
   78.00      0.2080    
   79.00      0.1878    
   80.00      0.1690    
   81.00      0.1513    
   82.00      0.1349    
   83.00      0.1197    
   84.00      0.1058    
   85.00      0.9320E-01
   86.00      0.8196E-01
   87.00      0.7202E-01
   88.00      0.6334E-01
   89.00      0.5583E-01
   90.00      0.4938E-01
   91.00      0.4388E-01
   92.00      0.3919E-01
   93.00      0.3518E-01
   94.00      0.3173E-01
   95.00      0.2874E-01
   96.00      0.2610E-01
   97.00      0.2374E-01
   98.00      0.2160E-01
   99.00      0.1964E-01
   100.0      0.1781E-01
   101.0      0.1610E-01
   102.0      0.1450E-01
   103.0      0.1301E-01
   104.0      0.1161E-01
   105.0      0.1033E-01
   106.0      0.9142E-02
   107.0      0.8066E-02
   108.0      0.7098E-02
   109.0      0.6236E-02
   110.0      0.5476E-02
   111.0      0.4813E-02
   112.0      0.4239E-02
   113.0      0.3747E-02
   114.0      0.3327E-02
   115.0      0.2969E-02
   116.0      0.2665E-02
   117.0      0.2405E-02
   118.0      0.2182E-02
   119.0      0.1988E-02
   120.0      0.1817E-02
   121.0      0.1665E-02
   122.0      0.1526E-02
   123.0      0.1398E-02
   124.0      0.1279E-02
   125.0      0.1167E-02
   126.0      0.1062E-02
   127.0      0.9622E-03
   128.0      0.8682E-03
   129.0      0.7800E-03
   130.0      0.6977E-03
   131.0      0.6215E-03
   132.0      0.5515E-03
   133.0      0.4879E-03
   134.0      0.4306E-03
   135.0      0.3794E-03
   136.0      0.3341E-03
   137.0      0.2944E-03
   138.0      0.2599E-03
   139.0      0.2300E-03
   140.0      0.2044E-03
   141.0      0.1826E-03
   142.0      0.1640E-03
   143.0      0.1481E-03
   144.0      0.1347E-03
   145.0      0.1232E-03
   146.0      0.1133E-03
   147.0      0.1048E-03
   148.0      0.9744E-04
   149.0      0.9092E-04
   150.0      0.8509E-04
   151.0      0.7980E-04
   152.0      0.7493E-04
   153.0      0.7035E-04
   154.0      0.6598E-04
   155.0      0.6173E-04
   156.0      0.5757E-04
   157.0      0.5344E-04
   158.0      0.4934E-04
   159.0      0.4527E-04
   160.0      0.4126E-04
   161.0      0.3735E-04
   162.0      0.3362E-04
   163.0      0.3014E-04
   164.0      0.2700E-04
   165.0      0.2429E-04
   166.0      0.2209E-04
   167.0      0.2046E-04
   168.0      0.1945E-04
   169.0      0.1906E-04
   170.0      0.1928E-04
   171.0      0.2006E-04
   172.0      0.2131E-04
   173.0      0.2291E-04
   174.0      0.2473E-04
   175.0      0.2662E-04
   176.0      0.2843E-04
   177.0      0.3000E-04
   178.0      0.3123E-04
   179.0      0.3200E-04
   180.0      0.3226E-04
 END
