# 178 angles,  1 tensor ranks for 0=projectile
@subtitle   "20O + d 2+2 inelastic;"                                                        
@legend ON
@legend x1 0.2
@legend y1 0.8
@g0 type LOGY
@yaxis ticklabel format power
@legend string   0 "Lab energy =   70.0000"
#legend string   0 "Partition=  1 Excit=  2 near/far= 1"
#  Theta       sigma       iT11        T20         T21         T22         Kyy for projectile
   3.000       9.941    
   4.000       9.064    
   5.000       8.500    
   6.000       8.608    
   7.000       9.612    
   8.000       11.48    
   9.000       13.95    
   10.00       16.60    
   11.00       19.02    
   12.00       20.87    
   13.00       21.92    
   14.00       22.07    
   15.00       21.27    
   16.00       19.63    
   17.00       17.33    
   18.00       14.68    
   19.00       11.98    
   20.00       9.518    
   21.00       7.479    
   22.00       5.965    
   23.00       4.996    
   24.00       4.526    
   25.00       4.460    
   26.00       4.675    
   27.00       5.032    
   28.00       5.409    
   29.00       5.707    
   30.00       5.869    
   31.00       5.867    
   32.00       5.701    
   33.00       5.394    
   34.00       4.982    
   35.00       4.509    
   36.00       4.021    
   37.00       3.555    
   38.00       3.139    
   39.00       2.788    
   40.00       2.505    
   41.00       2.290    
   42.00       2.132    
   43.00       2.018    
   44.00       1.933    
   45.00       1.860    
   46.00       1.786    
   47.00       1.704    
   48.00       1.609    
   49.00       1.501    
   50.00       1.382    
   51.00       1.254    
   52.00       1.121    
   53.00      0.9897    
   54.00      0.8638    
   55.00      0.7475    
   56.00      0.6432    
   57.00      0.5523    
   58.00      0.4752    
   59.00      0.4115    
   60.00      0.3601    
   61.00      0.3191    
   62.00      0.2863    
   63.00      0.2598    
   64.00      0.2377    
   65.00      0.2184    
   66.00      0.2010    
   67.00      0.1845    
   68.00      0.1684    
   69.00      0.1526    
   70.00      0.1371    
   71.00      0.1222    
   72.00      0.1081    
   73.00      0.9489E-01
   74.00      0.8269E-01
   75.00      0.7168E-01
   76.00      0.6203E-01
   77.00      0.5378E-01
   78.00      0.4685E-01
   79.00      0.4106E-01
   80.00      0.3624E-01
   81.00      0.3226E-01
   82.00      0.2899E-01
   83.00      0.2631E-01
   84.00      0.2404E-01
   85.00      0.2200E-01
   86.00      0.2010E-01
   87.00      0.1831E-01
   88.00      0.1665E-01
   89.00      0.1510E-01
   90.00      0.1364E-01
   91.00      0.1225E-01
   92.00      0.1092E-01
   93.00      0.9680E-02
   94.00      0.8570E-02
   95.00      0.7599E-02
   96.00      0.6753E-02
   97.00      0.6011E-02
   98.00      0.5366E-02
   99.00      0.4825E-02
   100.0      0.4388E-02
   101.0      0.4037E-02
   102.0      0.3744E-02
   103.0      0.3485E-02
   104.0      0.3251E-02
   105.0      0.3041E-02
   106.0      0.2855E-02
   107.0      0.2680E-02
   108.0      0.2506E-02
   109.0      0.2326E-02
   110.0      0.2145E-02
   111.0      0.1972E-02
   112.0      0.1808E-02
   113.0      0.1648E-02
   114.0      0.1488E-02
   115.0      0.1334E-02
   116.0      0.1195E-02
   117.0      0.1075E-02
   118.0      0.9709E-03
   119.0      0.8730E-03
   120.0      0.7776E-03
   121.0      0.6902E-03
   122.0      0.6203E-03
   123.0      0.5711E-03
   124.0      0.5358E-03
   125.0      0.5037E-03
   126.0      0.4681E-03
   127.0      0.4307E-03
   128.0      0.3986E-03
   129.0      0.3756E-03
   130.0      0.3583E-03
   131.0      0.3405E-03
   132.0      0.3199E-03
   133.0      0.2993E-03
   134.0      0.2826E-03
   135.0      0.2701E-03
   136.0      0.2576E-03
   137.0      0.2397E-03
   138.0      0.2163E-03
   139.0      0.1932E-03
   140.0      0.1768E-03
   141.0      0.1678E-03
   142.0      0.1621E-03
   143.0      0.1541E-03
   144.0      0.1414E-03
   145.0      0.1263E-03
   146.0      0.1133E-03
   147.0      0.1046E-03
   148.0      0.9827E-04
   149.0      0.9196E-04
   150.0      0.8557E-04
   151.0      0.8037E-04
   152.0      0.7714E-04
   153.0      0.7538E-04
   154.0      0.7291E-04
   155.0      0.6760E-04
   156.0      0.6031E-04
   157.0      0.5453E-04
   158.0      0.5226E-04
   159.0      0.5232E-04
   160.0      0.5250E-04
   161.0      0.5121E-04
   162.0      0.4786E-04
   163.0      0.4363E-04
   164.0      0.4070E-04
   165.0      0.3929E-04
   166.0      0.3762E-04
   167.0      0.3516E-04
   168.0      0.3322E-04
   169.0      0.3240E-04
   170.0      0.3222E-04
   171.0      0.3245E-04
   172.0      0.3259E-04
   173.0      0.3183E-04
   174.0      0.3090E-04
   175.0      0.3147E-04
   176.0      0.3327E-04
   177.0      0.3482E-04
   178.0      0.3640E-04
   179.0      0.3865E-04
   180.0      0.3989E-04
 END
