# 178 angles,  1 tensor ranks for 0=projectile
@subtitle   "p+O20 with CH89;"                                                              
@legend ON
@legend x1 0.2
@legend y1 0.8
@g0 type LOGY
@yaxis ticklabel format power
@legend string   0 "Lab energy =   35.0000"
#legend string   0 "Partition=  1 Excit=  1 near/far= 1"
#  Theta       sigma       iT11        T20         T21         T22         Kyy for projectile
   3.000      0.1305E+06
   4.000      0.3757E+05
   5.000      0.1455E+05
   6.000       7191.    
   7.000       4411.    
   8.000       3218.    
   9.000       2637.    
   10.00       2310.    
   11.00       2092.    
   12.00       1923.    
   13.00       1774.    
   14.00       1636.    
   15.00       1502.    
   16.00       1371.    
   17.00       1244.    
   18.00       1122.    
   19.00       1004.    
   20.00       892.2    
   21.00       787.5    
   22.00       690.2    
   23.00       600.8    
   24.00       519.5    
   25.00       446.5    
   26.00       381.7    
   27.00       324.8    
   28.00       275.5    
   29.00       233.3    
   30.00       197.8    
   31.00       168.4    
   32.00       144.5    
   33.00       125.5    
   34.00       110.8    
   35.00       99.71    
   36.00       91.73    
   37.00       86.28    
   38.00       82.87    
   39.00       81.04    
   40.00       80.37    
   41.00       80.50    
   42.00       81.12    
   43.00       81.98    
   44.00       82.85    
   45.00       83.57    
   46.00       84.01    
   47.00       84.08    
   48.00       83.72    
   49.00       82.91    
   50.00       81.63    
   51.00       79.90    
   52.00       77.76    
   53.00       75.24    
   54.00       72.39    
   55.00       69.28    
   56.00       65.95    
   57.00       62.46    
   58.00       58.88    
   59.00       55.25    
   60.00       51.63    
   61.00       48.07    
   62.00       44.59    
   63.00       41.23    
   64.00       38.03    
   65.00       35.00    
   66.00       32.15    
   67.00       29.51    
   68.00       27.07    
   69.00       24.83    
   70.00       22.80    
   71.00       20.96    
   72.00       19.32    
   73.00       17.85    
   74.00       16.55    
   75.00       15.41    
   76.00       14.41    
   77.00       13.53    
   78.00       12.77    
   79.00       12.11    
   80.00       11.54    
   81.00       11.04    
   82.00       10.61    
   83.00       10.22    
   84.00       9.885    
   85.00       9.581    
   86.00       9.303    
   87.00       9.045    
   88.00       8.802    
   89.00       8.569    
   90.00       8.342    
   91.00       8.117    
   92.00       7.892    
   93.00       7.666    
   94.00       7.437    
   95.00       7.204    
   96.00       6.968    
   97.00       6.727    
   98.00       6.483    
   99.00       6.235    
   100.0       5.985    
   101.0       5.734    
   102.0       5.482    
   103.0       5.231    
   104.0       4.982    
   105.0       4.736    
   106.0       4.495    
   107.0       4.259    
   108.0       4.030    
   109.0       3.809    
   110.0       3.596    
   111.0       3.393    
   112.0       3.200    
   113.0       3.019    
   114.0       2.849    
   115.0       2.691    
   116.0       2.546    
   117.0       2.413    
   118.0       2.292    
   119.0       2.184    
   120.0       2.088    
   121.0       2.003    
   122.0       1.929    
   123.0       1.866    
   124.0       1.811    
   125.0       1.766    
   126.0       1.728    
   127.0       1.697    
   128.0       1.671    
   129.0       1.649    
   130.0       1.632    
   131.0       1.617    
   132.0       1.603    
   133.0       1.590    
   134.0       1.577    
   135.0       1.563    
   136.0       1.548    
   137.0       1.532    
   138.0       1.513    
   139.0       1.493    
   140.0       1.470    
   141.0       1.446    
   142.0       1.421    
   143.0       1.395    
   144.0       1.368    
   145.0       1.343    
   146.0       1.318    
   147.0       1.296    
   148.0       1.278    
   149.0       1.264    
   150.0       1.255    
   151.0       1.252    
   152.0       1.256    
   153.0       1.268    
   154.0       1.289    
   155.0       1.319    
   156.0       1.358    
   157.0       1.407    
   158.0       1.466    
   159.0       1.535    
   160.0       1.613    
   161.0       1.699    
   162.0       1.794    
   163.0       1.896    
   164.0       2.003    
   165.0       2.116    
   166.0       2.232    
   167.0       2.349    
   168.0       2.467    
   169.0       2.584    
   170.0       2.698    
   171.0       2.806    
   172.0       2.909    
   173.0       3.004    
   174.0       3.089    
   175.0       3.163    
   176.0       3.226    
   177.0       3.276    
   178.0       3.312    
   179.0       3.334    
   180.0       3.341    
 END
