# 178 angles,  1 tensor ranks for 0=projectile
@subtitle   "20O(d,t) @ 30AMeV Daeh (d) + Pang (t)"                                         
@legend ON
@legend x1 0.2
@legend y1 0.8
@g0 type LOGY
@yaxis ticklabel format power
@legend string   0 "Lab energy =   70.0000"
#legend string   0 "Partition=  2 Excit=  3 near/far= 1"
#  Theta       sigma       iT11        T20         T21         T22         Kyy for projectile
   3.000       6.710    
   4.000       6.551    
   5.000       6.371    
   6.000       6.164    
   7.000       5.916    
   8.000       5.606    
   9.000       5.214    
   10.00       4.733    
   11.00       4.170    
   12.00       3.550    
   13.00       2.908    
   14.00       2.288    
   15.00       1.729    
   16.00       1.262    
   17.00      0.9043    
   18.00      0.6591    
   19.00      0.5170    
   20.00      0.4595    
   21.00      0.4634    
   22.00      0.5056    
   23.00      0.5657    
   24.00      0.6289    
   25.00      0.6860    
   26.00      0.7335    
   27.00      0.7715    
   28.00      0.8029    
   29.00      0.8313    
   30.00      0.8598    
   31.00      0.8903    
   32.00      0.9229    
   33.00      0.9565    
   34.00      0.9886    
   35.00       1.016    
   36.00       1.037    
   37.00       1.048    
   38.00       1.048    
   39.00       1.037    
   40.00       1.014    
   41.00      0.9820    
   42.00      0.9415    
   43.00      0.8950    
   44.00      0.8446    
   45.00      0.7923    
   46.00      0.7397    
   47.00      0.6883    
   48.00      0.6387    
   49.00      0.5916    
   50.00      0.5471    
   51.00      0.5053    
   52.00      0.4659    
   53.00      0.4288    
   54.00      0.3937    
   55.00      0.3605    
   56.00      0.3291    
   57.00      0.2993    
   58.00      0.2712    
   59.00      0.2448    
   60.00      0.2202    
   61.00      0.1974    
   62.00      0.1764    
   63.00      0.1572    
   64.00      0.1398    
   65.00      0.1241    
   66.00      0.1100    
   67.00      0.9753E-01
   68.00      0.8640E-01
   69.00      0.7653E-01
   70.00      0.6779E-01
   71.00      0.6004E-01
   72.00      0.5316E-01
   73.00      0.4704E-01
   74.00      0.4160E-01
   75.00      0.3675E-01
   76.00      0.3242E-01
   77.00      0.2856E-01
   78.00      0.2511E-01
   79.00      0.2204E-01
   80.00      0.1932E-01
   81.00      0.1691E-01
   82.00      0.1478E-01
   83.00      0.1291E-01
   84.00      0.1127E-01
   85.00      0.9833E-02
   86.00      0.8583E-02
   87.00      0.7495E-02
   88.00      0.6550E-02
   89.00      0.5729E-02
   90.00      0.5016E-02
   91.00      0.4395E-02
   92.00      0.3854E-02
   93.00      0.3381E-02
   94.00      0.2967E-02
   95.00      0.2604E-02
   96.00      0.2285E-02
   97.00      0.2005E-02
   98.00      0.1758E-02
   99.00      0.1540E-02
   100.0      0.1349E-02
   101.0      0.1182E-02
   102.0      0.1035E-02
   103.0      0.9063E-03
   104.0      0.7943E-03
   105.0      0.6967E-03
   106.0      0.6118E-03
   107.0      0.5381E-03
   108.0      0.4742E-03
   109.0      0.4186E-03
   110.0      0.3704E-03
   111.0      0.3283E-03
   112.0      0.2916E-03
   113.0      0.2594E-03
   114.0      0.2312E-03
   115.0      0.2062E-03
   116.0      0.1842E-03
   117.0      0.1646E-03
   118.0      0.1472E-03
   119.0      0.1317E-03
   120.0      0.1179E-03
   121.0      0.1056E-03
   122.0      0.9465E-04
   123.0      0.8491E-04
   124.0      0.7625E-04
   125.0      0.6856E-04
   126.0      0.6174E-04
   127.0      0.5570E-04
   128.0      0.5034E-04
   129.0      0.4558E-04
   130.0      0.4134E-04
   131.0      0.3757E-04
   132.0      0.3419E-04
   133.0      0.3115E-04
   134.0      0.2841E-04
   135.0      0.2591E-04
   136.0      0.2364E-04
   137.0      0.2155E-04
   138.0      0.1962E-04
   139.0      0.1784E-04
   140.0      0.1619E-04
   141.0      0.1465E-04
   142.0      0.1323E-04
   143.0      0.1192E-04
   144.0      0.1070E-04
   145.0      0.9588E-05
   146.0      0.8573E-05
   147.0      0.7657E-05
   148.0      0.6837E-05
   149.0      0.6114E-05
   150.0      0.5484E-05
   151.0      0.4946E-05
   152.0      0.4496E-05
   153.0      0.4128E-05
   154.0      0.3836E-05
   155.0      0.3613E-05
   156.0      0.3450E-05
   157.0      0.3338E-05
   158.0      0.3268E-05
   159.0      0.3230E-05
   160.0      0.3214E-05
   161.0      0.3211E-05
   162.0      0.3213E-05
   163.0      0.3212E-05
   164.0      0.3202E-05
   165.0      0.3178E-05
   166.0      0.3137E-05
   167.0      0.3076E-05
   168.0      0.2996E-05
   169.0      0.2898E-05
   170.0      0.2785E-05
   171.0      0.2660E-05
   172.0      0.2527E-05
   173.0      0.2393E-05
   174.0      0.2261E-05
   175.0      0.2139E-05
   176.0      0.2030E-05
   177.0      0.1941E-05
   178.0      0.1874E-05
   179.0      0.1832E-05
   180.0      0.1818E-05
 END
