# Fusion cross sections for ELAB=  70.000, ECM=  63.596
     0.0   1.730       1.754      0.2380E-01
     1.0   15.57       15.78      0.2114    
     2.0   26.03       26.36      0.3303    
     3.0   36.63       37.04      0.4116    
     4.0   47.39       47.84      0.4511    
     5.0   58.37       58.82      0.4497    
     6.0   69.48       69.90      0.4176    
     7.0   80.66       81.04      0.3722    
     8.0   91.26       91.61      0.3537    
     9.0   99.40       99.80      0.3967    
    10.0   102.2       102.7      0.4926    
    11.0   96.42       97.06      0.6397    
    12.0   80.24       81.03      0.7885    
    13.0   58.59       59.39      0.8047    
    14.0   38.99       39.65      0.6617    
    15.0   24.67       25.13      0.4582    
    16.0   15.23       15.51      0.2819    
    17.0   9.291       9.452      0.1609    
    18.0   5.629       5.716      0.8762E-01
    19.0   3.395       3.442      0.4636E-01
    20.0   2.041       2.065      0.2410E-01
    21.0   1.224       1.236      0.1239E-01
    22.0  0.7315      0.7378      0.6325E-02
    23.0  0.4362      0.4394      0.3216E-02
    24.0  0.2595      0.2611      0.1630E-02
    25.0  0.1540      0.1548      0.8254E-03
    26.0  0.9119E-01  0.9161E-01  0.4174E-03
    27.0  0.5389E-01  0.5410E-01  0.2109E-03
    28.0  0.3179E-01  0.3189E-01  0.1066E-03
    29.0  0.1872E-01  0.1877E-01  0.5382E-04
    30.0  0.1100E-01  0.1103E-01  0.2718E-04
    31.0  0.6455E-02  0.6469E-02  0.1373E-04
    32.0  0.3783E-02  0.3789E-02  0.6932E-05
    33.0  0.2213E-02  0.2217E-02  0.3501E-05
    34.0  0.1293E-02  0.1295E-02  0.1768E-05
    35.0  0.7548E-03  0.7557E-03  0.8930E-06
    36.0  0.4400E-03  0.4404E-03  0.4510E-06
    37.0  0.2562E-03  0.2564E-03  0.2278E-06
    38.0  0.1490E-03  0.1491E-03  0.1151E-06
    39.0  0.8659E-04  0.8665E-04  0.5813E-07
    40.0  0.5027E-04  0.5030E-04  0.2936E-07
    41.0  0.2916E-04  0.2917E-04  0.1484E-07
    42.0  0.1690E-04  0.1690E-04  0.7495E-08
    43.0  0.9783E-05  0.9786E-05  0.3787E-08
    44.0  0.5660E-05  0.5662E-05  0.1913E-08
    45.0  0.3272E-05  0.3273E-05  0.9667E-09
    46.0  0.1890E-05  0.1891E-05  0.4884E-09
    47.0  0.1091E-05  0.1092E-05  0.2468E-09
    48.0  0.6297E-06  0.6298E-06  0.1247E-09
    49.0  0.3631E-06  0.3631E-06  0.6301E-10
    50.0  0.2092E-06  0.2092E-06  0.3184E-10
    51.0  0.1205E-06  0.1205E-06  0.1609E-10
    52.0  0.6935E-07  0.6936E-07  0.8130E-11
    53.0  0.3989E-07  0.3990E-07  0.4108E-11
    54.0  0.2294E-07  0.2294E-07  0.2076E-11
    55.0  0.1318E-07  0.1318E-07  0.1049E-11
    56.0  0.7571E-08  0.7572E-08  0.5302E-12
    57.0  0.4346E-08  0.4347E-08  0.2680E-12
    58.0  0.2495E-08  0.2495E-08  0.1354E-12
    59.0  0.1430E-08  0.1430E-08  0.6843E-13
    60.0  0.8208E-09  0.8209E-09  0.3459E-13
 &
