# 178 angles,  1 tensor ranks for 0=projectile
@subtitle   "20O(d,t) @ 30AMeV Daeh (d) + Pang (t)"                                         
@legend ON
@legend x1 0.2
@legend y1 0.8
@g0 type LOGY
@yaxis ticklabel format power
@legend string   0 "Lab energy =   70.0000"
#legend string   0 "Partition=  2 Excit=  1 near/far= 1"
#  Theta       sigma       iT11        T20         T21         T22         Kyy for projectile
   3.000       20.67    
   4.000       15.05    
   5.000       9.694    
   6.000       5.349    
   7.000       2.419    
   8.000      0.9604    
   9.000      0.7346    
   10.00       1.329    
   11.00       2.286    
   12.00       3.216    
   13.00       3.862    
   14.00       4.116    
   15.00       3.999    
   16.00       3.617    
   17.00       3.112    
   18.00       2.614    
   19.00       2.220    
   20.00       1.977    
   21.00       1.888    
   22.00       1.919    
   23.00       2.020    
   24.00       2.136    
   25.00       2.222    
   26.00       2.247    
   27.00       2.197    
   28.00       2.073    
   29.00       1.890    
   30.00       1.666    
   31.00       1.424    
   32.00       1.184    
   33.00      0.9605    
   34.00      0.7643    
   35.00      0.6002    
   36.00      0.4687    
   37.00      0.3674    
   38.00      0.2917    
   39.00      0.2364    
   40.00      0.1967    
   41.00      0.1681    
   42.00      0.1472    
   43.00      0.1316    
   44.00      0.1195    
   45.00      0.1099    
   46.00      0.1021    
   47.00      0.9560E-01
   48.00      0.9014E-01
   49.00      0.8539E-01
   50.00      0.8109E-01
   51.00      0.7698E-01
   52.00      0.7287E-01
   53.00      0.6864E-01
   54.00      0.6421E-01
   55.00      0.5962E-01
   56.00      0.5493E-01
   57.00      0.5027E-01
   58.00      0.4576E-01
   59.00      0.4155E-01
   60.00      0.3772E-01
   61.00      0.3434E-01
   62.00      0.3144E-01
   63.00      0.2900E-01
   64.00      0.2696E-01
   65.00      0.2524E-01
   66.00      0.2377E-01
   67.00      0.2245E-01
   68.00      0.2121E-01
   69.00      0.1998E-01
   70.00      0.1873E-01
   71.00      0.1743E-01
   72.00      0.1609E-01
   73.00      0.1471E-01
   74.00      0.1333E-01
   75.00      0.1197E-01
   76.00      0.1066E-01
   77.00      0.9430E-02
   78.00      0.8301E-02
   79.00      0.7288E-02
   80.00      0.6397E-02
   81.00      0.5628E-02
   82.00      0.4974E-02
   83.00      0.4425E-02
   84.00      0.3966E-02
   85.00      0.3582E-02
   86.00      0.3258E-02
   87.00      0.2980E-02
   88.00      0.2735E-02
   89.00      0.2514E-02
   90.00      0.2309E-02
   91.00      0.2116E-02
   92.00      0.1930E-02
   93.00      0.1751E-02
   94.00      0.1580E-02
   95.00      0.1416E-02
   96.00      0.1260E-02
   97.00      0.1115E-02
   98.00      0.9818E-03
   99.00      0.8602E-03
   100.0      0.7510E-03
   101.0      0.6542E-03
   102.0      0.5695E-03
   103.0      0.4960E-03
   104.0      0.4329E-03
   105.0      0.3790E-03
   106.0      0.3331E-03
   107.0      0.2941E-03
   108.0      0.2610E-03
   109.0      0.2326E-03
   110.0      0.2083E-03
   111.0      0.1873E-03
   112.0      0.1691E-03
   113.0      0.1531E-03
   114.0      0.1391E-03
   115.0      0.1269E-03
   116.0      0.1161E-03
   117.0      0.1067E-03
   118.0      0.9844E-04
   119.0      0.9128E-04
   120.0      0.8506E-04
   121.0      0.7964E-04
   122.0      0.7490E-04
   123.0      0.7070E-04
   124.0      0.6691E-04
   125.0      0.6341E-04
   126.0      0.6009E-04
   127.0      0.5685E-04
   128.0      0.5362E-04
   129.0      0.5036E-04
   130.0      0.4703E-04
   131.0      0.4361E-04
   132.0      0.4013E-04
   133.0      0.3660E-04
   134.0      0.3305E-04
   135.0      0.2953E-04
   136.0      0.2608E-04
   137.0      0.2275E-04
   138.0      0.1959E-04
   139.0      0.1663E-04
   140.0      0.1391E-04
   141.0      0.1146E-04
   142.0      0.9291E-05
   143.0      0.7425E-05
   144.0      0.5864E-05
   145.0      0.4605E-05
   146.0      0.3641E-05
   147.0      0.2956E-05
   148.0      0.2532E-05
   149.0      0.2343E-05
   150.0      0.2363E-05
   151.0      0.2558E-05
   152.0      0.2897E-05
   153.0      0.3343E-05
   154.0      0.3860E-05
   155.0      0.4414E-05
   156.0      0.4970E-05
   157.0      0.5498E-05
   158.0      0.5970E-05
   159.0      0.6366E-05
   160.0      0.6669E-05
   161.0      0.6869E-05
   162.0      0.6961E-05
   163.0      0.6948E-05
   164.0      0.6837E-05
   165.0      0.6641E-05
   166.0      0.6374E-05
   167.0      0.6055E-05
   168.0      0.5703E-05
   169.0      0.5335E-05
   170.0      0.4968E-05
   171.0      0.4618E-05
   172.0      0.4294E-05
   173.0      0.4005E-05
   174.0      0.3756E-05
   175.0      0.3549E-05
   176.0      0.3384E-05
   177.0      0.3260E-05
   178.0      0.3173E-05
   179.0      0.3123E-05
   180.0      0.3106E-05
 END
