# 178 angles,  1 tensor ranks for 0=projectile
@subtitle   "p+O20 with CH89;"                                                              
@legend ON
@legend x1 0.2
@legend y1 0.8
@g0 type LOGY
@yaxis ticklabel format power
@legend string   0 "Lab energy =   35.0000"
#legend string   0 "Partition=  1 Excit=  1 near/far= 1"
#  Theta       sigma       iT11        T20         T21         T22         Kyy for projectile
   3.000      0.1332E+06
   4.000      0.3886E+05
   5.000      0.1521E+05
   6.000       7510.    
   7.000       4528.    
   8.000       3205.    
   9.000       2538.    
   10.00       2151.    
   11.00       1892.    
   12.00       1693.    
   13.00       1524.    
   14.00       1372.    
   15.00       1230.    
   16.00       1096.    
   17.00       969.7    
   18.00       850.4    
   19.00       738.8    
   20.00       635.5    
   21.00       540.8    
   22.00       455.2    
   23.00       378.7    
   24.00       311.3    
   25.00       252.8    
   26.00       202.8    
   27.00       160.9    
   28.00       126.4    
   29.00       98.87    
   30.00       77.49    
   31.00       61.58    
   32.00       50.40    
   33.00       43.24    
   34.00       39.41    
   35.00       38.24    
   36.00       39.14    
   37.00       41.56    
   38.00       44.99    
   39.00       49.01    
   40.00       53.26    
   41.00       57.43    
   42.00       61.29    
   43.00       64.65    
   44.00       67.38    
   45.00       69.40    
   46.00       70.66    
   47.00       71.16    
   48.00       70.92    
   49.00       69.98    
   50.00       68.41    
   51.00       66.28    
   52.00       63.69    
   53.00       60.70    
   54.00       57.43    
   55.00       53.95    
   56.00       50.34    
   57.00       46.69    
   58.00       43.06    
   59.00       39.50    
   60.00       36.08    
   61.00       32.82    
   62.00       29.76    
   63.00       26.93    
   64.00       24.34    
   65.00       22.00    
   66.00       19.90    
   67.00       18.04    
   68.00       16.41    
   69.00       15.01    
   70.00       13.81    
   71.00       12.79    
   72.00       11.94    
   73.00       11.24    
   74.00       10.66    
   75.00       10.19    
   76.00       9.807    
   77.00       9.494    
   78.00       9.237    
   79.00       9.021    
   80.00       8.832    
   81.00       8.662    
   82.00       8.499    
   83.00       8.339    
   84.00       8.173    
   85.00       8.000    
   86.00       7.814    
   87.00       7.616    
   88.00       7.403    
   89.00       7.177    
   90.00       6.938    
   91.00       6.687    
   92.00       6.426    
   93.00       6.158    
   94.00       5.884    
   95.00       5.606    
   96.00       5.328    
   97.00       5.050    
   98.00       4.776    
   99.00       4.506    
   100.0       4.244    
   101.0       3.989    
   102.0       3.743    
   103.0       3.508    
   104.0       3.284    
   105.0       3.072    
   106.0       2.872    
   107.0       2.685    
   108.0       2.509    
   109.0       2.347    
   110.0       2.197    
   111.0       2.059    
   112.0       1.934    
   113.0       1.820    
   114.0       1.717    
   115.0       1.626    
   116.0       1.544    
   117.0       1.473    
   118.0       1.411    
   119.0       1.358    
   120.0       1.313    
   121.0       1.276    
   122.0       1.246    
   123.0       1.222    
   124.0       1.203    
   125.0       1.190    
   126.0       1.180    
   127.0       1.173    
   128.0       1.169    
   129.0       1.166    
   130.0       1.164    
   131.0       1.163    
   132.0       1.160    
   133.0       1.156    
   134.0       1.150    
   135.0       1.142    
   136.0       1.131    
   137.0       1.117    
   138.0       1.099    
   139.0       1.078    
   140.0       1.053    
   141.0       1.025    
   142.0      0.9938    
   143.0      0.9601    
   144.0      0.9244    
   145.0      0.8874    
   146.0      0.8497    
   147.0      0.8122    
   148.0      0.7758    
   149.0      0.7414    
   150.0      0.7101    
   151.0      0.6826    
   152.0      0.6600    
   153.0      0.6431    
   154.0      0.6327    
   155.0      0.6294    
   156.0      0.6339    
   157.0      0.6465    
   158.0      0.6676    
   159.0      0.6971    
   160.0      0.7350    
   161.0      0.7811    
   162.0      0.8349    
   163.0      0.8958    
   164.0      0.9630    
   165.0       1.036    
   166.0       1.112    
   167.0       1.192    
   168.0       1.274    
   169.0       1.356    
   170.0       1.437    
   171.0       1.516    
   172.0       1.591    
   173.0       1.661    
   174.0       1.724    
   175.0       1.780    
   176.0       1.827    
   177.0       1.864    
   178.0       1.892    
   179.0       1.908    
   180.0       1.914    
 END
