# 178 angles,  1 tensor ranks for 0=projectile
@subtitle   "p+O20 with CH89;"                                                              
@legend ON
@legend x1 0.2
@legend y1 0.8
@g0 type LOGY
@yaxis ticklabel format power
@legend string   0 "Lab energy =   35.0000"
#legend string   0 "Partition=  1 Excit=  1 near/far= 1"
#  Theta       sigma       iT11        T20         T21         T22         Kyy for projectile
   3.000      0.1284E+06
   4.000      0.3626E+05
   5.000      0.1367E+05
   6.000       6570.    
   7.000       3959.    
   8.000       2882.    
   9.000       2387.    
   10.00       2124.    
   11.00       1957.    
   12.00       1828.    
   13.00       1713.    
   14.00       1600.    
   15.00       1488.    
   16.00       1375.    
   17.00       1263.    
   18.00       1151.    
   19.00       1042.    
   20.00       936.2    
   21.00       835.2    
   22.00       739.8    
   23.00       650.5    
   24.00       567.9    
   25.00       492.3    
   26.00       423.6    
   27.00       362.0    
   28.00       307.3    
   29.00       259.2    
   30.00       217.5    
   31.00       181.6    
   32.00       151.1    
   33.00       125.7    
   34.00       104.7    
   35.00       87.68    
   36.00       74.15    
   37.00       63.63    
   38.00       55.65    
   39.00       49.80    
   40.00       45.68    
   41.00       42.94    
   42.00       41.26    
   43.00       40.38    
   44.00       40.04    
   45.00       40.05    
   46.00       40.24    
   47.00       40.48    
   48.00       40.66    
   49.00       40.71    
   50.00       40.58    
   51.00       40.22    
   52.00       39.63    
   53.00       38.79    
   54.00       37.73    
   55.00       36.46    
   56.00       35.00    
   57.00       33.38    
   58.00       31.64    
   59.00       29.80    
   60.00       27.90    
   61.00       25.97    
   62.00       24.04    
   63.00       22.14    
   64.00       20.28    
   65.00       18.48    
   66.00       16.77    
   67.00       15.16    
   68.00       13.65    
   69.00       12.26    
   70.00       10.98    
   71.00       9.822    
   72.00       8.777    
   73.00       7.847    
   74.00       7.025    
   75.00       6.305    
   76.00       5.682    
   77.00       5.148    
   78.00       4.693    
   79.00       4.312    
   80.00       3.993    
   81.00       3.731    
   82.00       3.517    
   83.00       3.344    
   84.00       3.204    
   85.00       3.091    
   86.00       3.000    
   87.00       2.925    
   88.00       2.862    
   89.00       2.806    
   90.00       2.756    
   91.00       2.707    
   92.00       2.657    
   93.00       2.606    
   94.00       2.550    
   95.00       2.491    
   96.00       2.427    
   97.00       2.358    
   98.00       2.284    
   99.00       2.205    
   100.0       2.122    
   101.0       2.035    
   102.0       1.945    
   103.0       1.853    
   104.0       1.760    
   105.0       1.666    
   106.0       1.572    
   107.0       1.479    
   108.0       1.387    
   109.0       1.298    
   110.0       1.212    
   111.0       1.129    
   112.0       1.050    
   113.0      0.9747    
   114.0      0.9044    
   115.0      0.8388    
   116.0      0.7780    
   117.0      0.7222    
   118.0      0.6713    
   119.0      0.6253    
   120.0      0.5840    
   121.0      0.5472    
   122.0      0.5148    
   123.0      0.4864    
   124.0      0.4617    
   125.0      0.4405    
   126.0      0.4224    
   127.0      0.4071    
   128.0      0.3942    
   129.0      0.3834    
   130.0      0.3744    
   131.0      0.3668    
   132.0      0.3604    
   133.0      0.3549    
   134.0      0.3500    
   135.0      0.3456    
   136.0      0.3415    
   137.0      0.3375    
   138.0      0.3335    
   139.0      0.3296    
   140.0      0.3255    
   141.0      0.3214    
   142.0      0.3172    
   143.0      0.3131    
   144.0      0.3091    
   145.0      0.3053    
   146.0      0.3018    
   147.0      0.2988    
   148.0      0.2965    
   149.0      0.2949    
   150.0      0.2942    
   151.0      0.2946    
   152.0      0.2961    
   153.0      0.2990    
   154.0      0.3033    
   155.0      0.3090    
   156.0      0.3163    
   157.0      0.3251    
   158.0      0.3354    
   159.0      0.3473    
   160.0      0.3606    
   161.0      0.3752    
   162.0      0.3911    
   163.0      0.4080    
   164.0      0.4258    
   165.0      0.4443    
   166.0      0.4633    
   167.0      0.4824    
   168.0      0.5016    
   169.0      0.5204    
   170.0      0.5387    
   171.0      0.5562    
   172.0      0.5727    
   173.0      0.5878    
   174.0      0.6014    
   175.0      0.6133    
   176.0      0.6233    
   177.0      0.6312    
   178.0      0.6369    
   179.0      0.6404    
   180.0      0.6416    
 END
