# 178 angles,  1 tensor ranks for 0=projectile
@subtitle   "20O + d Ex 8.575 2+;"                                                          
@legend ON
@legend x1 0.2
@legend y1 0.8
@g0 type LOGY
@yaxis ticklabel format power
@legend string   0 "Lab energy =   70.0000"
#legend string   0 "Partition=  1 Excit=  2 near/far= 1"
#  Theta       sigma       iT11        T20         T21         T22         Kyy for projectile
   3.000       43.97    
   4.000       42.63    
   5.000       43.30    
   6.000       46.85    
   7.000       53.63    
   8.000       63.31    
   9.000       74.89    
   10.00       86.96    
   11.00       97.88    
   12.00       106.1    
   13.00       110.6    
   14.00       110.5    
   15.00       106.0    
   16.00       97.50    
   17.00       86.07    
   18.00       72.98    
   19.00       59.56    
   20.00       47.03    
   21.00       36.34    
   22.00       28.11    
   23.00       22.56    
   24.00       19.57    
   25.00       18.78    
   26.00       19.64    
   27.00       21.51    
   28.00       23.79    
   29.00       25.96    
   30.00       27.61    
   31.00       28.51    
   32.00       28.58    
   33.00       27.83    
   34.00       26.41    
   35.00       24.49    
   36.00       22.29    
   37.00       20.00    
   38.00       17.79    
   39.00       15.79    
   40.00       14.08    
   41.00       12.67    
   42.00       11.57    
   43.00       10.72    
   44.00       10.08    
   45.00       9.571    
   46.00       9.139    
   47.00       8.727    
   48.00       8.298    
   49.00       7.827    
   50.00       7.305    
   51.00       6.736    
   52.00       6.130    
   53.00       5.508    
   54.00       4.888    
   55.00       4.290    
   56.00       3.733    
   57.00       3.228    
   58.00       2.783    
   59.00       2.402    
   60.00       2.082    
   61.00       1.821    
   62.00       1.610    
   63.00       1.440    
   64.00       1.304    
   65.00       1.192    
   66.00       1.097    
   67.00       1.013    
   68.00      0.9355    
   69.00      0.8616    
   70.00      0.7896    
   71.00      0.7187    
   72.00      0.6491    
   73.00      0.5816    
   74.00      0.5169    
   75.00      0.4562    
   76.00      0.4002    
   77.00      0.3496    
   78.00      0.3047    
   79.00      0.2655    
   80.00      0.2319    
   81.00      0.2034    
   82.00      0.1794    
   83.00      0.1593    
   84.00      0.1424    
   85.00      0.1281    
   86.00      0.1159    
   87.00      0.1051    
   88.00      0.9551E-01
   89.00      0.8676E-01
   90.00      0.7866E-01
   91.00      0.7110E-01
   92.00      0.6401E-01
   93.00      0.5739E-01
   94.00      0.5126E-01
   95.00      0.4562E-01
   96.00      0.4052E-01
   97.00      0.3597E-01
   98.00      0.3197E-01
   99.00      0.2851E-01
   100.0      0.2557E-01
   101.0      0.2310E-01
   102.0      0.2106E-01
   103.0      0.1939E-01
   104.0      0.1802E-01
   105.0      0.1689E-01
   106.0      0.1595E-01
   107.0      0.1514E-01
   108.0      0.1444E-01
   109.0      0.1378E-01
   110.0      0.1316E-01
   111.0      0.1254E-01
   112.0      0.1192E-01
   113.0      0.1129E-01
   114.0      0.1064E-01
   115.0      0.9986E-02
   116.0      0.9321E-02
   117.0      0.8656E-02
   118.0      0.7998E-02
   119.0      0.7354E-02
   120.0      0.6731E-02
   121.0      0.6135E-02
   122.0      0.5575E-02
   123.0      0.5056E-02
   124.0      0.4580E-02
   125.0      0.4149E-02
   126.0      0.3765E-02
   127.0      0.3428E-02
   128.0      0.3140E-02
   129.0      0.2901E-02
   130.0      0.2709E-02
   131.0      0.2561E-02
   132.0      0.2453E-02
   133.0      0.2383E-02
   134.0      0.2345E-02
   135.0      0.2338E-02
   136.0      0.2355E-02
   137.0      0.2392E-02
   138.0      0.2444E-02
   139.0      0.2508E-02
   140.0      0.2578E-02
   141.0      0.2651E-02
   142.0      0.2722E-02
   143.0      0.2787E-02
   144.0      0.2844E-02
   145.0      0.2891E-02
   146.0      0.2926E-02
   147.0      0.2949E-02
   148.0      0.2960E-02
   149.0      0.2959E-02
   150.0      0.2946E-02
   151.0      0.2923E-02
   152.0      0.2891E-02
   153.0      0.2854E-02
   154.0      0.2811E-02
   155.0      0.2767E-02
   156.0      0.2722E-02
   157.0      0.2679E-02
   158.0      0.2641E-02
   159.0      0.2609E-02
   160.0      0.2584E-02
   161.0      0.2566E-02
   162.0      0.2556E-02
   163.0      0.2554E-02
   164.0      0.2561E-02
   165.0      0.2577E-02
   166.0      0.2600E-02
   167.0      0.2630E-02
   168.0      0.2666E-02
   169.0      0.2705E-02
   170.0      0.2748E-02
   171.0      0.2791E-02
   172.0      0.2835E-02
   173.0      0.2877E-02
   174.0      0.2917E-02
   175.0      0.2953E-02
   176.0      0.2984E-02
   177.0      0.3010E-02
   178.0      0.3029E-02
   179.0      0.3040E-02
   180.0      0.3044E-02
 END
