# 178 angles,  1 tensor ranks for 0=projectile
@subtitle   "20O + d 2+1 inelastic;"                                                        
@legend ON
@legend x1 0.2
@legend y1 0.8
@g0 type LOGY
@yaxis ticklabel format power
@legend string   0 "Lab energy =   70.0000"
#legend string   0 "Partition=  1 Excit=  2 near/far= 1"
#  Theta       sigma       iT11        T20         T21         T22         Kyy for projectile
   3.000       12.88    
   4.000       11.67    
   5.000       10.86    
   6.000       10.89    
   7.000       11.98    
   8.000       14.06    
   9.000       16.80    
   10.00       19.70    
   11.00       22.31    
   12.00       24.27    
   13.00       25.33    
   14.00       25.35    
   15.00       24.29    
   16.00       22.26    
   17.00       19.51    
   18.00       16.38    
   19.00       13.25    
   20.00       10.42    
   21.00       8.099    
   22.00       6.394    
   23.00       5.323    
   24.00       4.830    
   25.00       4.807    
   26.00       5.101    
   27.00       5.546    
   28.00       5.998    
   29.00       6.347    
   30.00       6.533    
   31.00       6.529    
   32.00       6.337    
   33.00       5.982    
   34.00       5.504    
   35.00       4.957    
   36.00       4.395    
   37.00       3.863    
   38.00       3.392    
   39.00       2.996    
   40.00       2.680    
   41.00       2.442    
   42.00       2.270    
   43.00       2.150    
   44.00       2.062    
   45.00       1.987    
   46.00       1.911    
   47.00       1.823    
   48.00       1.722    
   49.00       1.606    
   50.00       1.476    
   51.00       1.336    
   52.00       1.191    
   53.00       1.047    
   54.00      0.9091    
   55.00      0.7823    
   56.00      0.6691    
   57.00      0.5709    
   58.00      0.4883    
   59.00      0.4208    
   60.00      0.3672    
   61.00      0.3251    
   62.00      0.2921    
   63.00      0.2656    
   64.00      0.2437    
   65.00      0.2249    
   66.00      0.2078    
   67.00      0.1915    
   68.00      0.1753    
   69.00      0.1591    
   70.00      0.1431    
   71.00      0.1277    
   72.00      0.1130    
   73.00      0.9916E-01
   74.00      0.8619E-01
   75.00      0.7439E-01
   76.00      0.6405E-01
   77.00      0.5531E-01
   78.00      0.4808E-01
   79.00      0.4209E-01
   80.00      0.3711E-01
   81.00      0.3297E-01
   82.00      0.2959E-01
   83.00      0.2685E-01
   84.00      0.2455E-01
   85.00      0.2249E-01
   86.00      0.2055E-01
   87.00      0.1872E-01
   88.00      0.1703E-01
   89.00      0.1549E-01
   90.00      0.1403E-01
   91.00      0.1261E-01
   92.00      0.1121E-01
   93.00      0.9889E-02
   94.00      0.8719E-02
   95.00      0.7719E-02
   96.00      0.6866E-02
   97.00      0.6122E-02
   98.00      0.5471E-02
   99.00      0.4923E-02
   100.0      0.4488E-02
   101.0      0.4147E-02
   102.0      0.3862E-02
   103.0      0.3603E-02
   104.0      0.3366E-02
   105.0      0.3162E-02
   106.0      0.2989E-02
   107.0      0.2833E-02
   108.0      0.2673E-02
   109.0      0.2496E-02
   110.0      0.2309E-02
   111.0      0.2127E-02
   112.0      0.1955E-02
   113.0      0.1784E-02
   114.0      0.1611E-02
   115.0      0.1442E-02
   116.0      0.1290E-02
   117.0      0.1161E-02
   118.0      0.1050E-02
   119.0      0.9428E-03
   120.0      0.8294E-03
   121.0      0.7186E-03
   122.0      0.6276E-03
   123.0      0.5643E-03
   124.0      0.5219E-03
   125.0      0.4864E-03
   126.0      0.4470E-03
   127.0      0.4036E-03
   128.0      0.3666E-03
   129.0      0.3429E-03
   130.0      0.3276E-03
   131.0      0.3114E-03
   132.0      0.2923E-03
   133.0      0.2755E-03
   134.0      0.2663E-03
   135.0      0.2662E-03
   136.0      0.2695E-03
   137.0      0.2656E-03
   138.0      0.2512E-03
   139.0      0.2346E-03
   140.0      0.2255E-03
   141.0      0.2254E-03
   142.0      0.2298E-03
   143.0      0.2327E-03
   144.0      0.2290E-03
   145.0      0.2195E-03
   146.0      0.2111E-03
   147.0      0.2067E-03
   148.0      0.2025E-03
   149.0      0.1958E-03
   150.0      0.1884E-03
   151.0      0.1820E-03
   152.0      0.1771E-03
   153.0      0.1744E-03
   154.0      0.1720E-03
   155.0      0.1650E-03
   156.0      0.1539E-03
   157.0      0.1447E-03
   158.0      0.1398E-03
   159.0      0.1368E-03
   160.0      0.1347E-03
   161.0      0.1333E-03
   162.0      0.1299E-03
   163.0      0.1246E-03
   164.0      0.1220E-03
   165.0      0.1225E-03
   166.0      0.1217E-03
   167.0      0.1202E-03
   168.0      0.1216E-03
   169.0      0.1241E-03
   170.0      0.1241E-03
   171.0      0.1246E-03
   172.0      0.1279E-03
   173.0      0.1317E-03
   174.0      0.1364E-03
   175.0      0.1444E-03
   176.0      0.1496E-03
   177.0      0.1451E-03
   178.0      0.1375E-03
   179.0      0.1361E-03
   180.0      0.1375E-03
 END
