# 178 angles,  1 tensor ranks for 0=projectile
@subtitle   "p+O20 1st ex with BG ;"                                                        
@legend ON
@legend x1 0.2
@legend y1 0.8
@g0 type LOGY
@yaxis ticklabel format power
@legend string   0 "Lab energy =   35.0000"
#legend string   0 "Partition=  1 Excit=  2 near/far= 1"
#  Theta       sigma       iT11        T20         T21         T22         Kyy for projectile
   3.000       29.18    
   4.000       28.53    
   5.000       27.74    
   6.000       26.84    
   7.000       25.85    
   8.000       24.81    
   9.000       23.76    
   10.00       22.73    
   11.00       21.75    
   12.00       20.85    
   13.00       20.06    
   14.00       19.40    
   15.00       18.87    
   16.00       18.49    
   17.00       18.24    
   18.00       18.11    
   19.00       18.10    
   20.00       18.16    
   21.00       18.29    
   22.00       18.45    
   23.00       18.61    
   24.00       18.75    
   25.00       18.84    
   26.00       18.85    
   27.00       18.78    
   28.00       18.60    
   29.00       18.32    
   30.00       17.93    
   31.00       17.42    
   32.00       16.82    
   33.00       16.12    
   34.00       15.33    
   35.00       14.49    
   36.00       13.59    
   37.00       12.65    
   38.00       11.70    
   39.00       10.75    
   40.00       9.811    
   41.00       8.905    
   42.00       8.043    
   43.00       7.237    
   44.00       6.495    
   45.00       5.826    
   46.00       5.235    
   47.00       4.724    
   48.00       4.293    
   49.00       3.940    
   50.00       3.662    
   51.00       3.452    
   52.00       3.303    
   53.00       3.209    
   54.00       3.159    
   55.00       3.145    
   56.00       3.159    
   57.00       3.192    
   58.00       3.237    
   59.00       3.285    
   60.00       3.333    
   61.00       3.373    
   62.00       3.402    
   63.00       3.417    
   64.00       3.416    
   65.00       3.396    
   66.00       3.356    
   67.00       3.297    
   68.00       3.220    
   69.00       3.124    
   70.00       3.011    
   71.00       2.884    
   72.00       2.744    
   73.00       2.593    
   74.00       2.435    
   75.00       2.271    
   76.00       2.105    
   77.00       1.938    
   78.00       1.774    
   79.00       1.614    
   80.00       1.460    
   81.00       1.313    
   82.00       1.175    
   83.00       1.047    
   84.00      0.9293    
   85.00      0.8222    
   86.00      0.7259    
   87.00      0.6402    
   88.00      0.5650    
   89.00      0.4997    
   90.00      0.4439    
   91.00      0.3968    
   92.00      0.3578    
   93.00      0.3261    
   94.00      0.3009    
   95.00      0.2815    
   96.00      0.2669    
   97.00      0.2566    
   98.00      0.2496    
   99.00      0.2452    
   100.0      0.2429    
   101.0      0.2419    
   102.0      0.2417    
   103.0      0.2419    
   104.0      0.2421    
   105.0      0.2420    
   106.0      0.2412    
   107.0      0.2397    
   108.0      0.2374    
   109.0      0.2341    
   110.0      0.2299    
   111.0      0.2247    
   112.0      0.2186    
   113.0      0.2117    
   114.0      0.2040    
   115.0      0.1957    
   116.0      0.1868    
   117.0      0.1774    
   118.0      0.1676    
   119.0      0.1577    
   120.0      0.1476    
   121.0      0.1375    
   122.0      0.1276    
   123.0      0.1179    
   124.0      0.1085    
   125.0      0.9952E-01
   126.0      0.9103E-01
   127.0      0.8307E-01
   128.0      0.7568E-01
   129.0      0.6887E-01
   130.0      0.6265E-01
   131.0      0.5701E-01
   132.0      0.5194E-01
   133.0      0.4741E-01
   134.0      0.4340E-01
   135.0      0.3989E-01
   136.0      0.3683E-01
   137.0      0.3421E-01
   138.0      0.3199E-01
   139.0      0.3015E-01
   140.0      0.2865E-01
   141.0      0.2745E-01
   142.0      0.2652E-01
   143.0      0.2583E-01
   144.0      0.2532E-01
   145.0      0.2498E-01
   146.0      0.2475E-01
   147.0      0.2461E-01
   148.0      0.2453E-01
   149.0      0.2449E-01
   150.0      0.2447E-01
   151.0      0.2445E-01
   152.0      0.2444E-01
   153.0      0.2442E-01
   154.0      0.2438E-01
   155.0      0.2434E-01
   156.0      0.2429E-01
   157.0      0.2424E-01
   158.0      0.2418E-01
   159.0      0.2411E-01
   160.0      0.2404E-01
   161.0      0.2395E-01
   162.0      0.2386E-01
   163.0      0.2377E-01
   164.0      0.2366E-01
   165.0      0.2355E-01
   166.0      0.2343E-01
   167.0      0.2332E-01
   168.0      0.2323E-01
   169.0      0.2315E-01
   170.0      0.2311E-01
   171.0      0.2309E-01
   172.0      0.2310E-01
   173.0      0.2313E-01
   174.0      0.2319E-01
   175.0      0.2326E-01
   176.0      0.2333E-01
   177.0      0.2340E-01
   178.0      0.2345E-01
   179.0      0.2349E-01
   180.0      0.2350E-01
 END
