# 178 angles,  1 tensor ranks for 0=projectile
@subtitle   "p+O20 1st ex with BG ;"                                                        
@legend ON
@legend x1 0.2
@legend y1 0.8
@g0 type LOGY
@yaxis ticklabel format power
@legend string   0 "Lab energy =   35.0000"
#legend string   0 "Partition=  1 Excit=  2 near/far= 1"
#  Theta       sigma       iT11        T20         T21         T22         Kyy for projectile
   3.000       28.24    
   4.000       27.65    
   5.000       26.93    
   6.000       26.11    
   7.000       25.20    
   8.000       24.25    
   9.000       23.28    
   10.00       22.33    
   11.00       21.42    
   12.00       20.59    
   13.00       19.85    
   14.00       19.22    
   15.00       18.71    
   16.00       18.32    
   17.00       18.06    
   18.00       17.91    
   19.00       17.86    
   20.00       17.88    
   21.00       17.96    
   22.00       18.07    
   23.00       18.17    
   24.00       18.25    
   25.00       18.29    
   26.00       18.26    
   27.00       18.14    
   28.00       17.93    
   29.00       17.63    
   30.00       17.21    
   31.00       16.70    
   32.00       16.10    
   33.00       15.40    
   34.00       14.63    
   35.00       13.80    
   36.00       12.92    
   37.00       12.01    
   38.00       11.08    
   39.00       10.15    
   40.00       9.240    
   41.00       8.355    
   42.00       7.510    
   43.00       6.718    
   44.00       5.989    
   45.00       5.328    
   46.00       4.743    
   47.00       4.236    
   48.00       3.807    
   49.00       3.455    
   50.00       3.177    
   51.00       2.968    
   52.00       2.822    
   53.00       2.730    
   54.00       2.686    
   55.00       2.680    
   56.00       2.704    
   57.00       2.750    
   58.00       2.810    
   59.00       2.877    
   60.00       2.945    
   61.00       3.008    
   62.00       3.062    
   63.00       3.103    
   64.00       3.129    
   65.00       3.136    
   66.00       3.125    
   67.00       3.093    
   68.00       3.042    
   69.00       2.972    
   70.00       2.884    
   71.00       2.779    
   72.00       2.659    
   73.00       2.527    
   74.00       2.385    
   75.00       2.236    
   76.00       2.081    
   77.00       1.924    
   78.00       1.767    
   79.00       1.612    
   80.00       1.461    
   81.00       1.316    
   82.00       1.179    
   83.00       1.049    
   84.00      0.9295    
   85.00      0.8194    
   86.00      0.7196    
   87.00      0.6300    
   88.00      0.5506    
   89.00      0.4812    
   90.00      0.4214    
   91.00      0.3705    
   92.00      0.3282    
   93.00      0.2936    
   94.00      0.2661    
   95.00      0.2449    
   96.00      0.2292    
   97.00      0.2183    
   98.00      0.2113    
   99.00      0.2075    
   100.0      0.2063    
   101.0      0.2068    
   102.0      0.2086    
   103.0      0.2111    
   104.0      0.2139    
   105.0      0.2164    
   106.0      0.2186    
   107.0      0.2201    
   108.0      0.2207    
   109.0      0.2203    
   110.0      0.2189    
   111.0      0.2165    
   112.0      0.2130    
   113.0      0.2084    
   114.0      0.2028    
   115.0      0.1964    
   116.0      0.1891    
   117.0      0.1811    
   118.0      0.1725    
   119.0      0.1635    
   120.0      0.1541    
   121.0      0.1445    
   122.0      0.1348    
   123.0      0.1251    
   124.0      0.1157    
   125.0      0.1064    
   126.0      0.9757E-01
   127.0      0.8911E-01
   128.0      0.8113E-01
   129.0      0.7366E-01
   130.0      0.6672E-01
   131.0      0.6034E-01
   132.0      0.5450E-01
   133.0      0.4920E-01
   134.0      0.4443E-01
   135.0      0.4018E-01
   136.0      0.3644E-01
   137.0      0.3317E-01
   138.0      0.3037E-01
   139.0      0.2801E-01
   140.0      0.2606E-01
   141.0      0.2450E-01
   142.0      0.2329E-01
   143.0      0.2240E-01
   144.0      0.2178E-01
   145.0      0.2141E-01
   146.0      0.2124E-01
   147.0      0.2124E-01
   148.0      0.2138E-01
   149.0      0.2164E-01
   150.0      0.2199E-01
   151.0      0.2242E-01
   152.0      0.2292E-01
   153.0      0.2348E-01
   154.0      0.2408E-01
   155.0      0.2474E-01
   156.0      0.2543E-01
   157.0      0.2616E-01
   158.0      0.2692E-01
   159.0      0.2771E-01
   160.0      0.2851E-01
   161.0      0.2931E-01
   162.0      0.3012E-01
   163.0      0.3091E-01
   164.0      0.3168E-01
   165.0      0.3242E-01
   166.0      0.3314E-01
   167.0      0.3383E-01
   168.0      0.3449E-01
   169.0      0.3513E-01
   170.0      0.3575E-01
   171.0      0.3634E-01
   172.0      0.3691E-01
   173.0      0.3744E-01
   174.0      0.3794E-01
   175.0      0.3838E-01
   176.0      0.3876E-01
   177.0      0.3907E-01
   178.0      0.3929E-01
   179.0      0.3943E-01
   180.0      0.3948E-01
 END
