# 178 angles,  1 tensor ranks for 0=projectile
@subtitle   "20O + d 2+1 inelastic;"                                                        
@legend ON
@legend x1 0.2
@legend y1 0.8
@g0 type LOGY
@yaxis ticklabel format power
@legend string   0 "Lab energy =   70.0000"
#legend string   0 "Partition=  1 Excit=  2 near/far= 1"
#  Theta       sigma       iT11        T20         T21         T22         Kyy for projectile
   3.000       3.132    
   4.000       2.804    
   5.000       2.519    
   6.000       2.397    
   7.000       2.529    
   8.000       2.919    
   9.000       3.481    
   10.00       4.089    
   11.00       4.636    
   12.00       5.053    
   13.00       5.300    
   14.00       5.345    
   15.00       5.168    
   16.00       4.776    
   17.00       4.211    
   18.00       3.550    
   19.00       2.880    
   20.00       2.271    
   21.00       1.768    
   22.00       1.393    
   23.00       1.150    
   24.00       1.030    
   25.00       1.012    
   26.00       1.065    
   27.00       1.152    
   28.00       1.239    
   29.00       1.306    
   30.00       1.339    
   31.00       1.335    
   32.00       1.294    
   33.00       1.219    
   34.00       1.118    
   35.00       1.003    
   36.00      0.8852    
   37.00      0.7754    
   38.00      0.6793    
   39.00      0.5993    
   40.00      0.5361    
   41.00      0.4893    
   42.00      0.4573    
   43.00      0.4367    
   44.00      0.4227    
   45.00      0.4106    
   46.00      0.3971    
   47.00      0.3806    
   48.00      0.3605    
   49.00      0.3371    
   50.00      0.3106    
   51.00      0.2814    
   52.00      0.2508    
   53.00      0.2202    
   54.00      0.1909    
   55.00      0.1640    
   56.00      0.1400    
   57.00      0.1191    
   58.00      0.1015    
   59.00      0.8727E-01
   60.00      0.7610E-01
   61.00      0.6748E-01
   62.00      0.6077E-01
   63.00      0.5540E-01
   64.00      0.5096E-01
   65.00      0.4716E-01
   66.00      0.4372E-01
   67.00      0.4036E-01
   68.00      0.3694E-01
   69.00      0.3348E-01
   70.00      0.3007E-01
   71.00      0.2681E-01
   72.00      0.2374E-01
   73.00      0.2080E-01
   74.00      0.1802E-01
   75.00      0.1545E-01
   76.00      0.1322E-01
   77.00      0.1138E-01
   78.00      0.9894E-02
   79.00      0.8676E-02
   80.00      0.7654E-02
   81.00      0.6800E-02
   82.00      0.6118E-02
   83.00      0.5588E-02
   84.00      0.5151E-02
   85.00      0.4742E-02
   86.00      0.4332E-02
   87.00      0.3938E-02
   88.00      0.3583E-02
   89.00      0.3272E-02
   90.00      0.2982E-02
   91.00      0.2684E-02
   92.00      0.2373E-02
   93.00      0.2074E-02
   94.00      0.1815E-02
   95.00      0.1603E-02
   96.00      0.1425E-02
   97.00      0.1269E-02
   98.00      0.1130E-02
   99.00      0.1013E-02
   100.0      0.9265E-03
   101.0      0.8640E-03
   102.0      0.8101E-03
   103.0      0.7556E-03
   104.0      0.7038E-03
   105.0      0.6611E-03
   106.0      0.6282E-03
   107.0      0.6001E-03
   108.0      0.5688E-03
   109.0      0.5290E-03
   110.0      0.4849E-03
   111.0      0.4440E-03
   112.0      0.4070E-03
   113.0      0.3687E-03
   114.0      0.3276E-03
   115.0      0.2875E-03
   116.0      0.2533E-03
   117.0      0.2277E-03
   118.0      0.2086E-03
   119.0      0.1887E-03
   120.0      0.1629E-03
   121.0      0.1358E-03
   122.0      0.1160E-03
   123.0      0.1061E-03
   124.0      0.1025E-03
   125.0      0.9989E-04
   126.0      0.9394E-04
   127.0      0.8435E-04
   128.0      0.7627E-04
   129.0      0.7338E-04
   130.0      0.7241E-04
   131.0      0.6881E-04
   132.0      0.6305E-04
   133.0      0.5799E-04
   134.0      0.5538E-04
   135.0      0.5610E-04
   136.0      0.5822E-04
   137.0      0.5648E-04
   138.0      0.4903E-04
   139.0      0.4085E-04
   140.0      0.3669E-04
   141.0      0.3618E-04
   142.0      0.3737E-04
   143.0      0.3848E-04
   144.0      0.3685E-04
   145.0      0.3226E-04
   146.0      0.2871E-04
   147.0      0.2803E-04
   148.0      0.2728E-04
   149.0      0.2511E-04
   150.0      0.2349E-04
   151.0      0.2268E-04
   152.0      0.2174E-04
   153.0      0.2195E-04
   154.0      0.2312E-04
   155.0      0.2187E-04
   156.0      0.1809E-04
   157.0      0.1587E-04
   158.0      0.1587E-04
   159.0      0.1540E-04
   160.0      0.1493E-04
   161.0      0.1566E-04
   162.0      0.1511E-04
   163.0      0.1266E-04
   164.0      0.1203E-04
   165.0      0.1335E-04
   166.0      0.1263E-04
   167.0      0.1076E-04
   168.0      0.1151E-04
   169.0      0.1295E-04
   170.0      0.1210E-04
   171.0      0.1188E-04
   172.0      0.1412E-04
   173.0      0.1551E-04
   174.0      0.1629E-04
   175.0      0.1994E-04
   176.0      0.2290E-04
   177.0      0.2024E-04
   178.0      0.1797E-04
   179.0      0.2246E-04
   180.0      0.2641E-04
 END
