# 178 angles,  1 tensor ranks for 0=projectile
@subtitle   "20O + d 3-?;"                                                                  
@legend ON
@legend x1 0.2
@legend y1 0.8
@g0 type LOGY
@yaxis ticklabel format power
@legend string   0 "Lab energy =   70.0000"
#legend string   0 "Partition=  1 Excit=  2 near/far= 1"
#  Theta       sigma       iT11        T20         T21         T22         Kyy for projectile
   3.000       4.265    
   4.000       5.120    
   5.000       6.021    
   6.000       6.870    
   7.000       7.601    
   8.000       8.201    
   9.000       8.706    
   10.00       9.179    
   11.00       9.686    
   12.00       10.27    
   13.00       10.93    
   14.00       11.65    
   15.00       12.35    
   16.00       12.94    
   17.00       13.33    
   18.00       13.44    
   19.00       13.22    
   20.00       12.67    
   21.00       11.83    
   22.00       10.75    
   23.00       9.540    
   24.00       8.286    
   25.00       7.085    
   26.00       6.016    
   27.00       5.136    
   28.00       4.473    
   29.00       4.031    
   30.00       3.788    
   31.00       3.707    
   32.00       3.739    
   33.00       3.832    
   34.00       3.939    
   35.00       4.020    
   36.00       4.047    
   37.00       4.004    
   38.00       3.888    
   39.00       3.704    
   40.00       3.465    
   41.00       3.189    
   42.00       2.894    
   43.00       2.598    
   44.00       2.315    
   45.00       2.058    
   46.00       1.832    
   47.00       1.641    
   48.00       1.483    
   49.00       1.355    
   50.00       1.252    
   51.00       1.166    
   52.00       1.093    
   53.00       1.027    
   54.00      0.9630    
   55.00      0.8985    
   56.00      0.8318    
   57.00      0.7626    
   58.00      0.6914    
   59.00      0.6196    
   60.00      0.5487    
   61.00      0.4805    
   62.00      0.4165    
   63.00      0.3580    
   64.00      0.3059    
   65.00      0.2606    
   66.00      0.2221    
   67.00      0.1902    
   68.00      0.1642    
   69.00      0.1434    
   70.00      0.1267    
   71.00      0.1135    
   72.00      0.1027    
   73.00      0.9372E-01
   74.00      0.8597E-01
   75.00      0.7898E-01
   76.00      0.7242E-01
   77.00      0.6611E-01
   78.00      0.5996E-01
   79.00      0.5397E-01
   80.00      0.4821E-01
   81.00      0.4273E-01
   82.00      0.3760E-01
   83.00      0.3287E-01
   84.00      0.2861E-01
   85.00      0.2486E-01
   86.00      0.2161E-01
   87.00      0.1885E-01
   88.00      0.1654E-01
   89.00      0.1462E-01
   90.00      0.1303E-01
   91.00      0.1171E-01
   92.00      0.1062E-01
   93.00      0.9691E-02
   94.00      0.8877E-02
   95.00      0.8142E-02
   96.00      0.7464E-02
   97.00      0.6827E-02
   98.00      0.6223E-02
   99.00      0.5643E-02
   100.0      0.5087E-02
   101.0      0.4557E-02
   102.0      0.4062E-02
   103.0      0.3609E-02
   104.0      0.3202E-02
   105.0      0.2842E-02
   106.0      0.2529E-02
   107.0      0.2262E-02
   108.0      0.2039E-02
   109.0      0.1857E-02
   110.0      0.1710E-02
   111.0      0.1590E-02
   112.0      0.1492E-02
   113.0      0.1411E-02
   114.0      0.1342E-02
   115.0      0.1282E-02
   116.0      0.1226E-02
   117.0      0.1169E-02
   118.0      0.1110E-02
   119.0      0.1047E-02
   120.0      0.9815E-03
   121.0      0.9130E-03
   122.0      0.8423E-03
   123.0      0.7702E-03
   124.0      0.6983E-03
   125.0      0.6284E-03
   126.0      0.5619E-03
   127.0      0.4995E-03
   128.0      0.4414E-03
   129.0      0.3877E-03
   130.0      0.3393E-03
   131.0      0.2970E-03
   132.0      0.2613E-03
   133.0      0.2320E-03
   134.0      0.2084E-03
   135.0      0.1896E-03
   136.0      0.1751E-03
   137.0      0.1644E-03
   138.0      0.1567E-03
   139.0      0.1508E-03
   140.0      0.1460E-03
   141.0      0.1420E-03
   142.0      0.1388E-03
   143.0      0.1368E-03
   144.0      0.1354E-03
   145.0      0.1339E-03
   146.0      0.1313E-03
   147.0      0.1273E-03
   148.0      0.1221E-03
   149.0      0.1164E-03
   150.0      0.1108E-03
   151.0      0.1053E-03
   152.0      0.9973E-04
   153.0      0.9400E-04
   154.0      0.8810E-04
   155.0      0.8222E-04
   156.0      0.7651E-04
   157.0      0.7104E-04
   158.0      0.6581E-04
   159.0      0.6098E-04
   160.0      0.5676E-04
   161.0      0.5332E-04
   162.0      0.5069E-04
   163.0      0.4870E-04
   164.0      0.4712E-04
   165.0      0.4582E-04
   166.0      0.4483E-04
   167.0      0.4429E-04
   168.0      0.4422E-04
   169.0      0.4459E-04
   170.0      0.4533E-04
   171.0      0.4638E-04
   172.0      0.4772E-04
   173.0      0.4933E-04
   174.0      0.5105E-04
   175.0      0.5255E-04
   176.0      0.5355E-04
   177.0      0.5395E-04
   178.0      0.5386E-04
   179.0      0.5358E-04
   180.0      0.5344E-04
 END
