# 178 angles,  1 tensor ranks for 0=projectile
@subtitle   "20O + d 3-?;"                                                                  
@legend ON
@legend x1 0.2
@legend y1 0.8
@g0 type LOGY
@yaxis ticklabel format power
@legend string   0 "Lab energy =   70.0000"
#legend string   0 "Partition=  1 Excit=  2 near/far= 1"
#  Theta       sigma       iT11        T20         T21         T22         Kyy for projectile
   3.000      0.5401    
   4.000      0.6485    
   5.000      0.7686    
   6.000      0.8847    
   7.000      0.9847    
   8.000       1.064    
   9.000       1.127    
   10.00       1.183    
   11.00       1.243    
   12.00       1.314    
   13.00       1.397    
   14.00       1.489    
   15.00       1.580    
   16.00       1.661    
   17.00       1.716    
   18.00       1.736    
   19.00       1.712    
   20.00       1.643    
   21.00       1.535    
   22.00       1.396    
   23.00       1.238    
   24.00       1.074    
   25.00      0.9165    
   26.00      0.7757    
   27.00      0.6593    
   28.00      0.5715    
   29.00      0.5129    
   30.00      0.4810    
   31.00      0.4706    
   32.00      0.4755    
   33.00      0.4887    
   34.00      0.5038    
   35.00      0.5155    
   36.00      0.5200    
   37.00      0.5151    
   38.00      0.5004    
   39.00      0.4766    
   40.00      0.4456    
   41.00      0.4095    
   42.00      0.3708    
   43.00      0.3319    
   44.00      0.2949    
   45.00      0.2612    
   46.00      0.2319    
   47.00      0.2072    
   48.00      0.1869    
   49.00      0.1705    
   50.00      0.1574    
   51.00      0.1468    
   52.00      0.1378    
   53.00      0.1296    
   54.00      0.1218    
   55.00      0.1138    
   56.00      0.1054    
   57.00      0.9668E-01
   58.00      0.8764E-01
   59.00      0.7847E-01
   60.00      0.6938E-01
   61.00      0.6061E-01
   62.00      0.5239E-01
   63.00      0.4488E-01
   64.00      0.3819E-01
   65.00      0.3240E-01
   66.00      0.2749E-01
   67.00      0.2345E-01
   68.00      0.2018E-01
   69.00      0.1760E-01
   70.00      0.1556E-01
   71.00      0.1395E-01
   72.00      0.1265E-01
   73.00      0.1158E-01
   74.00      0.1066E-01
   75.00      0.9832E-02
   76.00      0.9041E-02
   77.00      0.8266E-02
   78.00      0.7501E-02
   79.00      0.6750E-02
   80.00      0.6023E-02
   81.00      0.5330E-02
   82.00      0.4677E-02
   83.00      0.4073E-02
   84.00      0.3529E-02
   85.00      0.3051E-02
   86.00      0.2644E-02
   87.00      0.2302E-02
   88.00      0.2018E-02
   89.00      0.1785E-02
   90.00      0.1595E-02
   91.00      0.1441E-02
   92.00      0.1315E-02
   93.00      0.1210E-02
   94.00      0.1117E-02
   95.00      0.1032E-02
   96.00      0.9527E-03
   97.00      0.8770E-03
   98.00      0.8041E-03
   99.00      0.7325E-03
   100.0      0.6618E-03
   101.0      0.5927E-03
   102.0      0.5271E-03
   103.0      0.4668E-03
   104.0      0.4128E-03
   105.0      0.3650E-03
   106.0      0.3235E-03
   107.0      0.2883E-03
   108.0      0.2594E-03
   109.0      0.2366E-03
   110.0      0.2188E-03
   111.0      0.2046E-03
   112.0      0.1933E-03
   113.0      0.1843E-03
   114.0      0.1773E-03
   115.0      0.1719E-03
   116.0      0.1669E-03
   117.0      0.1615E-03
   118.0      0.1552E-03
   119.0      0.1480E-03
   120.0      0.1400E-03
   121.0      0.1314E-03
   122.0      0.1222E-03
   123.0      0.1124E-03
   124.0      0.1023E-03
   125.0      0.9250E-04
   126.0      0.8314E-04
   127.0      0.7432E-04
   128.0      0.6593E-04
   129.0      0.5791E-04
   130.0      0.5048E-04
   131.0      0.4396E-04
   132.0      0.3856E-04
   133.0      0.3424E-04
   134.0      0.3085E-04
   135.0      0.2822E-04
   136.0      0.2626E-04
   137.0      0.2492E-04
   138.0      0.2406E-04
   139.0      0.2342E-04
   140.0      0.2282E-04
   141.0      0.2225E-04
   142.0      0.2189E-04
   143.0      0.2184E-04
   144.0      0.2207E-04
   145.0      0.2230E-04
   146.0      0.2222E-04
   147.0      0.2168E-04
   148.0      0.2080E-04
   149.0      0.1983E-04
   150.0      0.1894E-04
   151.0      0.1817E-04
   152.0      0.1742E-04
   153.0      0.1661E-04
   154.0      0.1568E-04
   155.0      0.1468E-04
   156.0      0.1369E-04
   157.0      0.1272E-04
   158.0      0.1177E-04
   159.0      0.1091E-04
   160.0      0.1018E-04
   161.0      0.9599E-05
   162.0      0.9188E-05
   163.0      0.8911E-05
   164.0      0.8705E-05
   165.0      0.8541E-05
   166.0      0.8452E-05
   167.0      0.8467E-05
   168.0      0.8565E-05
   169.0      0.8722E-05
   170.0      0.8941E-05
   171.0      0.9238E-05
   172.0      0.9647E-05
   173.0      0.1018E-04
   174.0      0.1078E-04
   175.0      0.1128E-04
   176.0      0.1155E-04
   177.0      0.1156E-04
   178.0      0.1139E-04
   179.0      0.1117E-04
   180.0      0.1108E-04
 END
