# 178 angles,  1 tensor ranks for 0=projectile
@subtitle   "20O + d Ex 7.639 3-;"                                                          
@legend ON
@legend x1 0.2
@legend y1 0.8
@g0 type LOGY
@yaxis ticklabel format power
@legend string   0 "Lab energy =   70.0000"
#legend string   0 "Partition=  1 Excit=  2 near/far= 1"
#  Theta       sigma       iT11        T20         T21         T22         Kyy for projectile
   3.000       11.83    
   4.000       13.71    
   5.000       15.71    
   6.000       17.61    
   7.000       19.31    
   8.000       20.76    
   9.000       22.02    
   10.00       23.22    
   11.00       24.48    
   12.00       25.88    
   13.00       27.44    
   14.00       29.07    
   15.00       30.62    
   16.00       31.89    
   17.00       32.70    
   18.00       32.86    
   19.00       32.27    
   20.00       30.92    
   21.00       28.89    
   22.00       26.32    
   23.00       23.41    
   24.00       20.40    
   25.00       17.49    
   26.00       14.87    
   27.00       12.68    
   28.00       10.99    
   29.00       9.826    
   30.00       9.141    
   31.00       8.854    
   32.00       8.859    
   33.00       9.037    
   34.00       9.275    
   35.00       9.479    
   36.00       9.576    
   37.00       9.522    
   38.00       9.302    
   39.00       8.922    
   40.00       8.406    
   41.00       7.792    
   42.00       7.121    
   43.00       6.434    
   44.00       5.769    
   45.00       5.153    
   46.00       4.605    
   47.00       4.134    
   48.00       3.741    
   49.00       3.420    
   50.00       3.158    
   51.00       2.943    
   52.00       2.761    
   53.00       2.598    
   54.00       2.444    
   55.00       2.290    
   56.00       2.131    
   57.00       1.967    
   58.00       1.796    
   59.00       1.623    
   60.00       1.449    
   61.00       1.280    
   62.00       1.119    
   63.00      0.9696    
   64.00      0.8345    
   65.00      0.7152    
   66.00      0.6122    
   67.00      0.5253    
   68.00      0.4535    
   69.00      0.3950    
   70.00      0.3479    
   71.00      0.3100    
   72.00      0.2795    
   73.00      0.2543    
   74.00      0.2329    
   75.00      0.2140    
   76.00      0.1966    
   77.00      0.1802    
   78.00      0.1644    
   79.00      0.1491    
   80.00      0.1342    
   81.00      0.1199    
   82.00      0.1063    
   83.00      0.9373E-01
   84.00      0.8219E-01
   85.00      0.7183E-01
   86.00      0.6272E-01
   87.00      0.5483E-01
   88.00      0.4810E-01
   89.00      0.4243E-01
   90.00      0.3769E-01
   91.00      0.3375E-01
   92.00      0.3047E-01
   93.00      0.2770E-01
   94.00      0.2532E-01
   95.00      0.2322E-01
   96.00      0.2133E-01
   97.00      0.1957E-01
   98.00      0.1792E-01
   99.00      0.1635E-01
   100.0      0.1485E-01
   101.0      0.1341E-01
   102.0      0.1206E-01
   103.0      0.1080E-01
   104.0      0.9647E-02
   105.0      0.8605E-02
   106.0      0.7680E-02
   107.0      0.6871E-02
   108.0      0.6178E-02
   109.0      0.5594E-02
   110.0      0.5108E-02
   111.0      0.4707E-02
   112.0      0.4377E-02
   113.0      0.4104E-02
   114.0      0.3876E-02
   115.0      0.3680E-02
   116.0      0.3503E-02
   117.0      0.3336E-02
   118.0      0.3171E-02
   119.0      0.3003E-02
   120.0      0.2829E-02
   121.0      0.2650E-02
   122.0      0.2466E-02
   123.0      0.2277E-02
   124.0      0.2087E-02
   125.0      0.1900E-02
   126.0      0.1716E-02
   127.0      0.1540E-02
   128.0      0.1374E-02
   129.0      0.1218E-02
   130.0      0.1076E-02
   131.0      0.9487E-03
   132.0      0.8378E-03
   133.0      0.7431E-03
   134.0      0.6636E-03
   135.0      0.5981E-03
   136.0      0.5452E-03
   137.0      0.5034E-03
   138.0      0.4709E-03
   139.0      0.4457E-03
   140.0      0.4261E-03
   141.0      0.4108E-03
   142.0      0.3992E-03
   143.0      0.3905E-03
   144.0      0.3835E-03
   145.0      0.3767E-03
   146.0      0.3686E-03
   147.0      0.3584E-03
   148.0      0.3463E-03
   149.0      0.3331E-03
   150.0      0.3196E-03
   151.0      0.3059E-03
   152.0      0.2919E-03
   153.0      0.2775E-03
   154.0      0.2625E-03
   155.0      0.2473E-03
   156.0      0.2321E-03
   157.0      0.2174E-03
   158.0      0.2033E-03
   159.0      0.1902E-03
   160.0      0.1782E-03
   161.0      0.1675E-03
   162.0      0.1582E-03
   163.0      0.1499E-03
   164.0      0.1425E-03
   165.0      0.1358E-03
   166.0      0.1299E-03
   167.0      0.1250E-03
   168.0      0.1212E-03
   169.0      0.1185E-03
   170.0      0.1168E-03
   171.0      0.1159E-03
   172.0      0.1157E-03
   173.0      0.1162E-03
   174.0      0.1171E-03
   175.0      0.1179E-03
   176.0      0.1184E-03
   177.0      0.1183E-03
   178.0      0.1177E-03
   179.0      0.1171E-03
   180.0      0.1169E-03
 END
