# 178 angles,  1 tensor ranks for 0=projectile
@subtitle   "20O + d inelastic scattering;"                                                 
@legend ON
@legend x1 0.2
@legend y1 0.8
@g0 type LOGY
@yaxis ticklabel format power
@legend string   0 "Lab energy =   70.0000"
#legend string   0 "Partition=  1 Excit=  1 near/far= 1"
#  Theta       sigma       iT11        T20         T21         T22         Kyy for projectile
   3.000      0.2965E+05
   4.000      0.1223E+05
   5.000       8275.    
   6.000       6603.    
   7.000       5380.    
   8.000       4279.    
   9.000       3270.    
   10.00       2382.    
   11.00       1638.    
   12.00       1051.    
   13.00       615.5    
   14.00       317.5    
   15.00       134.3    
   16.00       40.17    
   17.00       9.098    
   18.00       17.74    
   19.00       46.78    
   20.00       81.71    
   21.00       112.8    
   22.00       134.7    
   23.00       145.2    
   24.00       145.0    
   25.00       136.0    
   26.00       121.0    
   27.00       102.8    
   28.00       83.97    
   29.00       66.40    
   30.00       51.35    
   31.00       39.44    
   32.00       30.77    
   33.00       25.03    
   34.00       21.67    
   35.00       20.07    
   36.00       19.57    
   37.00       19.62    
   38.00       19.76    
   39.00       19.71    
   40.00       19.29    
   41.00       18.44    
   42.00       17.19    
   43.00       15.62    
   44.00       13.84    
   45.00       11.97    
   46.00       10.13    
   47.00       8.397    
   48.00       6.841    
   49.00       5.500    
   50.00       4.387    
   51.00       3.497    
   52.00       2.810    
   53.00       2.299    
   54.00       1.929    
   55.00       1.668    
   56.00       1.485    
   57.00       1.353    
   58.00       1.253    
   59.00       1.168    
   60.00       1.088    
   61.00       1.007    
   62.00      0.9216    
   63.00      0.8328    
   64.00      0.7417    
   65.00      0.6506    
   66.00      0.5621    
   67.00      0.4786    
   68.00      0.4020    
   69.00      0.3337    
   70.00      0.2743    
   71.00      0.2241    
   72.00      0.1826    
   73.00      0.1491    
   74.00      0.1228    
   75.00      0.1024    
   76.00      0.8698E-01
   77.00      0.7536E-01
   78.00      0.6663E-01
   79.00      0.5995E-01
   80.00      0.5466E-01
   81.00      0.5026E-01
   82.00      0.4636E-01
   83.00      0.4271E-01
   84.00      0.3918E-01
   85.00      0.3568E-01
   86.00      0.3221E-01
   87.00      0.2878E-01
   88.00      0.2544E-01
   89.00      0.2224E-01
   90.00      0.1923E-01
   91.00      0.1644E-01
   92.00      0.1391E-01
   93.00      0.1166E-01
   94.00      0.9688E-02
   95.00      0.7990E-02
   96.00      0.6553E-02
   97.00      0.5355E-02
   98.00      0.4373E-02
   99.00      0.3580E-02
   100.0      0.2948E-02
   101.0      0.2451E-02
   102.0      0.2065E-02
   103.0      0.1768E-02
   104.0      0.1541E-02
   105.0      0.1367E-02
   106.0      0.1234E-02
   107.0      0.1131E-02
   108.0      0.1049E-02
   109.0      0.9806E-03
   110.0      0.9220E-03
   111.0      0.8692E-03
   112.0      0.8194E-03
   113.0      0.7708E-03
   114.0      0.7225E-03
   115.0      0.6736E-03
   116.0      0.6241E-03
   117.0      0.5739E-03
   118.0      0.5234E-03
   119.0      0.4730E-03
   120.0      0.4233E-03
   121.0      0.3750E-03
   122.0      0.3286E-03
   123.0      0.2849E-03
   124.0      0.2443E-03
   125.0      0.2074E-03
   126.0      0.1746E-03
   127.0      0.1459E-03
   128.0      0.1217E-03
   129.0      0.1019E-03
   130.0      0.8627E-04
   131.0      0.7465E-04
   132.0      0.6667E-04
   133.0      0.6190E-04
   134.0      0.5985E-04
   135.0      0.6001E-04
   136.0      0.6186E-04
   137.0      0.6488E-04
   138.0      0.6861E-04
   139.0      0.7261E-04
   140.0      0.7650E-04
   141.0      0.7998E-04
   142.0      0.8282E-04
   143.0      0.8484E-04
   144.0      0.8595E-04
   145.0      0.8612E-04
   146.0      0.8535E-04
   147.0      0.8372E-04
   148.0      0.8132E-04
   149.0      0.7827E-04
   150.0      0.7471E-04
   151.0      0.7079E-04
   152.0      0.6663E-04
   153.0      0.6238E-04
   154.0      0.5816E-04
   155.0      0.5406E-04
   156.0      0.5017E-04
   157.0      0.4654E-04
   158.0      0.4323E-04
   159.0      0.4025E-04
   160.0      0.3762E-04
   161.0      0.3533E-04
   162.0      0.3336E-04
   163.0      0.3169E-04
   164.0      0.3029E-04
   165.0      0.2914E-04
   166.0      0.2819E-04
   167.0      0.2741E-04
   168.0      0.2679E-04
   169.0      0.2629E-04
   170.0      0.2588E-04
   171.0      0.2556E-04
   172.0      0.2530E-04
   173.0      0.2509E-04
   174.0      0.2492E-04
   175.0      0.2479E-04
   176.0      0.2469E-04
   177.0      0.2462E-04
   178.0      0.2457E-04
   179.0      0.2454E-04
   180.0      0.2453E-04
 END
