# 178 angles,  1 tensor ranks for 0=projectile
@subtitle   "p+O20 with CH89;"                                                              
@legend ON
@legend x1 0.2
@legend y1 0.8
@g0 type LOGY
@yaxis ticklabel format power
@legend string   0 "Lab energy =   35.0000"
#legend string   0 "Partition=  1 Excit=  1 near/far= 1"
#  Theta       sigma       iT11        T20         T21         T22         Kyy for projectile
   3.000      0.1324E+06
   4.000      0.3737E+05
   5.000      0.1366E+05
   6.000       6048.    
   7.000       3199.    
   8.000       2014.    
   9.000       1480.    
   10.00       1218.    
   11.00       1076.    
   12.00       985.7    
   13.00       918.1    
   14.00       859.4    
   15.00       803.4    
   16.00       747.7    
   17.00       691.8    
   18.00       635.8    
   19.00       580.1    
   20.00       525.4    
   21.00       472.3    
   22.00       421.3    
   23.00       372.9    
   24.00       327.5    
   25.00       285.3    
   26.00       246.4    
   27.00       211.1    
   28.00       179.1    
   29.00       150.6    
   30.00       125.4    
   31.00       103.3    
   32.00       84.08    
   33.00       67.63    
   34.00       53.70    
   35.00       42.03    
   36.00       32.39    
   37.00       24.54    
   38.00       18.27    
   39.00       13.35    
   40.00       9.591    
   41.00       6.794    
   42.00       4.795    
   43.00       3.441    
   44.00       2.598    
   45.00       2.149    
   46.00       1.992    
   47.00       2.044    
   48.00       2.232    
   49.00       2.501    
   50.00       2.804    
   51.00       3.106    
   52.00       3.382    
   53.00       3.615    
   54.00       3.792    
   55.00       3.907    
   56.00       3.961    
   57.00       3.953    
   58.00       3.889    
   59.00       3.774    
   60.00       3.616    
   61.00       3.423    
   62.00       3.202    
   63.00       2.962    
   64.00       2.709    
   65.00       2.450    
   66.00       2.192    
   67.00       1.940    
   68.00       1.697    
   69.00       1.467    
   70.00       1.254    
   71.00       1.058    
   72.00      0.8816    
   73.00      0.7245    
   74.00      0.5869    
   75.00      0.4685    
   76.00      0.3684    
   77.00      0.2855    
   78.00      0.2186    
   79.00      0.1661    
   80.00      0.1265    
   81.00      0.9820E-01
   82.00      0.7966E-01
   83.00      0.6932E-01
   84.00      0.6571E-01
   85.00      0.6749E-01
   86.00      0.7338E-01
   87.00      0.8227E-01
   88.00      0.9316E-01
   89.00      0.1052    
   90.00      0.1176    
   91.00      0.1297    
   92.00      0.1412    
   93.00      0.1515    
   94.00      0.1604    
   95.00      0.1678    
   96.00      0.1734    
   97.00      0.1772    
   98.00      0.1793    
   99.00      0.1797    
   100.0      0.1785    
   101.0      0.1758    
   102.0      0.1717    
   103.0      0.1665    
   104.0      0.1602    
   105.0      0.1531    
   106.0      0.1453    
   107.0      0.1370    
   108.0      0.1283    
   109.0      0.1194    
   110.0      0.1105    
   111.0      0.1015    
   112.0      0.9272E-01
   113.0      0.8416E-01
   114.0      0.7590E-01
   115.0      0.6801E-01
   116.0      0.6056E-01
   117.0      0.5356E-01
   118.0      0.4706E-01
   119.0      0.4106E-01
   120.0      0.3558E-01
   121.0      0.3062E-01
   122.0      0.2616E-01
   123.0      0.2220E-01
   124.0      0.1871E-01
   125.0      0.1568E-01
   126.0      0.1307E-01
   127.0      0.1087E-01
   128.0      0.9028E-02
   129.0      0.7528E-02
   130.0      0.6335E-02
   131.0      0.5418E-02
   132.0      0.4746E-02
   133.0      0.4291E-02
   134.0      0.4024E-02
   135.0      0.3918E-02
   136.0      0.3948E-02
   137.0      0.4091E-02
   138.0      0.4326E-02
   139.0      0.4632E-02
   140.0      0.4992E-02
   141.0      0.5391E-02
   142.0      0.5814E-02
   143.0      0.6249E-02
   144.0      0.6686E-02
   145.0      0.7116E-02
   146.0      0.7532E-02
   147.0      0.7927E-02
   148.0      0.8296E-02
   149.0      0.8638E-02
   150.0      0.8947E-02
   151.0      0.9224E-02
   152.0      0.9467E-02
   153.0      0.9676E-02
   154.0      0.9852E-02
   155.0      0.9996E-02
   156.0      0.1011E-01
   157.0      0.1019E-01
   158.0      0.1025E-01
   159.0      0.1028E-01
   160.0      0.1029E-01
   161.0      0.1028E-01
   162.0      0.1025E-01
   163.0      0.1021E-01
   164.0      0.1015E-01
   165.0      0.1009E-01
   166.0      0.1002E-01
   167.0      0.9938E-02
   168.0      0.9857E-02
   169.0      0.9775E-02
   170.0      0.9694E-02
   171.0      0.9615E-02
   172.0      0.9541E-02
   173.0      0.9472E-02
   174.0      0.9409E-02
   175.0      0.9355E-02
   176.0      0.9309E-02
   177.0      0.9272E-02
   178.0      0.9246E-02
   179.0      0.9230E-02
   180.0      0.9225E-02
 END
