# 178 angles,  1 tensor ranks for 0=projectile
@subtitle   "20O(d,t) @ 30AMeV DA1p (d) + Pang (t)"                                         
@legend ON
@legend x1 0.2
@legend y1 0.8
@g0 type LOGY
@yaxis ticklabel format power
@xaxis label "Scattering angle (degrees)"
@yaxis label "Cross section (mb/sr)"
@legend string   0 "Partition=  1 Excit=  1 near/far= 1"
#legend string   0 "Lab energy =   70.0000"
@s0 linestyle   1
#  Theta       sigma       iT11        T20         T21         T22         Kyy for projectile
   3.000      0.2752E+05
   4.000      0.1097E+05
   5.000       7497.    
   6.000       6121.    
   7.000       5095.    
   8.000       4129.    
   9.000       3214.    
   10.00       2388.    
   11.00       1683.    
   12.00       1116.    
   13.00       687.0    
   14.00       386.4    
   15.00       194.9    
   16.00       89.79    
   17.00       47.63    
   18.00       46.78    
   19.00       68.93    
   20.00       99.92    
   21.00       129.9    
   22.00       152.7    
   23.00       165.8    
   24.00       168.8    
   25.00       163.0    
   26.00       150.5    
   27.00       134.0    
   28.00       115.7    
   29.00       97.58    
   30.00       81.07    
   31.00       67.02    
   32.00       55.80    
   33.00       47.36    
   34.00       41.40    
   35.00       37.42    
   36.00       34.89    
   37.00       33.29    
   38.00       32.17    
   39.00       31.18    
   40.00       30.07    
   41.00       28.71    
   42.00       27.06    
   43.00       25.13    
   44.00       22.99    
   45.00       20.73    
   46.00       18.44    
   47.00       16.21    
   48.00       14.12    
   49.00       12.21    
   50.00       10.52    
   51.00       9.068    
   52.00       7.839    
   53.00       6.820    
   54.00       5.985    
   55.00       5.305    
   56.00       4.750    
   57.00       4.291    
   58.00       3.904    
   59.00       3.566    
   60.00       3.263    
   61.00       2.984    
   62.00       2.721    
   63.00       2.469    
   64.00       2.229    
   65.00       2.000    
   66.00       1.783    
   67.00       1.580    
   68.00       1.392    
   69.00       1.222    
   70.00       1.069    
   71.00      0.9331    
   72.00      0.8145    
   73.00      0.7121    
   74.00      0.6243    
   75.00      0.5497    
   76.00      0.4864    
   77.00      0.4328    
   78.00      0.3872    
   79.00      0.3480    
   80.00      0.3141    
   81.00      0.2844    
   82.00      0.2578    
   83.00      0.2338    
   84.00      0.2119    
   85.00      0.1917    
   86.00      0.1730    
   87.00      0.1557    
   88.00      0.1396    
   89.00      0.1247    
   90.00      0.1111    
   91.00      0.9868E-01
   92.00      0.8743E-01
   93.00      0.7733E-01
   94.00      0.6834E-01
   95.00      0.6038E-01
   96.00      0.5340E-01
   97.00      0.4731E-01
   98.00      0.4201E-01
   99.00      0.3743E-01
   100.0      0.3347E-01
   101.0      0.3004E-01
   102.0      0.2707E-01
   103.0      0.2447E-01
   104.0      0.2220E-01
   105.0      0.2019E-01
   106.0      0.1840E-01
   107.0      0.1678E-01
   108.0      0.1531E-01
   109.0      0.1397E-01
   110.0      0.1274E-01
   111.0      0.1159E-01
   112.0      0.1054E-01
   113.0      0.9558E-02
   114.0      0.8652E-02
   115.0      0.7815E-02
   116.0      0.7045E-02
   117.0      0.6339E-02
   118.0      0.5697E-02
   119.0      0.5115E-02
   120.0      0.4590E-02
   121.0      0.4121E-02
   122.0      0.3703E-02
   123.0      0.3332E-02
   124.0      0.3006E-02
   125.0      0.2719E-02
   126.0      0.2468E-02
   127.0      0.2248E-02
   128.0      0.2055E-02
   129.0      0.1885E-02
   130.0      0.1735E-02
   131.0      0.1600E-02
   132.0      0.1479E-02
   133.0      0.1368E-02
   134.0      0.1266E-02
   135.0      0.1171E-02
   136.0      0.1081E-02
   137.0      0.9975E-03
   138.0      0.9184E-03
   139.0      0.8440E-03
   140.0      0.7743E-03
   141.0      0.7097E-03
   142.0      0.6502E-03
   143.0      0.5961E-03
   144.0      0.5475E-03
   145.0      0.5044E-03
   146.0      0.4665E-03
   147.0      0.4335E-03
   148.0      0.4048E-03
   149.0      0.3797E-03
   150.0      0.3574E-03
   151.0      0.3370E-03
   152.0      0.3177E-03
   153.0      0.2986E-03
   154.0      0.2793E-03
   155.0      0.2591E-03
   156.0      0.2380E-03
   157.0      0.2159E-03
   158.0      0.1931E-03
   159.0      0.1704E-03
   160.0      0.1484E-03
   161.0      0.1281E-03
   162.0      0.1105E-03
   163.0      0.9689E-04
   164.0      0.8813E-04
   165.0      0.8513E-04
   166.0      0.8854E-04
   167.0      0.9871E-04
   168.0      0.1157E-03
   169.0      0.1390E-03
   170.0      0.1681E-03
   171.0      0.2018E-03
   172.0      0.2387E-03
   173.0      0.2773E-03
   174.0      0.3157E-03
   175.0      0.3521E-03
   176.0      0.3848E-03
   177.0      0.4121E-03
   178.0      0.4327E-03
   179.0      0.4454E-03
   180.0      0.4498E-03
 END
@legend string   1 "Partition=  2 Excit=  1 near/far= 1"
#legend string   0 "Lab energy =   70.0000"
@s1 linestyle   2
#  Theta       sigma       iT11        T20         T21         T22         Kyy for projectile
   3.000       19.72    
   4.000       14.23    
   5.000       9.068    
   6.000       4.925    
   7.000       2.171    
   8.000      0.8153    
   9.000      0.5934    
   10.00       1.092    
   11.00       1.878    
   12.00       2.604    
   13.00       3.055    
   14.00       3.156    
   15.00       2.945    
   16.00       2.524    
   17.00       2.022    
   18.00       1.548    
   19.00       1.180    
   20.00      0.9532    
   21.00      0.8667    
   22.00      0.8930    
   23.00      0.9913    
   24.00       1.119    
   25.00       1.239    
   26.00       1.327    
   27.00       1.367    
   28.00       1.358    
   29.00       1.303    
   30.00       1.213    
   31.00       1.100    
   32.00      0.9738    
   33.00      0.8463    
   34.00      0.7248    
   35.00      0.6151    
   36.00      0.5204    
   37.00      0.4420    
   38.00      0.3799    
   39.00      0.3330    
   40.00      0.2994    
   41.00      0.2770    
   42.00      0.2631    
   43.00      0.2555    
   44.00      0.2517    
   45.00      0.2498    
   46.00      0.2479    
   47.00      0.2448    
   48.00      0.2397    
   49.00      0.2321    
   50.00      0.2220    
   51.00      0.2096    
   52.00      0.1954    
   53.00      0.1801    
   54.00      0.1643    
   55.00      0.1487    
   56.00      0.1338    
   57.00      0.1200    
   58.00      0.1075    
   59.00      0.9664E-01
   60.00      0.8723E-01
   61.00      0.7920E-01
   62.00      0.7237E-01
   63.00      0.6653E-01
   64.00      0.6144E-01
   65.00      0.5690E-01
   66.00      0.5272E-01
   67.00      0.4878E-01
   68.00      0.4499E-01
   69.00      0.4128E-01
   70.00      0.3766E-01
   71.00      0.3413E-01
   72.00      0.3073E-01
   73.00      0.2748E-01
   74.00      0.2443E-01
   75.00      0.2162E-01
   76.00      0.1905E-01
   77.00      0.1676E-01
   78.00      0.1473E-01
   79.00      0.1295E-01
   80.00      0.1142E-01
   81.00      0.1010E-01
   82.00      0.8970E-02
   83.00      0.8002E-02
   84.00      0.7168E-02
   85.00      0.6444E-02
   86.00      0.5808E-02
   87.00      0.5243E-02
   88.00      0.4733E-02
   89.00      0.4269E-02
   90.00      0.3843E-02
   91.00      0.3450E-02
   92.00      0.3086E-02
   93.00      0.2749E-02
   94.00      0.2439E-02
   95.00      0.2155E-02
   96.00      0.1897E-02
   97.00      0.1663E-02
   98.00      0.1454E-02
   99.00      0.1267E-02
   100.0      0.1102E-02
   101.0      0.9570E-03
   102.0      0.8304E-03
   103.0      0.7203E-03
   104.0      0.6248E-03
   105.0      0.5424E-03
   106.0      0.4711E-03
   107.0      0.4096E-03
   108.0      0.3564E-03
   109.0      0.3103E-03
   110.0      0.2704E-03
   111.0      0.2356E-03
   112.0      0.2054E-03
   113.0      0.1790E-03
   114.0      0.1560E-03
   115.0      0.1359E-03
   116.0      0.1185E-03
   117.0      0.1034E-03
   118.0      0.9043E-04
   119.0      0.7930E-04
   120.0      0.6982E-04
   121.0      0.6181E-04
   122.0      0.5510E-04
   123.0      0.4951E-04
   124.0      0.4490E-04
   125.0      0.4110E-04
   126.0      0.3799E-04
   127.0      0.3544E-04
   128.0      0.3334E-04
   129.0      0.3157E-04
   130.0      0.3005E-04
   131.0      0.2871E-04
   132.0      0.2747E-04
   133.0      0.2629E-04
   134.0      0.2514E-04
   135.0      0.2397E-04
   136.0      0.2278E-04
   137.0      0.2155E-04
   138.0      0.2029E-04
   139.0      0.1900E-04
   140.0      0.1768E-04
   141.0      0.1636E-04
   142.0      0.1504E-04
   143.0      0.1373E-04
   144.0      0.1246E-04
   145.0      0.1123E-04
   146.0      0.1004E-04
   147.0      0.8922E-05
   148.0      0.7862E-05
   149.0      0.6869E-05
   150.0      0.5941E-05
   151.0      0.5079E-05
   152.0      0.4281E-05
   153.0      0.3545E-05
   154.0      0.2869E-05
   155.0      0.2254E-05
   156.0      0.1700E-05
   157.0      0.1213E-05
   158.0      0.7960E-06
   159.0      0.4579E-06
   160.0      0.2074E-06
   161.0      0.5439E-07
   162.0      0.8883E-08
   163.0      0.8010E-07
   164.0      0.2754E-06
   165.0      0.5991E-06
   166.0      0.1052E-05
   167.0      0.1630E-05
   168.0      0.2324E-05
   169.0      0.3119E-05
   170.0      0.3995E-05
   171.0      0.4929E-05
   172.0      0.5890E-05
   173.0      0.6846E-05
   174.0      0.7766E-05
   175.0      0.8614E-05
   176.0      0.9358E-05
   177.0      0.9971E-05
   178.0      0.1043E-04
   179.0      0.1071E-04
   180.0      0.1080E-04
 END
@legend string   2 "Partition=  2 Excit=  2 near/far= 1"
#legend string   0 "Lab energy =   70.0000"
@s2 linestyle   3
#  Theta       sigma       iT11        T20         T21         T22         Kyy for projectile
   3.000       9.131    
   4.000       8.801    
   5.000       8.218    
   6.000       7.369    
   7.000       6.303    
   8.000       5.116    
   9.000       3.930    
   10.00       2.857    
   11.00       1.984    
   12.00       1.351    
   13.00      0.9530    
   14.00      0.7529    
   15.00      0.6923    
   16.00      0.7089    
   17.00      0.7488    
   18.00      0.7744    
   19.00      0.7658    
   20.00      0.7197    
   21.00      0.6439    
   22.00      0.5527    
   23.00      0.4610    
   24.00      0.3813    
   25.00      0.3213    
   26.00      0.2837    
   27.00      0.2668    
   28.00      0.2660    
   29.00      0.2753    
   30.00      0.2886    
   31.00      0.3009    
   32.00      0.3087    
   33.00      0.3105    
   34.00      0.3059    
   35.00      0.2960    
   36.00      0.2823    
   37.00      0.2664    
   38.00      0.2500    
   39.00      0.2342    
   40.00      0.2197    
   41.00      0.2068    
   42.00      0.1953    
   43.00      0.1851    
   44.00      0.1755    
   45.00      0.1663    
   46.00      0.1570    
   47.00      0.1474    
   48.00      0.1374    
   49.00      0.1272    
   50.00      0.1168    
   51.00      0.1065    
   52.00      0.9640E-01
   53.00      0.8676E-01
   54.00      0.7774E-01
   55.00      0.6945E-01
   56.00      0.6194E-01
   57.00      0.5523E-01
   58.00      0.4928E-01
   59.00      0.4402E-01
   60.00      0.3939E-01
   61.00      0.3528E-01
   62.00      0.3163E-01
   63.00      0.2836E-01
   64.00      0.2539E-01
   65.00      0.2270E-01
   66.00      0.2024E-01
   67.00      0.1798E-01
   68.00      0.1592E-01
   69.00      0.1403E-01
   70.00      0.1232E-01
   71.00      0.1078E-01
   72.00      0.9402E-02
   73.00      0.8179E-02
   74.00      0.7102E-02
   75.00      0.6162E-02
   76.00      0.5347E-02
   77.00      0.4643E-02
   78.00      0.4038E-02
   79.00      0.3520E-02
   80.00      0.3075E-02
   81.00      0.2693E-02
   82.00      0.2363E-02
   83.00      0.2077E-02
   84.00      0.1828E-02
   85.00      0.1610E-02
   86.00      0.1417E-02
   87.00      0.1247E-02
   88.00      0.1095E-02
   89.00      0.9598E-03
   90.00      0.8395E-03
   91.00      0.7325E-03
   92.00      0.6374E-03
   93.00      0.5534E-03
   94.00      0.4793E-03
   95.00      0.4144E-03
   96.00      0.3577E-03
   97.00      0.3085E-03
   98.00      0.2660E-03
   99.00      0.2294E-03
   100.0      0.1981E-03
   101.0      0.1714E-03
   102.0      0.1486E-03
   103.0      0.1292E-03
   104.0      0.1127E-03
   105.0      0.9865E-04
   106.0      0.8666E-04
   107.0      0.7638E-04
   108.0      0.6754E-04
   109.0      0.5990E-04
   110.0      0.5325E-04
   111.0      0.4743E-04
   112.0      0.4232E-04
   113.0      0.3780E-04
   114.0      0.3379E-04
   115.0      0.3022E-04
   116.0      0.2705E-04
   117.0      0.2422E-04
   118.0      0.2171E-04
   119.0      0.1947E-04
   120.0      0.1750E-04
   121.0      0.1575E-04
   122.0      0.1422E-04
   123.0      0.1288E-04
   124.0      0.1170E-04
   125.0      0.1068E-04
   126.0      0.9789E-05
   127.0      0.9012E-05
   128.0      0.8331E-05
   129.0      0.7731E-05
   130.0      0.7196E-05
   131.0      0.6714E-05
   132.0      0.6273E-05
   133.0      0.5863E-05
   134.0      0.5477E-05
   135.0      0.5109E-05
   136.0      0.4755E-05
   137.0      0.4413E-05
   138.0      0.4082E-05
   139.0      0.3762E-05
   140.0      0.3456E-05
   141.0      0.3163E-05
   142.0      0.2888E-05
   143.0      0.2631E-05
   144.0      0.2394E-05
   145.0      0.2178E-05
   146.0      0.1984E-05
   147.0      0.1812E-05
   148.0      0.1660E-05
   149.0      0.1527E-05
   150.0      0.1411E-05
   151.0      0.1309E-05
   152.0      0.1219E-05
   153.0      0.1137E-05
   154.0      0.1062E-05
   155.0      0.9923E-06
   156.0      0.9255E-06
   157.0      0.8616E-06
   158.0      0.8006E-06
   159.0      0.7435E-06
   160.0      0.6919E-06
   161.0      0.6480E-06
   162.0      0.6140E-06
   163.0      0.5925E-06
   164.0      0.5861E-06
   165.0      0.5966E-06
   166.0      0.6256E-06
   167.0      0.6736E-06
   168.0      0.7402E-06
   169.0      0.8243E-06
   170.0      0.9237E-06
   171.0      0.1035E-05
   172.0      0.1154E-05
   173.0      0.1276E-05
   174.0      0.1396E-05
   175.0      0.1509E-05
   176.0      0.1610E-05
   177.0      0.1693E-05
   178.0      0.1756E-05
   179.0      0.1795E-05
   180.0      0.1809E-05
 END
@legend string   3 "Partition=  2 Excit=  3 near/far= 1"
#legend string   0 "Lab energy =   70.0000"
@s3 linestyle   4
#  Theta       sigma       iT11        T20         T21         T22         Kyy for projectile
   3.000       11.96    
   4.000       11.60    
   5.000       11.13    
   6.000       10.53    
   7.000       9.791    
   8.000       8.921    
   9.000       7.935    
   10.00       6.865    
   11.00       5.761    
   12.00       4.679    
   13.00       3.677    
   14.00       2.802    
   15.00       2.086    
   16.00       1.545    
   17.00       1.171    
   18.00      0.9450    
   19.00      0.8359    
   20.00      0.8093    
   21.00      0.8318    
   22.00      0.8760    
   23.00      0.9220    
   24.00      0.9585    
   25.00      0.9814    
   26.00      0.9922    
   27.00      0.9957    
   28.00      0.9976    
   29.00       1.003    
   30.00       1.015    
   31.00       1.036    
   32.00       1.063    
   33.00       1.094    
   34.00       1.126    
   35.00       1.153    
   36.00       1.174    
   37.00       1.184    
   38.00       1.182    
   39.00       1.168    
   40.00       1.143    
   41.00       1.107    
   42.00       1.064    
   43.00       1.015    
   44.00      0.9626    
   45.00      0.9085    
   46.00      0.8544    
   47.00      0.8014    
   48.00      0.7504    
   49.00      0.7018    
   50.00      0.6555    
   51.00      0.6117    
   52.00      0.5700    
   53.00      0.5302    
   54.00      0.4922    
   55.00      0.4558    
   56.00      0.4208    
   57.00      0.3874    
   58.00      0.3555    
   59.00      0.3253    
   60.00      0.2967    
   61.00      0.2699    
   62.00      0.2449    
   63.00      0.2218    
   64.00      0.2006    
   65.00      0.1812    
   66.00      0.1635    
   67.00      0.1475    
   68.00      0.1330    
   69.00      0.1200    
   70.00      0.1082    
   71.00      0.9758E-01
   72.00      0.8799E-01
   73.00      0.7931E-01
   74.00      0.7146E-01
   75.00      0.6433E-01
   76.00      0.5787E-01
   77.00      0.5200E-01
   78.00      0.4667E-01
   79.00      0.4184E-01
   80.00      0.3747E-01
   81.00      0.3352E-01
   82.00      0.2996E-01
   83.00      0.2676E-01
   84.00      0.2389E-01
   85.00      0.2132E-01
   86.00      0.1902E-01
   87.00      0.1698E-01
   88.00      0.1516E-01
   89.00      0.1354E-01
   90.00      0.1210E-01
   91.00      0.1082E-01
   92.00      0.9678E-02
   93.00      0.8662E-02
   94.00      0.7755E-02
   95.00      0.6944E-02
   96.00      0.6219E-02
   97.00      0.5569E-02
   98.00      0.4986E-02
   99.00      0.4462E-02
   100.0      0.3993E-02
   101.0      0.3571E-02
   102.0      0.3193E-02
   103.0      0.2854E-02
   104.0      0.2551E-02
   105.0      0.2279E-02
   106.0      0.2037E-02
   107.0      0.1820E-02
   108.0      0.1628E-02
   109.0      0.1456E-02
   110.0      0.1304E-02
   111.0      0.1168E-02
   112.0      0.1048E-02
   113.0      0.9403E-03
   114.0      0.8448E-03
   115.0      0.7596E-03
   116.0      0.6836E-03
   117.0      0.6157E-03
   118.0      0.5548E-03
   119.0      0.5002E-03
   120.0      0.4512E-03
   121.0      0.4071E-03
   122.0      0.3674E-03
   123.0      0.3316E-03
   124.0      0.2994E-03
   125.0      0.2704E-03
   126.0      0.2442E-03
   127.0      0.2207E-03
   128.0      0.1995E-03
   129.0      0.1805E-03
   130.0      0.1634E-03
   131.0      0.1481E-03
   132.0      0.1344E-03
   133.0      0.1221E-03
   134.0      0.1111E-03
   135.0      0.1013E-03
   136.0      0.9245E-04
   137.0      0.8457E-04
   138.0      0.7750E-04
   139.0      0.7116E-04
   140.0      0.6545E-04
   141.0      0.6031E-04
   142.0      0.5567E-04
   143.0      0.5145E-04
   144.0      0.4762E-04
   145.0      0.4413E-04
   146.0      0.4092E-04
   147.0      0.3797E-04
   148.0      0.3524E-04
   149.0      0.3270E-04
   150.0      0.3032E-04
   151.0      0.2810E-04
   152.0      0.2601E-04
   153.0      0.2405E-04
   154.0      0.2220E-04
   155.0      0.2046E-04
   156.0      0.1884E-04
   157.0      0.1734E-04
   158.0      0.1596E-04
   159.0      0.1472E-04
   160.0      0.1363E-04
   161.0      0.1269E-04
   162.0      0.1191E-04
   163.0      0.1131E-04
   164.0      0.1088E-04
   165.0      0.1063E-04
   166.0      0.1056E-04
   167.0      0.1065E-04
   168.0      0.1089E-04
   169.0      0.1126E-04
   170.0      0.1175E-04
   171.0      0.1233E-04
   172.0      0.1296E-04
   173.0      0.1362E-04
   174.0      0.1427E-04
   175.0      0.1489E-04
   176.0      0.1544E-04
   177.0      0.1589E-04
   178.0      0.1624E-04
   179.0      0.1645E-04
   180.0      0.1652E-04
 END
