# Fusion cross sections for ELAB=  70.000, ECM=  63.596
     0.0   1.738     -1
     1.0   10.43      1
     1.0   15.64     -1
     2.0   8.702      1
     2.0   26.13     -1
     3.0   24.51      1
     3.0   36.74     -1
     4.0   15.81      1
     4.0   47.50     -1
     5.0   38.99      1
     5.0   58.44     -1
     6.0   23.19      1
     6.0   69.53     -1
     7.0   53.73      1
     7.0   80.67     -1
     8.0   30.82      1
     8.0   91.22     -1
     9.0   64.81      1
     9.0   99.29     -1
    10.0   35.82      1
    10.0   102.0     -1
    11.0   63.56      1
    11.0   96.14     -1
    12.0   25.59      1
    12.0   79.91     -1
    13.0   40.33      1
    13.0   58.25     -1
    14.0   11.69      1
    14.0   38.69     -1
    15.0   17.10      1
    15.0   24.44     -1
    16.0   4.525      1
    16.0   15.07     -1
    17.0   6.426      1
    17.0   9.187     -1
    18.0   1.675      1
    18.0   5.567     -1
    19.0   2.349      1
    19.0   3.360     -1
    20.0  0.6088      1
    20.0   2.022     -1
    21.0  0.8477      1
    21.0   1.213     -1
    22.0  0.2186      1
    22.0  0.7258     -1
    23.0  0.3027      1
    23.0  0.4332     -1
    24.0  0.7762E-01  1
    24.0  0.2579     -1
    25.0  0.1071      1
    25.0  0.1531     -1
    26.0  0.2730E-01  1
    26.0  0.9074E-01 -1
    27.0  0.3752E-01  1
    27.0  0.5366E-01 -1
    28.0  0.9522E-02  1
    28.0  0.3166E-01 -1
    29.0  0.1304E-01  1
    29.0  0.1865E-01 -1
    30.0  0.3296E-02  1
    30.0  0.1097E-01 -1
    31.0  0.4503E-02  1
    31.0  0.6438E-02 -1
    32.0  0.1134E-02  1
    32.0  0.3773E-02 -1
    33.0  0.1545E-02  1
    33.0  0.2208E-02 -1
    34.0  0.3877E-03  1
    34.0  0.1291E-02 -1
    35.0  0.5272E-03  1
    35.0  0.7535E-03 -1
    36.0  0.1319E-03  1
    36.0  0.4393E-03 -1
    37.0  0.1790E-03  1
    37.0  0.2558E-03 -1
    38.0  0.4468E-04  1
    38.0  0.1488E-03 -1
    39.0  0.6053E-04  1
    39.0  0.8649E-04 -1
    40.0  0.1507E-04  1
    40.0  0.5022E-04 -1
    41.0  0.2039E-04  1
    41.0  0.2913E-04 -1
    42.0  0.5065E-05  1
    42.0  0.1688E-04 -1
    43.0  0.6843E-05  1
    43.0  0.9775E-05 -1
    44.0  0.1697E-05  1
    44.0  0.5656E-05 -1
    45.0  0.2289E-05  1
    45.0  0.3270E-05 -1
    46.0  0.5667E-06  1
    46.0  0.1889E-05 -1
    47.0  0.7637E-06  1
    47.0  0.1091E-05 -1
    48.0  0.1887E-06  1
    48.0  0.6294E-06 -1
    49.0  0.2541E-06  1
    49.0  0.3629E-06 -1
    50.0  0.6270E-07  1
    50.0  0.2091E-06 -1
    51.0  0.8433E-07  1
    51.0  0.1204E-06 -1
    52.0  0.2078E-07  1
    52.0  0.6933E-07 -1
    53.0  0.2793E-07  1
    53.0  0.3988E-07 -1
    54.0  0.6874E-08  1
    54.0  0.2293E-07 -1
    55.0  0.9230E-08  1
    55.0  0.1318E-07 -1
    56.0  0.2269E-08  1
    56.0  0.7570E-08 -1
    57.0  0.3043E-08  1
    57.0  0.4346E-08 -1
    58.0  0.7479E-09  1
    58.0  0.2494E-08 -1
    59.0  0.1001E-08  1
    59.0  0.1430E-08 -1
    60.0  0.2461E-09  1
    60.0  0.8208E-09 -1
 &
