# Fusion cross sections for ELAB=  70.000, ECM=  63.596
     0.0   1.738       1.754      0.1553E-01
     1.0   15.64       15.78      0.1411    
     2.0   26.14       26.36      0.2272    
     3.0   36.74       37.04      0.2957    
     4.0   47.50       47.84      0.3429    
     5.0   58.45       58.82      0.3666    
     6.0   69.53       69.90      0.3707    
     7.0   80.67       81.04      0.3639    
     8.0   91.22       91.61      0.3897    
     9.0   99.29       99.80      0.5053    
    10.0   102.0       102.7      0.6953    
    11.0   96.14       97.06      0.9213    
    12.0   79.91       81.03       1.115    
    13.0   58.25       59.39       1.138    
    14.0   38.69       39.65      0.9606    
    15.0   24.44       25.13      0.6934    
    16.0   15.07       15.51      0.4461    
    17.0   9.186       9.452      0.2654    
    18.0   5.566       5.716      0.1500    
    19.0   3.360       3.442      0.8202E-01
    20.0   2.021       2.065      0.4392E-01
    21.0   1.213       1.236      0.2320E-01
    22.0  0.7257      0.7378      0.1215E-01
    23.0  0.4331      0.4394      0.6332E-02
    24.0  0.2578      0.2611      0.3287E-02
    25.0  0.1531      0.1548      0.1703E-02
    26.0  0.9073E-01  0.9161E-01  0.8810E-03
    27.0  0.5365E-01  0.5410E-01  0.4554E-03
    28.0  0.3166E-01  0.3189E-01  0.2353E-03
    29.0  0.1865E-01  0.1877E-01  0.1215E-03
    30.0  0.1096E-01  0.1103E-01  0.6276E-04
    31.0  0.6437E-02  0.6469E-02  0.3241E-04
    32.0  0.3773E-02  0.3789E-02  0.1673E-04
    33.0  0.2208E-02  0.2217E-02  0.8641E-05
    34.0  0.1291E-02  0.1295E-02  0.4462E-05
    35.0  0.7534E-03  0.7557E-03  0.2305E-05
    36.0  0.4393E-03  0.4404E-03  0.1190E-05
    37.0  0.2558E-03  0.2564E-03  0.6147E-06
    38.0  0.1488E-03  0.1491E-03  0.3175E-06
    39.0  0.8648E-04  0.8665E-04  0.1640E-06
    40.0  0.5021E-04  0.5030E-04  0.8469E-07
    41.0  0.2913E-04  0.2917E-04  0.4375E-07
    42.0  0.1688E-04  0.1690E-04  0.2260E-07
    43.0  0.9775E-05  0.9786E-05  0.1168E-07
    44.0  0.5656E-05  0.5662E-05  0.6033E-08
    45.0  0.3270E-05  0.3273E-05  0.3117E-08
    46.0  0.1889E-05  0.1891E-05  0.1610E-08
    47.0  0.1091E-05  0.1092E-05  0.8320E-09
    48.0  0.6294E-06  0.6298E-06  0.4299E-09
    49.0  0.3629E-06  0.3631E-06  0.2221E-09
    50.0  0.2091E-06  0.2092E-06  0.1148E-09
    51.0  0.1204E-06  0.1205E-06  0.5930E-10
    52.0  0.6932E-07  0.6935E-07  0.3064E-10
    53.0  0.3988E-07  0.3990E-07  0.1583E-10
    54.0  0.2293E-07  0.2294E-07  0.8182E-11
    55.0  0.1318E-07  0.1318E-07  0.4228E-11
    56.0  0.7570E-08  0.7572E-08  0.2185E-11
    57.0  0.4346E-08  0.4348E-08  0.1129E-11
    58.0  0.2494E-08  0.2494E-08  0.5835E-12
    59.0  0.1431E-08  0.1431E-08  0.3016E-12
    60.0  0.8210E-09  0.8212E-09  0.1558E-12
 &
