           4           1           1
    0.0-     1 1   1.754       0.000      0.9275E-02  0.1501E-03  0.6104E-02   1.738    
    1.0+     0 1   5.247       0.000      0.3120E-01  0.8742E-03  0.1778E-01   5.197    
    1.0+     2 2   5.278       0.000      0.2449E-01  0.3746E-03  0.1786E-01   5.235    
    1.0-     1 1   5.257       0.000      0.2981E-01  0.6561E-03  0.1809E-01   5.209    
    2.0+     2 1   8.781       0.000      0.4703E-01  0.1229E-02  0.2940E-01   8.704    
    2.0-     1 1   8.748       0.000      0.5622E-01  0.2117E-02  0.2838E-01   8.661    
    2.0-     3 2   8.836       0.000      0.3427E-01  0.4776E-03  0.2811E-01   8.773    
    3.0+     2 1   12.26       0.000      0.7847E-01  0.4069E-02  0.3688E-01   12.14    
    3.0+     4 2   12.44       0.000      0.3838E-01  0.4920E-03  0.3600E-01   12.37    
    3.0-     3 1   12.34       0.000      0.5996E-01  0.1882E-02  0.3955E-01   12.23    
    4.0+     4 1   15.93       0.000      0.6756E-01  0.2644E-02  0.4816E-01   15.81    
    4.0-     3 1   15.80       0.000      0.9629E-01  0.7243E-02  0.4296E-01   15.66    
    4.0-     5 2   16.11       0.000      0.3709E-01  0.4475E-03  0.4048E-01   16.03    
    5.0+     4 1   19.38       0.000      0.1070      0.1212E-01  0.4623E-01   19.22    
    5.0+     6 2   19.85       0.000      0.3209E-01  0.3742E-03  0.4175E-01   19.78    
    5.0-     5 1   19.58       0.000      0.6891E-01  0.3579E-02  0.5453E-01   19.45    
    6.0+     6 1   23.31       0.000      0.6396E-01  0.4564E-02  0.5814E-01   23.19    
    6.0-     5 1   23.00       0.000      0.1080      0.1936E-01  0.4662E-01   22.82    
    6.0-     7 2   23.59       0.000      0.2692E-01  0.3876E-03  0.4273E-01   23.52    
    7.0+     6 1   26.70       0.000      0.9730E-01  0.2847E-01  0.4398E-01   26.53    
    7.0+     8 2   27.27       0.000      0.2437E-01  0.5664E-03  0.4891E-01   27.20    
    7.0-     7 1   27.06       0.000      0.5467E-01  0.5971E-02  0.5966E-01   26.94    
    8.0+     8 1   30.92       0.000      0.4047E-01  0.7201E-02  0.5532E-01   30.82    
    8.0-     7 1   30.46       0.000      0.7857E-01  0.3898E-01  0.4008E-01   30.31    
    8.0-     9 2   30.22       0.000      0.3191E-01  0.1719E-02  0.9543E-01   30.09    
    9.0+     8 1   34.28       0.000      0.5211E-01  0.4733E-01  0.3251E-01   34.15    
    9.0+    10 2   30.92       0.000      0.4305E-01  0.5101E-02  0.2107       30.66    
    9.0-     9 1   34.60       0.000      0.3392E-01  0.1041E-01  0.7016E-01   34.48    
   10.0+    10 1   36.04       0.000      0.4034E-01  0.3263E-01  0.1451       35.82    
   10.0-     9 1   38.54       0.000      0.2914E-01  0.4434E-01  0.2699E-01   38.44    
   10.0-    11 2   28.15       0.000      0.4383E-01  0.8095E-02  0.3249       27.77    
   11.0+    10 1   41.56       0.000      0.2969E-01  0.7561E-01  0.5219E-01   41.40    
   11.0+    12 2   22.57       0.000      0.5426E-01  0.7098E-02  0.3452       22.16    
   11.0-    11 1   32.94       0.000      0.4592E-01  0.7855E-01  0.2327       32.58    
   12.0+    12 1   26.01       0.000      0.6464E-01  0.1110      0.2511       25.59    
   12.0-    11 1   38.76       0.000      0.4534E-01  0.1831      0.9742E-01   38.43    
   12.0-    13 2   16.25       0.000      0.7794E-01  0.5459E-02  0.2794       15.89    
   13.0+    12 1   30.20       0.000      0.7762E-01  0.2626      0.1141       29.75    
   13.0+    14 2   10.87       0.000      0.8634E-01  0.5691E-02  0.1895       10.59    
   13.0-    13 1   18.32       0.000      0.9223E-01  0.1065      0.2030       17.92    
   14.0+    14 1   12.00       0.000      0.9836E-01  0.8057E-01  0.1367       11.69    
   14.0-    13 1   20.70       0.000      0.1098      0.2454      0.9602E-01   20.25    
   14.0-    15 2   6.953       0.000      0.7277E-01  0.5828E-02  0.1151       6.759    
   15.0+    14 1   13.24       0.000      0.1122      0.1778      0.6612E-01   12.88    
   15.0+    16 2   4.334       0.000      0.5098E-01  0.4835E-02  0.6545E-01   4.212    
   15.0-    15 1   7.557       0.000      0.8056E-01  0.5292E-01  0.8250E-01   7.341    
   16.0+    16 1   4.658       0.000      0.5539E-01  0.3187E-01  0.4667E-01   4.524    
   16.0-    15 1   8.195       0.000      0.8909E-01  0.1116      0.4046E-01   7.954    
   16.0-    17 2   2.661       0.000      0.3186E-01  0.3365E-02  0.3578E-01   2.590    
   17.0+    16 1   4.994       0.000      0.6005E-01  0.6464E-01  0.2313E-01   4.846    
   17.0+    18 2   1.620       0.000      0.1857E-01  0.2087E-02  0.1910E-01   1.580    
   17.0-    17 1   2.838       0.000      0.3419E-01  0.1817E-01  0.2541E-01   2.761    
   18.0+    18 1   1.718       0.000      0.1976E-01  0.9995E-02  0.1352E-01   1.674    
   18.0-    17 1   3.019       0.000      0.3661E-01  0.3577E-01  0.1269E-01   2.934    
   18.0-    19 2  0.9799       0.000      0.1036E-01  0.1205E-02  0.1005E-01  0.9583    
   19.0+    18 1   1.817       0.000      0.2099E-01  0.1927E-01  0.6780E-02   1.770    
   19.0+    20 2  0.5902       0.000      0.5634E-02  0.6657E-03  0.5248E-02  0.5787    
   19.0-    19 1   1.035       0.000      0.1097E-01  0.5375E-02  0.7089E-02   1.011    
   20.0+    20 1  0.6212       0.000      0.5937E-02  0.2849E-02  0.3685E-02  0.6087    
   20.0-    19 1   1.090       0.000      0.1158E-01  0.1021E-01  0.3556E-02   1.065    
   20.0-    21 2  0.3543       0.000      0.3011E-02  0.3576E-03  0.2725E-02  0.3482    
   21.0+    20 1  0.6522       0.000      0.6243E-02  0.5362E-02  0.1843E-02  0.6387    
   21.0+    22 2  0.2120       0.000      0.1592E-02  0.1889E-03  0.1410E-02  0.2088    
   21.0-    21 1  0.3718       0.000      0.3162E-02  0.1497E-02  0.1905E-02  0.3652    
   22.0+    22 1  0.2220       0.000      0.1667E-02  0.7814E-03  0.9817E-03  0.2185    
   22.0-    21 1  0.3893       0.000      0.3314E-02  0.2798E-02  0.9478E-03  0.3823    
   22.0-    23 2  0.1265       0.000      0.8359E-03  0.9866E-04  0.7286E-03  0.1249    
   23.0+    22 1  0.2319       0.000      0.1743E-02  0.1454E-02  0.4853E-03  0.2282    
   23.0+    24 2  0.7532E-01   0.000      0.4369E-03  0.5120E-04  0.3761E-03  0.7445E-01
   23.0-    23 1  0.1322       0.000      0.8735E-03  0.4065E-03  0.5050E-03  0.1304    
   24.0+    24 1  0.7853E-01   0.000      0.4556E-03  0.2109E-03  0.2596E-03  0.7761E-01
   24.0-    23 1  0.1378       0.000      0.9111E-03  0.7541E-03  0.2479E-03  0.1359    
   24.0-    25 2  0.4473E-01   0.000      0.2276E-03  0.2646E-04  0.1940E-03  0.4428E-01
   25.0+    24 1  0.8175E-01   0.000      0.4743E-03  0.3904E-03  0.1265E-03  0.8076E-01
   25.0+    26 2  0.2651E-01   0.000      0.1184E-03  0.1364E-04  0.1001E-03  0.2627E-01
   25.0-    25 1  0.4656E-01   0.000      0.2370E-03  0.1093E-03  0.1334E-03  0.4608E-01
   26.0+    26 1  0.2755E-01   0.000      0.1230E-03  0.5657E-04  0.6852E-04  0.2730E-01
   26.0-    25 1  0.4839E-01   0.000      0.2463E-03  0.2020E-03  0.6451E-04  0.4787E-01
   26.0-    27 2  0.1567E-01   0.000      0.6148E-04  0.7018E-05  0.5159E-04  0.1555E-01
   27.0+    26 1  0.2859E-01   0.000      0.1277E-03  0.1044E-03  0.3290E-04  0.2832E-01
   27.0+    28 2  0.9250E-02   0.000      0.3190E-04  0.3608E-05  0.2661E-04  0.9188E-02
   27.0-    27 1  0.1627E-01   0.000      0.6381E-04  0.2926E-04  0.3521E-04  0.1614E-01
   28.0+    28 1  0.9587E-02   0.000      0.3306E-04  0.1513E-04  0.1810E-04  0.9521E-02
   28.0-    27 1  0.1686E-01   0.000      0.6613E-04  0.5395E-04  0.1679E-04  0.1672E-01
   28.0-    29 2  0.5450E-02   0.000      0.1654E-04  0.1855E-05  0.1372E-04  0.5417E-02
   29.0+    28 1  0.9923E-02   0.000      0.3423E-04  0.2787E-04  0.8572E-05  0.9853E-02
   29.0+    30 2  0.3205E-02   0.000      0.8574E-05  0.9534E-06  0.7077E-05  0.3188E-02
   29.0-    29 1  0.5641E-02   0.000      0.1712E-04  0.7822E-05  0.9304E-05  0.5607E-02
   30.0+    30 1  0.3314E-02   0.000      0.8865E-05  0.4043E-05  0.4785E-05  0.3296E-02
   30.0-    29 1  0.5832E-02   0.000      0.1770E-04  0.1440E-04  0.4379E-05  0.5796E-02
   30.0-    31 2  0.1882E-02   0.000      0.4442E-05  0.4901E-06  0.3651E-05  0.1873E-02
   31.0+    30 1  0.3422E-02   0.000      0.9156E-05  0.7439E-05  0.2239E-05  0.3403E-02
   31.0+    32 2  0.1103E-02   0.000      0.2301E-05  0.2520E-06  0.1883E-05  0.1099E-02
   31.0-    31 1  0.1944E-02   0.000      0.4588E-05  0.2090E-05  0.2461E-05  0.1934E-02
   32.0+    32 1  0.1138E-02   0.000      0.2374E-05  0.1080E-05  0.1266E-05  0.1134E-02
   32.0-    31 1  0.2005E-02   0.000      0.4733E-05  0.3843E-05  0.1145E-05  0.1996E-02
   32.0-    33 2  0.6459E-03   0.000      0.1192E-05  0.1296E-06  0.9716E-06  0.6436E-03
   33.0+    32 1  0.1173E-02   0.000      0.2447E-05  0.1985E-05  0.5861E-06  0.1168E-02
   33.0+    34 2  0.3776E-03   0.000      0.6171E-06  0.6663E-07  0.5013E-06  0.3765E-03
   33.0-    33 1  0.6658E-03   0.000      0.1228E-05  0.5582E-06  0.6518E-06  0.6633E-03
   34.0+    34 1  0.3889E-03   0.000      0.6355E-06  0.2885E-06  0.3355E-06  0.3877E-03
   34.0-    33 1  0.6857E-03   0.000      0.1265E-05  0.1025E-05  0.3001E-06  0.6831E-03
   34.0-    35 2  0.2205E-03   0.000      0.3195E-06  0.3427E-07  0.2587E-06  0.2199E-03
   35.0+    34 1  0.4002E-03   0.000      0.6539E-06  0.5297E-06  0.1538E-06  0.3988E-03
   35.0+    36 2  0.1286E-03   0.000      0.1654E-06  0.1763E-07  0.1335E-06  0.1283E-03
   35.0-    35 1  0.2269E-03   0.000      0.3288E-06  0.1491E-06  0.1728E-06  0.2263E-03
   36.0+    36 1  0.1322E-03   0.000      0.1701E-06  0.7703E-07  0.8898E-07  0.1319E-03
   36.0-    35 1  0.2333E-03   0.000      0.3380E-06  0.2736E-06  0.7882E-07  0.2326E-03
   36.0-    37 2  0.7492E-04   0.000      0.8563E-07  0.9072E-08  0.6891E-07  0.7476E-04
   37.0+    36 1  0.1359E-03   0.000      0.1747E-06  0.1413E-06  0.4042E-07  0.1355E-03
   37.0+    38 2  0.4360E-04   0.000      0.4432E-07  0.4669E-08  0.3557E-07  0.4351E-04
   37.0-    37 1  0.7697E-04   0.000      0.8798E-07  0.3981E-07  0.4584E-07  0.7680E-04
   38.0+    38 1  0.4476E-04   0.000      0.4550E-07  0.2057E-07  0.2362E-07  0.4467E-04
   38.0-    37 1  0.7903E-04   0.000      0.9032E-07  0.7302E-07  0.2074E-07  0.7884E-04
   38.0-    39 2  0.2535E-04   0.000      0.2294E-07  0.2403E-08  0.1836E-07  0.2530E-04
   39.0+    38 1  0.4592E-04   0.000      0.4668E-07  0.3772E-07  0.1065E-07  0.4583E-04
   39.0+    40 2  0.1472E-04   0.000      0.1187E-07  0.1237E-08  0.9481E-08  0.1470E-04
   39.0-    39 1  0.2600E-04   0.000      0.2353E-07  0.1063E-07  0.1217E-07  0.2596E-04
   40.0+    40 1  0.1509E-04   0.000      0.1217E-07  0.5495E-08  0.6273E-08  0.1507E-04
   40.0-    39 1  0.2666E-04   0.000      0.2413E-07  0.1949E-07  0.5466E-08  0.2661E-04
   40.0-    41 2  0.8541E-05   0.000      0.6142E-08  0.6372E-09  0.4895E-08  0.8530E-05
   41.0+    40 1  0.1547E-04   0.000      0.1247E-07  0.1007E-07  0.2807E-08  0.1544E-04
   41.0+    42 2  0.4952E-05   0.000      0.3179E-08  0.3283E-09  0.2528E-08  0.4946E-05
   41.0-    41 1  0.8752E-05   0.000      0.6294E-08  0.2840E-08  0.3234E-08  0.8740E-05
   42.0+    42 1  0.5071E-05   0.000      0.3255E-08  0.1468E-08  0.1668E-08  0.5065E-05
   42.0-    41 1  0.8963E-05   0.000      0.6445E-08  0.5204E-08  0.1443E-08  0.8950E-05
   42.0-    43 2  0.2868E-05   0.000      0.1645E-08  0.1692E-09  0.1305E-08  0.2865E-05
   43.0+    42 1  0.5190E-05   0.000      0.3332E-08  0.2689E-08  0.7415E-09  0.5184E-05
   43.0+    44 2  0.1660E-05   0.000      0.8512E-09  0.8717E-10  0.6741E-09  0.1659E-05
   43.0-    43 1  0.2936E-05   0.000      0.1684E-08  0.7589E-09  0.8599E-09  0.2933E-05
   44.0+    44 1  0.1698E-05   0.000      0.8708E-09  0.3922E-09  0.4435E-09  0.1697E-05
   44.0-    43 1  0.3003E-05   0.000      0.1722E-08  0.1389E-08  0.3812E-09  0.3000E-05
   44.0-    45 2  0.9602E-06   0.000      0.4404E-09  0.4492E-10  0.3481E-09  0.9593E-06
   45.0+    44 1  0.1737E-05   0.000      0.8903E-09  0.7179E-09  0.1961E-09  0.1735E-05
   45.0+    46 2  0.5549E-06   0.000      0.2279E-09  0.2314E-10  0.1798E-09  0.5545E-06
   45.0-    45 1  0.9817E-06   0.000      0.4503E-09  0.2027E-09  0.2287E-09  0.9809E-06
   46.0+    46 1  0.5671E-06   0.000      0.2329E-09  0.1048E-09  0.1180E-09  0.5666E-06
   46.0-    45 1  0.1003E-05   0.000      0.4602E-09  0.3710E-09  0.1008E-09  0.1002E-05
   46.0-    47 2  0.3205E-06   0.000      0.1179E-09  0.1193E-10  0.9285E-10  0.3203E-06
   47.0+    46 1  0.5793E-06   0.000      0.2379E-09  0.1917E-09  0.5188E-10  0.5788E-06
   47.0+    48 2  0.1850E-06   0.000      0.6099E-10  0.6148E-11  0.4796E-10  0.1848E-06
   47.0-    47 1  0.3274E-06   0.000      0.1204E-09  0.5415E-10  0.6086E-10  0.3271E-06
   48.0+    48 1  0.1889E-06   0.000      0.6228E-10  0.2799E-10  0.3140E-10  0.1887E-06
   48.0-    47 1  0.3343E-06   0.000      0.1230E-09  0.9905E-10  0.2670E-10  0.3340E-06
   48.0-    49 2  0.1067E-06   0.000      0.3156E-10  0.3170E-11  0.2477E-10  0.1066E-06
   49.0+    48 1  0.1927E-06   0.000      0.6356E-10  0.5119E-10  0.1374E-10  0.1926E-06
   49.0+    50 2  0.6149E-07   0.000      0.1632E-10  0.1635E-11  0.1279E-10  0.6146E-07
   49.0-    49 1  0.1089E-06   0.000      0.3221E-10  0.1447E-10  0.1620E-10  0.1088E-06
   50.0+    50 1  0.6273E-07   0.000      0.1665E-10  0.7478E-11  0.8358E-11  0.6270E-07
   50.0-    49 1  0.1111E-06   0.000      0.3286E-10  0.2645E-10  0.7072E-11  0.1110E-06
   50.0-    51 2  0.3542E-07   0.000      0.8445E-11  0.8430E-12  0.6608E-11  0.3541E-07
   51.0+    50 1  0.6398E-07   0.000      0.1698E-10  0.1367E-10  0.3641E-11  0.6394E-07
   51.0+    52 2  0.2040E-07   0.000      0.4369E-11  0.4348E-12  0.3414E-11  0.2039E-07
   51.0-    51 1  0.3613E-07   0.000      0.8612E-11  0.3865E-11  0.4313E-11  0.3611E-07
   52.0+    52 1  0.2079E-07   0.000      0.4453E-11  0.1998E-11  0.2226E-11  0.2078E-07
   52.0-    51 1  0.3683E-07   0.000      0.8779E-11  0.7064E-11  0.1875E-11  0.3681E-07
   52.0-    53 2  0.1174E-07   0.000      0.2260E-11  0.2242E-12  0.1764E-11  0.1173E-07
   53.0+    52 1  0.2119E-07   0.000      0.4538E-11  0.3650E-11  0.9655E-12  0.2118E-07
   53.0+    54 2  0.6750E-08   0.000      0.1169E-11  0.1156E-12  0.9111E-12  0.6748E-08
   53.0-    53 1  0.1196E-07   0.000      0.2303E-11  0.1033E-11  0.1149E-11  0.1195E-07
   54.0+    54 1  0.6876E-08   0.000      0.1191E-11  0.5337E-12  0.5930E-12  0.6874E-08
   54.0-    53 1  0.1218E-07   0.000      0.2346E-11  0.1886E-11  0.4974E-12  0.1218E-07
   54.0-    55 2  0.3880E-08   0.000      0.6047E-12  0.5964E-13  0.4707E-12  0.3879E-08
   55.0+    54 1  0.7003E-08   0.000      0.1213E-11  0.9748E-12  0.2562E-12  0.7000E-08
   55.0+    56 2  0.2229E-08   0.000      0.3128E-12  0.3076E-13  0.2431E-12  0.2228E-08
   55.0-    55 1  0.3951E-08   0.000      0.6158E-12  0.2758E-12  0.3061E-12  0.3950E-08
   56.0+    56 1  0.2270E-08   0.000      0.3185E-12  0.1426E-12  0.1580E-12  0.2269E-08
   56.0-    55 1  0.4022E-08   0.000      0.6269E-12  0.5038E-12  0.1320E-12  0.4021E-08
   56.0-    57 2  0.1281E-08   0.000      0.1618E-12  0.1587E-13  0.1256E-12  0.1280E-08
   57.0+    56 1  0.2310E-08   0.000      0.3241E-12  0.2603E-12  0.6803E-13  0.2309E-08
   57.0+    58 2  0.7346E-09   0.000      0.8370E-13  0.8185E-14  0.6490E-13  0.7345E-09
   57.0-    57 1  0.1303E-08   0.000      0.1647E-12  0.7369E-13  0.8155E-13  0.1303E-08
   58.0+    58 1  0.7476E-09   0.000      0.8515E-13  0.3809E-13  0.4210E-13  0.7474E-09
   58.0-    57 1  0.1325E-08   0.000      0.1675E-12  0.1346E-12  0.3506E-13  0.1325E-08
   58.0-    59 2  0.4216E-09   0.000      0.4329E-13  0.4223E-14  0.3353E-13  0.4216E-09
   59.0+    58 1  0.7606E-09   0.000      0.8661E-13  0.6954E-13  0.1807E-13  0.7604E-09
   59.0+    60 2  0.2421E-09   0.000      0.2239E-13  0.2180E-14  0.1733E-13  0.2420E-09
   59.0-    59 1  0.4285E-09   0.000      0.4403E-13  0.1969E-13  0.2174E-13  0.4285E-09
   60.0+    60 1  0.2462E-09   0.000      0.2276E-13  0.1018E-13  0.1122E-13  0.2462E-09
   60.0-    59 1  0.4365E-09   0.000      0.4477E-13  0.3594E-13  0.9313E-14  0.4364E-09
   60.0-    61 2  0.1385E-09   0.000      0.1158E-13  0.1125E-14  0.8952E-14  0.1384E-09
