# 178 angles,  1 tensor ranks for 0=projectile
@subtitle   "20O(d,t) @ 30AMeV Daeh (d) + Pang (t)"                                         
@legend ON
@legend x1 0.2
@legend y1 0.8
@g0 type LOGY
@yaxis ticklabel format power
@xaxis label "Scattering angle (degrees)"
@yaxis label "Cross section (mb/sr)"
@legend string   0 "Partition=  1 Excit=  1 near/far= 1"
#legend string   0 "Lab energy =   70.0000"
@s0 linestyle   1
#  Theta       sigma       iT11        T20         T21         T22         Kyy for projectile
   3.000      0.2708E+05
   4.000      0.1161E+05
   5.000       8340.    
   6.000       6868.    
   7.000       5642.    
   8.000       4463.    
   9.000       3362.    
   10.00       2396.    
   11.00       1603.    
   12.00       993.9    
   13.00       561.4    
   14.00       282.2    
   15.00       125.8    
   16.00       59.56    
   17.00       52.49    
   18.00       78.38    
   19.00       117.0    
   20.00       154.3    
   21.00       182.1    
   22.00       196.8    
   23.00       198.4    
   24.00       188.8    
   25.00       171.4    
   26.00       149.5    
   27.00       126.2    
   28.00       104.0    
   29.00       84.51    
   30.00       68.57    
   31.00       56.37    
   32.00       47.61    
   33.00       41.70    
   34.00       37.92    
   35.00       35.54    
   36.00       33.92    
   37.00       32.56    
   38.00       31.12    
   39.00       29.41    
   40.00       27.37    
   41.00       25.03    
   42.00       22.48    
   43.00       19.84    
   44.00       17.24    
   45.00       14.77    
   46.00       12.53    
   47.00       10.55    
   48.00       8.877    
   49.00       7.489    
   50.00       6.370    
   51.00       5.484    
   52.00       4.788    
   53.00       4.241    
   54.00       3.802    
   55.00       3.440    
   56.00       3.126    
   57.00       2.844    
   58.00       2.579    
   59.00       2.327    
   60.00       2.084    
   61.00       1.852    
   62.00       1.632    
   63.00       1.428    
   64.00       1.242    
   65.00       1.076    
   66.00      0.9298    
   67.00      0.8044    
   68.00      0.6984    
   69.00      0.6098    
   70.00      0.5365    
   71.00      0.4760    
   72.00      0.4258    
   73.00      0.3835    
   74.00      0.3473    
   75.00      0.3154    
   76.00      0.2866    
   77.00      0.2602    
   78.00      0.2354    
   79.00      0.2121    
   80.00      0.1901    
   81.00      0.1695    
   82.00      0.1503    
   83.00      0.1327    
   84.00      0.1167    
   85.00      0.1024    
   86.00      0.8977E-01
   87.00      0.7881E-01
   88.00      0.6938E-01
   89.00      0.6135E-01
   90.00      0.5455E-01
   91.00      0.4880E-01
   92.00      0.4393E-01
   93.00      0.3977E-01
   94.00      0.3616E-01
   95.00      0.3299E-01
   96.00      0.3013E-01
   97.00      0.2752E-01
   98.00      0.2509E-01
   99.00      0.2281E-01
   100.0      0.2066E-01
   101.0      0.1862E-01
   102.0      0.1670E-01
   103.0      0.1491E-01
   104.0      0.1324E-01
   105.0      0.1171E-01
   106.0      0.1032E-01
   107.0      0.9073E-02
   108.0      0.7966E-02
   109.0      0.6996E-02
   110.0      0.6154E-02
   111.0      0.5430E-02
   112.0      0.4812E-02
   113.0      0.4287E-02
   114.0      0.3842E-02
   115.0      0.3464E-02
   116.0      0.3140E-02
   117.0      0.2859E-02
   118.0      0.2613E-02
   119.0      0.2394E-02
   120.0      0.2194E-02
   121.0      0.2011E-02
   122.0      0.1840E-02
   123.0      0.1679E-02
   124.0      0.1526E-02
   125.0      0.1382E-02
   126.0      0.1246E-02
   127.0      0.1119E-02
   128.0      0.9999E-03
   129.0      0.8902E-03
   130.0      0.7900E-03
   131.0      0.6992E-03
   132.0      0.6179E-03
   133.0      0.5459E-03
   134.0      0.4826E-03
   135.0      0.4275E-03
   136.0      0.3800E-03
   137.0      0.3393E-03
   138.0      0.3044E-03
   139.0      0.2748E-03
   140.0      0.2495E-03
   141.0      0.2279E-03
   142.0      0.2094E-03
   143.0      0.1933E-03
   144.0      0.1793E-03
   145.0      0.1670E-03
   146.0      0.1559E-03
   147.0      0.1460E-03
   148.0      0.1369E-03
   149.0      0.1286E-03
   150.0      0.1209E-03
   151.0      0.1137E-03
   152.0      0.1069E-03
   153.0      0.1005E-03
   154.0      0.9423E-04
   155.0      0.8815E-04
   156.0      0.8220E-04
   157.0      0.7633E-04
   158.0      0.7056E-04
   159.0      0.6489E-04
   160.0      0.5940E-04
   161.0      0.5416E-04
   162.0      0.4927E-04
   163.0      0.4487E-04
   164.0      0.4107E-04
   165.0      0.3801E-04
   166.0      0.3579E-04
   167.0      0.3450E-04
   168.0      0.3416E-04
   169.0      0.3479E-04
   170.0      0.3632E-04
   171.0      0.3865E-04
   172.0      0.4162E-04
   173.0      0.4505E-04
   174.0      0.4869E-04
   175.0      0.5233E-04
   176.0      0.5570E-04
   177.0      0.5860E-04
   178.0      0.6082E-04
   179.0      0.6221E-04
   180.0      0.6269E-04
 END
@legend string   1 "Partition=  2 Excit=  1 near/far= 1"
#legend string   0 "Lab energy =   70.0000"
@s1 linestyle   2
#  Theta       sigma       iT11        T20         T21         T22         Kyy for projectile
   3.000       25.62    
   4.000       18.26    
   5.000       11.38    
   6.000       5.926    
   7.000       2.395    
   8.000      0.7943    
   9.000      0.7440    
   10.00       1.655    
   11.00       2.913    
   12.00       4.023    
   13.00       4.686    
   14.00       4.808    
   15.00       4.461    
   16.00       3.810    
   17.00       3.052    
   18.00       2.356    
   19.00       1.835    
   20.00       1.534    
   21.00       1.442    
   22.00       1.507    
   23.00       1.658    
   24.00       1.827    
   25.00       1.959    
   26.00       2.018    
   27.00       1.992    
   28.00       1.886    
   29.00       1.717    
   30.00       1.507    
   31.00       1.281    
   32.00       1.058    
   33.00      0.8542    
   34.00      0.6783    
   35.00      0.5342    
   36.00      0.4215    
   37.00      0.3371    
   38.00      0.2763    
   39.00      0.2340    
   40.00      0.2056    
   41.00      0.1869    
   42.00      0.1748    
   43.00      0.1669    
   44.00      0.1613    
   45.00      0.1569    
   46.00      0.1527    
   47.00      0.1482    
   48.00      0.1428    
   49.00      0.1364    
   50.00      0.1290    
   51.00      0.1205    
   52.00      0.1112    
   53.00      0.1015    
   54.00      0.9163E-01
   55.00      0.8200E-01
   56.00      0.7296E-01
   57.00      0.6476E-01
   58.00      0.5758E-01
   59.00      0.5150E-01
   60.00      0.4649E-01
   61.00      0.4245E-01
   62.00      0.3924E-01
   63.00      0.3665E-01
   64.00      0.3449E-01
   65.00      0.3258E-01
   66.00      0.3077E-01
   67.00      0.2895E-01
   68.00      0.2706E-01
   69.00      0.2507E-01
   70.00      0.2299E-01
   71.00      0.2086E-01
   72.00      0.1873E-01
   73.00      0.1666E-01
   74.00      0.1469E-01
   75.00      0.1288E-01
   76.00      0.1125E-01
   77.00      0.9822E-02
   78.00      0.8601E-02
   79.00      0.7577E-02
   80.00      0.6729E-02
   81.00      0.6034E-02
   82.00      0.5464E-02
   83.00      0.4991E-02
   84.00      0.4589E-02
   85.00      0.4237E-02
   86.00      0.3916E-02
   87.00      0.3614E-02
   88.00      0.3323E-02
   89.00      0.3040E-02
   90.00      0.2762E-02
   91.00      0.2492E-02
   92.00      0.2231E-02
   93.00      0.1984E-02
   94.00      0.1753E-02
   95.00      0.1541E-02
   96.00      0.1349E-02
   97.00      0.1178E-02
   98.00      0.1029E-02
   99.00      0.8997E-03
   100.0      0.7893E-03
   101.0      0.6956E-03
   102.0      0.6164E-03
   103.0      0.5496E-03
   104.0      0.4928E-03
   105.0      0.4442E-03
   106.0      0.4021E-03
   107.0      0.3651E-03
   108.0      0.3321E-03
   109.0      0.3025E-03
   110.0      0.2755E-03
   111.0      0.2510E-03
   112.0      0.2286E-03
   113.0      0.2082E-03
   114.0      0.1898E-03
   115.0      0.1733E-03
   116.0      0.1585E-03
   117.0      0.1455E-03
   118.0      0.1340E-03
   119.0      0.1239E-03
   120.0      0.1150E-03
   121.0      0.1071E-03
   122.0      0.1000E-03
   123.0      0.9352E-04
   124.0      0.8744E-04
   125.0      0.8162E-04
   126.0      0.7596E-04
   127.0      0.7036E-04
   128.0      0.6479E-04
   129.0      0.5922E-04
   130.0      0.5368E-04
   131.0      0.4819E-04
   132.0      0.4280E-04
   133.0      0.3759E-04
   134.0      0.3261E-04
   135.0      0.2793E-04
   136.0      0.2360E-04
   137.0      0.1968E-04
   138.0      0.1618E-04
   139.0      0.1314E-04
   140.0      0.1055E-04
   141.0      0.8408E-05
   142.0      0.6700E-05
   143.0      0.5394E-05
   144.0      0.4458E-05
   145.0      0.3852E-05
   146.0      0.3533E-05
   147.0      0.3460E-05
   148.0      0.3588E-05
   149.0      0.3877E-05
   150.0      0.4286E-05
   151.0      0.4776E-05
   152.0      0.5313E-05
   153.0      0.5861E-05
   154.0      0.6391E-05
   155.0      0.6874E-05
   156.0      0.7285E-05
   157.0      0.7605E-05
   158.0      0.7818E-05
   159.0      0.7911E-05
   160.0      0.7879E-05
   161.0      0.7722E-05
   162.0      0.7445E-05
   163.0      0.7059E-05
   164.0      0.6580E-05
   165.0      0.6027E-05
   166.0      0.5421E-05
   167.0      0.4785E-05
   168.0      0.4141E-05
   169.0      0.3511E-05
   170.0      0.2914E-05
   171.0      0.2363E-05
   172.0      0.1871E-05
   173.0      0.1443E-05
   174.0      0.1083E-05
   175.0      0.7888E-06
   176.0      0.5582E-06
   177.0      0.3864E-06
   178.0      0.2684E-06
   179.0      0.1996E-06
   180.0      0.1771E-06
 END
@legend string   2 "Partition=  2 Excit=  2 near/far= 1"
#legend string   0 "Lab energy =   70.0000"
@s2 linestyle   3
#  Theta       sigma       iT11        T20         T21         T22         Kyy for projectile
   3.000       9.603    
   4.000       9.576    
   5.000       9.228    
   6.000       8.495    
   7.000       7.407    
   8.000       6.076    
   9.000       4.662    
   10.00       3.332    
   11.00       2.220    
   12.00       1.401    
   13.00      0.8880    
   14.00      0.6421    
   15.00      0.5902    
   16.00      0.6487    
   17.00      0.7425    
   18.00      0.8173    
   19.00      0.8438    
   20.00      0.8163    
   21.00      0.7458    
   22.00      0.6525    
   23.00      0.5581    
   24.00      0.4801    
   25.00      0.4293    
   26.00      0.4085    
   27.00      0.4138    
   28.00      0.4374    
   29.00      0.4696    
   30.00      0.5013    
   31.00      0.5254    
   32.00      0.5378    
   33.00      0.5376    
   34.00      0.5258    
   35.00      0.5056    
   36.00      0.4804    
   37.00      0.4539    
   38.00      0.4288    
   39.00      0.4069    
   40.00      0.3889    
   41.00      0.3747    
   42.00      0.3633    
   43.00      0.3536    
   44.00      0.3441    
   45.00      0.3339    
   46.00      0.3221    
   47.00      0.3083    
   48.00      0.2926    
   49.00      0.2752    
   50.00      0.2567    
   51.00      0.2378    
   52.00      0.2190    
   53.00      0.2009    
   54.00      0.1840    
   55.00      0.1684    
   56.00      0.1544    
   57.00      0.1419    
   58.00      0.1307    
   59.00      0.1207    
   60.00      0.1117    
   61.00      0.1035    
   62.00      0.9580E-01
   63.00      0.8859E-01
   64.00      0.8173E-01
   65.00      0.7516E-01
   66.00      0.6888E-01
   67.00      0.6288E-01
   68.00      0.5721E-01
   69.00      0.5188E-01
   70.00      0.4693E-01
   71.00      0.4238E-01
   72.00      0.3823E-01
   73.00      0.3449E-01
   74.00      0.3113E-01
   75.00      0.2814E-01
   76.00      0.2547E-01
   77.00      0.2310E-01
   78.00      0.2098E-01
   79.00      0.1908E-01
   80.00      0.1736E-01
   81.00      0.1580E-01
   82.00      0.1437E-01
   83.00      0.1305E-01
   84.00      0.1184E-01
   85.00      0.1072E-01
   86.00      0.9681E-02
   87.00      0.8725E-02
   88.00      0.7847E-02
   89.00      0.7044E-02
   90.00      0.6314E-02
   91.00      0.5653E-02
   92.00      0.5059E-02
   93.00      0.4526E-02
   94.00      0.4052E-02
   95.00      0.3630E-02
   96.00      0.3255E-02
   97.00      0.2924E-02
   98.00      0.2629E-02
   99.00      0.2368E-02
   100.0      0.2135E-02
   101.0      0.1927E-02
   102.0      0.1740E-02
   103.0      0.1572E-02
   104.0      0.1419E-02
   105.0      0.1282E-02
   106.0      0.1156E-02
   107.0      0.1043E-02
   108.0      0.9393E-03
   109.0      0.8455E-03
   110.0      0.7605E-03
   111.0      0.6836E-03
   112.0      0.6141E-03
   113.0      0.5516E-03
   114.0      0.4954E-03
   115.0      0.4450E-03
   116.0      0.3999E-03
   117.0      0.3595E-03
   118.0      0.3233E-03
   119.0      0.2909E-03
   120.0      0.2619E-03
   121.0      0.2358E-03
   122.0      0.2124E-03
   123.0      0.1912E-03
   124.0      0.1721E-03
   125.0      0.1549E-03
   126.0      0.1392E-03
   127.0      0.1251E-03
   128.0      0.1123E-03
   129.0      0.1007E-03
   130.0      0.9026E-04
   131.0      0.8086E-04
   132.0      0.7243E-04
   133.0      0.6488E-04
   134.0      0.5814E-04
   135.0      0.5216E-04
   136.0      0.4685E-04
   137.0      0.4215E-04
   138.0      0.3801E-04
   139.0      0.3435E-04
   140.0      0.3113E-04
   141.0      0.2828E-04
   142.0      0.2576E-04
   143.0      0.2352E-04
   144.0      0.2153E-04
   145.0      0.1975E-04
   146.0      0.1814E-04
   147.0      0.1669E-04
   148.0      0.1536E-04
   149.0      0.1414E-04
   150.0      0.1302E-04
   151.0      0.1198E-04
   152.0      0.1101E-04
   153.0      0.1010E-04
   154.0      0.9250E-05
   155.0      0.8456E-05
   156.0      0.7717E-05
   157.0      0.7034E-05
   158.0      0.6406E-05
   159.0      0.5837E-05
   160.0      0.5329E-05
   161.0      0.4884E-05
   162.0      0.4502E-05
   163.0      0.4185E-05
   164.0      0.3931E-05
   165.0      0.3738E-05
   166.0      0.3602E-05
   167.0      0.3518E-05
   168.0      0.3479E-05
   169.0      0.3478E-05
   170.0      0.3508E-05
   171.0      0.3561E-05
   172.0      0.3630E-05
   173.0      0.3707E-05
   174.0      0.3787E-05
   175.0      0.3862E-05
   176.0      0.3931E-05
   177.0      0.3987E-05
   178.0      0.4030E-05
   179.0      0.4056E-05
   180.0      0.4065E-05
 END
@legend string   3 "Partition=  2 Excit=  3 near/far= 1"
#legend string   0 "Lab energy =   70.0000"
@s3 linestyle   4
#  Theta       sigma       iT11        T20         T21         T22         Kyy for projectile
   3.000       13.10    
   4.000       12.75    
   5.000       12.31    
   6.000       11.76    
   7.000       11.09    
   8.000       10.28    
   9.000       9.317    
   10.00       8.219    
   11.00       7.028    
   12.00       5.807    
   13.00       4.629    
   14.00       3.562    
   15.00       2.663    
   16.00       1.964    
   17.00       1.472    
   18.00       1.171    
   19.00       1.027    
   20.00      0.9956    
   21.00       1.034    
   22.00       1.102    
   23.00       1.172    
   24.00       1.226    
   25.00       1.257    
   26.00       1.266    
   27.00       1.260    
   28.00       1.247    
   29.00       1.236    
   30.00       1.232    
   31.00       1.237    
   32.00       1.251    
   33.00       1.270    
   34.00       1.289    
   35.00       1.304    
   36.00       1.309    
   37.00       1.302    
   38.00       1.281    
   39.00       1.245    
   40.00       1.197    
   41.00       1.139    
   42.00       1.074    
   43.00       1.004    
   44.00      0.9332    
   45.00      0.8635    
   46.00      0.7966    
   47.00      0.7336    
   48.00      0.6751    
   49.00      0.6211    
   50.00      0.5713    
   51.00      0.5251    
   52.00      0.4821    
   53.00      0.4418    
   54.00      0.4038    
   55.00      0.3679    
   56.00      0.3339    
   57.00      0.3017    
   58.00      0.2715    
   59.00      0.2433    
   60.00      0.2173    
   61.00      0.1934    
   62.00      0.1717    
   63.00      0.1521    
   64.00      0.1347    
   65.00      0.1192    
   66.00      0.1055    
   67.00      0.9336E-01
   68.00      0.8271E-01
   69.00      0.7331E-01
   70.00      0.6501E-01
   71.00      0.5764E-01
   72.00      0.5108E-01
   73.00      0.4523E-01
   74.00      0.3999E-01
   75.00      0.3531E-01
   76.00      0.3111E-01
   77.00      0.2736E-01
   78.00      0.2401E-01
   79.00      0.2104E-01
   80.00      0.1841E-01
   81.00      0.1610E-01
   82.00      0.1407E-01
   83.00      0.1230E-01
   84.00      0.1076E-01
   85.00      0.9417E-02
   86.00      0.8256E-02
   87.00      0.7249E-02
   88.00      0.6374E-02
   89.00      0.5613E-02
   90.00      0.4947E-02
   91.00      0.4364E-02
   92.00      0.3850E-02
   93.00      0.3397E-02
   94.00      0.2996E-02
   95.00      0.2641E-02
   96.00      0.2326E-02
   97.00      0.2048E-02
   98.00      0.1801E-02
   99.00      0.1584E-02
   100.0      0.1392E-02
   101.0      0.1225E-02
   102.0      0.1078E-02
   103.0      0.9500E-03
   104.0      0.8387E-03
   105.0      0.7419E-03
   106.0      0.6577E-03
   107.0      0.5844E-03
   108.0      0.5205E-03
   109.0      0.4644E-03
   110.0      0.4151E-03
   111.0      0.3715E-03
   112.0      0.3327E-03
   113.0      0.2982E-03
   114.0      0.2673E-03
   115.0      0.2395E-03
   116.0      0.2145E-03
   117.0      0.1920E-03
   118.0      0.1717E-03
   119.0      0.1535E-03
   120.0      0.1372E-03
   121.0      0.1227E-03
   122.0      0.1097E-03
   123.0      0.9813E-04
   124.0      0.8790E-04
   125.0      0.7885E-04
   126.0      0.7086E-04
   127.0      0.6380E-04
   128.0      0.5755E-04
   129.0      0.5202E-04
   130.0      0.4711E-04
   131.0      0.4272E-04
   132.0      0.3879E-04
   133.0      0.3524E-04
   134.0      0.3202E-04
   135.0      0.2908E-04
   136.0      0.2639E-04
   137.0      0.2391E-04
   138.0      0.2163E-04
   139.0      0.1952E-04
   140.0      0.1758E-04
   141.0      0.1579E-04
   142.0      0.1414E-04
   143.0      0.1264E-04
   144.0      0.1127E-04
   145.0      0.1004E-04
   146.0      0.8930E-05
   147.0      0.7946E-05
   148.0      0.7082E-05
   149.0      0.6330E-05
   150.0      0.5686E-05
   151.0      0.5141E-05
   152.0      0.4688E-05
   153.0      0.4319E-05
   154.0      0.4023E-05
   155.0      0.3791E-05
   156.0      0.3614E-05
   157.0      0.3480E-05
   158.0      0.3380E-05
   159.0      0.3305E-05
   160.0      0.3245E-05
   161.0      0.3191E-05
   162.0      0.3137E-05
   163.0      0.3075E-05
   164.0      0.3000E-05
   165.0      0.2909E-05
   166.0      0.2799E-05
   167.0      0.2669E-05
   168.0      0.2521E-05
   169.0      0.2355E-05
   170.0      0.2176E-05
   171.0      0.1988E-05
   172.0      0.1796E-05
   173.0      0.1606E-05
   174.0      0.1424E-05
   175.0      0.1258E-05
   176.0      0.1112E-05
   177.0      0.9922E-06
   178.0      0.9033E-06
   179.0      0.8485E-06
   180.0      0.8300E-06
 END
