# 178 angles,  1 tensor ranks for 0=projectile
@subtitle   "20O + d 3-?;"                                                                  
@legend ON
@legend x1 0.2
@legend y1 0.8
@g0 type LOGY
@yaxis ticklabel format power
@legend string   0 "Lab energy =   70.0000"
#legend string   0 "Partition=  1 Excit=  2 near/far= 1"
#  Theta       sigma       iT11        T20         T21         T22         Kyy for projectile
   3.000       12.25    
   4.000       15.36    
   5.000       18.59    
   6.000       21.61    
   7.000       24.22    
   8.000       26.41    
   9.000       28.28    
   10.00       30.06    
   11.00       31.96    
   12.00       34.13    
   13.00       36.57    
   14.00       39.16    
   15.00       41.66    
   16.00       43.73    
   17.00       45.07    
   18.00       45.38    
   19.00       44.53    
   20.00       42.49    
   21.00       39.37    
   22.00       35.44    
   23.00       31.02    
   24.00       26.47    
   25.00       22.11    
   26.00       18.26    
   27.00       15.10    
   28.00       12.76    
   29.00       11.22    
   30.00       10.43    
   31.00       10.23    
   32.00       10.46    
   33.00       10.93    
   34.00       11.45    
   35.00       11.88    
   36.00       12.12    
   37.00       12.11    
   38.00       11.83    
   39.00       11.29    
   40.00       10.55    
   41.00       9.662    
   42.00       8.700    
   43.00       7.729    
   44.00       6.804    
   45.00       5.967    
   46.00       5.245    
   47.00       4.648    
   48.00       4.173    
   49.00       3.806    
   50.00       3.529    
   51.00       3.317    
   52.00       3.146    
   53.00       2.997    
   54.00       2.851    
   55.00       2.696    
   56.00       2.526    
   57.00       2.340    
   58.00       2.138    
   59.00       1.925    
   60.00       1.708    
   61.00       1.494    
   62.00       1.290    
   63.00       1.101    
   64.00      0.9308    
   65.00      0.7827    
   66.00      0.6574    
   67.00      0.5544    
   68.00      0.4720    
   69.00      0.4075    
   70.00      0.3581    
   71.00      0.3205    
   72.00      0.2916    
   73.00      0.2687    
   74.00      0.2497    
   75.00      0.2326    
   76.00      0.2163    
   77.00      0.2000    
   78.00      0.1833    
   79.00      0.1664    
   80.00      0.1494    
   81.00      0.1327    
   82.00      0.1165    
   83.00      0.1014    
   84.00      0.8756E-01
   85.00      0.7524E-01
   86.00      0.6455E-01
   87.00      0.5551E-01
   88.00      0.4803E-01
   89.00      0.4196E-01
   90.00      0.3711E-01
   91.00      0.3327E-01
   92.00      0.3023E-01
   93.00      0.2778E-01
   94.00      0.2573E-01
   95.00      0.2393E-01
   96.00      0.2227E-01
   97.00      0.2067E-01
   98.00      0.1908E-01
   99.00      0.1749E-01
   100.0      0.1590E-01
   101.0      0.1432E-01
   102.0      0.1277E-01
   103.0      0.1130E-01
   104.0      0.9929E-02
   105.0      0.8680E-02
   106.0      0.7570E-02
   107.0      0.6607E-02
   108.0      0.5794E-02
   109.0      0.5126E-02
   110.0      0.4590E-02
   111.0      0.4169E-02
   112.0      0.3844E-02
   113.0      0.3597E-02
   114.0      0.3409E-02
   115.0      0.3263E-02
   116.0      0.3141E-02
   117.0      0.3028E-02
   118.0      0.2914E-02
   119.0      0.2792E-02
   120.0      0.2658E-02
   121.0      0.2510E-02
   122.0      0.2350E-02
   123.0      0.2180E-02
   124.0      0.2001E-02
   125.0      0.1820E-02
   126.0      0.1640E-02
   127.0      0.1465E-02
   128.0      0.1298E-02
   129.0      0.1142E-02
   130.0      0.9982E-03
   131.0      0.8698E-03
   132.0      0.7580E-03
   133.0      0.6628E-03
   134.0      0.5836E-03
   135.0      0.5191E-03
   136.0      0.4679E-03
   137.0      0.4283E-03
   138.0      0.3983E-03
   139.0      0.3756E-03
   140.0      0.3582E-03
   141.0      0.3446E-03
   142.0      0.3344E-03
   143.0      0.3267E-03
   144.0      0.3206E-03
   145.0      0.3147E-03
   146.0      0.3073E-03
   147.0      0.2978E-03
   148.0      0.2864E-03
   149.0      0.2737E-03
   150.0      0.2604E-03
   151.0      0.2469E-03
   152.0      0.2331E-03
   153.0      0.2190E-03
   154.0      0.2046E-03
   155.0      0.1905E-03
   156.0      0.1769E-03
   157.0      0.1639E-03
   158.0      0.1519E-03
   159.0      0.1410E-03
   160.0      0.1313E-03
   161.0      0.1231E-03
   162.0      0.1165E-03
   163.0      0.1113E-03
   164.0      0.1071E-03
   165.0      0.1038E-03
   166.0      0.1012E-03
   167.0      0.9945E-04
   168.0      0.9842E-04
   169.0      0.9806E-04
   170.0      0.9830E-04
   171.0      0.9905E-04
   172.0      0.1003E-03
   173.0      0.1019E-03
   174.0      0.1036E-03
   175.0      0.1052E-03
   176.0      0.1061E-03
   177.0      0.1064E-03
   178.0      0.1061E-03
   179.0      0.1056E-03
   180.0      0.1054E-03
 END
