# 178 angles,  1 tensor ranks for 0=projectile
@subtitle   "p+O20 with CH89;"                                                              
@legend ON
@legend x1 0.2
@legend y1 0.8
@g0 type LOGY
@yaxis ticklabel format power
@legend string   0 "Lab energy =   35.0000"
#legend string   0 "Partition=  1 Excit=  1 near/far= 1"
#  Theta       sigma       iT11        T20         T21         T22         Kyy for projectile
   3.000      0.1335E+06
   4.000      0.3906E+05
   5.000      0.1534E+05
   6.000       7589.    
   7.000       4573.    
   8.000       3224.    
   9.000       2537.    
   10.00       2133.    
   11.00       1860.    
   12.00       1650.    
   13.00       1472.    
   14.00       1312.    
   15.00       1164.    
   16.00       1026.    
   17.00       895.6    
   18.00       774.4    
   19.00       662.1    
   20.00       559.1    
   21.00       465.7    
   22.00       382.2    
   23.00       308.5    
   24.00       244.4    
   25.00       189.6    
   26.00       143.7    
   27.00       105.9    
   28.00       75.73    
   29.00       52.35    
   30.00       34.98    
   31.00       22.85    
   32.00       15.16    
   33.00       11.14    
   34.00       10.07    
   35.00       11.28    
   36.00       14.16    
   37.00       18.17    
   38.00       22.82    
   39.00       27.73    
   40.00       32.57    
   41.00       37.07    
   42.00       41.04    
   43.00       44.34    
   44.00       46.89    
   45.00       48.64    
   46.00       49.60    
   47.00       49.79    
   48.00       49.26    
   49.00       48.10    
   50.00       46.39    
   51.00       44.22    
   52.00       41.68    
   53.00       38.88    
   54.00       35.90    
   55.00       32.84    
   56.00       29.75    
   57.00       26.72    
   58.00       23.80    
   59.00       21.04    
   60.00       18.47    
   61.00       16.12    
   62.00       14.01    
   63.00       12.13    
   64.00       10.50    
   65.00       9.115    
   66.00       7.952    
   67.00       7.002    
   68.00       6.246    
   69.00       5.664    
   70.00       5.233    
   71.00       4.931    
   72.00       4.737    
   73.00       4.629    
   74.00       4.587    
   75.00       4.593    
   76.00       4.630    
   77.00       4.684    
   78.00       4.743    
   79.00       4.796    
   80.00       4.835    
   81.00       4.854    
   82.00       4.848    
   83.00       4.815    
   84.00       4.754    
   85.00       4.665    
   86.00       4.549    
   87.00       4.407    
   88.00       4.244    
   89.00       4.061    
   90.00       3.862    
   91.00       3.651    
   92.00       3.431    
   93.00       3.207    
   94.00       2.981    
   95.00       2.757    
   96.00       2.538    
   97.00       2.325    
   98.00       2.122    
   99.00       1.929    
   100.0       1.749    
   101.0       1.581    
   102.0       1.428    
   103.0       1.288    
   104.0       1.162    
   105.0       1.051    
   106.0      0.9522    
   107.0      0.8665    
   108.0      0.7927    
   109.0      0.7301    
   110.0      0.6776    
   111.0      0.6343    
   112.0      0.5992    
   113.0      0.5713    
   114.0      0.5497    
   115.0      0.5335    
   116.0      0.5219    
   117.0      0.5140    
   118.0      0.5091    
   119.0      0.5065    
   120.0      0.5058    
   121.0      0.5063    
   122.0      0.5077    
   123.0      0.5095    
   124.0      0.5114    
   125.0      0.5131    
   126.0      0.5144    
   127.0      0.5149    
   128.0      0.5145    
   129.0      0.5131    
   130.0      0.5105    
   131.0      0.5066    
   132.0      0.5013    
   133.0      0.4944    
   134.0      0.4860    
   135.0      0.4759    
   136.0      0.4642    
   137.0      0.4510    
   138.0      0.4361    
   139.0      0.4197    
   140.0      0.4019    
   141.0      0.3828    
   142.0      0.3627    
   143.0      0.3416    
   144.0      0.3199    
   145.0      0.2979    
   146.0      0.2758    
   147.0      0.2540    
   148.0      0.2327    
   149.0      0.2125    
   150.0      0.1937    
   151.0      0.1765    
   152.0      0.1614    
   153.0      0.1488    
   154.0      0.1388    
   155.0      0.1319    
   156.0      0.1281    
   157.0      0.1277    
   158.0      0.1309    
   159.0      0.1375    
   160.0      0.1477    
   161.0      0.1613    
   162.0      0.1782    
   163.0      0.1981    
   164.0      0.2207    
   165.0      0.2457    
   166.0      0.2727    
   167.0      0.3011    
   168.0      0.3305    
   169.0      0.3603    
   170.0      0.3900    
   171.0      0.4190    
   172.0      0.4468    
   173.0      0.4727    
   174.0      0.4964    
   175.0      0.5172    
   176.0      0.5349    
   177.0      0.5491    
   178.0      0.5594    
   179.0      0.5656    
   180.0      0.5677    
 END
