# 181 angles,  1 tensor ranks for 0=projectile
@subtitle   "p+O20 2nd ex with BG ;"                                                        
@legend ON
@legend x1 0.2
@legend y1 0.8
@g0 type LOGY
@yaxis ticklabel format power
@legend string   0 "Lab energy =   35.0000"
#legend string   0 "Partition=  1 Excit=  2 near/far= 1"
#  Theta       sigma       iT11        T20         T21         T22         Kyy for projectile
   0.000       5.240    
   1.000       5.290    
   2.000       5.422    
   3.000       5.586    
   4.000       5.721    
   5.000       5.783    
   6.000       5.751    
   7.000       5.633    
   8.000       5.455    
   9.000       5.248    
   10.00       5.035    
   11.00       4.831    
   12.00       4.638    
   13.00       4.457    
   14.00       4.290    
   15.00       4.139    
   16.00       4.009    
   17.00       3.904    
   18.00       3.822    
   19.00       3.762    
   20.00       3.719    
   21.00       3.690    
   22.00       3.669    
   23.00       3.653    
   24.00       3.637    
   25.00       3.617    
   26.00       3.591    
   27.00       3.555    
   28.00       3.506    
   29.00       3.443    
   30.00       3.362    
   31.00       3.265    
   32.00       3.151    
   33.00       3.020    
   34.00       2.877    
   35.00       2.721    
   36.00       2.557    
   37.00       2.386    
   38.00       2.210    
   39.00       2.033    
   40.00       1.859    
   41.00       1.689    
   42.00       1.526    
   43.00       1.373    
   44.00       1.232    
   45.00       1.103    
   46.00      0.9878    
   47.00      0.8870    
   48.00      0.8010    
   49.00      0.7294    
   50.00      0.6718    
   51.00      0.6274    
   52.00      0.5952    
   53.00      0.5740    
   54.00      0.5626    
   55.00      0.5591    
   56.00      0.5621    
   57.00      0.5699    
   58.00      0.5810    
   59.00      0.5943    
   60.00      0.6086    
   61.00      0.6226    
   62.00      0.6351    
   63.00      0.6453    
   64.00      0.6523    
   65.00      0.6557    
   66.00      0.6553    
   67.00      0.6510    
   68.00      0.6428    
   69.00      0.6306    
   70.00      0.6145    
   71.00      0.5947    
   72.00      0.5716    
   73.00      0.5459    
   74.00      0.5180    
   75.00      0.4883    
   76.00      0.4574    
   77.00      0.4257    
   78.00      0.3935    
   79.00      0.3614    
   80.00      0.3300    
   81.00      0.2994    
   82.00      0.2701    
   83.00      0.2423    
   84.00      0.2162    
   85.00      0.1919    
   86.00      0.1697    
   87.00      0.1495    
   88.00      0.1315    
   89.00      0.1155    
   90.00      0.1015    
   91.00      0.8952E-01
   92.00      0.7938E-01
   93.00      0.7098E-01
   94.00      0.6416E-01
   95.00      0.5876E-01
   96.00      0.5461E-01
   97.00      0.5157E-01
   98.00      0.4949E-01
   99.00      0.4822E-01
   100.0      0.4759E-01
   101.0      0.4746E-01
   102.0      0.4768E-01
   103.0      0.4814E-01
   104.0      0.4874E-01
   105.0      0.4941E-01
   106.0      0.5006E-01
   107.0      0.5062E-01
   108.0      0.5103E-01
   109.0      0.5124E-01
   110.0      0.5123E-01
   111.0      0.5100E-01
   112.0      0.5052E-01
   113.0      0.4980E-01
   114.0      0.4884E-01
   115.0      0.4765E-01
   116.0      0.4626E-01
   117.0      0.4468E-01
   118.0      0.4294E-01
   119.0      0.4107E-01
   120.0      0.3909E-01
   121.0      0.3703E-01
   122.0      0.3491E-01
   123.0      0.3276E-01
   124.0      0.3061E-01
   125.0      0.2849E-01
   126.0      0.2640E-01
   127.0      0.2438E-01
   128.0      0.2242E-01
   129.0      0.2056E-01
   130.0      0.1880E-01
   131.0      0.1715E-01
   132.0      0.1561E-01
   133.0      0.1418E-01
   134.0      0.1287E-01
   135.0      0.1169E-01
   136.0      0.1062E-01
   137.0      0.9677E-02
   138.0      0.8837E-02
   139.0      0.8096E-02
   140.0      0.7450E-02
   141.0      0.6897E-02
   142.0      0.6437E-02
   143.0      0.6063E-02
   144.0      0.5766E-02
   145.0      0.5530E-02
   146.0      0.5348E-02
   147.0      0.5213E-02
   148.0      0.5128E-02
   149.0      0.5091E-02
   150.0      0.5099E-02
   151.0      0.5144E-02
   152.0      0.5218E-02
   153.0      0.5314E-02
   154.0      0.5431E-02
   155.0      0.5571E-02
   156.0      0.5734E-02
   157.0      0.5920E-02
   158.0      0.6124E-02
   159.0      0.6341E-02
   160.0      0.6568E-02
   161.0      0.6804E-02
   162.0      0.7049E-02
   163.0      0.7301E-02
   164.0      0.7560E-02
   165.0      0.7822E-02
   166.0      0.8084E-02
   167.0      0.8344E-02
   168.0      0.8600E-02
   169.0      0.8848E-02
   170.0      0.9086E-02
   171.0      0.9311E-02
   172.0      0.9520E-02
   173.0      0.9711E-02
   174.0      0.9884E-02
   175.0      0.1004E-01
   176.0      0.1016E-01
   177.0      0.1026E-01
   178.0      0.1033E-01
   179.0      0.1037E-01
   180.0      0.1039E-01
 END
