# 178 angles,  1 tensor ranks for 0=projectile
@subtitle   "20O + d inelastic scattering;"                                                 
@legend ON
@legend x1 0.2
@legend y1 0.8
@g0 type LOGY
@yaxis ticklabel format power
@legend string   0 "Lab energy =   70.0000"
#legend string   0 "Partition=  1 Excit=  2 near/far= 1"
#  Theta       sigma       iT11        T20         T21         T22         Kyy for projectile
   3.000       15.29    
   4.000       13.82    
   5.000       12.99    
   6.000       13.38    
   7.000       15.36    
   8.000       18.90    
   9.000       23.59    
   10.00       28.75    
   11.00       33.67    
   12.00       37.68    
   13.00       40.30    
   14.00       41.20    
   15.00       40.27    
   16.00       37.61    
   17.00       33.54    
   18.00       28.58    
   19.00       23.32    
   20.00       18.33    
   21.00       14.05    
   22.00       10.74    
   23.00       8.529    
   24.00       7.375    
   25.00       7.129    
   26.00       7.561    
   27.00       8.394    
   28.00       9.357    
   29.00       10.22    
   30.00       10.82    
   31.00       11.07    
   32.00       10.93    
   33.00       10.45    
   34.00       9.679    
   35.00       8.724    
   36.00       7.684    
   37.00       6.656    
   38.00       5.716    
   39.00       4.914    
   40.00       4.276    
   41.00       3.804    
   42.00       3.483    
   43.00       3.284    
   44.00       3.172    
   45.00       3.108    
   46.00       3.059    
   47.00       2.997    
   48.00       2.908    
   49.00       2.784    
   50.00       2.621    
   51.00       2.425    
   52.00       2.203    
   53.00       1.967    
   54.00       1.728    
   55.00       1.497    
   56.00       1.283    
   57.00       1.091    
   58.00      0.9256    
   59.00      0.7870    
   60.00      0.6743    
   61.00      0.5851    
   62.00      0.5158    
   63.00      0.4621    
   64.00      0.4200    
   65.00      0.3859    
   66.00      0.3570    
   67.00      0.3310    
   68.00      0.3063    
   69.00      0.2820    
   70.00      0.2575    
   71.00      0.2330    
   72.00      0.2087    
   73.00      0.1850    
   74.00      0.1624    
   75.00      0.1413    
   76.00      0.1220    
   77.00      0.1048    
   78.00      0.8970E-01
   79.00      0.7672E-01
   80.00      0.6572E-01
   81.00      0.5651E-01
   82.00      0.4889E-01
   83.00      0.4264E-01
   84.00      0.3752E-01
   85.00      0.3327E-01
   86.00      0.2969E-01
   87.00      0.2663E-01
   88.00      0.2400E-01
   89.00      0.2171E-01
   90.00      0.1969E-01
   91.00      0.1787E-01
   92.00      0.1620E-01
   93.00      0.1466E-01
   94.00      0.1327E-01
   95.00      0.1201E-01
   96.00      0.1087E-01
   97.00      0.9834E-02
   98.00      0.8878E-02
   99.00      0.7996E-02
   100.0      0.7195E-02
   101.0      0.6479E-02
   102.0      0.5837E-02
   103.0      0.5250E-02
   104.0      0.4701E-02
   105.0      0.4183E-02
   106.0      0.3702E-02
   107.0      0.3270E-02
   108.0      0.2887E-02
   109.0      0.2547E-02
   110.0      0.2243E-02
   111.0      0.1970E-02
   112.0      0.1731E-02
   113.0      0.1528E-02
   114.0      0.1365E-02
   115.0      0.1236E-02
   116.0      0.1132E-02
   117.0      0.1048E-02
   118.0      0.9802E-03
   119.0      0.9303E-03
   120.0      0.8971E-03
   121.0      0.8770E-03
   122.0      0.8630E-03
   123.0      0.8477E-03
   124.0      0.8276E-03
   125.0      0.8044E-03
   126.0      0.7812E-03
   127.0      0.7590E-03
   128.0      0.7357E-03
   129.0      0.7076E-03
   130.0      0.6718E-03
   131.0      0.6296E-03
   132.0      0.5860E-03
   133.0      0.5452E-03
   134.0      0.5076E-03
   135.0      0.4710E-03
   136.0      0.4333E-03
   137.0      0.3941E-03
   138.0      0.3562E-03
   139.0      0.3236E-03
   140.0      0.2975E-03
   141.0      0.2757E-03
   142.0      0.2551E-03
   143.0      0.2353E-03
   144.0      0.2176E-03
   145.0      0.2042E-03
   146.0      0.1960E-03
   147.0      0.1907E-03
   148.0      0.1845E-03
   149.0      0.1764E-03
   150.0      0.1687E-03
   151.0      0.1648E-03
   152.0      0.1656E-03
   153.0      0.1691E-03
   154.0      0.1712E-03
   155.0      0.1682E-03
   156.0      0.1609E-03
   157.0      0.1543E-03
   158.0      0.1523E-03
   159.0      0.1550E-03
   160.0      0.1591E-03
   161.0      0.1605E-03
   162.0      0.1562E-03
   163.0      0.1472E-03
   164.0      0.1388E-03
   165.0      0.1346E-03
   166.0      0.1342E-03
   167.0      0.1348E-03
   168.0      0.1333E-03
   169.0      0.1275E-03
   170.0      0.1177E-03
   171.0      0.1080E-03
   172.0      0.1019E-03
   173.0      0.9978E-04
   174.0      0.1001E-03
   175.0      0.1006E-03
   176.0      0.9849E-04
   177.0      0.9255E-04
   178.0      0.8553E-04
   179.0      0.8111E-04
   180.0      0.7987E-04
 END
