# 178 angles,  1 tensor ranks for 0=projectile
@subtitle   "p+O20 with CH89;"                                                              
@legend ON
@legend x1 0.2
@legend y1 0.8
@g0 type LOGY
@yaxis ticklabel format power
@legend string   0 "Lab energy =   35.0000"
#legend string   0 "Partition=  1 Excit=  1 near/far= 1"
#  Theta       sigma       iT11        T20         T21         T22         Kyy for projectile
   3.000      0.1333E+06
   4.000      0.3897E+05
   5.000      0.1531E+05
   6.000       7599.    
   7.000       4605.    
   8.000       3272.    
   9.000       2596.    
   10.00       2202.    
   11.00       1936.    
   12.00       1732.    
   13.00       1558.    
   14.00       1401.    
   15.00       1256.    
   16.00       1118.    
   17.00       988.2    
   18.00       865.8    
   19.00       751.4    
   20.00       645.5    
   21.00       548.5    
   22.00       460.6    
   23.00       381.9    
   24.00       312.5    
   25.00       252.0    
   26.00       200.1    
   27.00       156.4    
   28.00       120.2    
   29.00       91.05    
   30.00       68.13    
   31.00       50.74    
   32.00       38.18    
   33.00       29.72    
   34.00       24.69    
   35.00       22.42    
   36.00       22.32    
   37.00       23.84    
   38.00       26.49    
   39.00       29.84    
   40.00       33.54    
   41.00       37.28    
   42.00       40.83    
   43.00       44.00    
   44.00       46.65    
   45.00       48.70    
   46.00       50.10    
   47.00       50.83    
   48.00       50.91    
   49.00       50.38    
   50.00       49.29    
   51.00       47.70    
   52.00       45.70    
   53.00       43.36    
   54.00       40.75    
   55.00       37.97    
   56.00       35.08    
   57.00       32.14    
   58.00       29.22    
   59.00       26.38    
   60.00       23.64    
   61.00       21.06    
   62.00       18.65    
   63.00       16.44    
   64.00       14.44    
   65.00       12.65    
   66.00       11.08    
   67.00       9.712    
   68.00       8.543    
   69.00       7.561    
   70.00       6.749    
   71.00       6.093    
   72.00       5.573    
   73.00       5.172    
   74.00       4.873    
   75.00       4.658    
   76.00       4.510    
   77.00       4.415    
   78.00       4.358    
   79.00       4.328    
   80.00       4.314    
   81.00       4.306    
   82.00       4.298    
   83.00       4.283    
   84.00       4.257    
   85.00       4.216    
   86.00       4.159    
   87.00       4.084    
   88.00       3.991    
   89.00       3.881    
   90.00       3.756    
   91.00       3.616    
   92.00       3.463    
   93.00       3.301    
   94.00       3.131    
   95.00       2.955    
   96.00       2.776    
   97.00       2.597    
   98.00       2.418    
   99.00       2.243    
   100.0       2.072    
   101.0       1.908    
   102.0       1.751    
   103.0       1.602    
   104.0       1.463    
   105.0       1.333    
   106.0       1.213    
   107.0       1.104    
   108.0       1.004    
   109.0      0.9150    
   110.0      0.8354    
   111.0      0.7653    
   112.0      0.7041    
   113.0      0.6514    
   114.0      0.6065    
   115.0      0.5690    
   116.0      0.5381    
   117.0      0.5133    
   118.0      0.4939    
   119.0      0.4793    
   120.0      0.4690    
   121.0      0.4622    
   122.0      0.4584    
   123.0      0.4571    
   124.0      0.4578    
   125.0      0.4599    
   126.0      0.4630    
   127.0      0.4667    
   128.0      0.4704    
   129.0      0.4739    
   130.0      0.4768    
   131.0      0.4788    
   132.0      0.4796    
   133.0      0.4790    
   134.0      0.4768    
   135.0      0.4728    
   136.0      0.4670    
   137.0      0.4593    
   138.0      0.4496    
   139.0      0.4381    
   140.0      0.4248    
   141.0      0.4099    
   142.0      0.3934    
   143.0      0.3757    
   144.0      0.3570    
   145.0      0.3375    
   146.0      0.3177    
   147.0      0.2978    
   148.0      0.2783    
   149.0      0.2594    
   150.0      0.2415    
   151.0      0.2251    
   152.0      0.2104    
   153.0      0.1977    
   154.0      0.1874    
   155.0      0.1798    
   156.0      0.1749    
   157.0      0.1731    
   158.0      0.1743    
   159.0      0.1786    
   160.0      0.1860    
   161.0      0.1964    
   162.0      0.2097    
   163.0      0.2257    
   164.0      0.2440    
   165.0      0.2644    
   166.0      0.2866    
   167.0      0.3100    
   168.0      0.3343    
   169.0      0.3590    
   170.0      0.3836    
   171.0      0.4077    
   172.0      0.4308    
   173.0      0.4523    
   174.0      0.4720    
   175.0      0.4894    
   176.0      0.5041    
   177.0      0.5158    
   178.0      0.5244    
   179.0      0.5296    
   180.0      0.5314    
 END
