# 178 angles,  1 tensor ranks for 0=projectile
@subtitle   "20O + d inelastic scattering;"                                                 
@legend ON
@legend x1 0.2
@legend y1 0.8
@g0 type LOGY
@yaxis ticklabel format power
@legend string   0 "Lab energy =   70.0000"
#legend string   0 "Partition=  1 Excit=  1 near/far= 1"
#  Theta       sigma       iT11        T20         T21         T22         Kyy for projectile
   3.000      0.2961E+05
   4.000      0.1222E+05
   5.000       8278.    
   6.000       6607.    
   7.000       5383.    
   8.000       4279.    
   9.000       3268.    
   10.00       2378.    
   11.00       1633.    
   12.00       1045.    
   13.00       610.3    
   14.00       313.3    
   15.00       131.7    
   16.00       39.14    
   17.00       9.681    
   18.00       19.72    
   19.00       49.85    
   20.00       85.50    
   21.00       117.0    
   22.00       138.8    
   23.00       149.1    
   24.00       148.5    
   25.00       139.0    
   26.00       123.4    
   27.00       104.8    
   28.00       85.50    
   29.00       67.62    
   30.00       52.37    
   31.00       40.36    
   32.00       31.65    
   33.00       25.93    
   34.00       22.63    
   35.00       21.08    
   36.00       20.62    
   37.00       20.68    
   38.00       20.82    
   39.00       20.73    
   40.00       20.24    
   41.00       19.30    
   42.00       17.95    
   43.00       16.27    
   44.00       14.39    
   45.00       12.44    
   46.00       10.51    
   47.00       8.714    
   48.00       7.106    
   49.00       5.727    
   50.00       4.586    
   51.00       3.678    
   52.00       2.980    
   53.00       2.460    
   54.00       2.084    
   55.00       1.817    
   56.00       1.626    
   57.00       1.486    
   58.00       1.376    
   59.00       1.279    
   60.00       1.187    
   61.00       1.093    
   62.00      0.9950    
   63.00      0.8943    
   64.00      0.7923    
   65.00      0.6916    
   66.00      0.5950    
   67.00      0.5049    
   68.00      0.4232    
   69.00      0.3509    
   70.00      0.2887    
   71.00      0.2365    
   72.00      0.1937    
   73.00      0.1593    
   74.00      0.1323    
   75.00      0.1115    
   76.00      0.9555E-01
   77.00      0.8344E-01
   78.00      0.7415E-01
   79.00      0.6686E-01
   80.00      0.6091E-01
   81.00      0.5581E-01
   82.00      0.5120E-01
   83.00      0.4687E-01
   84.00      0.4269E-01
   85.00      0.3860E-01
   86.00      0.3460E-01
   87.00      0.3072E-01
   88.00      0.2700E-01
   89.00      0.2349E-01
   90.00      0.2023E-01
   91.00      0.1726E-01
   92.00      0.1460E-01
   93.00      0.1224E-01
   94.00      0.1020E-01
   95.00      0.8451E-02
   96.00      0.6979E-02
   97.00      0.5756E-02
   98.00      0.4755E-02
   99.00      0.3944E-02
   100.0      0.3296E-02
   101.0      0.2783E-02
   102.0      0.2379E-02
   103.0      0.2064E-02
   104.0      0.1817E-02
   105.0      0.1624E-02
   106.0      0.1471E-02
   107.0      0.1348E-02
   108.0      0.1246E-02
   109.0      0.1159E-02
   110.0      0.1082E-02
   111.0      0.1012E-02
   112.0      0.9467E-03
   113.0      0.8834E-03
   114.0      0.8215E-03
   115.0      0.7604E-03
   116.0      0.6999E-03
   117.0      0.6401E-03
   118.0      0.5811E-03
   119.0      0.5234E-03
   120.0      0.4676E-03
   121.0      0.4140E-03
   122.0      0.3634E-03
   123.0      0.3161E-03
   124.0      0.2727E-03
   125.0      0.2334E-03
   126.0      0.1985E-03
   127.0      0.1683E-03
   128.0      0.1426E-03
   129.0      0.1214E-03
   130.0      0.1044E-03
   131.0      0.9151E-04
   132.0      0.8217E-04
   133.0      0.7601E-04
   134.0      0.7252E-04
   135.0      0.7122E-04
   136.0      0.7159E-04
   137.0      0.7315E-04
   138.0      0.7546E-04
   139.0      0.7809E-04
   140.0      0.8072E-04
   141.0      0.8304E-04
   142.0      0.8484E-04
   143.0      0.8595E-04
   144.0      0.8629E-04
   145.0      0.8580E-04
   146.0      0.8451E-04
   147.0      0.8246E-04
   148.0      0.7973E-04
   149.0      0.7643E-04
   150.0      0.7269E-04
   151.0      0.6862E-04
   152.0      0.6436E-04
   153.0      0.6002E-04
   154.0      0.5570E-04
   155.0      0.5152E-04
   156.0      0.4752E-04
   157.0      0.4379E-04
   158.0      0.4034E-04
   159.0      0.3720E-04
   160.0      0.3438E-04
   161.0      0.3188E-04
   162.0      0.2968E-04
   163.0      0.2774E-04
   164.0      0.2606E-04
   165.0      0.2459E-04
   166.0      0.2330E-04
   167.0      0.2217E-04
   168.0      0.2117E-04
   169.0      0.2028E-04
   170.0      0.1949E-04
   171.0      0.1878E-04
   172.0      0.1813E-04
   173.0      0.1756E-04
   174.0      0.1705E-04
   175.0      0.1662E-04
   176.0      0.1625E-04
   177.0      0.1597E-04
   178.0      0.1576E-04
   179.0      0.1563E-04
   180.0      0.1559E-04
 END
