# 178 angles,  1 tensor ranks for 0=projectile
@subtitle   "p+O20 with CH89;"                                                              
@legend ON
@legend x1 0.2
@legend y1 0.8
@g0 type LOGY
@yaxis ticklabel format power
@legend string   0 "Lab energy =   35.0000"
#legend string   0 "Partition=  1 Excit=  1 near/far= 1"
#  Theta       sigma       iT11        T20         T21         T22         Kyy for projectile
   3.000      0.1331E+06
   4.000      0.3884E+05
   5.000      0.1522E+05
   6.000       7539.    
   7.000       4565.    
   8.000       3245.    
   9.000       2580.    
   10.00       2193.    
   11.00       1933.    
   12.00       1734.    
   13.00       1564.    
   14.00       1411.    
   15.00       1268.    
   16.00       1132.    
   17.00       1004.    
   18.00       882.5    
   19.00       768.9    
   20.00       663.4    
   21.00       566.6    
   22.00       478.6    
   23.00       399.7    
   24.00       329.9    
   25.00       268.9    
   26.00       216.4    
   27.00       172.0    
   28.00       135.2    
   29.00       105.4    
   30.00       81.77    
   31.00       63.76    
   32.00       50.63    
   33.00       41.66    
   34.00       36.17    
   35.00       33.52    
   36.00       33.09    
   37.00       34.35    
   38.00       36.80    
   39.00       40.01    
   40.00       43.61    
   41.00       47.28    
   42.00       50.79    
   43.00       53.93    
   44.00       56.56    
   45.00       58.59    
   46.00       59.96    
   47.00       60.65    
   48.00       60.66    
   49.00       60.04    
   50.00       58.83    
   51.00       57.10    
   52.00       54.92    
   53.00       52.36    
   54.00       49.52    
   55.00       46.47    
   56.00       43.29    
   57.00       40.04    
   58.00       36.79    
   59.00       33.60    
   60.00       30.52    
   61.00       27.58    
   62.00       24.81    
   63.00       22.25    
   64.00       19.89    
   65.00       17.76    
   66.00       15.86    
   67.00       14.17    
   68.00       12.70    
   69.00       11.44    
   70.00       10.36    
   71.00       9.454    
   72.00       8.706    
   73.00       8.096    
   74.00       7.606    
   75.00       7.218    
   76.00       6.915    
   77.00       6.680    
   78.00       6.499    
   79.00       6.359    
   80.00       6.247    
   81.00       6.152    
   82.00       6.067    
   83.00       5.984    
   84.00       5.897    
   85.00       5.802    
   86.00       5.695    
   87.00       5.575    
   88.00       5.441    
   89.00       5.292    
   90.00       5.129    
   91.00       4.953    
   92.00       4.765    
   93.00       4.567    
   94.00       4.362    
   95.00       4.151    
   96.00       3.936    
   97.00       3.720    
   98.00       3.504    
   99.00       3.290    
   100.0       3.081    
   101.0       2.878    
   102.0       2.681    
   103.0       2.492    
   104.0       2.313    
   105.0       2.143    
   106.0       1.984    
   107.0       1.835    
   108.0       1.697    
   109.0       1.570    
   110.0       1.454    
   111.0       1.349    
   112.0       1.254    
   113.0       1.169    
   114.0       1.094    
   115.0       1.028    
   116.0      0.9712    
   117.0      0.9224    
   118.0      0.8811    
   119.0      0.8469    
   120.0      0.8191    
   121.0      0.7970    
   122.0      0.7801    
   123.0      0.7676    
   124.0      0.7589    
   125.0      0.7535    
   126.0      0.7505    
   127.0      0.7494    
   128.0      0.7497    
   129.0      0.7506    
   130.0      0.7516    
   131.0      0.7523    
   132.0      0.7521    
   133.0      0.7506    
   134.0      0.7473    
   135.0      0.7421    
   136.0      0.7347    
   137.0      0.7248    
   138.0      0.7124    
   139.0      0.6975    
   140.0      0.6801    
   141.0      0.6604    
   142.0      0.6385    
   143.0      0.6149    
   144.0      0.5899    
   145.0      0.5638    
   146.0      0.5373    
   147.0      0.5107    
   148.0      0.4848    
   149.0      0.4600    
   150.0      0.4370    
   151.0      0.4163    
   152.0      0.3985    
   153.0      0.3842    
   154.0      0.3737    
   155.0      0.3675    
   156.0      0.3660    
   157.0      0.3694    
   158.0      0.3778    
   159.0      0.3913    
   160.0      0.4099    
   161.0      0.4333    
   162.0      0.4615    
   163.0      0.4939    
   164.0      0.5301    
   165.0      0.5696    
   166.0      0.6117    
   167.0      0.6557    
   168.0      0.7010    
   169.0      0.7466    
   170.0      0.7919    
   171.0      0.8359    
   172.0      0.8778    
   173.0      0.9169    
   174.0      0.9525    
   175.0      0.9838    
   176.0       1.010    
   177.0       1.031    
   178.0       1.047    
   179.0       1.056    
   180.0       1.059    
 END
