# 178 angles,  1 tensor ranks for 0=projectile
@subtitle   "20O + d 2+1 inelastic;"                                                        
@legend ON
@legend x1 0.2
@legend y1 0.8
@g0 type LOGY
@yaxis ticklabel format power
@legend string   0 "Lab energy =   70.0000"
#legend string   0 "Partition=  1 Excit=  2 near/far= 1"
#  Theta       sigma       iT11        T20         T21         T22         Kyy for projectile
   3.000       2.339    
   4.000       2.096    
   5.000       1.871    
   6.000       1.759    
   7.000       1.836    
   8.000       2.111    
   9.000       2.518    
   10.00       2.961    
   11.00       3.359    
   12.00       3.663    
   13.00       3.846    
   14.00       3.886    
   15.00       3.765    
   16.00       3.486    
   17.00       3.077    
   18.00       2.595    
   19.00       2.104    
   20.00       1.658    
   21.00       1.290    
   22.00       1.015    
   23.00      0.8351    
   24.00      0.7458    
   25.00      0.7319    
   26.00      0.7702    
   27.00      0.8334    
   28.00      0.8971    
   29.00      0.9450    
   30.00      0.9689    
   31.00      0.9660    
   32.00      0.9362    
   33.00      0.8818    
   34.00      0.8085    
   35.00      0.7245    
   36.00      0.6389    
   37.00      0.5592    
   38.00      0.4895    
   39.00      0.4315    
   40.00      0.3858    
   41.00      0.3521    
   42.00      0.3292    
   43.00      0.3148    
   44.00      0.3053    
   45.00      0.2970    
   46.00      0.2876    
   47.00      0.2758    
   48.00      0.2614    
   49.00      0.2446    
   50.00      0.2254    
   51.00      0.2043    
   52.00      0.1821    
   53.00      0.1598    
   54.00      0.1385    
   55.00      0.1189    
   56.00      0.1014    
   57.00      0.8620E-01
   58.00      0.7340E-01
   59.00      0.6305E-01
   60.00      0.5496E-01
   61.00      0.4874E-01
   62.00      0.4391E-01
   63.00      0.4005E-01
   64.00      0.3687E-01
   65.00      0.3414E-01
   66.00      0.3167E-01
   67.00      0.2925E-01
   68.00      0.2678E-01
   69.00      0.2426E-01
   70.00      0.2178E-01
   71.00      0.1942E-01
   72.00      0.1720E-01
   73.00      0.1508E-01
   74.00      0.1304E-01
   75.00      0.1117E-01
   76.00      0.9538E-02
   77.00      0.8202E-02
   78.00      0.7131E-02
   79.00      0.6255E-02
   80.00      0.5518E-02
   81.00      0.4900E-02
   82.00      0.4410E-02
   83.00      0.4035E-02
   84.00      0.3728E-02
   85.00      0.3435E-02
   86.00      0.3138E-02
   87.00      0.2849E-02
   88.00      0.2592E-02
   89.00      0.2370E-02
   90.00      0.2165E-02
   91.00      0.1950E-02
   92.00      0.1722E-02
   93.00      0.1501E-02
   94.00      0.1311E-02
   95.00      0.1157E-02
   96.00      0.1029E-02
   97.00      0.9165E-03
   98.00      0.8150E-03
   99.00      0.7301E-03
   100.0      0.6682E-03
   101.0      0.6251E-03
   102.0      0.5874E-03
   103.0      0.5478E-03
   104.0      0.5098E-03
   105.0      0.4791E-03
   106.0      0.4563E-03
   107.0      0.4372E-03
   108.0      0.4153E-03
   109.0      0.3863E-03
   110.0      0.3534E-03
   111.0      0.3235E-03
   112.0      0.2969E-03
   113.0      0.2687E-03
   114.0      0.2379E-03
   115.0      0.2080E-03
   116.0      0.1828E-03
   117.0      0.1645E-03
   118.0      0.1515E-03
   119.0      0.1376E-03
   120.0      0.1181E-03
   121.0      0.9735E-04
   122.0      0.8268E-04
   123.0      0.7608E-04
   124.0      0.7435E-04
   125.0      0.7334E-04
   126.0      0.6941E-04
   127.0      0.6213E-04
   128.0      0.5602E-04
   129.0      0.5438E-04
   130.0      0.5421E-04
   131.0      0.5149E-04
   132.0      0.4695E-04
   133.0      0.4308E-04
   134.0      0.4114E-04
   135.0      0.4194E-04
   136.0      0.4403E-04
   137.0      0.4278E-04
   138.0      0.3648E-04
   139.0      0.2963E-04
   140.0      0.2637E-04
   141.0      0.2606E-04
   142.0      0.2707E-04
   143.0      0.2818E-04
   144.0      0.2696E-04
   145.0      0.2306E-04
   146.0      0.2012E-04
   147.0      0.1982E-04
   148.0      0.1934E-04
   149.0      0.1751E-04
   150.0      0.1635E-04
   151.0      0.1594E-04
   152.0      0.1520E-04
   153.0      0.1545E-04
   154.0      0.1675E-04
   155.0      0.1586E-04
   156.0      0.1266E-04
   157.0      0.1098E-04
   158.0      0.1129E-04
   159.0      0.1092E-04
   160.0      0.1051E-04
   161.0      0.1137E-04
   162.0      0.1106E-04
   163.0      0.8872E-05
   164.0      0.8426E-05
   165.0      0.9836E-05
   166.0      0.9188E-05
   167.0      0.7388E-05
   168.0      0.8174E-05
   169.0      0.9606E-05
   170.0      0.8718E-05
   171.0      0.8460E-05
   172.0      0.1066E-04
   173.0      0.1193E-04
   174.0      0.1245E-04
   175.0      0.1579E-04
   176.0      0.1858E-04
   177.0      0.1611E-04
   178.0      0.1436E-04
   179.0      0.1941E-04
   180.0      0.2359E-04
 END
