# 181 angles,  1 tensor ranks for 0=projectile
@subtitle   "p+O20 2nd ex with BG ;"                                                        
@legend ON
@legend x1 0.2
@legend y1 0.8
@g0 type LOGY
@yaxis ticklabel format power
@legend string   0 "Lab energy =   35.0000"
#legend string   0 "Partition=  1 Excit=  2 near/far= 1"
#  Theta       sigma       iT11        T20         T21         T22         Kyy for projectile
   0.000       39.99    
   1.000       40.02    
   2.000       40.08    
   3.000       40.05    
   4.000       39.80    
   5.000       39.22    
   6.000       38.32    
   7.000       37.13    
   8.000       35.76    
   9.000       34.33    
   10.00       32.94    
   11.00       31.64    
   12.00       30.48    
   13.00       29.47    
   14.00       28.63    
   15.00       27.98    
   16.00       27.52    
   17.00       27.26    
   18.00       27.18    
   19.00       27.26    
   20.00       27.46    
   21.00       27.74    
   22.00       28.08    
   23.00       28.42    
   24.00       28.73    
   25.00       28.97    
   26.00       29.11    
   27.00       29.12    
   28.00       28.99    
   29.00       28.69    
   30.00       28.22    
   31.00       27.58    
   32.00       26.77    
   33.00       25.80    
   34.00       24.68    
   35.00       23.45    
   36.00       22.12    
   37.00       20.71    
   38.00       19.26    
   39.00       17.79    
   40.00       16.33    
   41.00       14.90    
   42.00       13.53    
   43.00       12.23    
   44.00       11.02    
   45.00       9.916    
   46.00       8.924    
   47.00       8.050    
   48.00       7.297    
   49.00       6.663    
   50.00       6.144    
   51.00       5.733    
   52.00       5.422    
   53.00       5.201    
   54.00       5.058    
   55.00       4.981    
   56.00       4.958    
   57.00       4.974    
   58.00       5.019    
   59.00       5.082    
   60.00       5.152    
   61.00       5.221    
   62.00       5.280    
   63.00       5.322    
   64.00       5.342    
   65.00       5.336    
   66.00       5.302    
   67.00       5.239    
   68.00       5.146    
   69.00       5.026    
   70.00       4.877    
   71.00       4.704    
   72.00       4.509    
   73.00       4.296    
   74.00       4.068    
   75.00       3.829    
   76.00       3.583    
   77.00       3.332    
   78.00       3.082    
   79.00       2.834    
   80.00       2.593    
   81.00       2.360    
   82.00       2.137    
   83.00       1.927    
   84.00       1.731    
   85.00       1.549    
   86.00       1.383    
   87.00       1.233    
   88.00       1.098    
   89.00      0.9783    
   90.00      0.8736    
   91.00      0.7830    
   92.00      0.7056    
   93.00      0.6404    
   94.00      0.5863    
   95.00      0.5421    
   96.00      0.5066    
   97.00      0.4786    
   98.00      0.4570    
   99.00      0.4408    
   100.0      0.4289    
   101.0      0.4203    
   102.0      0.4141    
   103.0      0.4096    
   104.0      0.4061    
   105.0      0.4030    
   106.0      0.3999    
   107.0      0.3964    
   108.0      0.3921    
   109.0      0.3869    
   110.0      0.3805    
   111.0      0.3730    
   112.0      0.3643    
   113.0      0.3543    
   114.0      0.3433    
   115.0      0.3312    
   116.0      0.3182    
   117.0      0.3045    
   118.0      0.2903    
   119.0      0.2756    
   120.0      0.2607    
   121.0      0.2457    
   122.0      0.2307    
   123.0      0.2160    
   124.0      0.2016    
   125.0      0.1877    
   126.0      0.1744    
   127.0      0.1617    
   128.0      0.1498    
   129.0      0.1386    
   130.0      0.1283    
   131.0      0.1188    
   132.0      0.1101    
   133.0      0.1023    
   134.0      0.9523E-01
   135.0      0.8898E-01
   136.0      0.8348E-01
   137.0      0.7868E-01
   138.0      0.7451E-01
   139.0      0.7089E-01
   140.0      0.6778E-01
   141.0      0.6513E-01
   142.0      0.6288E-01
   143.0      0.6099E-01
   144.0      0.5938E-01
   145.0      0.5799E-01
   146.0      0.5675E-01
   147.0      0.5563E-01
   148.0      0.5460E-01
   149.0      0.5364E-01
   150.0      0.5271E-01
   151.0      0.5181E-01
   152.0      0.5088E-01
   153.0      0.4993E-01
   154.0      0.4895E-01
   155.0      0.4794E-01
   156.0      0.4690E-01
   157.0      0.4584E-01
   158.0      0.4477E-01
   159.0      0.4370E-01
   160.0      0.4262E-01
   161.0      0.4156E-01
   162.0      0.4053E-01
   163.0      0.3953E-01
   164.0      0.3858E-01
   165.0      0.3767E-01
   166.0      0.3682E-01
   167.0      0.3604E-01
   168.0      0.3534E-01
   169.0      0.3471E-01
   170.0      0.3415E-01
   171.0      0.3366E-01
   172.0      0.3322E-01
   173.0      0.3284E-01
   174.0      0.3253E-01
   175.0      0.3228E-01
   176.0      0.3210E-01
   177.0      0.3196E-01
   178.0      0.3187E-01
   179.0      0.3181E-01
   180.0      0.3179E-01
 END
