# 181 angles,  1 tensor ranks for 0=projectile
@subtitle   "p+O20 2nd ex with BG ;"                                                        
@legend ON
@legend x1 0.2
@legend y1 0.8
@g0 type LOGY
@yaxis ticklabel format power
@legend string   0 "Lab energy =   35.0000"
#legend string   0 "Partition=  1 Excit=  1 near/far= 1"
#  Theta       sigma       iT11        T20         T21         T22         Kyy for projectile
  0.1000E-01  0.1288E+16
   1.000      0.1252E+08
   2.000      0.7274E+06
   3.000      0.1305E+06
   4.000      0.3762E+05
   5.000      0.1460E+05
   6.000       7228.    
   7.000       4435.    
   8.000       3228.    
   9.000       2634.    
   10.00       2295.    
   11.00       2066.    
   12.00       1887.    
   13.00       1729.    
   14.00       1583.    
   15.00       1442.    
   16.00       1306.    
   17.00       1174.    
   18.00       1048.    
   19.00       927.0    
   20.00       813.2    
   21.00       707.1    
   22.00       609.0    
   23.00       519.4    
   24.00       438.4    
   25.00       365.9    
   26.00       301.8    
   27.00       245.9    
   28.00       197.6    
   29.00       156.6    
   30.00       122.1    
   31.00       93.74    
   32.00       70.78    
   33.00       52.60    
   34.00       38.60    
   35.00       28.19    
   36.00       20.78    
   37.00       15.87    
   38.00       12.96    
   39.00       11.63    
   40.00       11.48    
   41.00       12.19    
   42.00       13.47    
   43.00       15.08    
   44.00       16.82    
   45.00       18.54    
   46.00       20.12    
   47.00       21.47    
   48.00       22.55    
   49.00       23.31    
   50.00       23.74    
   51.00       23.84    
   52.00       23.64    
   53.00       23.16    
   54.00       22.42    
   55.00       21.47    
   56.00       20.35    
   57.00       19.09    
   58.00       17.73    
   59.00       16.32    
   60.00       14.87    
   61.00       13.43    
   62.00       12.02    
   63.00       10.65    
   64.00       9.359    
   65.00       8.146    
   66.00       7.025    
   67.00       6.003    
   68.00       5.084    
   69.00       4.268    
   70.00       3.555    
   71.00       2.940    
   72.00       2.419    
   73.00       1.985    
   74.00       1.631    
   75.00       1.351    
   76.00       1.135    
   77.00      0.9751    
   78.00      0.8641    
   79.00      0.7940    
   80.00      0.7573    
   81.00      0.7473    
   82.00      0.7577    
   83.00      0.7829    
   84.00      0.8180    
   85.00      0.8586    
   86.00      0.9010    
   87.00      0.9424    
   88.00      0.9801    
   89.00       1.012    
   90.00       1.038    
   91.00       1.055    
   92.00       1.065    
   93.00       1.065    
   94.00       1.057    
   95.00       1.042    
   96.00       1.018    
   97.00      0.9880    
   98.00      0.9516    
   99.00      0.9099    
   100.0      0.8639    
   101.0      0.8145    
   102.0      0.7625    
   103.0      0.7089    
   104.0      0.6543    
   105.0      0.5997    
   106.0      0.5456    
   107.0      0.4927    
   108.0      0.4415    
   109.0      0.3925    
   110.0      0.3461    
   111.0      0.3025    
   112.0      0.2620    
   113.0      0.2248    
   114.0      0.1909    
   115.0      0.1603    
   116.0      0.1332    
   117.0      0.1094    
   118.0      0.8878E-01
   119.0      0.7128E-01
   120.0      0.5673E-01
   121.0      0.4496E-01
   122.0      0.3575E-01
   123.0      0.2891E-01
   124.0      0.2423E-01
   125.0      0.2147E-01
   126.0      0.2041E-01
   127.0      0.2084E-01
   128.0      0.2252E-01
   129.0      0.2524E-01
   130.0      0.2881E-01
   131.0      0.3301E-01
   132.0      0.3766E-01
   133.0      0.4258E-01
   134.0      0.4762E-01
   135.0      0.5262E-01
   136.0      0.5744E-01
   137.0      0.6198E-01
   138.0      0.6611E-01
   139.0      0.6977E-01
   140.0      0.7287E-01
   141.0      0.7536E-01
   142.0      0.7721E-01
   143.0      0.7838E-01
   144.0      0.7887E-01
   145.0      0.7869E-01
   146.0      0.7786E-01
   147.0      0.7641E-01
   148.0      0.7439E-01
   149.0      0.7184E-01
   150.0      0.6884E-01
   151.0      0.6545E-01
   152.0      0.6175E-01
   153.0      0.5782E-01
   154.0      0.5373E-01
   155.0      0.4958E-01
   156.0      0.4542E-01
   157.0      0.4134E-01
   158.0      0.3741E-01
   159.0      0.3368E-01
   160.0      0.3020E-01
   161.0      0.2703E-01
   162.0      0.2420E-01
   163.0      0.2172E-01
   164.0      0.1961E-01
   165.0      0.1787E-01
   166.0      0.1650E-01
   167.0      0.1547E-01
   168.0      0.1477E-01
   169.0      0.1435E-01
   170.0      0.1418E-01
   171.0      0.1422E-01
   172.0      0.1442E-01
   173.0      0.1474E-01
   174.0      0.1513E-01
   175.0      0.1554E-01
   176.0      0.1593E-01
   177.0      0.1628E-01
   178.0      0.1655E-01
   179.0      0.1672E-01
   180.0      0.1677E-01
 END
