# 178 angles,  1 tensor ranks for 0=projectile
@subtitle   "20O + d 2+1 inelastic;"                                                        
@legend ON
@legend x1 0.2
@legend y1 0.8
@g0 type LOGY
@yaxis ticklabel format power
@legend string   0 "Lab energy =   70.0000"
#legend string   0 "Partition=  1 Excit=  2 near/far= 1"
#  Theta       sigma       iT11        T20         T21         T22         Kyy for projectile
   3.000       4.770    
   4.000       4.277    
   5.000       3.880    
   6.000       3.751    
   7.000       4.009    
   8.000       4.650    
   9.000       5.542    
   10.00       6.503    
   11.00       7.369    
   12.00       8.027    
   13.00       8.406    
   14.00       8.457    
   15.00       8.154    
   16.00       7.516    
   17.00       6.617    
   18.00       5.575    
   19.00       4.522    
   20.00       3.566    
   21.00       2.778    
   22.00       2.192    
   23.00       1.815    
   24.00       1.632    
   25.00       1.608    
   26.00       1.694    
   27.00       1.832    
   28.00       1.973    
   29.00       2.080    
   30.00       2.134    
   31.00       2.128    
   32.00       2.062    
   33.00       1.943    
   34.00       1.784    
   35.00       1.602    
   36.00       1.416    
   37.00       1.242    
   38.00       1.089    
   39.00      0.9614    
   40.00      0.8605    
   41.00      0.7854    
   42.00      0.7333    
   43.00      0.6986    
   44.00      0.6745    
   45.00      0.6537    
   46.00      0.6312    
   47.00      0.6043    
   48.00      0.5720    
   49.00      0.5345    
   50.00      0.4921    
   51.00      0.4458    
   52.00      0.3973    
   53.00      0.3489    
   54.00      0.3027    
   55.00      0.2602    
   56.00      0.2222    
   57.00      0.1893    
   58.00      0.1616    
   59.00      0.1390    
   60.00      0.1213    
   61.00      0.1075    
   62.00      0.9676E-01
   63.00      0.8815E-01
   64.00      0.8103E-01
   65.00      0.7492E-01
   66.00      0.6937E-01
   67.00      0.6400E-01
   68.00      0.5859E-01
   69.00      0.5312E-01
   70.00      0.4773E-01
   71.00      0.4256E-01
   72.00      0.3767E-01
   73.00      0.3302E-01
   74.00      0.2863E-01
   75.00      0.2461E-01
   76.00      0.2110E-01
   77.00      0.1818E-01
   78.00      0.1581E-01
   79.00      0.1385E-01
   80.00      0.1222E-01
   81.00      0.1086E-01
   82.00      0.9767E-02
   83.00      0.8902E-02
   84.00      0.8184E-02
   85.00      0.7523E-02
   86.00      0.6875E-02
   87.00      0.6256E-02
   88.00      0.5692E-02
   89.00      0.5189E-02
   90.00      0.4719E-02
   91.00      0.4244E-02
   92.00      0.3759E-02
   93.00      0.3296E-02
   94.00      0.2891E-02
   95.00      0.2555E-02
   96.00      0.2272E-02
   97.00      0.2023E-02
   98.00      0.1804E-02
   99.00      0.1619E-02
   100.0      0.1479E-02
   101.0      0.1374E-02
   102.0      0.1285E-02
   103.0      0.1199E-02
   104.0      0.1118E-02
   105.0      0.1049E-02
   106.0      0.9949E-03
   107.0      0.9472E-03
   108.0      0.8955E-03
   109.0      0.8335E-03
   110.0      0.7658E-03
   111.0      0.7019E-03
   112.0      0.6430E-03
   113.0      0.5833E-03
   114.0      0.5207E-03
   115.0      0.4596E-03
   116.0      0.4066E-03
   117.0      0.3651E-03
   118.0      0.3324E-03
   119.0      0.2994E-03
   120.0      0.2601E-03
   121.0      0.2199E-03
   122.0      0.1893E-03
   123.0      0.1719E-03
   124.0      0.1635E-03
   125.0      0.1569E-03
   126.0      0.1464E-03
   127.0      0.1318E-03
   128.0      0.1195E-03
   129.0      0.1137E-03
   130.0      0.1108E-03
   131.0      0.1053E-03
   132.0      0.9714E-04
   133.0      0.8979E-04
   134.0      0.8584E-04
   135.0      0.8633E-04
   136.0      0.8844E-04
   137.0      0.8585E-04
   138.0      0.7643E-04
   139.0      0.6594E-04
   140.0      0.6026E-04
   141.0      0.5943E-04
   142.0      0.6095E-04
   143.0      0.6211E-04
   144.0      0.5976E-04
   145.0      0.5395E-04
   146.0      0.4928E-04
   147.0      0.4786E-04
   148.0      0.4655E-04
   149.0      0.4364E-04
   150.0      0.4108E-04
   151.0      0.3940E-04
   152.0      0.3796E-04
   153.0      0.3793E-04
   154.0      0.3873E-04
   155.0      0.3666E-04
   156.0      0.3172E-04
   157.0      0.2838E-04
   158.0      0.2767E-04
   159.0      0.2690E-04
   160.0      0.2627E-04
   161.0      0.2668E-04
   162.0      0.2562E-04
   163.0      0.2265E-04
   164.0      0.2167E-04
   165.0      0.2278E-04
   166.0      0.2195E-04
   167.0      0.1999E-04
   168.0      0.2071E-04
   169.0      0.2221E-04
   170.0      0.2145E-04
   171.0      0.2130E-04
   172.0      0.2363E-04
   173.0      0.2530E-04
   174.0      0.2665E-04
   175.0      0.3097E-04
   176.0      0.3426E-04
   177.0      0.3124E-04
   178.0      0.2798E-04
   179.0      0.3140E-04
   180.0      0.3488E-04
 END
