# 178 angles,  1 tensor ranks for 0=projectile
@subtitle   "p+O20 with CH89;"                                                              
@legend ON
@legend x1 0.2
@legend y1 0.8
@g0 type LOGY
@yaxis ticklabel format power
@legend string   0 "Lab energy =   35.0000"
#legend string   0 "Partition=  1 Excit=  1 near/far= 1"
#  Theta       sigma       iT11        T20         T21         T22         Kyy for projectile
   3.000      0.1272E+06
   4.000      0.3469E+05
   5.000      0.1215E+05
   6.000       5185.    
   7.000       2721.    
   8.000       1781.    
   9.000       1408.    
   10.00       1255.    
   11.00       1187.    
   12.00       1148.    
   13.00       1114.    
   14.00       1076.    
   15.00       1032.    
   16.00       981.6    
   17.00       925.6    
   18.00       865.5    
   19.00       802.8    
   20.00       738.8    
   21.00       674.9    
   22.00       611.9    
   23.00       550.8    
   24.00       492.3    
   25.00       437.0    
   26.00       385.1    
   27.00       336.9    
   28.00       292.7    
   29.00       252.4    
   30.00       216.1    
   31.00       183.5    
   32.00       154.7    
   33.00       129.4    
   34.00       107.4    
   35.00       88.47    
   36.00       72.30    
   37.00       58.66    
   38.00       47.29    
   39.00       37.93    
   40.00       30.33    
   41.00       24.26    
   42.00       19.50    
   43.00       15.84    
   44.00       13.10    
   45.00       11.11    
   46.00       9.728    
   47.00       8.818    
   48.00       8.270    
   49.00       7.986    
   50.00       7.888    
   51.00       7.908    
   52.00       7.994    
   53.00       8.103    
   54.00       8.204    
   55.00       8.273    
   56.00       8.294    
   57.00       8.259    
   58.00       8.163    
   59.00       8.005    
   60.00       7.788    
   61.00       7.518    
   62.00       7.200    
   63.00       6.843    
   64.00       6.455    
   65.00       6.045    
   66.00       5.620    
   67.00       5.189    
   68.00       4.758    
   69.00       4.334    
   70.00       3.923    
   71.00       3.528    
   72.00       3.154    
   73.00       2.803    
   74.00       2.478    
   75.00       2.180    
   76.00       1.909    
   77.00       1.665    
   78.00       1.449    
   79.00       1.259    
   80.00       1.093    
   81.00      0.9513    
   82.00      0.8307    
   83.00      0.7299    
   84.00      0.6469    
   85.00      0.5797    
   86.00      0.5263    
   87.00      0.4849    
   88.00      0.4538    
   89.00      0.4311    
   90.00      0.4153    
   91.00      0.4050    
   92.00      0.3989    
   93.00      0.3958    
   94.00      0.3947    
   95.00      0.3949    
   96.00      0.3955    
   97.00      0.3960    
   98.00      0.3960    
   99.00      0.3949    
   100.0      0.3926    
   101.0      0.3890    
   102.0      0.3838    
   103.0      0.3772    
   104.0      0.3690    
   105.0      0.3594    
   106.0      0.3484    
   107.0      0.3363    
   108.0      0.3231    
   109.0      0.3090    
   110.0      0.2942    
   111.0      0.2788    
   112.0      0.2631    
   113.0      0.2472    
   114.0      0.2312    
   115.0      0.2154    
   116.0      0.1997    
   117.0      0.1844    
   118.0      0.1696    
   119.0      0.1553    
   120.0      0.1416    
   121.0      0.1287    
   122.0      0.1164    
   123.0      0.1049    
   124.0      0.9425E-01
   125.0      0.8435E-01
   126.0      0.7527E-01
   127.0      0.6697E-01
   128.0      0.5946E-01
   129.0      0.5271E-01
   130.0      0.4669E-01
   131.0      0.4137E-01
   132.0      0.3672E-01
   133.0      0.3271E-01
   134.0      0.2929E-01
   135.0      0.2643E-01
   136.0      0.2409E-01
   137.0      0.2223E-01
   138.0      0.2082E-01
   139.0      0.1981E-01
   140.0      0.1917E-01
   141.0      0.1888E-01
   142.0      0.1889E-01
   143.0      0.1919E-01
   144.0      0.1974E-01
   145.0      0.2052E-01
   146.0      0.2150E-01
   147.0      0.2268E-01
   148.0      0.2402E-01
   149.0      0.2551E-01
   150.0      0.2713E-01
   151.0      0.2888E-01
   152.0      0.3072E-01
   153.0      0.3266E-01
   154.0      0.3468E-01
   155.0      0.3676E-01
   156.0      0.3890E-01
   157.0      0.4108E-01
   158.0      0.4330E-01
   159.0      0.4553E-01
   160.0      0.4777E-01
   161.0      0.5001E-01
   162.0      0.5224E-01
   163.0      0.5443E-01
   164.0      0.5659E-01
   165.0      0.5870E-01
   166.0      0.6074E-01
   167.0      0.6271E-01
   168.0      0.6459E-01
   169.0      0.6637E-01
   170.0      0.6804E-01
   171.0      0.6959E-01
   172.0      0.7101E-01
   173.0      0.7228E-01
   174.0      0.7340E-01
   175.0      0.7437E-01
   176.0      0.7516E-01
   177.0      0.7579E-01
   178.0      0.7624E-01
   179.0      0.7651E-01
   180.0      0.7661E-01
 END
