# 178 angles,  1 tensor ranks for 0=projectile
@subtitle   "p+O20 1st ex with BG ;"                                                        
@legend ON
@legend x1 0.2
@legend y1 0.8
@g0 type LOGY
@yaxis ticklabel format power
@legend string   0 "Lab energy =   35.0000"
#legend string   0 "Partition=  1 Excit=  1 near/far= 1"
#  Theta       sigma       iT11        T20         T21         T22         Kyy for projectile
   3.000      0.1297E+06
   4.000      0.3722E+05
   5.000      0.1439E+05
   6.000       7121.    
   7.000       4385.    
   8.000       3212.    
   9.000       2640.    
   10.00       2314.    
   11.00       2093.    
   12.00       1918.    
   13.00       1763.    
   14.00       1617.    
   15.00       1475.    
   16.00       1337.    
   17.00       1204.    
   18.00       1075.    
   19.00       951.5    
   20.00       835.3    
   21.00       726.7    
   22.00       626.4    
   23.00       534.6    
   24.00       451.7    
   25.00       377.5    
   26.00       312.1    
   27.00       254.9    
   28.00       205.6    
   29.00       163.8    
   30.00       128.7    
   31.00       99.88    
   32.00       76.59    
   33.00       58.20    
   34.00       44.07    
   35.00       33.59    
   36.00       26.17    
   37.00       21.26    
   38.00       18.37    
   39.00       17.05    
   40.00       16.90    
   41.00       17.58    
   42.00       18.81    
   43.00       20.33    
   44.00       21.95    
   45.00       23.51    
   46.00       24.91    
   47.00       26.05    
   48.00       26.89    
   49.00       27.39    
   50.00       27.55    
   51.00       27.38    
   52.00       26.89    
   53.00       26.12    
   54.00       25.10    
   55.00       23.87    
   56.00       22.48    
   57.00       20.98    
   58.00       19.39    
   59.00       17.76    
   60.00       16.12    
   61.00       14.50    
   62.00       12.93    
   63.00       11.43    
   64.00       10.02    
   65.00       8.712    
   66.00       7.509    
   67.00       6.420    
   68.00       5.447    
   69.00       4.589    
   70.00       3.843    
   71.00       3.204    
   72.00       2.665    
   73.00       2.218    
   74.00       1.856    
   75.00       1.569    
   76.00       1.348    
   77.00       1.184    
   78.00       1.068    
   79.00      0.9927    
   80.00      0.9496    
   81.00      0.9317    
   82.00      0.9327    
   83.00      0.9469    
   84.00      0.9694    
   85.00      0.9961    
   86.00       1.023    
   87.00       1.049    
   88.00       1.070    
   89.00       1.085    
   90.00       1.093    
   91.00       1.094    
   92.00       1.087    
   93.00       1.072    
   94.00       1.050    
   95.00       1.020    
   96.00      0.9845    
   97.00      0.9435    
   98.00      0.8978    
   99.00      0.8485    
   100.0      0.7963    
   101.0      0.7423    
   102.0      0.6872    
   103.0      0.6319    
   104.0      0.5771    
   105.0      0.5233    
   106.0      0.4713    
   107.0      0.4214    
   108.0      0.3740    
   109.0      0.3295    
   110.0      0.2881    
   111.0      0.2499    
   112.0      0.2150    
   113.0      0.1836    
   114.0      0.1554    
   115.0      0.1306    
   116.0      0.1089    
   117.0      0.9017E-01
   118.0      0.7433E-01
   119.0      0.6114E-01
   120.0      0.5041E-01
   121.0      0.4192E-01
   122.0      0.3545E-01
   123.0      0.3079E-01
   124.0      0.2770E-01
   125.0      0.2598E-01
   126.0      0.2543E-01
   127.0      0.2584E-01
   128.0      0.2704E-01
   129.0      0.2886E-01
   130.0      0.3112E-01
   131.0      0.3369E-01
   132.0      0.3644E-01
   133.0      0.3925E-01
   134.0      0.4200E-01
   135.0      0.4463E-01
   136.0      0.4704E-01
   137.0      0.4918E-01
   138.0      0.5099E-01
   139.0      0.5244E-01
   140.0      0.5349E-01
   141.0      0.5413E-01
   142.0      0.5436E-01
   143.0      0.5417E-01
   144.0      0.5358E-01
   145.0      0.5261E-01
   146.0      0.5127E-01
   147.0      0.4961E-01
   148.0      0.4765E-01
   149.0      0.4545E-01
   150.0      0.4303E-01
   151.0      0.4044E-01
   152.0      0.3774E-01
   153.0      0.3497E-01
   154.0      0.3217E-01
   155.0      0.2939E-01
   156.0      0.2666E-01
   157.0      0.2403E-01
   158.0      0.2153E-01
   159.0      0.1919E-01
   160.0      0.1704E-01
   161.0      0.1509E-01
   162.0      0.1335E-01
   163.0      0.1184E-01
   164.0      0.1055E-01
   165.0      0.9490E-02
   166.0      0.8643E-02
   167.0      0.7998E-02
   168.0      0.7539E-02
   169.0      0.7246E-02
   170.0      0.7096E-02
   171.0      0.7064E-02
   172.0      0.7125E-02
   173.0      0.7254E-02
   174.0      0.7425E-02
   175.0      0.7614E-02
   176.0      0.7801E-02
   177.0      0.7967E-02
   178.0      0.8096E-02
   179.0      0.8178E-02
   180.0      0.8206E-02
 END
