# 178 angles,  1 tensor ranks for 0=projectile
@subtitle   "20O + d 3-?;"                                                                  
@legend ON
@legend x1 0.2
@legend y1 0.8
@g0 type LOGY
@yaxis ticklabel format power
@legend string   0 "Lab energy =   70.0000"
#legend string   0 "Partition=  1 Excit=  1 near/far= 1"
#  Theta       sigma       iT11        T20         T21         T22         Kyy for projectile
   3.000      0.2787E+05
   4.000      0.1177E+05
   5.000       8278.    
   6.000       6747.    
   7.000       5531.    
   8.000       4388.    
   9.000       3330.    
   10.00       2401.    
   11.00       1634.    
   12.00       1039.    
   13.00       608.3    
   14.00       321.2    
   15.00       150.3    
   16.00       66.12    
   17.00       40.58    
   18.00       49.76    
   19.00       74.98    
   20.00       103.1    
   21.00       125.9    
   22.00       139.5    
   23.00       143.1    
   24.00       137.8    
   25.00       125.8    
   26.00       109.8    
   27.00       92.27    
   28.00       75.10    
   29.00       59.71    
   30.00       46.88    
   31.00       36.90    
   32.00       29.64    
   33.00       24.74    
   34.00       21.68    
   35.00       19.94    
   36.00       19.01    
   37.00       18.48    
   38.00       18.05    
   39.00       17.52    
   40.00       16.79    
   41.00       15.81    
   42.00       14.62    
   43.00       13.27    
   44.00       11.83    
   45.00       10.38    
   46.00       8.973    
   47.00       7.665    
   48.00       6.491    
   49.00       5.470    
   50.00       4.607    
   51.00       3.895    
   52.00       3.321    
   53.00       2.866    
   54.00       2.508    
   55.00       2.227    
   56.00       2.004    
   57.00       1.821    
   58.00       1.666    
   59.00       1.528    
   60.00       1.400    
   61.00       1.278    
   62.00       1.160    
   63.00       1.044    
   64.00      0.9324    
   65.00      0.8251    
   66.00      0.7240    
   67.00      0.6303    
   68.00      0.5452    
   69.00      0.4693    
   70.00      0.4031    
   71.00      0.3462    
   72.00      0.2984    
   73.00      0.2587    
   74.00      0.2262    
   75.00      0.1997    
   76.00      0.1783    
   77.00      0.1608    
   78.00      0.1462    
   79.00      0.1338    
   80.00      0.1228    
   81.00      0.1127    
   82.00      0.1033    
   83.00      0.9422E-01
   84.00      0.8543E-01
   85.00      0.7691E-01
   86.00      0.6870E-01
   87.00      0.6088E-01
   88.00      0.5354E-01
   89.00      0.4678E-01
   90.00      0.4065E-01
   91.00      0.3521E-01
   92.00      0.3047E-01
   93.00      0.2641E-01
   94.00      0.2301E-01
   95.00      0.2019E-01
   96.00      0.1789E-01
   97.00      0.1602E-01
   98.00      0.1450E-01
   99.00      0.1325E-01
   100.0      0.1219E-01
   101.0      0.1127E-01
   102.0      0.1042E-01
   103.0      0.9625E-02
   104.0      0.8847E-02
   105.0      0.8076E-02
   106.0      0.7310E-02
   107.0      0.6552E-02
   108.0      0.5810E-02
   109.0      0.5097E-02
   110.0      0.4423E-02
   111.0      0.3802E-02
   112.0      0.3242E-02
   113.0      0.2749E-02
   114.0      0.2327E-02
   115.0      0.1977E-02
   116.0      0.1694E-02
   117.0      0.1475E-02
   118.0      0.1311E-02
   119.0      0.1193E-02
   120.0      0.1111E-02
   121.0      0.1056E-02
   122.0      0.1020E-02
   123.0      0.9931E-03
   124.0      0.9698E-03
   125.0      0.9445E-03
   126.0      0.9135E-03
   127.0      0.8749E-03
   128.0      0.8276E-03
   129.0      0.7717E-03
   130.0      0.7083E-03
   131.0      0.6392E-03
   132.0      0.5667E-03
   133.0      0.4933E-03
   134.0      0.4215E-03
   135.0      0.3531E-03
   136.0      0.2900E-03
   137.0      0.2335E-03
   138.0      0.1846E-03
   139.0      0.1437E-03
   140.0      0.1108E-03
   141.0      0.8565E-04
   142.0      0.6745E-04
   143.0      0.5542E-04
   144.0      0.4865E-04
   145.0      0.4612E-04
   146.0      0.4676E-04
   147.0      0.4958E-04
   148.0      0.5372E-04
   149.0      0.5850E-04
   150.0      0.6342E-04
   151.0      0.6806E-04
   152.0      0.7215E-04
   153.0      0.7548E-04
   154.0      0.7794E-04
   155.0      0.7952E-04
   156.0      0.8022E-04
   157.0      0.8006E-04
   158.0      0.7904E-04
   159.0      0.7720E-04
   160.0      0.7461E-04
   161.0      0.7134E-04
   162.0      0.6749E-04
   163.0      0.6314E-04
   164.0      0.5844E-04
   165.0      0.5354E-04
   166.0      0.4862E-04
   167.0      0.4386E-04
   168.0      0.3945E-04
   169.0      0.3555E-04
   170.0      0.3230E-04
   171.0      0.2978E-04
   172.0      0.2800E-04
   173.0      0.2689E-04
   174.0      0.2637E-04
   175.0      0.2632E-04
   176.0      0.2663E-04
   177.0      0.2719E-04
   178.0      0.2781E-04
   179.0      0.2830E-04
   180.0      0.2848E-04
 END
