# Fusion cross sections for ELAB=  70.000, ECM=  63.597
     0.0   1.741       1.743      0.2173E-02
     1.0   15.68       15.75      0.6943E-01
     2.0   26.30       26.62      0.3190    
     3.0   37.07       37.80      0.7273    
     4.0   47.97       49.17       1.201    
     5.0   58.77       60.45       1.684    
     6.0   69.68       71.70       2.023    
     7.0   80.61       83.02       2.411    
     8.0   90.66       93.71       3.050    
     9.0   97.97       101.8       3.856    
    10.0   99.79       104.5       4.755    
    11.0   93.05       98.54       5.483    
    12.0   77.08       82.32       5.242    
    13.0   56.71       60.63       3.925    
    14.0   38.20       40.70       2.499    
    15.0   24.53       25.91       1.382    
    16.0   15.33       15.99      0.6587    
    17.0   9.404       9.687      0.2828    
    18.0   5.704       5.819      0.1148    
    19.0   3.437       3.482      0.4533E-01
    20.0   2.062       2.079      0.1764E-01
    21.0   1.233       1.240      0.6811E-02
    22.0  0.7354      0.7380      0.2617E-02
    23.0  0.4377      0.4387      0.1002E-02
    24.0  0.2599      0.2603      0.3825E-03
    25.0  0.1540      0.1542      0.1456E-03
    26.0  0.9110E-01  0.9115E-01  0.5531E-04
    27.0  0.5378E-01  0.5380E-01  0.2096E-04
    28.0  0.3169E-01  0.3170E-01  0.7923E-05
    29.0  0.1864E-01  0.1865E-01  0.2989E-05
    30.0  0.1095E-01  0.1095E-01  0.1125E-05
    31.0  0.6422E-02  0.6422E-02  0.4226E-06
    32.0  0.3761E-02  0.3761E-02  0.1585E-06
    33.0  0.2199E-02  0.2199E-02  0.5929E-07
    34.0  0.1284E-02  0.1284E-02  0.2215E-07
    35.0  0.7492E-03  0.7492E-03  0.8257E-08
    36.0  0.4365E-03  0.4366E-03  0.3073E-08
    37.0  0.2541E-03  0.2541E-03  0.1142E-08
    38.0  0.1477E-03  0.1477E-03  0.4236E-09
    39.0  0.8581E-04  0.8581E-04  0.1569E-09
    40.0  0.4979E-04  0.4979E-04  0.5804E-10
    41.0  0.2887E-04  0.2887E-04  0.2144E-10
    42.0  0.1672E-04  0.1672E-04  0.7906E-11
    43.0  0.9680E-05  0.9680E-05  0.2914E-11
    44.0  0.5598E-05  0.5598E-05  0.1072E-11
    45.0  0.3236E-05  0.3236E-05  0.3945E-12
    46.0  0.1869E-05  0.1869E-05  0.1448E-12
    47.0  0.1078E-05  0.1078E-05  0.5323E-13
    48.0  0.6220E-06  0.6220E-06  0.1941E-13
    49.0  0.3585E-06  0.3585E-06  0.7074E-14
    50.0  0.2065E-06  0.2065E-06  0.2647E-14
 &
