# 178 angles,  1 tensor ranks for 0=projectile
@subtitle   "20O(d,t) @ 30AMeV Daeh (d) + Pang (t)"                                         
@legend ON
@legend x1 0.2
@legend y1 0.8
@g0 type LOGY
@yaxis ticklabel format power
@xaxis label "Scattering angle (degrees)"
@yaxis label "Cross section (mb/sr)"
@legend string   0 "Partition=  1 Excit=  1 near/far= 1"
#legend string   0 "Lab energy =   70.0000"
@s0 linestyle   1
#  Theta       sigma       iT11        T20         T21         T22         Kyy for projectile
   3.000      0.2708E+05
   4.000      0.1161E+05
   5.000       8340.    
   6.000       6868.    
   7.000       5642.    
   8.000       4463.    
   9.000       3362.    
   10.00       2396.    
   11.00       1603.    
   12.00       993.9    
   13.00       561.4    
   14.00       282.2    
   15.00       125.8    
   16.00       59.56    
   17.00       52.49    
   18.00       78.38    
   19.00       117.0    
   20.00       154.3    
   21.00       182.1    
   22.00       196.8    
   23.00       198.4    
   24.00       188.8    
   25.00       171.4    
   26.00       149.5    
   27.00       126.2    
   28.00       104.0    
   29.00       84.51    
   30.00       68.57    
   31.00       56.37    
   32.00       47.61    
   33.00       41.70    
   34.00       37.92    
   35.00       35.54    
   36.00       33.92    
   37.00       32.56    
   38.00       31.12    
   39.00       29.41    
   40.00       27.37    
   41.00       25.03    
   42.00       22.48    
   43.00       19.84    
   44.00       17.24    
   45.00       14.77    
   46.00       12.53    
   47.00       10.55    
   48.00       8.877    
   49.00       7.489    
   50.00       6.370    
   51.00       5.484    
   52.00       4.788    
   53.00       4.241    
   54.00       3.802    
   55.00       3.440    
   56.00       3.126    
   57.00       2.844    
   58.00       2.579    
   59.00       2.327    
   60.00       2.084    
   61.00       1.852    
   62.00       1.632    
   63.00       1.428    
   64.00       1.242    
   65.00       1.076    
   66.00      0.9298    
   67.00      0.8044    
   68.00      0.6984    
   69.00      0.6098    
   70.00      0.5365    
   71.00      0.4760    
   72.00      0.4258    
   73.00      0.3835    
   74.00      0.3473    
   75.00      0.3154    
   76.00      0.2866    
   77.00      0.2602    
   78.00      0.2354    
   79.00      0.2121    
   80.00      0.1901    
   81.00      0.1695    
   82.00      0.1503    
   83.00      0.1327    
   84.00      0.1167    
   85.00      0.1024    
   86.00      0.8977E-01
   87.00      0.7881E-01
   88.00      0.6938E-01
   89.00      0.6135E-01
   90.00      0.5455E-01
   91.00      0.4880E-01
   92.00      0.4393E-01
   93.00      0.3977E-01
   94.00      0.3616E-01
   95.00      0.3299E-01
   96.00      0.3013E-01
   97.00      0.2752E-01
   98.00      0.2509E-01
   99.00      0.2281E-01
   100.0      0.2066E-01
   101.0      0.1862E-01
   102.0      0.1670E-01
   103.0      0.1491E-01
   104.0      0.1324E-01
   105.0      0.1171E-01
   106.0      0.1032E-01
   107.0      0.9073E-02
   108.0      0.7966E-02
   109.0      0.6996E-02
   110.0      0.6154E-02
   111.0      0.5430E-02
   112.0      0.4812E-02
   113.0      0.4287E-02
   114.0      0.3842E-02
   115.0      0.3464E-02
   116.0      0.3140E-02
   117.0      0.2859E-02
   118.0      0.2613E-02
   119.0      0.2394E-02
   120.0      0.2194E-02
   121.0      0.2011E-02
   122.0      0.1840E-02
   123.0      0.1679E-02
   124.0      0.1526E-02
   125.0      0.1382E-02
   126.0      0.1246E-02
   127.0      0.1119E-02
   128.0      0.9999E-03
   129.0      0.8902E-03
   130.0      0.7900E-03
   131.0      0.6992E-03
   132.0      0.6179E-03
   133.0      0.5459E-03
   134.0      0.4826E-03
   135.0      0.4275E-03
   136.0      0.3800E-03
   137.0      0.3393E-03
   138.0      0.3044E-03
   139.0      0.2748E-03
   140.0      0.2495E-03
   141.0      0.2279E-03
   142.0      0.2094E-03
   143.0      0.1933E-03
   144.0      0.1793E-03
   145.0      0.1670E-03
   146.0      0.1559E-03
   147.0      0.1460E-03
   148.0      0.1369E-03
   149.0      0.1286E-03
   150.0      0.1209E-03
   151.0      0.1137E-03
   152.0      0.1069E-03
   153.0      0.1005E-03
   154.0      0.9423E-04
   155.0      0.8815E-04
   156.0      0.8220E-04
   157.0      0.7633E-04
   158.0      0.7056E-04
   159.0      0.6489E-04
   160.0      0.5940E-04
   161.0      0.5416E-04
   162.0      0.4927E-04
   163.0      0.4487E-04
   164.0      0.4107E-04
   165.0      0.3801E-04
   166.0      0.3579E-04
   167.0      0.3450E-04
   168.0      0.3416E-04
   169.0      0.3479E-04
   170.0      0.3632E-04
   171.0      0.3865E-04
   172.0      0.4162E-04
   173.0      0.4505E-04
   174.0      0.4869E-04
   175.0      0.5233E-04
   176.0      0.5570E-04
   177.0      0.5860E-04
   178.0      0.6082E-04
   179.0      0.6221E-04
   180.0      0.6269E-04
 END
@legend string   1 "Partition=  2 Excit=  1 near/far= 1"
#legend string   0 "Lab energy =   70.0000"
@s1 linestyle   2
#  Theta       sigma       iT11        T20         T21         T22         Kyy for projectile
   3.000       26.77    
   4.000       19.35    
   5.000       12.31    
   6.000       6.619    
   7.000       2.812    
   8.000      0.9481    
   9.000      0.6973    
   10.00       1.503    
   11.00       2.758    
   12.00       3.950    
   13.00       4.744    
   14.00       5.011    
   15.00       4.789    
   16.00       4.225    
   17.00       3.511    
   18.00       2.823    
   19.00       2.285    
   20.00       1.958    
   21.00       1.841    
   22.00       1.889    
   23.00       2.035    
   24.00       2.205    
   25.00       2.341    
   26.00       2.401    
   27.00       2.368    
   28.00       2.245    
   29.00       2.048    
   30.00       1.801    
   31.00       1.533    
   32.00       1.266    
   33.00       1.019    
   34.00      0.8046    
   35.00      0.6273    
   36.00      0.4876    
   37.00      0.3820    
   38.00      0.3051    
   39.00      0.2505    
   40.00      0.2126    
   41.00      0.1863    
   42.00      0.1677    
   43.00      0.1543    
   44.00      0.1440    
   45.00      0.1358    
   46.00      0.1289    
   47.00      0.1228    
   48.00      0.1171    
   49.00      0.1117    
   50.00      0.1061    
   51.00      0.1003    
   52.00      0.9411E-01
   53.00      0.8758E-01
   54.00      0.8077E-01
   55.00      0.7384E-01
   56.00      0.6700E-01
   57.00      0.6044E-01
   58.00      0.5437E-01
   59.00      0.4894E-01
   60.00      0.4423E-01
   61.00      0.4028E-01
   62.00      0.3704E-01
   63.00      0.3441E-01
   64.00      0.3229E-01
   65.00      0.3051E-01
   66.00      0.2896E-01
   67.00      0.2750E-01
   68.00      0.2604E-01
   69.00      0.2451E-01
   70.00      0.2289E-01
   71.00      0.2118E-01
   72.00      0.1940E-01
   73.00      0.1758E-01
   74.00      0.1578E-01
   75.00      0.1403E-01
   76.00      0.1239E-01
   77.00      0.1089E-01
   78.00      0.9547E-02
   79.00      0.8374E-02
   80.00      0.7371E-02
   81.00      0.6526E-02
   82.00      0.5825E-02
   83.00      0.5245E-02
   84.00      0.4764E-02
   85.00      0.4359E-02
   86.00      0.4010E-02
   87.00      0.3701E-02
   88.00      0.3416E-02
   89.00      0.3147E-02
   90.00      0.2889E-02
   91.00      0.2637E-02
   92.00      0.2392E-02
   93.00      0.2154E-02
   94.00      0.1927E-02
   95.00      0.1712E-02
   96.00      0.1511E-02
   97.00      0.1327E-02
   98.00      0.1161E-02
   99.00      0.1014E-02
   100.0      0.8841E-03
   101.0      0.7719E-03
   102.0      0.6757E-03
   103.0      0.5939E-03
   104.0      0.5246E-03
   105.0      0.4659E-03
   106.0      0.4161E-03
   107.0      0.3735E-03
   108.0      0.3368E-03
   109.0      0.3048E-03
   110.0      0.2766E-03
   111.0      0.2514E-03
   112.0      0.2289E-03
   113.0      0.2086E-03
   114.0      0.1903E-03
   115.0      0.1738E-03
   116.0      0.1591E-03
   117.0      0.1460E-03
   118.0      0.1344E-03
   119.0      0.1242E-03
   120.0      0.1152E-03
   121.0      0.1073E-03
   122.0      0.1003E-03
   123.0      0.9403E-04
   124.0      0.8832E-04
   125.0      0.8300E-04
   126.0      0.7793E-04
   127.0      0.7300E-04
   128.0      0.6813E-04
   129.0      0.6325E-04
   130.0      0.5834E-04
   131.0      0.5341E-04
   132.0      0.4847E-04
   133.0      0.4357E-04
   134.0      0.3876E-04
   135.0      0.3410E-04
   136.0      0.2964E-04
   137.0      0.2544E-04
   138.0      0.2155E-04
   139.0      0.1801E-04
   140.0      0.1485E-04
   141.0      0.1209E-04
   142.0      0.9727E-05
   143.0      0.7769E-05
   144.0      0.6201E-05
   145.0      0.5006E-05
   146.0      0.4157E-05
   147.0      0.3625E-05
   148.0      0.3376E-05
   149.0      0.3374E-05
   150.0      0.3580E-05
   151.0      0.3953E-05
   152.0      0.4452E-05
   153.0      0.5034E-05
   154.0      0.5660E-05
   155.0      0.6290E-05
   156.0      0.6886E-05
   157.0      0.7415E-05
   158.0      0.7849E-05
   159.0      0.8167E-05
   160.0      0.8351E-05
   161.0      0.8394E-05
   162.0      0.8297E-05
   163.0      0.8064E-05
   164.0      0.7710E-05
   165.0      0.7254E-05
   166.0      0.6719E-05
   167.0      0.6131E-05
   168.0      0.5514E-05
   169.0      0.4896E-05
   170.0      0.4297E-05
   171.0      0.3737E-05
   172.0      0.3230E-05
   173.0      0.2786E-05
   174.0      0.2409E-05
   175.0      0.2100E-05
   176.0      0.1856E-05
   177.0      0.1675E-05
   178.0      0.1550E-05
   179.0      0.1477E-05
   180.0      0.1453E-05
 END
@legend string   2 "Partition=  2 Excit=  2 near/far= 1"
#legend string   0 "Lab energy =   70.0000"
@s2 linestyle   3
#  Theta       sigma       iT11        T20         T21         T22         Kyy for projectile
   3.000       8.041    
   4.000       8.252    
   5.000       8.178    
   6.000       7.727    
   7.000       6.902    
   8.000       5.788    
   9.000       4.528    
   10.00       3.286    
   11.00       2.199    
   12.00       1.362    
   13.00      0.8052    
   14.00      0.5099    
   15.00      0.4177    
   16.00      0.4538    
   17.00      0.5452    
   18.00      0.6342    
   19.00      0.6856    
   20.00      0.6866    
   21.00      0.6426    
   22.00      0.5697    
   23.00      0.4885    
   24.00      0.4172    
   25.00      0.3685    
   26.00      0.3480    
   27.00      0.3545    
   28.00      0.3817    
   29.00      0.4210    
   30.00      0.4632    
   31.00      0.5006    
   32.00      0.5278    
   33.00      0.5424    
   34.00      0.5445    
   35.00      0.5361    
   36.00      0.5204    
   37.00      0.5007    
   38.00      0.4801    
   39.00      0.4607    
   40.00      0.4438    
   41.00      0.4298    
   42.00      0.4181    
   43.00      0.4079    
   44.00      0.3980    
   45.00      0.3874    
   46.00      0.3751    
   47.00      0.3608    
   48.00      0.3443    
   49.00      0.3258    
   50.00      0.3058    
   51.00      0.2849    
   52.00      0.2638    
   53.00      0.2431    
   54.00      0.2234    
   55.00      0.2050    
   56.00      0.1881    
   57.00      0.1728    
   58.00      0.1590    
   59.00      0.1466    
   60.00      0.1354    
   61.00      0.1252    
   62.00      0.1159    
   63.00      0.1071    
   64.00      0.9883E-01
   65.00      0.9098E-01
   66.00      0.8350E-01
   67.00      0.7639E-01
   68.00      0.6965E-01
   69.00      0.6330E-01
   70.00      0.5737E-01
   71.00      0.5188E-01
   72.00      0.4685E-01
   73.00      0.4227E-01
   74.00      0.3815E-01
   75.00      0.3445E-01
   76.00      0.3114E-01
   77.00      0.2819E-01
   78.00      0.2556E-01
   79.00      0.2320E-01
   80.00      0.2109E-01
   81.00      0.1917E-01
   82.00      0.1743E-01
   83.00      0.1584E-01
   84.00      0.1438E-01
   85.00      0.1303E-01
   86.00      0.1179E-01
   87.00      0.1065E-01
   88.00      0.9599E-02
   89.00      0.8635E-02
   90.00      0.7755E-02
   91.00      0.6955E-02
   92.00      0.6231E-02
   93.00      0.5580E-02
   94.00      0.4997E-02
   95.00      0.4476E-02
   96.00      0.4012E-02
   97.00      0.3600E-02
   98.00      0.3234E-02
   99.00      0.2910E-02
   100.0      0.2621E-02
   101.0      0.2363E-02
   102.0      0.2133E-02
   103.0      0.1927E-02
   104.0      0.1741E-02
   105.0      0.1573E-02
   106.0      0.1421E-02
   107.0      0.1283E-02
   108.0      0.1158E-02
   109.0      0.1045E-02
   110.0      0.9415E-03
   111.0      0.8480E-03
   112.0      0.7634E-03
   113.0      0.6869E-03
   114.0      0.6179E-03
   115.0      0.5557E-03
   116.0      0.4998E-03
   117.0      0.4496E-03
   118.0      0.4046E-03
   119.0      0.3641E-03
   120.0      0.3278E-03
   121.0      0.2952E-03
   122.0      0.2659E-03
   123.0      0.2395E-03
   124.0      0.2157E-03
   125.0      0.1942E-03
   126.0      0.1748E-03
   127.0      0.1572E-03
   128.0      0.1413E-03
   129.0      0.1270E-03
   130.0      0.1140E-03
   131.0      0.1023E-03
   132.0      0.9177E-04
   133.0      0.8233E-04
   134.0      0.7387E-04
   135.0      0.6632E-04
   136.0      0.5959E-04
   137.0      0.5361E-04
   138.0      0.4830E-04
   139.0      0.4360E-04
   140.0      0.3944E-04
   141.0      0.3576E-04
   142.0      0.3250E-04
   143.0      0.2961E-04
   144.0      0.2704E-04
   145.0      0.2475E-04
   146.0      0.2270E-04
   147.0      0.2085E-04
   148.0      0.1918E-04
   149.0      0.1766E-04
   150.0      0.1626E-04
   151.0      0.1497E-04
   152.0      0.1378E-04
   153.0      0.1267E-04
   154.0      0.1164E-04
   155.0      0.1067E-04
   156.0      0.9765E-05
   157.0      0.8928E-05
   158.0      0.8157E-05
   159.0      0.7454E-05
   160.0      0.6822E-05
   161.0      0.6264E-05
   162.0      0.5782E-05
   163.0      0.5377E-05
   164.0      0.5048E-05
   165.0      0.4794E-05
   166.0      0.4611E-05
   167.0      0.4492E-05
   168.0      0.4431E-05
   169.0      0.4420E-05
   170.0      0.4449E-05
   171.0      0.4509E-05
   172.0      0.4590E-05
   173.0      0.4684E-05
   174.0      0.4782E-05
   175.0      0.4877E-05
   176.0      0.4963E-05
   177.0      0.5035E-05
   178.0      0.5089E-05
   179.0      0.5123E-05
   180.0      0.5134E-05
 END
@legend string   3 "Partition=  2 Excit=  3 near/far= 1"
#legend string   0 "Lab energy =   70.0000"
@s3 linestyle   4
#  Theta       sigma       iT11        T20         T21         T22         Kyy for projectile
   3.000       9.721    
   4.000       9.499    
   5.000       9.243    
   6.000       8.944    
   7.000       8.578    
   8.000       8.113    
   9.000       7.524    
   10.00       6.803    
   11.00       5.964    
   12.00       5.048    
   13.00       4.111    
   14.00       3.217    
   15.00       2.423    
   16.00       1.773    
   17.00       1.287    
   18.00      0.9661    
   19.00      0.7906    
   20.00      0.7299    
   21.00      0.7475    
   22.00      0.8084    
   23.00      0.8837    
   24.00      0.9531    
   25.00       1.006    
   26.00       1.040    
   27.00       1.057    
   28.00       1.065    
   29.00       1.071    
   30.00       1.079    
   31.00       1.094    
   32.00       1.116    
   33.00       1.144    
   34.00       1.172    
   35.00       1.198    
   36.00       1.216    
   37.00       1.223    
   38.00       1.217    
   39.00       1.197    
   40.00       1.164    
   41.00       1.120    
   42.00       1.066    
   43.00       1.006    
   44.00      0.9429    
   45.00      0.8787    
   46.00      0.8156    
   47.00      0.7550    
   48.00      0.6979    
   49.00      0.6445    
   50.00      0.5948    
   51.00      0.5487    
   52.00      0.5056    
   53.00      0.4651    
   54.00      0.4270    
   55.00      0.3908    
   56.00      0.3564    
   57.00      0.3238    
   58.00      0.2929    
   59.00      0.2639    
   60.00      0.2368    
   61.00      0.2118    
   62.00      0.1888    
   63.00      0.1679    
   64.00      0.1490    
   65.00      0.1321    
   66.00      0.1171    
   67.00      0.1037    
   68.00      0.9194E-01
   69.00      0.8152E-01
   70.00      0.7230E-01
   71.00      0.6413E-01
   72.00      0.5687E-01
   73.00      0.5041E-01
   74.00      0.4463E-01
   75.00      0.3946E-01
   76.00      0.3483E-01
   77.00      0.3069E-01
   78.00      0.2698E-01
   79.00      0.2368E-01
   80.00      0.2074E-01
   81.00      0.1814E-01
   82.00      0.1586E-01
   83.00      0.1385E-01
   84.00      0.1209E-01
   85.00      0.1056E-01
   86.00      0.9234E-02
   87.00      0.8081E-02
   88.00      0.7079E-02
   89.00      0.6210E-02
   90.00      0.5453E-02
   91.00      0.4793E-02
   92.00      0.4216E-02
   93.00      0.3709E-02
   94.00      0.3263E-02
   95.00      0.2870E-02
   96.00      0.2523E-02
   97.00      0.2216E-02
   98.00      0.1945E-02
   99.00      0.1706E-02
   100.0      0.1495E-02
   101.0      0.1311E-02
   102.0      0.1149E-02
   103.0      0.1008E-02
   104.0      0.8850E-03
   105.0      0.7782E-03
   106.0      0.6856E-03
   107.0      0.6052E-03
   108.0      0.5354E-03
   109.0      0.4747E-03
   110.0      0.4218E-03
   111.0      0.3756E-03
   112.0      0.3349E-03
   113.0      0.2991E-03
   114.0      0.2673E-03
   115.0      0.2391E-03
   116.0      0.2139E-03
   117.0      0.1913E-03
   118.0      0.1712E-03
   119.0      0.1531E-03
   120.0      0.1369E-03
   121.0      0.1225E-03
   122.0      0.1096E-03
   123.0      0.9807E-04
   124.0      0.8785E-04
   125.0      0.7879E-04
   126.0      0.7077E-04
   127.0      0.6368E-04
   128.0      0.5741E-04
   129.0      0.5186E-04
   130.0      0.4695E-04
   131.0      0.4259E-04
   132.0      0.3869E-04
   133.0      0.3520E-04
   134.0      0.3206E-04
   135.0      0.2921E-04
   136.0      0.2661E-04
   137.0      0.2422E-04
   138.0      0.2203E-04
   139.0      0.2000E-04
   140.0      0.1812E-04
   141.0      0.1637E-04
   142.0      0.1476E-04
   143.0      0.1326E-04
   144.0      0.1189E-04
   145.0      0.1063E-04
   146.0      0.9485E-05
   147.0      0.8456E-05
   148.0      0.7540E-05
   149.0      0.6735E-05
   150.0      0.6037E-05
   151.0      0.5442E-05
   152.0      0.4946E-05
   153.0      0.4540E-05
   154.0      0.4218E-05
   155.0      0.3969E-05
   156.0      0.3784E-05
   157.0      0.3652E-05
   158.0      0.3562E-05
   159.0      0.3503E-05
   160.0      0.3464E-05
   161.0      0.3436E-05
   162.0      0.3409E-05
   163.0      0.3375E-05
   164.0      0.3328E-05
   165.0      0.3263E-05
   166.0      0.3178E-05
   167.0      0.3070E-05
   168.0      0.2940E-05
   169.0      0.2790E-05
   170.0      0.2624E-05
   171.0      0.2446E-05
   172.0      0.2261E-05
   173.0      0.2077E-05
   174.0      0.1899E-05
   175.0      0.1735E-05
   176.0      0.1591E-05
   177.0      0.1473E-05
   178.0      0.1384E-05
   179.0      0.1330E-05
   180.0      0.1311E-05
 END
