# 178 angles,  1 tensor ranks for 0=projectile
@subtitle   "20O(d,t) @ 30AMeV Daeh (d) + Pang (t)"                                         
@legend ON
@legend x1 0.2
@legend y1 0.8
@g0 type LOGY
@yaxis ticklabel format power
@legend string   0 "Lab energy =   70.0000"
#legend string   0 "Partition=  2 Excit=  2 near/far= 1"
#  Theta       sigma       iT11        T20         T21         T22         Kyy for projectile
   3.000       7.981    
   4.000       8.207    
   5.000       8.149    
   6.000       7.714    
   7.000       6.901    
   8.000       5.795    
   9.000       4.540    
   10.00       3.298    
   11.00       2.209    
   12.00       1.367    
   13.00      0.8063    
   14.00      0.5070    
   15.00      0.4122    
   16.00      0.4472    
   17.00      0.5388    
   18.00      0.6290    
   19.00      0.6821    
   20.00      0.6846    
   21.00      0.6417    
   22.00      0.5694    
   23.00      0.4883    
   24.00      0.4167    
   25.00      0.3676    
   26.00      0.3466    
   27.00      0.3528    
   28.00      0.3801    
   29.00      0.4197    
   30.00      0.4624    
   31.00      0.5005    
   32.00      0.5285    
   33.00      0.5439    
   34.00      0.5467    
   35.00      0.5389    
   36.00      0.5236    
   37.00      0.5042    
   38.00      0.4837    
   39.00      0.4643    
   40.00      0.4475    
   41.00      0.4334    
   42.00      0.4217    
   43.00      0.4115    
   44.00      0.4016    
   45.00      0.3909    
   46.00      0.3787    
   47.00      0.3643    
   48.00      0.3478    
   49.00      0.3292    
   50.00      0.3091    
   51.00      0.2881    
   52.00      0.2669    
   53.00      0.2460    
   54.00      0.2261    
   55.00      0.2075    
   56.00      0.1904    
   57.00      0.1749    
   58.00      0.1610    
   59.00      0.1484    
   60.00      0.1371    
   61.00      0.1268    
   62.00      0.1173    
   63.00      0.1084    
   64.00      0.1001    
   65.00      0.9213E-01
   66.00      0.8457E-01
   67.00      0.7737E-01
   68.00      0.7055E-01
   69.00      0.6413E-01
   70.00      0.5813E-01
   71.00      0.5258E-01
   72.00      0.4748E-01
   73.00      0.4285E-01
   74.00      0.3867E-01
   75.00      0.3492E-01
   76.00      0.3157E-01
   77.00      0.2857E-01
   78.00      0.2590E-01
   79.00      0.2352E-01
   80.00      0.2137E-01
   81.00      0.1943E-01
   82.00      0.1766E-01
   83.00      0.1605E-01
   84.00      0.1457E-01
   85.00      0.1321E-01
   86.00      0.1196E-01
   87.00      0.1080E-01
   88.00      0.9733E-02
   89.00      0.8757E-02
   90.00      0.7865E-02
   91.00      0.7055E-02
   92.00      0.6321E-02
   93.00      0.5661E-02
   94.00      0.5069E-02
   95.00      0.4541E-02
   96.00      0.4071E-02
   97.00      0.3653E-02
   98.00      0.3281E-02
   99.00      0.2952E-02
   100.0      0.2659E-02
   101.0      0.2397E-02
   102.0      0.2164E-02
   103.0      0.1954E-02
   104.0      0.1766E-02
   105.0      0.1596E-02
   106.0      0.1442E-02
   107.0      0.1302E-02
   108.0      0.1175E-02
   109.0      0.1060E-02
   110.0      0.9556E-03
   111.0      0.8608E-03
   112.0      0.7750E-03
   113.0      0.6974E-03
   114.0      0.6273E-03
   115.0      0.5643E-03
   116.0      0.5075E-03
   117.0      0.4565E-03
   118.0      0.4108E-03
   119.0      0.3697E-03
   120.0      0.3329E-03
   121.0      0.2998E-03
   122.0      0.2700E-03
   123.0      0.2432E-03
   124.0      0.2191E-03
   125.0      0.1973E-03
   126.0      0.1775E-03
   127.0      0.1597E-03
   128.0      0.1436E-03
   129.0      0.1290E-03
   130.0      0.1158E-03
   131.0      0.1040E-03
   132.0      0.9328E-04
   133.0      0.8368E-04
   134.0      0.7509E-04
   135.0      0.6741E-04
   136.0      0.6057E-04
   137.0      0.5449E-04
   138.0      0.4909E-04
   139.0      0.4431E-04
   140.0      0.4009E-04
   141.0      0.3635E-04
   142.0      0.3303E-04
   143.0      0.3010E-04
   144.0      0.2748E-04
   145.0      0.2515E-04
   146.0      0.2307E-04
   147.0      0.2119E-04
   148.0      0.1948E-04
   149.0      0.1793E-04
   150.0      0.1651E-04
   151.0      0.1520E-04
   152.0      0.1399E-04
   153.0      0.1286E-04
   154.0      0.1180E-04
   155.0      0.1082E-04
   156.0      0.9904E-05
   157.0      0.9055E-05
   158.0      0.8274E-05
   159.0      0.7563E-05
   160.0      0.6925E-05
   161.0      0.6362E-05
   162.0      0.5876E-05
   163.0      0.5467E-05
   164.0      0.5136E-05
   165.0      0.4881E-05
   166.0      0.4696E-05
   167.0      0.4576E-05
   168.0      0.4515E-05
   169.0      0.4504E-05
   170.0      0.4533E-05
   171.0      0.4593E-05
   172.0      0.4674E-05
   173.0      0.4769E-05
   174.0      0.4867E-05
   175.0      0.4963E-05
   176.0      0.5049E-05
   177.0      0.5121E-05
   178.0      0.5176E-05
   179.0      0.5209E-05
   180.0      0.5221E-05
 END
