# 178 angles,  1 tensor ranks for 0=projectile
@subtitle   "20O + d 2+2 inelastic;"                                                        
@legend ON
@legend x1 0.2
@legend y1 0.8
@g0 type LOGY
@yaxis ticklabel format power
@legend string   0 "Lab energy =   70.0000"
#legend string   0 "Partition=  1 Excit=  1 near/far= 1"
#  Theta       sigma       iT11        T20         T21         T22         Kyy for projectile
   3.000      0.2753E+05
   4.000      0.1170E+05
   5.000       8309.    
   6.000       6803.    
   7.000       5583.    
   8.000       4423.    
   9.000       3345.    
   10.00       2400.    
   11.00       1620.    
   12.00       1019.    
   13.00       586.9    
   14.00       303.0    
   15.00       138.4    
   16.00       62.00    
   17.00       44.59    
   18.00       61.17    
   19.00       92.34    
   20.00       124.5    
   21.00       149.6    
   22.00       163.7    
   23.00       166.4    
   24.00       159.2    
   25.00       144.8    
   26.00       126.2    
   27.00       106.2    
   28.00       86.79    
   29.00       69.63    
   30.00       55.47    
   31.00       44.56    
   32.00       36.69    
   33.00       31.40    
   34.00       28.07    
   35.00       26.09    
   36.00       24.90    
   37.00       24.05    
   38.00       23.21    
   39.00       22.20    
   40.00       20.92    
   41.00       19.38    
   42.00       17.63    
   43.00       15.75    
   44.00       13.84    
   45.00       11.98    
   46.00       10.24    
   47.00       8.683    
   48.00       7.323    
   49.00       6.173    
   50.00       5.226    
   51.00       4.462    
   52.00       3.855    
   53.00       3.375    
   54.00       2.995    
   55.00       2.687    
   56.00       2.432    
   57.00       2.210    
   58.00       2.011    
   59.00       1.826    
   60.00       1.651    
   61.00       1.483    
   62.00       1.323    
   63.00       1.171    
   64.00       1.030    
   65.00      0.8998    
   66.00      0.7823    
   67.00      0.6779    
   68.00      0.5866    
   69.00      0.5081    
   70.00      0.4414    
   71.00      0.3853    
   72.00      0.3385    
   73.00      0.2994    
   74.00      0.2667    
   75.00      0.2391    
   76.00      0.2155    
   77.00      0.1948    
   78.00      0.1765    
   79.00      0.1599    
   80.00      0.1446    
   81.00      0.1304    
   82.00      0.1172    
   83.00      0.1048    
   84.00      0.9335E-01
   85.00      0.8279E-01
   86.00      0.7314E-01
   87.00      0.6441E-01
   88.00      0.5661E-01
   89.00      0.4972E-01
   90.00      0.4369E-01
   91.00      0.3846E-01
   92.00      0.3397E-01
   93.00      0.3012E-01
   94.00      0.2684E-01
   95.00      0.2404E-01
   96.00      0.2163E-01
   97.00      0.1954E-01
   98.00      0.1771E-01
   99.00      0.1608E-01
   100.0      0.1461E-01
   101.0      0.1326E-01
   102.0      0.1201E-01
   103.0      0.1085E-01
   104.0      0.9756E-02
   105.0      0.8734E-02
   106.0      0.7781E-02
   107.0      0.6898E-02
   108.0      0.6086E-02
   109.0      0.5346E-02
   110.0      0.4681E-02
   111.0      0.4088E-02
   112.0      0.3567E-02
   113.0      0.3115E-02
   114.0      0.2726E-02
   115.0      0.2396E-02
   116.0      0.2117E-02
   117.0      0.1885E-02
   118.0      0.1690E-02
   119.0      0.1528E-02
   120.0      0.1392E-02
   121.0      0.1275E-02
   122.0      0.1174E-02
   123.0      0.1085E-02
   124.0      0.1003E-02
   125.0      0.9266E-03
   126.0      0.8539E-03
   127.0      0.7839E-03
   128.0      0.7160E-03
   129.0      0.6498E-03
   130.0      0.5857E-03
   131.0      0.5240E-03
   132.0      0.4651E-03
   133.0      0.4096E-03
   134.0      0.3579E-03
   135.0      0.3105E-03
   136.0      0.2675E-03
   137.0      0.2293E-03
   138.0      0.1957E-03
   139.0      0.1667E-03
   140.0      0.1420E-03
   141.0      0.1214E-03
   142.0      0.1044E-03
   143.0      0.9069E-04
   144.0      0.7973E-04
   145.0      0.7109E-04
   146.0      0.6436E-04
   147.0      0.5913E-04
   148.0      0.5505E-04
   149.0      0.5181E-04
   150.0      0.4916E-04
   151.0      0.4690E-04
   152.0      0.4486E-04
   153.0      0.4292E-04
   154.0      0.4099E-04
   155.0      0.3900E-04
   156.0      0.3692E-04
   157.0      0.3472E-04
   158.0      0.3239E-04
   159.0      0.2993E-04
   160.0      0.2737E-04
   161.0      0.2473E-04
   162.0      0.2206E-04
   163.0      0.1940E-04
   164.0      0.1681E-04
   165.0      0.1437E-04
   166.0      0.1214E-04
   167.0      0.1017E-04
   168.0      0.8530E-05
   169.0      0.7249E-05
   170.0      0.6349E-05
   171.0      0.5826E-05
   172.0      0.5654E-05
   173.0      0.5786E-05
   174.0      0.6153E-05
   175.0      0.6674E-05
   176.0      0.7261E-05
   177.0      0.7827E-05
   178.0      0.8294E-05
   179.0      0.8601E-05
   180.0      0.8707E-05
 END
