# 178 angles,  1 tensor ranks for 0=projectile
@subtitle   "20O(d,t) @ 30AMeV Haixia (d) + Pang (t)"                                       
@legend ON
@legend x1 0.2
@legend y1 0.8
@g0 type LOGY
@yaxis ticklabel format power
@xaxis label "Scattering angle (degrees)"
@yaxis label "Cross section (mb/sr)"
@legend string   0 "Partition=  1 Excit=  1 near/far= 1"
#legend string   0 "Lab energy =   70.0000"
@s0 linestyle   1
#  Theta       sigma       iT11        T20         T21         T22         Kyy for projectile
   3.000      0.2709E+05
   4.000      0.1161E+05
   5.000       8336.    
   6.000       6865.    
   7.000       5641.    
   8.000       4462.    
   9.000       3362.    
   10.00       2397.    
   11.00       1605.    
   12.00       995.9    
   13.00       563.2    
   14.00       283.8    
   15.00       127.1    
   16.00       60.44    
   17.00       53.07    
   18.00       78.73    
   19.00       117.2    
   20.00       154.4    
   21.00       182.2    
   22.00       197.0    
   23.00       198.6    
   24.00       189.1    
   25.00       171.7    
   26.00       149.8    
   27.00       126.5    
   28.00       104.3    
   29.00       84.74    
   30.00       68.75    
   31.00       56.49    
   32.00       47.67    
   33.00       41.71    
   34.00       37.89    
   35.00       35.48    
   36.00       33.83    
   37.00       32.46    
   38.00       31.02    
   39.00       29.32    
   40.00       27.29    
   41.00       24.96    
   42.00       22.43    
   43.00       19.80    
   44.00       17.21    
   45.00       14.75    
   46.00       12.51    
   47.00       10.54    
   48.00       8.862    
   49.00       7.476    
   50.00       6.357    
   51.00       5.470    
   52.00       4.774    
   53.00       4.227    
   54.00       3.788    
   55.00       3.426    
   56.00       3.114    
   57.00       2.832    
   58.00       2.569    
   59.00       2.318    
   60.00       2.077    
   61.00       1.846    
   62.00       1.627    
   63.00       1.424    
   64.00       1.238    
   65.00       1.072    
   66.00      0.9271    
   67.00      0.8020    
   68.00      0.6962    
   69.00      0.6078    
   70.00      0.5345    
   71.00      0.4741    
   72.00      0.4239    
   73.00      0.3817    
   74.00      0.3456    
   75.00      0.3138    
   76.00      0.2852    
   77.00      0.2589    
   78.00      0.2343    
   79.00      0.2111    
   80.00      0.1893    
   81.00      0.1688    
   82.00      0.1497    
   83.00      0.1321    
   84.00      0.1162    
   85.00      0.1020    
   86.00      0.8942E-01
   87.00      0.7849E-01
   88.00      0.6908E-01
   89.00      0.6107E-01
   90.00      0.5428E-01
   91.00      0.4855E-01
   92.00      0.4369E-01
   93.00      0.3954E-01
   94.00      0.3595E-01
   95.00      0.3279E-01
   96.00      0.2995E-01
   97.00      0.2735E-01
   98.00      0.2494E-01
   99.00      0.2268E-01
   100.0      0.2054E-01
   101.0      0.1852E-01
   102.0      0.1662E-01
   103.0      0.1483E-01
   104.0      0.1318E-01
   105.0      0.1166E-01
   106.0      0.1027E-01
   107.0      0.9033E-02
   108.0      0.7931E-02
   109.0      0.6965E-02
   110.0      0.6125E-02
   111.0      0.5404E-02
   112.0      0.4787E-02
   113.0      0.4264E-02
   114.0      0.3820E-02
   115.0      0.3442E-02
   116.0      0.3119E-02
   117.0      0.2840E-02
   118.0      0.2596E-02
   119.0      0.2377E-02
   120.0      0.2180E-02
   121.0      0.1998E-02
   122.0      0.1828E-02
   123.0      0.1668E-02
   124.0      0.1517E-02
   125.0      0.1374E-02
   126.0      0.1240E-02
   127.0      0.1113E-02
   128.0      0.9952E-03
   129.0      0.8863E-03
   130.0      0.7866E-03
   131.0      0.6963E-03
   132.0      0.6154E-03
   133.0      0.5436E-03
   134.0      0.4805E-03
   135.0      0.4256E-03
   136.0      0.3782E-03
   137.0      0.3375E-03
   138.0      0.3027E-03
   139.0      0.2731E-03
   140.0      0.2480E-03
   141.0      0.2264E-03
   142.0      0.2080E-03
   143.0      0.1920E-03
   144.0      0.1781E-03
   145.0      0.1658E-03
   146.0      0.1549E-03
   147.0      0.1450E-03
   148.0      0.1361E-03
   149.0      0.1278E-03
   150.0      0.1202E-03
   151.0      0.1131E-03
   152.0      0.1063E-03
   153.0      0.9989E-04
   154.0      0.9368E-04
   155.0      0.8764E-04
   156.0      0.8171E-04
   157.0      0.7588E-04
   158.0      0.7013E-04
   159.0      0.6450E-04
   160.0      0.5905E-04
   161.0      0.5384E-04
   162.0      0.4900E-04
   163.0      0.4463E-04
   164.0      0.4086E-04
   165.0      0.3782E-04
   166.0      0.3562E-04
   167.0      0.3432E-04
   168.0      0.3397E-04
   169.0      0.3456E-04
   170.0      0.3604E-04
   171.0      0.3831E-04
   172.0      0.4121E-04
   173.0      0.4456E-04
   174.0      0.4812E-04
   175.0      0.5168E-04
   176.0      0.5498E-04
   177.0      0.5781E-04
   178.0      0.5998E-04
   179.0      0.6135E-04
   180.0      0.6181E-04
 END
@legend string   1 "Partition=  2 Excit=  1 near/far= 1"
#legend string   0 "Lab energy =   70.0000"
@s1 linestyle   2
#  Theta       sigma       iT11        T20         T21         T22         Kyy for projectile
   3.000       23.90    
   4.000       17.53    
   5.000       11.42    
   6.000       6.386    
   7.000       2.905    
   8.000       1.077    
   9.000      0.6687    
   10.00       1.240    
   11.00       2.286    
   12.00       3.359    
   13.00       4.151    
   14.00       4.516    
   15.00       4.458    
   16.00       4.081    
   17.00       3.538    
   18.00       2.981    
   19.00       2.524    
   20.00       2.231    
   21.00       2.112    
   22.00       2.137    
   23.00       2.251    
   24.00       2.392    
   25.00       2.506    
   26.00       2.552    
   27.00       2.513    
   28.00       2.387    
   29.00       2.188    
   30.00       1.937    
   31.00       1.660    
   32.00       1.380    
   33.00       1.118    
   34.00      0.8856    
   35.00      0.6903    
   36.00      0.5336    
   37.00      0.4128    
   38.00      0.3228    
   39.00      0.2575    
   40.00      0.2106    
   41.00      0.1770    
   42.00      0.1523    
   43.00      0.1336    
   44.00      0.1189    
   45.00      0.1070    
   46.00      0.9730E-01
   47.00      0.8942E-01
   48.00      0.8310E-01
   49.00      0.7807E-01
   50.00      0.7403E-01
   51.00      0.7066E-01
   52.00      0.6765E-01
   53.00      0.6472E-01
   54.00      0.6166E-01
   55.00      0.5837E-01
   56.00      0.5483E-01
   57.00      0.5109E-01
   58.00      0.4727E-01
   59.00      0.4352E-01
   60.00      0.3997E-01
   61.00      0.3673E-01
   62.00      0.3387E-01
   63.00      0.3143E-01
   64.00      0.2939E-01
   65.00      0.2769E-01
   66.00      0.2625E-01
   67.00      0.2501E-01
   68.00      0.2385E-01
   69.00      0.2272E-01
   70.00      0.2156E-01
   71.00      0.2033E-01
   72.00      0.1902E-01
   73.00      0.1763E-01
   74.00      0.1618E-01
   75.00      0.1472E-01
   76.00      0.1327E-01
   77.00      0.1187E-01
   78.00      0.1055E-01
   79.00      0.9331E-02
   80.00      0.8240E-02
   81.00      0.7278E-02
   82.00      0.6446E-02
   83.00      0.5737E-02
   84.00      0.5139E-02
   85.00      0.4636E-02
   86.00      0.4212E-02
   87.00      0.3850E-02
   88.00      0.3535E-02
   89.00      0.3255E-02
   90.00      0.2998E-02
   91.00      0.2758E-02
   92.00      0.2530E-02
   93.00      0.2309E-02
   94.00      0.2097E-02
   95.00      0.1893E-02
   96.00      0.1698E-02
   97.00      0.1513E-02
   98.00      0.1341E-02
   99.00      0.1182E-02
   100.0      0.1038E-02
   101.0      0.9085E-03
   102.0      0.7935E-03
   103.0      0.6927E-03
   104.0      0.6051E-03
   105.0      0.5297E-03
   106.0      0.4650E-03
   107.0      0.4098E-03
   108.0      0.3627E-03
   109.0      0.3224E-03
   110.0      0.2878E-03
   111.0      0.2580E-03
   112.0      0.2321E-03
   113.0      0.2095E-03
   114.0      0.1896E-03
   115.0      0.1722E-03
   116.0      0.1568E-03
   117.0      0.1432E-03
   118.0      0.1313E-03
   119.0      0.1208E-03
   120.0      0.1117E-03
   121.0      0.1037E-03
   122.0      0.9672E-04
   123.0      0.9060E-04
   124.0      0.8517E-04
   125.0      0.8029E-04
   126.0      0.7581E-04
   127.0      0.7160E-04
   128.0      0.6756E-04
   129.0      0.6360E-04
   130.0      0.5965E-04
   131.0      0.5567E-04
   132.0      0.5163E-04
   133.0      0.4755E-04
   134.0      0.4343E-04
   135.0      0.3930E-04
   136.0      0.3522E-04
   137.0      0.3122E-04
   138.0      0.2735E-04
   139.0      0.2366E-04
   140.0      0.2019E-04
   141.0      0.1700E-04
   142.0      0.1410E-04
   143.0      0.1153E-04
   144.0      0.9312E-05
   145.0      0.7444E-05
   146.0      0.5934E-05
   147.0      0.4775E-05
   148.0      0.3952E-05
   149.0      0.3445E-05
   150.0      0.3223E-05
   151.0      0.3254E-05
   152.0      0.3497E-05
   153.0      0.3908E-05
   154.0      0.4441E-05
   155.0      0.5049E-05
   156.0      0.5687E-05
   157.0      0.6313E-05
   158.0      0.6887E-05
   159.0      0.7380E-05
   160.0      0.7767E-05
   161.0      0.8034E-05
   162.0      0.8173E-05
   163.0      0.8187E-05
   164.0      0.8087E-05
   165.0      0.7888E-05
   166.0      0.7612E-05
   167.0      0.7282E-05
   168.0      0.6923E-05
   169.0      0.6559E-05
   170.0      0.6210E-05
   171.0      0.5892E-05
   172.0      0.5617E-05
   173.0      0.5390E-05
   174.0      0.5212E-05
   175.0      0.5081E-05
   176.0      0.4989E-05
   177.0      0.4930E-05
   178.0      0.4895E-05
   179.0      0.4877E-05
   180.0      0.4872E-05
 END
@legend string   2 "Partition=  2 Excit=  2 near/far= 1"
#legend string   0 "Lab energy =   70.0000"
@s2 linestyle   3
#  Theta       sigma       iT11        T20         T21         T22         Kyy for projectile
   3.000       5.986    
   4.000       6.297    
   5.000       6.394    
   6.000       6.185    
   7.000       5.652    
   8.000       4.850    
   9.000       3.887    
   10.00       2.890    
   11.00       1.982    
   12.00       1.249    
   13.00      0.7315    
   14.00      0.4285    
   15.00      0.3029    
   16.00      0.2994    
   17.00      0.3596    
   18.00      0.4335    
   19.00      0.4873    
   20.00      0.5049    
   21.00      0.4857    
   22.00      0.4400    
   23.00      0.3828    
   24.00      0.3297    
   25.00      0.2923    
   26.00      0.2771    
   27.00      0.2851    
   28.00      0.3124    
   29.00      0.3527    
   30.00      0.3981    
   31.00      0.4419    
   32.00      0.4784    
   33.00      0.5046    
   34.00      0.5195    
   35.00      0.5238    
   36.00      0.5198    
   37.00      0.5100    
   38.00      0.4970    
   39.00      0.4831    
   40.00      0.4698    
   41.00      0.4576    
   42.00      0.4467    
   43.00      0.4366    
   44.00      0.4266    
   45.00      0.4157    
   46.00      0.4034    
   47.00      0.3892    
   48.00      0.3729    
   49.00      0.3545    
   50.00      0.3345    
   51.00      0.3134    
   52.00      0.2918    
   53.00      0.2703    
   54.00      0.2493    
   55.00      0.2294    
   56.00      0.2108    
   57.00      0.1937    
   58.00      0.1781    
   59.00      0.1640    
   60.00      0.1512    
   61.00      0.1395    
   62.00      0.1287    
   63.00      0.1188    
   64.00      0.1095    
   65.00      0.1008    
   66.00      0.9258E-01
   67.00      0.8479E-01
   68.00      0.7743E-01
   69.00      0.7050E-01
   70.00      0.6401E-01
   71.00      0.5798E-01
   72.00      0.5243E-01
   73.00      0.4734E-01
   74.00      0.4273E-01
   75.00      0.3856E-01
   76.00      0.3482E-01
   77.00      0.3147E-01
   78.00      0.2847E-01
   79.00      0.2579E-01
   80.00      0.2339E-01
   81.00      0.2123E-01
   82.00      0.1928E-01
   83.00      0.1751E-01
   84.00      0.1589E-01
   85.00      0.1441E-01
   86.00      0.1305E-01
   87.00      0.1181E-01
   88.00      0.1066E-01
   89.00      0.9608E-02
   90.00      0.8645E-02
   91.00      0.7767E-02
   92.00      0.6970E-02
   93.00      0.6248E-02
   94.00      0.5598E-02
   95.00      0.5015E-02
   96.00      0.4494E-02
   97.00      0.4029E-02
   98.00      0.3615E-02
   99.00      0.3247E-02
   100.0      0.2920E-02
   101.0      0.2630E-02
   102.0      0.2371E-02
   103.0      0.2139E-02
   104.0      0.1932E-02
   105.0      0.1746E-02
   106.0      0.1578E-02
   107.0      0.1427E-02
   108.0      0.1290E-02
   109.0      0.1165E-02
   110.0      0.1053E-02
   111.0      0.9504E-03
   112.0      0.8577E-03
   113.0      0.7736E-03
   114.0      0.6975E-03
   115.0      0.6286E-03
   116.0      0.5664E-03
   117.0      0.5103E-03
   118.0      0.4597E-03
   119.0      0.4141E-03
   120.0      0.3731E-03
   121.0      0.3361E-03
   122.0      0.3029E-03
   123.0      0.2729E-03
   124.0      0.2458E-03
   125.0      0.2214E-03
   126.0      0.1993E-03
   127.0      0.1794E-03
   128.0      0.1614E-03
   129.0      0.1451E-03
   130.0      0.1305E-03
   131.0      0.1172E-03
   132.0      0.1053E-03
   133.0      0.9456E-04
   134.0      0.8494E-04
   135.0      0.7633E-04
   136.0      0.6864E-04
   137.0      0.6179E-04
   138.0      0.5569E-04
   139.0      0.5028E-04
   140.0      0.4548E-04
   141.0      0.4122E-04
   142.0      0.3745E-04
   143.0      0.3409E-04
   144.0      0.3111E-04
   145.0      0.2844E-04
   146.0      0.2606E-04
   147.0      0.2391E-04
   148.0      0.2197E-04
   149.0      0.2020E-04
   150.0      0.1859E-04
   151.0      0.1710E-04
   152.0      0.1573E-04
   153.0      0.1445E-04
   154.0      0.1327E-04
   155.0      0.1216E-04
   156.0      0.1114E-04
   157.0      0.1019E-04
   158.0      0.9315E-05
   159.0      0.8520E-05
   160.0      0.7806E-05
   161.0      0.7176E-05
   162.0      0.6633E-05
   163.0      0.6176E-05
   164.0      0.5807E-05
   165.0      0.5523E-05
   166.0      0.5321E-05
   167.0      0.5195E-05
   168.0      0.5136E-05
   169.0      0.5137E-05
   170.0      0.5187E-05
   171.0      0.5275E-05
   172.0      0.5390E-05
   173.0      0.5520E-05
   174.0      0.5656E-05
   175.0      0.5787E-05
   176.0      0.5907E-05
   177.0      0.6007E-05
   178.0      0.6082E-05
   179.0      0.6129E-05
   180.0      0.6145E-05
 END
@legend string   3 "Partition=  2 Excit=  3 near/far= 1"
#legend string   0 "Lab energy =   70.0000"
@s3 linestyle   4
#  Theta       sigma       iT11        T20         T21         T22         Kyy for projectile
   3.000       6.242    
   4.000       6.111    
   5.000       5.981    
   6.000       5.850    
   7.000       5.698    
   8.000       5.496    
   9.000       5.214    
   10.00       4.832    
   11.00       4.345    
   12.00       3.773    
   13.00       3.148    
   14.00       2.518    
   15.00       1.928    
   16.00       1.417    
   17.00       1.013    
   18.00      0.7259    
   19.00      0.5504    
   20.00      0.4704    
   21.00      0.4624    
   22.00      0.5009    
   23.00      0.5629    
   24.00      0.6302    
   25.00      0.6912    
   26.00      0.7404    
   27.00      0.7775    
   28.00      0.8055    
   29.00      0.8289    
   30.00      0.8519    
   31.00      0.8776    
   32.00      0.9072    
   33.00      0.9401    
   34.00      0.9739    
   35.00       1.006    
   36.00       1.032    
   37.00       1.050    
   38.00       1.057    
   39.00       1.052    
   40.00       1.035    
   41.00       1.008    
   42.00      0.9705    
   43.00      0.9261    
   44.00      0.8768    
   45.00      0.8247    
   46.00      0.7718    
   47.00      0.7196    
   48.00      0.6691    
   49.00      0.6211    
   50.00      0.5757    
   51.00      0.5331    
   52.00      0.4931    
   53.00      0.4553    
   54.00      0.4197    
   55.00      0.3858    
   56.00      0.3536    
   57.00      0.3230    
   58.00      0.2939    
   59.00      0.2664    
   60.00      0.2405    
   61.00      0.2163    
   62.00      0.1939    
   63.00      0.1733    
   64.00      0.1545    
   65.00      0.1375    
   66.00      0.1222    
   67.00      0.1086    
   68.00      0.9637E-01
   69.00      0.8555E-01
   70.00      0.7594E-01
   71.00      0.6742E-01
   72.00      0.5984E-01
   73.00      0.5310E-01
   74.00      0.4709E-01
   75.00      0.4172E-01
   76.00      0.3691E-01
   77.00      0.3261E-01
   78.00      0.2875E-01
   79.00      0.2531E-01
   80.00      0.2224E-01
   81.00      0.1951E-01
   82.00      0.1708E-01
   83.00      0.1494E-01
   84.00      0.1306E-01
   85.00      0.1141E-01
   86.00      0.9970E-02
   87.00      0.8712E-02
   88.00      0.7617E-02
   89.00      0.6665E-02
   90.00      0.5837E-02
   91.00      0.5117E-02
   92.00      0.4488E-02
   93.00      0.3939E-02
   94.00      0.3459E-02
   95.00      0.3037E-02
   96.00      0.2666E-02
   97.00      0.2339E-02
   98.00      0.2051E-02
   99.00      0.1797E-02
   100.0      0.1574E-02
   101.0      0.1377E-02
   102.0      0.1205E-02
   103.0      0.1054E-02
   104.0      0.9216E-03
   105.0      0.8065E-03
   106.0      0.7065E-03
   107.0      0.6196E-03
   108.0      0.5442E-03
   109.0      0.4789E-03
   110.0      0.4223E-03
   111.0      0.3731E-03
   112.0      0.3304E-03
   113.0      0.2930E-03
   114.0      0.2604E-03
   115.0      0.2316E-03
   116.0      0.2063E-03
   117.0      0.1840E-03
   118.0      0.1641E-03
   119.0      0.1465E-03
   120.0      0.1309E-03
   121.0      0.1169E-03
   122.0      0.1045E-03
   123.0      0.9351E-04
   124.0      0.8373E-04
   125.0      0.7506E-04
   126.0      0.6739E-04
   127.0      0.6060E-04
   128.0      0.5460E-04
   129.0      0.4929E-04
   130.0      0.4460E-04
   131.0      0.4044E-04
   132.0      0.3674E-04
   133.0      0.3344E-04
   134.0      0.3048E-04
   135.0      0.2781E-04
   136.0      0.2539E-04
   137.0      0.2318E-04
   138.0      0.2115E-04
   139.0      0.1928E-04
   140.0      0.1754E-04
   141.0      0.1593E-04
   142.0      0.1443E-04
   143.0      0.1303E-04
   144.0      0.1174E-04
   145.0      0.1054E-04
   146.0      0.9450E-05
   147.0      0.8454E-05
   148.0      0.7558E-05
   149.0      0.6761E-05
   150.0      0.6063E-05
   151.0      0.5461E-05
   152.0      0.4953E-05
   153.0      0.4534E-05
   154.0      0.4197E-05
   155.0      0.3936E-05
   156.0      0.3742E-05
   157.0      0.3606E-05
   158.0      0.3517E-05
   159.0      0.3464E-05
   160.0      0.3439E-05
   161.0      0.3431E-05
   162.0      0.3430E-05
   163.0      0.3430E-05
   164.0      0.3423E-05
   165.0      0.3405E-05
   166.0      0.3372E-05
   167.0      0.3322E-05
   168.0      0.3255E-05
   169.0      0.3171E-05
   170.0      0.3073E-05
   171.0      0.2965E-05
   172.0      0.2850E-05
   173.0      0.2733E-05
   174.0      0.2618E-05
   175.0      0.2512E-05
   176.0      0.2417E-05
   177.0      0.2339E-05
   178.0      0.2281E-05
   179.0      0.2245E-05
   180.0      0.2233E-05
 END
