# 178 angles,  1 tensor ranks for 0=projectile
@subtitle   "p+O20 1st with BG ;"                                                           
@legend ON
@legend x1 0.2
@legend y1 0.8
@g0 type LOGY
@yaxis ticklabel format power
@legend string   0 "Lab energy =   43.2700"
#legend string   0 "Partition=  1 Excit=  2 near/far= 1"
#  Theta       sigma       iT11        T20         T21         T22         Kyy for projectile
   3.000       39.35    
   4.000       38.60    
   5.000       37.52    
   6.000       36.16    
   7.000       34.64    
   8.000       33.09    
   9.000       31.63    
   10.00       30.34    
   11.00       29.26    
   12.00       28.43    
   13.00       27.88    
   14.00       27.62    
   15.00       27.65    
   16.00       27.93    
   17.00       28.41    
   18.00       29.05    
   19.00       29.79    
   20.00       30.59    
   21.00       31.40    
   22.00       32.14    
   23.00       32.75    
   24.00       33.16    
   25.00       33.34    
   26.00       33.28    
   27.00       32.95    
   28.00       32.38    
   29.00       31.55    
   30.00       30.47    
   31.00       29.16    
   32.00       27.65    
   33.00       25.99    
   34.00       24.22    
   35.00       22.39    
   36.00       20.53    
   37.00       18.69    
   38.00       16.89    
   39.00       15.16    
   40.00       13.54    
   41.00       12.06    
   42.00       10.71    
   43.00       9.523    
   44.00       8.488    
   45.00       7.608    
   46.00       6.878    
   47.00       6.291    
   48.00       5.832    
   49.00       5.488    
   50.00       5.241    
   51.00       5.074    
   52.00       4.972    
   53.00       4.921    
   54.00       4.903    
   55.00       4.905    
   56.00       4.911    
   57.00       4.912    
   58.00       4.900    
   59.00       4.869    
   60.00       4.817    
   61.00       4.738    
   62.00       4.631    
   63.00       4.495    
   64.00       4.332    
   65.00       4.144    
   66.00       3.937    
   67.00       3.713    
   68.00       3.478    
   69.00       3.233    
   70.00       2.983    
   71.00       2.733    
   72.00       2.485    
   73.00       2.246    
   74.00       2.016    
   75.00       1.799    
   76.00       1.596    
   77.00       1.408    
   78.00       1.236    
   79.00       1.081    
   80.00      0.9444    
   81.00      0.8243    
   82.00      0.7204    
   83.00      0.6316    
   84.00      0.5571    
   85.00      0.4955    
   86.00      0.4457    
   87.00      0.4063    
   88.00      0.3757    
   89.00      0.3525    
   90.00      0.3354    
   91.00      0.3233    
   92.00      0.3150    
   93.00      0.3095    
   94.00      0.3059    
   95.00      0.3032    
   96.00      0.3009    
   97.00      0.2985    
   98.00      0.2957    
   99.00      0.2920    
   100.0      0.2873    
   101.0      0.2814    
   102.0      0.2742    
   103.0      0.2658    
   104.0      0.2563    
   105.0      0.2459    
   106.0      0.2345    
   107.0      0.2225    
   108.0      0.2098    
   109.0      0.1967    
   110.0      0.1835    
   111.0      0.1703    
   112.0      0.1572    
   113.0      0.1444    
   114.0      0.1319    
   115.0      0.1200    
   116.0      0.1087    
   117.0      0.9805E-01
   118.0      0.8813E-01
   119.0      0.7896E-01
   120.0      0.7056E-01
   121.0      0.6295E-01
   122.0      0.5613E-01
   123.0      0.5009E-01
   124.0      0.4478E-01
   125.0      0.4014E-01
   126.0      0.3611E-01
   127.0      0.3268E-01
   128.0      0.2981E-01
   129.0      0.2748E-01
   130.0      0.2562E-01
   131.0      0.2414E-01
   132.0      0.2298E-01
   133.0      0.2208E-01
   134.0      0.2142E-01
   135.0      0.2098E-01
   136.0      0.2074E-01
   137.0      0.2064E-01
   138.0      0.2062E-01
   139.0      0.2064E-01
   140.0      0.2066E-01
   141.0      0.2070E-01
   142.0      0.2073E-01
   143.0      0.2076E-01
   144.0      0.2075E-01
   145.0      0.2068E-01
   146.0      0.2054E-01
   147.0      0.2032E-01
   148.0      0.2003E-01
   149.0      0.1968E-01
   150.0      0.1926E-01
   151.0      0.1878E-01
   152.0      0.1823E-01
   153.0      0.1762E-01
   154.0      0.1696E-01
   155.0      0.1627E-01
   156.0      0.1554E-01
   157.0      0.1478E-01
   158.0      0.1399E-01
   159.0      0.1320E-01
   160.0      0.1241E-01
   161.0      0.1163E-01
   162.0      0.1088E-01
   163.0      0.1015E-01
   164.0      0.9439E-02
   165.0      0.8749E-02
   166.0      0.8096E-02
   167.0      0.7495E-02
   168.0      0.6951E-02
   169.0      0.6459E-02
   170.0      0.6012E-02
   171.0      0.5602E-02
   172.0      0.5231E-02
   173.0      0.4905E-02
   174.0      0.4631E-02
   175.0      0.4410E-02
   176.0      0.4237E-02
   177.0      0.4106E-02
   178.0      0.4012E-02
   179.0      0.3953E-02
   180.0      0.3932E-02
 END
