# Fusion cross sections for ELAB=  70.000, ECM=  63.597
     0.0   1.719     -1
     1.0   10.32      1
     1.0   15.48     -1
     2.0   8.630      1
     2.0   25.91     -1
     3.0   24.35      1
     3.0   36.51     -1
     4.0   15.75      1
     4.0   47.30     -1
     5.0   38.88      1
     5.0   58.28     -1
     6.0   23.14      1
     6.0   69.37     -1
     7.0   53.51      1
     7.0   80.40     -1
     8.0   30.70      1
     8.0   90.72     -1
     9.0   64.36      1
     9.0   98.55     -1
    10.0   35.40      1
    10.0   101.1     -1
    11.0   62.99      1
    11.0   95.21     -1
    12.0   25.40      1
    12.0   79.30     -1
    13.0   40.20      1
    13.0   58.10     -1
    14.0   11.78      1
    14.0   38.86     -1
    15.0   17.27      1
    15.0   24.72     -1
    16.0   4.608      1
    16.0   15.32     -1
    17.0   6.548      1
    17.0   9.364     -1
    18.0   1.707      1
    18.0   5.676     -1
    19.0   2.393      1
    19.0   3.422     -1
    20.0  0.6181      1
    20.0   2.055     -1
    21.0  0.8600      1
    21.0   1.230     -1
    22.0  0.2209      1
    22.0  0.7342     -1
    23.0  0.3056      1
    23.0  0.4371     -1
    24.0  0.7806E-01  1
    24.0  0.2596     -1
    25.0  0.1075      1
    25.0  0.1538     -1
    26.0  0.2731E-01  1
    26.0  0.9087E-01 -1
    27.0  0.3747E-01  1
    27.0  0.5356E-01 -1
    28.0  0.9455E-02  1
    28.0  0.3148E-01 -1
    29.0  0.1291E-01  1
    29.0  0.1845E-01 -1
    30.0  0.3229E-02  1
    30.0  0.1077E-01 -1
    31.0  0.4378E-02  1
    31.0  0.6251E-02 -1
    32.0  0.1077E-02  1
    32.0  0.3603E-02 -1
    33.0  0.1442E-02  1
    33.0  0.2055E-02 -1
 &
