# 178 angles,  1 tensor ranks for 0=projectile
@subtitle   "20O + d inelastic scattering;"                                                 
@legend ON
@legend x1 0.2
@legend y1 0.8
@g0 type LOGY
@yaxis ticklabel format power
@legend string   0 "Lab energy =   70.0000"
#legend string   0 "Partition=  1 Excit=  2 near/far= 1"
#  Theta       sigma       iT11        T20         T21         T22         Kyy for projectile
   3.000       9.387    
   4.000       8.560    
   5.000       7.984    
   6.000       7.885    
   7.000       8.417    
   8.000       9.618    
   9.000       11.39    
   10.00       13.52    
   11.00       15.69    
   12.00       17.58    
   13.00       18.88    
   14.00       19.39    
   15.00       19.03    
   16.00       17.86    
   17.00       16.05    
   18.00       13.83    
   19.00       11.46    
   20.00       9.182    
   21.00       7.190    
   22.00       5.610    
   23.00       4.503    
   24.00       3.863    
   25.00       3.633    
   26.00       3.720    
   27.00       4.011    
   28.00       4.390    
   29.00       4.753    
   30.00       5.020    
   31.00       5.140    
   32.00       5.094    
   33.00       4.891    
   34.00       4.562    
   35.00       4.147    
   36.00       3.693    
   37.00       3.239    
   38.00       2.820    
   39.00       2.458    
   40.00       2.166    
   41.00       1.948    
   42.00       1.799    
   43.00       1.707    
   44.00       1.658    
   45.00       1.633    
   46.00       1.617    
   47.00       1.596    
   48.00       1.560    
   49.00       1.503    
   50.00       1.425    
   51.00       1.328    
   52.00       1.216    
   53.00       1.095    
   54.00      0.9711    
   55.00      0.8492    
   56.00      0.7338    
   57.00      0.6285    
   58.00      0.5357    
   59.00      0.4568    
   60.00      0.3919    
   61.00      0.3400    
   62.00      0.2996    
   63.00      0.2686    
   64.00      0.2447    
   65.00      0.2258    
   66.00      0.2102    
   67.00      0.1965    
   68.00      0.1837    
   69.00      0.1713    
   70.00      0.1588    
   71.00      0.1460    
   72.00      0.1329    
   73.00      0.1196    
   74.00      0.1063    
   75.00      0.9344E-01
   76.00      0.8131E-01
   77.00      0.7021E-01
   78.00      0.6034E-01
   79.00      0.5173E-01
   80.00      0.4436E-01
   81.00      0.3810E-01
   82.00      0.3284E-01
   83.00      0.2846E-01
   84.00      0.2488E-01
   85.00      0.2201E-01
   86.00      0.1975E-01
   87.00      0.1797E-01
   88.00      0.1655E-01
   89.00      0.1535E-01
   90.00      0.1425E-01
   91.00      0.1319E-01
   92.00      0.1216E-01
   93.00      0.1115E-01
   94.00      0.1020E-01
   95.00      0.9328E-02
   96.00      0.8536E-02
   97.00      0.7810E-02
   98.00      0.7121E-02
   99.00      0.6447E-02
   100.0      0.5776E-02
   101.0      0.5116E-02
   102.0      0.4490E-02
   103.0      0.3922E-02
   104.0      0.3432E-02
   105.0      0.3022E-02
   106.0      0.2680E-02
   107.0      0.2388E-02
   108.0      0.2126E-02
   109.0      0.1883E-02
   110.0      0.1657E-02
   111.0      0.1455E-02
   112.0      0.1287E-02
   113.0      0.1161E-02
   114.0      0.1075E-02
   115.0      0.1022E-02
   116.0      0.9845E-03
   117.0      0.9474E-03
   118.0      0.8992E-03
   119.0      0.8380E-03
   120.0      0.7708E-03
   121.0      0.7084E-03
   122.0      0.6603E-03
   123.0      0.6304E-03
   124.0      0.6163E-03
   125.0      0.6107E-03
   126.0      0.6040E-03
   127.0      0.5881E-03
   128.0      0.5587E-03
   129.0      0.5174E-03
   130.0      0.4711E-03
   131.0      0.4286E-03
   132.0      0.3966E-03
   133.0      0.3759E-03
   134.0      0.3623E-03
   135.0      0.3494E-03
   136.0      0.3325E-03
   137.0      0.3108E-03
   138.0      0.2869E-03
   139.0      0.2649E-03
   140.0      0.2491E-03
   141.0      0.2427E-03
   142.0      0.2465E-03
   143.0      0.2578E-03
   144.0      0.2706E-03
   145.0      0.2773E-03
   146.0      0.2735E-03
   147.0      0.2600E-03
   148.0      0.2426E-03
   149.0      0.2289E-03
   150.0      0.2235E-03
   151.0      0.2272E-03
   152.0      0.2374E-03
   153.0      0.2506E-03
   154.0      0.2627E-03
   155.0      0.2696E-03
   156.0      0.2677E-03
   157.0      0.2556E-03
   158.0      0.2365E-03
   159.0      0.2172E-03
   160.0      0.2042E-03
   161.0      0.1999E-03
   162.0      0.2013E-03
   163.0      0.2031E-03
   164.0      0.2020E-03
   165.0      0.1979E-03
   166.0      0.1920E-03
   167.0      0.1839E-03
   168.0      0.1715E-03
   169.0      0.1541E-03
   170.0      0.1352E-03
   171.0      0.1210E-03
   172.0      0.1168E-03
   173.0      0.1221E-03
   174.0      0.1314E-03
   175.0      0.1376E-03
   176.0      0.1374E-03
   177.0      0.1321E-03
   178.0      0.1256E-03
   179.0      0.1210E-03
   180.0      0.1194E-03
 END
