# 178 angles,  1 tensor ranks for 0=projectile
@subtitle   "20O + d 2+1 inelastic;"                                                        
@legend ON
@legend x1 0.2
@legend y1 0.8
@g0 type LOGY
@yaxis ticklabel format power
@legend string   0 "Lab energy =   70.0000"
#legend string   0 "Partition=  1 Excit=  2 near/far= 1"
#  Theta       sigma       iT11        T20         T21         T22         Kyy for projectile
   3.000       16.48    
   4.000       14.89    
   5.000       14.08    
   6.000       14.65    
   7.000       16.93    
   8.000       20.76    
   9.000       25.58    
   10.00       30.60    
   11.00       35.06    
   12.00       38.37    
   13.00       40.11    
   14.00       40.07    
   15.00       38.25    
   16.00       34.88    
   17.00       30.39    
   18.00       25.37    
   19.00       20.41    
   20.00       15.99    
   21.00       12.44    
   22.00       9.907    
   23.00       8.402    
   24.00       7.813    
   25.00       7.941    
   26.00       8.528    
   27.00       9.309    
   28.00       10.05    
   29.00       10.59    
   30.00       10.84    
   31.00       10.76    
   32.00       10.38    
   33.00       9.746    
   34.00       8.928    
   35.00       8.018    
   36.00       7.101    
   37.00       6.245    
   38.00       5.496    
   39.00       4.873    
   40.00       4.380    
   41.00       4.007    
   42.00       3.735    
   43.00       3.537    
   44.00       3.382    
   45.00       3.243    
   46.00       3.098    
   47.00       2.936    
   48.00       2.751    
   49.00       2.545    
   50.00       2.322    
   51.00       2.087    
   52.00       1.850    
   53.00       1.618    
   54.00       1.402    
   55.00       1.205    
   56.00       1.032    
   57.00      0.8840    
   58.00      0.7604    
   59.00      0.6598    
   60.00      0.5797    
   61.00      0.5162    
   62.00      0.4654    
   63.00      0.4236    
   64.00      0.3879    
   65.00      0.3563    
   66.00      0.3271    
   67.00      0.2989    
   68.00      0.2713    
   69.00      0.2441    
   70.00      0.2177    
   71.00      0.1928    
   72.00      0.1695    
   73.00      0.1480    
   74.00      0.1283    
   75.00      0.1108    
   76.00      0.9572E-01
   77.00      0.8308E-01
   78.00      0.7268E-01
   79.00      0.6410E-01
   80.00      0.5696E-01
   81.00      0.5098E-01
   82.00      0.4601E-01
   83.00      0.4185E-01
   84.00      0.3827E-01
   85.00      0.3499E-01
   86.00      0.3188E-01
   87.00      0.2893E-01
   88.00      0.2619E-01
   89.00      0.2366E-01
   90.00      0.2131E-01
   91.00      0.1906E-01
   92.00      0.1690E-01
   93.00      0.1492E-01
   94.00      0.1318E-01
   95.00      0.1170E-01
   96.00      0.1045E-01
   97.00      0.9372E-02
   98.00      0.8433E-02
   99.00      0.7638E-02
   100.0      0.6992E-02
   101.0      0.6467E-02
   102.0      0.6015E-02
   103.0      0.5598E-02
   104.0      0.5209E-02
   105.0      0.4858E-02
   106.0      0.4546E-02
   107.0      0.4256E-02
   108.0      0.3963E-02
   109.0      0.3656E-02
   110.0      0.3346E-02
   111.0      0.3052E-02
   112.0      0.2779E-02
   113.0      0.2518E-02
   114.0      0.2263E-02
   115.0      0.2023E-02
   116.0      0.1812E-02
   117.0      0.1637E-02
   118.0      0.1491E-02
   119.0      0.1354E-02
   120.0      0.1213E-02
   121.0      0.1077E-02
   122.0      0.9654E-03
   123.0      0.8883E-03
   124.0      0.8364E-03
   125.0      0.7919E-03
   126.0      0.7411E-03
   127.0      0.6841E-03
   128.0      0.6324E-03
   129.0      0.5934E-03
   130.0      0.5609E-03
   131.0      0.5249E-03
   132.0      0.4840E-03
   133.0      0.4459E-03
   134.0      0.4178E-03
   135.0      0.4007E-03
   136.0      0.3859E-03
   137.0      0.3608E-03
   138.0      0.3224E-03
   139.0      0.2821E-03
   140.0      0.2529E-03
   141.0      0.2373E-03
   142.0      0.2291E-03
   143.0      0.2201E-03
   144.0      0.2042E-03
   145.0      0.1832E-03
   146.0      0.1649E-03
   147.0      0.1531E-03
   148.0      0.1434E-03
   149.0      0.1324E-03
   150.0      0.1219E-03
   151.0      0.1137E-03
   152.0      0.1085E-03
   153.0      0.1065E-03
   154.0      0.1049E-03
   155.0      0.9868E-04
   156.0      0.8839E-04
   157.0      0.8031E-04
   158.0      0.7652E-04
   159.0      0.7377E-04
   160.0      0.7096E-04
   161.0      0.6853E-04
   162.0      0.6472E-04
   163.0      0.5995E-04
   164.0      0.5779E-04
   165.0      0.5704E-04
   166.0      0.5267E-04
   167.0      0.4610E-04
   168.0      0.4281E-04
   169.0      0.4208E-04
   170.0      0.4047E-04
   171.0      0.3946E-04
   172.0      0.4024E-04
   173.0      0.4046E-04
   174.0      0.4160E-04
   175.0      0.4678E-04
   176.0      0.4989E-04
   177.0      0.4344E-04
   178.0      0.3355E-04
   179.0      0.3020E-04
   180.0      0.3080E-04
 END
