# 178 angles,  1 tensor ranks for 0=projectile
@subtitle   "20O + d 2+1 inelastic;"                                                        
@legend ON
@legend x1 0.2
@legend y1 0.8
@g0 type LOGY
@yaxis ticklabel format power
@legend string   0 "Lab energy =   70.0000"
#legend string   0 "Partition=  1 Excit=  2 near/far= 1"
#  Theta       sigma       iT11        T20         T21         T22         Kyy for projectile
   3.000      0.9688    
   4.000      0.8821    
   5.000      0.7783    
   6.000      0.6998    
   7.000      0.6946    
   8.000      0.7793    
   9.000      0.9274    
   10.00       1.093    
   11.00       1.241    
   12.00       1.355    
   13.00       1.428    
   14.00       1.452    
   15.00       1.418    
   16.00       1.321    
   17.00       1.170    
   18.00      0.9859    
   19.00      0.7972    
   20.00      0.6257    
   21.00      0.4843    
   22.00      0.3779    
   23.00      0.3076    
   24.00      0.2719    
   25.00      0.2659    
   26.00      0.2807    
   27.00      0.3053    
   28.00      0.3297    
   29.00      0.3476    
   30.00      0.3566    
   31.00      0.3559    
   32.00      0.3453    
   33.00      0.3254    
   34.00      0.2979    
   35.00      0.2661    
   36.00      0.2337    
   37.00      0.2037    
   38.00      0.1777    
   39.00      0.1561    
   40.00      0.1391    
   41.00      0.1266    
   42.00      0.1185    
   43.00      0.1138    
   44.00      0.1111    
   45.00      0.1088    
   46.00      0.1057    
   47.00      0.1016    
   48.00      0.9648E-01
   49.00      0.9043E-01
   50.00      0.8349E-01
   51.00      0.7574E-01
   52.00      0.6746E-01
   53.00      0.5910E-01
   54.00      0.5112E-01
   55.00      0.4380E-01
   56.00      0.3725E-01
   57.00      0.3154E-01
   58.00      0.2673E-01
   59.00      0.2286E-01
   60.00      0.1989E-01
   61.00      0.1764E-01
   62.00      0.1592E-01
   63.00      0.1455E-01
   64.00      0.1342E-01
   65.00      0.1246E-01
   66.00      0.1160E-01
   67.00      0.1074E-01
   68.00      0.9831E-02
   69.00      0.8890E-02
   70.00      0.7970E-02
   71.00      0.7110E-02
   72.00      0.6309E-02
   73.00      0.5534E-02
   74.00      0.4771E-02
   75.00      0.4054E-02
   76.00      0.3435E-02
   77.00      0.2942E-02
   78.00      0.2558E-02
   79.00      0.2248E-02
   80.00      0.1982E-02
   81.00      0.1756E-02
   82.00      0.1582E-02
   83.00      0.1458E-02
   84.00      0.1360E-02
   85.00      0.1258E-02
   86.00      0.1147E-02
   87.00      0.1037E-02
   88.00      0.9429E-03
   89.00      0.8675E-03
   90.00      0.7997E-03
   91.00      0.7233E-03
   92.00      0.6347E-03
   93.00      0.5469E-03
   94.00      0.4741E-03
   95.00      0.4178E-03
   96.00      0.3720E-03
   97.00      0.3312E-03
   98.00      0.2934E-03
   99.00      0.2616E-03
   100.0      0.2406E-03
   101.0      0.2283E-03
   102.0      0.2166E-03
   103.0      0.2018E-03
   104.0      0.1873E-03
   105.0      0.1767E-03
   106.0      0.1699E-03
   107.0      0.1650E-03
   108.0      0.1585E-03
   109.0      0.1475E-03
   110.0      0.1341E-03
   111.0      0.1229E-03
   112.0      0.1137E-03
   113.0      0.1027E-03
   114.0      0.8973E-04
   115.0      0.7738E-04
   116.0      0.6744E-04
   117.0      0.6098E-04
   118.0      0.5760E-04
   119.0      0.5330E-04
   120.0      0.4479E-04
   121.0      0.3503E-04
   122.0      0.2907E-04
   123.0      0.2750E-04
   124.0      0.2807E-04
   125.0      0.2897E-04
   126.0      0.2811E-04
   127.0      0.2475E-04
   128.0      0.2193E-04
   129.0      0.2214E-04
   130.0      0.2298E-04
   131.0      0.2168E-04
   132.0      0.1940E-04
   133.0      0.1783E-04
   134.0      0.1707E-04
   135.0      0.1777E-04
   136.0      0.1961E-04
   137.0      0.1933E-04
   138.0      0.1551E-04
   139.0      0.1158E-04
   140.0      0.1023E-04
   141.0      0.1029E-04
   142.0      0.1084E-04
   143.0      0.1186E-04
   144.0      0.1152E-04
   145.0      0.9073E-05
   146.0      0.7394E-05
   147.0      0.7788E-05
   148.0      0.7712E-05
   149.0      0.6461E-05
   150.0      0.6112E-05
   151.0      0.6387E-05
   152.0      0.5882E-05
   153.0      0.6034E-05
   154.0      0.7384E-05
   155.0      0.7104E-05
   156.0      0.4934E-05
   157.0      0.4235E-05
   158.0      0.5055E-05
   159.0      0.4745E-05
   160.0      0.4295E-05
   161.0      0.5363E-05
   162.0      0.5500E-05
   163.0      0.3775E-05
   164.0      0.3633E-05
   165.0      0.5201E-05
   166.0      0.4699E-05
   167.0      0.3081E-05
   168.0      0.4004E-05
   169.0      0.5440E-05
   170.0      0.4461E-05
   171.0      0.4128E-05
   172.0      0.6281E-05
   173.0      0.7374E-05
   174.0      0.7458E-05
   175.0      0.1022E-04
   176.0      0.1271E-04
   177.0      0.1062E-04
   178.0      0.9897E-05
   179.0      0.1605E-04
   180.0      0.2071E-04
 END
