# 178 angles,  1 tensor ranks for 0=projectile
@subtitle   "p+O20 with CH89;"                                                              
@legend ON
@legend x1 0.2
@legend y1 0.8
@g0 type LOGY
@yaxis ticklabel format power
@legend string   0 "Lab energy =   35.0000"
#legend string   0 "Partition=  1 Excit=  1 near/far= 1"
#  Theta       sigma       iT11        T20         T21         T22         Kyy for projectile
   3.000      0.1333E+06
   4.000      0.3887E+05
   5.000      0.1516E+05
   6.000       7428.    
   7.000       4434.    
   8.000       3105.    
   9.000       2436.    
   10.00       2048.    
   11.00       1789.    
   12.00       1591.    
   13.00       1424.    
   14.00       1274.    
   15.00       1135.    
   16.00       1004.    
   17.00       880.6    
   18.00       765.1    
   19.00       657.8    
   20.00       559.2    
   21.00       469.5    
   22.00       389.1    
   23.00       317.9    
   24.00       256.0    
   25.00       203.0    
   26.00       158.5    
   27.00       121.9    
   28.00       92.77    
   29.00       70.27    
   30.00       53.71    
   31.00       42.32    
   32.00       35.33    
   33.00       32.01    
   34.00       31.63    
   35.00       33.54    
   36.00       37.12    
   37.00       41.82    
   38.00       47.17    
   39.00       52.75    
   40.00       58.22    
   41.00       63.30    
   42.00       67.79    
   43.00       71.52    
   44.00       74.41    
   45.00       76.41    
   46.00       77.49    
   47.00       77.69    
   48.00       77.06    
   49.00       75.66    
   50.00       73.60    
   51.00       70.96    
   52.00       67.85    
   53.00       64.38    
   54.00       60.65    
   55.00       56.76    
   56.00       52.79    
   57.00       48.82    
   58.00       44.94    
   59.00       41.18    
   60.00       37.62    
   61.00       34.28    
   62.00       31.18    
   63.00       28.36    
   64.00       25.80    
   65.00       23.53    
   66.00       21.53    
   67.00       19.79    
   68.00       18.29    
   69.00       17.02    
   70.00       15.95    
   71.00       15.06    
   72.00       14.33    
   73.00       13.73    
   74.00       13.24    
   75.00       12.84    
   76.00       12.51    
   77.00       12.24    
   78.00       11.99    
   79.00       11.77    
   80.00       11.56    
   81.00       11.35    
   82.00       11.13    
   83.00       10.90    
   84.00       10.65    
   85.00       10.38    
   86.00       10.10    
   87.00       9.792    
   88.00       9.469    
   89.00       9.131    
   90.00       8.780    
   91.00       8.419    
   92.00       8.052    
   93.00       7.681    
   94.00       7.310    
   95.00       6.942    
   96.00       6.579    
   97.00       6.225    
   98.00       5.880    
   99.00       5.548    
   100.0       5.229    
   101.0       4.924    
   102.0       4.635    
   103.0       4.361    
   104.0       4.104    
   105.0       3.862    
   106.0       3.637    
   107.0       3.426    
   108.0       3.231    
   109.0       3.050    
   110.0       2.884    
   111.0       2.730    
   112.0       2.589    
   113.0       2.461    
   114.0       2.344    
   115.0       2.238    
   116.0       2.144    
   117.0       2.059    
   118.0       1.984    
   119.0       1.918    
   120.0       1.861    
   121.0       1.812    
   122.0       1.771    
   123.0       1.736    
   124.0       1.709    
   125.0       1.687    
   126.0       1.670    
   127.0       1.657    
   128.0       1.648    
   129.0       1.641    
   130.0       1.636    
   131.0       1.631    
   132.0       1.625    
   133.0       1.618    
   134.0       1.610    
   135.0       1.598    
   136.0       1.582    
   137.0       1.562    
   138.0       1.538    
   139.0       1.509    
   140.0       1.476    
   141.0       1.437    
   142.0       1.394    
   143.0       1.348    
   144.0       1.298    
   145.0       1.246    
   146.0       1.193    
   147.0       1.140    
   148.0       1.088    
   149.0       1.040    
   150.0      0.9951    
   151.0      0.9564    
   152.0      0.9249    
   153.0      0.9019    
   154.0      0.8888    
   155.0      0.8866    
   156.0      0.8963    
   157.0      0.9186    
   158.0      0.9540    
   159.0       1.003    
   160.0       1.065    
   161.0       1.140    
   162.0       1.227    
   163.0       1.325    
   164.0       1.434    
   165.0       1.551    
   166.0       1.675    
   167.0       1.804    
   168.0       1.936    
   169.0       2.069    
   170.0       2.200    
   171.0       2.327    
   172.0       2.448    
   173.0       2.561    
   174.0       2.664    
   175.0       2.754    
   176.0       2.831    
   177.0       2.892    
   178.0       2.936    
   179.0       2.963    
   180.0       2.972    
 END
