# Fusion cross sections for ELAB=  70.000, ECM=  63.597
     0.0   1.741       1.743      0.2189E-02
     1.0   15.68       15.75      0.6878E-01
     2.0   26.30       26.62      0.3144    
     3.0   37.07       37.79      0.7164    
     4.0   47.96       49.15       1.182    
     5.0   58.77       60.43       1.659    
     6.0   69.67       71.67       1.993    
     7.0   80.61       82.98       2.376    
     8.0   90.66       93.67       3.008    
     9.0   97.97       101.8       3.806    
    10.0   99.80       104.5       4.695    
    11.0   93.05       98.47       5.413    
    12.0   77.07       82.24       5.168    
    13.0   56.69       60.55       3.859    
    14.0   38.19       40.64       2.448    
    15.0   24.52       25.87       1.346    
    16.0   15.32       15.96      0.6351    
    17.0   9.402       9.671      0.2686    
    18.0   5.703       5.810      0.1066    
    19.0   3.436       3.477      0.4070E-01
    20.0   2.061       2.076      0.1507E-01
    21.0   1.233       1.238      0.5394E-02
    22.0  0.7353      0.7371      0.1847E-02
    23.0  0.4376      0.4382      0.5915E-03
    24.0  0.2599      0.2600      0.1702E-03
    25.0  0.1540      0.1540      0.4174E-04
    26.0  0.9109E-01  0.9110E-01  0.9827E-05
    27.0  0.5377E-01  0.5378E-01  0.6250E-05
    28.0  0.3169E-01  0.3170E-01  0.8815E-05
    29.0  0.1864E-01  0.1865E-01  0.1123E-04
    30.0  0.1095E-01  0.1096E-01  0.1232E-04
    31.0  0.6421E-02  0.6433E-02  0.1229E-04
    32.0  0.3760E-02  0.3772E-02  0.1157E-04
    33.0  0.2199E-02  0.2209E-02  0.1052E-04
    34.0  0.1284E-02  0.1294E-02  0.9354E-05
    35.0  0.7492E-03  0.7574E-03  0.8207E-05
    36.0  0.4365E-03  0.4437E-03  0.7142E-05
    37.0  0.2541E-03  0.2602E-03  0.6185E-05
    38.0  0.1477E-03  0.1531E-03  0.5341E-05
    39.0  0.8580E-04  0.9041E-04  0.4607E-05
    40.0  0.4979E-04  0.5376E-04  0.3971E-05
    41.0  0.2887E-04  0.3229E-04  0.3424E-05
    42.0  0.1672E-04  0.1968E-04  0.2953E-05
    43.0  0.9679E-05  0.1223E-04  0.2548E-05
    44.0  0.5598E-05  0.7798E-05  0.2200E-05
    45.0  0.3235E-05  0.5136E-05  0.1901E-05
    46.0  0.1868E-05  0.3512E-05  0.1644E-05
    47.0  0.1078E-05  0.2501E-05  0.1422E-05
    48.0  0.6219E-06  0.1853E-05  0.1232E-05
    49.0  0.3585E-06  0.1426E-05  0.1067E-05
    50.0  0.2065E-06  0.1132E-05  0.9251E-06
 &
