# 178 angles,  1 tensor ranks for 0=projectile
@subtitle   "p+O20 with CH89;"                                                              
@legend ON
@legend x1 0.2
@legend y1 0.8
@g0 type LOGY
@yaxis ticklabel format power
@legend string   0 "Lab energy =   35.0000"
#legend string   0 "Partition=  1 Excit=  1 near/far= 1"
#  Theta       sigma       iT11        T20         T21         T22         Kyy for projectile
   3.000      0.1296E+06
   4.000      0.3691E+05
   5.000      0.1405E+05
   6.000       6790.    
   7.000       4085.    
   8.000       2948.    
   9.000       2410.    
   10.00       2119.    
   11.00       1931.    
   12.00       1787.    
   13.00       1660.    
   14.00       1541.    
   15.00       1423.    
   16.00       1307.    
   17.00       1192.    
   18.00       1080.    
   19.00       971.0    
   20.00       866.5    
   21.00       767.3    
   22.00       674.1    
   23.00       587.5    
   24.00       507.9    
   25.00       435.4    
   26.00       370.1    
   27.00       311.9    
   28.00       260.6    
   29.00       215.9    
   30.00       177.4    
   31.00       144.7    
   32.00       117.3    
   33.00       94.73    
   34.00       76.43    
   35.00       61.91    
   36.00       50.66    
   37.00       42.21    
   38.00       36.11    
   39.00       31.92    
   40.00       29.28    
   41.00       27.84    
   42.00       27.30    
   43.00       27.39    
   44.00       27.89    
   45.00       28.62    
   46.00       29.42    
   47.00       30.19    
   48.00       30.82    
   49.00       31.25    
   50.00       31.45    
   51.00       31.39    
   52.00       31.06    
   53.00       30.48    
   54.00       29.66    
   55.00       28.62    
   56.00       27.40    
   57.00       26.02    
   58.00       24.52    
   59.00       22.93    
   60.00       21.29    
   61.00       19.63    
   62.00       17.98    
   63.00       16.35    
   64.00       14.78    
   65.00       13.27    
   66.00       11.85    
   67.00       10.53    
   68.00       9.304    
   69.00       8.188    
   70.00       7.181    
   71.00       6.282    
   72.00       5.489    
   73.00       4.797    
   74.00       4.200    
   75.00       3.693    
   76.00       3.268    
   77.00       2.917    
   78.00       2.631    
   79.00       2.403    
   80.00       2.225    
   81.00       2.090    
   82.00       1.989    
   83.00       1.916    
   84.00       1.866    
   85.00       1.833    
   86.00       1.811    
   87.00       1.797    
   88.00       1.787    
   89.00       1.779    
   90.00       1.769    
   91.00       1.755    
   92.00       1.738    
   93.00       1.715    
   94.00       1.685    
   95.00       1.650    
   96.00       1.608    
   97.00       1.560    
   98.00       1.507    
   99.00       1.449    
   100.0       1.386    
   101.0       1.320    
   102.0       1.251    
   103.0       1.181    
   104.0       1.109    
   105.0       1.037    
   106.0      0.9661    
   107.0      0.8961    
   108.0      0.8279    
   109.0      0.7621    
   110.0      0.6991    
   111.0      0.6393    
   112.0      0.5831    
   113.0      0.5307    
   114.0      0.4823    
   115.0      0.4380    
   116.0      0.3977    
   117.0      0.3615    
   118.0      0.3292    
   119.0      0.3008    
   120.0      0.2761    
   121.0      0.2549    
   122.0      0.2369    
   123.0      0.2219    
   124.0      0.2097    
   125.0      0.1998    
   126.0      0.1922    
   127.0      0.1864    
   128.0      0.1822    
   129.0      0.1793    
   130.0      0.1775    
   131.0      0.1765    
   132.0      0.1761    
   133.0      0.1761    
   134.0      0.1764    
   135.0      0.1766    
   136.0      0.1768    
   137.0      0.1769    
   138.0      0.1766    
   139.0      0.1761    
   140.0      0.1752    
   141.0      0.1740    
   142.0      0.1724    
   143.0      0.1704    
   144.0      0.1683    
   145.0      0.1659    
   146.0      0.1634    
   147.0      0.1608    
   148.0      0.1583    
   149.0      0.1559    
   150.0      0.1538    
   151.0      0.1519    
   152.0      0.1505    
   153.0      0.1496    
   154.0      0.1493    
   155.0      0.1496    
   156.0      0.1506    
   157.0      0.1523    
   158.0      0.1548    
   159.0      0.1579    
   160.0      0.1619    
   161.0      0.1665    
   162.0      0.1717    
   163.0      0.1776    
   164.0      0.1840    
   165.0      0.1908    
   166.0      0.1980    
   167.0      0.2054    
   168.0      0.2128    
   169.0      0.2203    
   170.0      0.2277    
   171.0      0.2348    
   172.0      0.2415    
   173.0      0.2478    
   174.0      0.2534    
   175.0      0.2584    
   176.0      0.2626    
   177.0      0.2659    
   178.0      0.2683    
   179.0      0.2698    
   180.0      0.2703    
 END
