# 178 angles,  1 tensor ranks for 0=projectile
@subtitle   "20O(d,t) @ 30AMeV Haixia (d) + Pang (t)"                                       
@legend ON
@legend x1 0.2
@legend y1 0.8
@g0 type LOGY
@yaxis ticklabel format power
@legend string   0 "Lab energy =   70.0000"
#legend string   0 "Partition=  2 Excit=  3 near/far= 1"
#  Theta       sigma       iT11        T20         T21         T22         Kyy for projectile
   3.000       6.154    
   4.000       6.042    
   5.000       5.932    
   6.000       5.820    
   7.000       5.686    
   8.000       5.499    
   9.000       5.231    
   10.00       4.861    
   11.00       4.386    
   12.00       3.824    
   13.00       3.209    
   14.00       2.586    
   15.00       1.999    
   16.00       1.487    
   17.00       1.076    
   18.00      0.7754    
   19.00      0.5805    
   20.00      0.4758    
   21.00      0.4392    
   22.00      0.4470    
   23.00      0.4778    
   24.00      0.5156    
   25.00      0.5503    
   26.00      0.5778    
   27.00      0.5985    
   28.00      0.6158    
   29.00      0.6342    
   30.00      0.6573    
   31.00      0.6876    
   32.00      0.7255    
   33.00      0.7692    
   34.00      0.8159    
   35.00      0.8616    
   36.00      0.9024    
   37.00      0.9347    
   38.00      0.9560    
   39.00      0.9649    
   40.00      0.9612    
   41.00      0.9458    
   42.00      0.9204    
   43.00      0.8871    
   44.00      0.8481    
   45.00      0.8057    
   46.00      0.7618    
   47.00      0.7180    
   48.00      0.6751    
   49.00      0.6339    
   50.00      0.5947    
   51.00      0.5573    
   52.00      0.5217    
   53.00      0.4876    
   54.00      0.4547    
   55.00      0.4228    
   56.00      0.3919    
   57.00      0.3619    
   58.00      0.3329    
   59.00      0.3050    
   60.00      0.2783    
   61.00      0.2530    
   62.00      0.2293    
   63.00      0.2073    
   64.00      0.1869    
   65.00      0.1683    
   66.00      0.1514    
   67.00      0.1361    
   68.00      0.1223    
   69.00      0.1100    
   70.00      0.9888E-01
   71.00      0.8892E-01
   72.00      0.7996E-01
   73.00      0.7189E-01
   74.00      0.6459E-01
   75.00      0.5799E-01
   76.00      0.5199E-01
   77.00      0.4655E-01
   78.00      0.4160E-01
   79.00      0.3712E-01
   80.00      0.3305E-01
   81.00      0.2939E-01
   82.00      0.2608E-01
   83.00      0.2312E-01
   84.00      0.2048E-01
   85.00      0.1812E-01
   86.00      0.1603E-01
   87.00      0.1418E-01
   88.00      0.1255E-01
   89.00      0.1111E-01
   90.00      0.9836E-02
   91.00      0.8717E-02
   92.00      0.7731E-02
   93.00      0.6859E-02
   94.00      0.6088E-02
   95.00      0.5404E-02
   96.00      0.4796E-02
   97.00      0.4255E-02
   98.00      0.3773E-02
   99.00      0.3343E-02
   100.0      0.2959E-02
   101.0      0.2616E-02
   102.0      0.2311E-02
   103.0      0.2039E-02
   104.0      0.1797E-02
   105.0      0.1583E-02
   106.0      0.1394E-02
   107.0      0.1227E-02
   108.0      0.1080E-02
   109.0      0.9508E-03
   110.0      0.8376E-03
   111.0      0.7384E-03
   112.0      0.6517E-03
   113.0      0.5758E-03
   114.0      0.5094E-03
   115.0      0.4513E-03
   116.0      0.4004E-03
   117.0      0.3556E-03
   118.0      0.3162E-03
   119.0      0.2815E-03
   120.0      0.2507E-03
   121.0      0.2235E-03
   122.0      0.1993E-03
   123.0      0.1777E-03
   124.0      0.1585E-03
   125.0      0.1414E-03
   126.0      0.1262E-03
   127.0      0.1125E-03
   128.0      0.1004E-03
   129.0      0.8956E-04
   130.0      0.7993E-04
   131.0      0.7137E-04
   132.0      0.6377E-04
   133.0      0.5704E-04
   134.0      0.5108E-04
   135.0      0.4582E-04
   136.0      0.4118E-04
   137.0      0.3709E-04
   138.0      0.3349E-04
   139.0      0.3032E-04
   140.0      0.2753E-04
   141.0      0.2508E-04
   142.0      0.2293E-04
   143.0      0.2103E-04
   144.0      0.1937E-04
   145.0      0.1790E-04
   146.0      0.1661E-04
   147.0      0.1547E-04
   148.0      0.1446E-04
   149.0      0.1356E-04
   150.0      0.1276E-04
   151.0      0.1204E-04
   152.0      0.1139E-04
   153.0      0.1079E-04
   154.0      0.1025E-04
   155.0      0.9743E-05
   156.0      0.9269E-05
   157.0      0.8822E-05
   158.0      0.8396E-05
   159.0      0.7990E-05
   160.0      0.7601E-05
   161.0      0.7230E-05
   162.0      0.6875E-05
   163.0      0.6539E-05
   164.0      0.6223E-05
   165.0      0.5928E-05
   166.0      0.5657E-05
   167.0      0.5411E-05
   168.0      0.5192E-05
   169.0      0.4998E-05
   170.0      0.4832E-05
   171.0      0.4691E-05
   172.0      0.4575E-05
   173.0      0.4482E-05
   174.0      0.4408E-05
   175.0      0.4353E-05
   176.0      0.4311E-05
   177.0      0.4283E-05
   178.0      0.4264E-05
   179.0      0.4253E-05
   180.0      0.4250E-05
 END
