# Fusion cross sections for ELAB=  70.000, ECM=  63.596
     0.0   1.726       1.753      0.2745E-01
     1.0   15.54       15.78      0.2419    
     2.0   25.98       26.36      0.3786    
     3.0   36.55       37.02      0.4732    
     4.0   47.29       47.81      0.5199    
     5.0   58.27       58.79      0.5182    
     6.0   69.45       69.93      0.4744    
     7.0   81.01       81.41      0.3940    
     8.0   92.43       92.77      0.3369    
     9.0   101.2       101.6      0.3660    
    10.0   103.6       104.0      0.4761    
    11.0   96.16       96.80      0.6436    
    12.0   79.18       79.97      0.7920    
    13.0   58.04       58.85      0.8082    
    14.0   38.92       39.59      0.6697    
    15.0   24.69       25.15      0.4651    
    16.0   15.17       15.45      0.2848    
    17.0   9.156       9.317      0.1608    
    18.0   5.471       5.558      0.8634E-01
    19.0   3.248       3.293      0.4493E-01
    20.0   1.920       1.943      0.2293E-01
    21.0   1.131       1.142      0.1157E-01
    22.0  0.6638      0.6696      0.5793E-02
    23.0  0.3887      0.3916      0.2888E-02
    24.0  0.2271      0.2285      0.1435E-02
    25.0  0.1324      0.1331      0.7123E-03
    26.0  0.7699E-01  0.7735E-01  0.3531E-03
    27.0  0.4470E-01  0.4488E-01  0.1749E-03
    28.0  0.2591E-01  0.2599E-01  0.8662E-04
    29.0  0.1499E-01  0.1503E-01  0.4289E-04
    30.0  0.8659E-02  0.8680E-02  0.2123E-04
    31.0  0.4995E-02  0.5005E-02  0.1051E-04
    32.0  0.2877E-02  0.2882E-02  0.5204E-05
    33.0  0.1655E-02  0.1658E-02  0.2576E-05
    34.0  0.9509E-03  0.9522E-03  0.1275E-05
    35.0  0.5457E-03  0.5463E-03  0.6315E-06
    36.0  0.3128E-03  0.3131E-03  0.3127E-06
    37.0  0.1791E-03  0.1793E-03  0.1548E-06
    38.0  0.1025E-03  0.1025E-03  0.7666E-07
    39.0  0.5856E-04  0.5860E-04  0.3796E-07
    40.0  0.3344E-04  0.3346E-04  0.1880E-07
    41.0  0.1908E-04  0.1909E-04  0.9311E-08
    42.0  0.1088E-04  0.1088E-04  0.4612E-08
    43.0  0.6194E-05  0.6197E-05  0.2284E-08
    44.0  0.3526E-05  0.3527E-05  0.1131E-08
    45.0  0.2005E-05  0.2006E-05  0.5603E-09
    46.0  0.1140E-05  0.1140E-05  0.2775E-09
    47.0  0.6473E-06  0.6475E-06  0.1375E-09
    48.0  0.3674E-06  0.3675E-06  0.6809E-10
    49.0  0.2084E-06  0.2085E-06  0.3373E-10
    50.0  0.1182E-06  0.1182E-06  0.1671E-10
    51.0  0.6696E-07  0.6696E-07  0.8276E-11
    52.0  0.3792E-07  0.3792E-07  0.4100E-11
    53.0  0.2146E-07  0.2146E-07  0.2031E-11
    54.0  0.1214E-07  0.1214E-07  0.1006E-11
    55.0  0.6865E-08  0.6865E-08  0.4985E-12
    56.0  0.3880E-08  0.3880E-08  0.2470E-12
    57.0  0.2192E-08  0.2192E-08  0.1223E-12
    58.0  0.1238E-08  0.1238E-08  0.6061E-13
    59.0  0.6990E-09  0.6991E-09  0.3003E-13
    60.0  0.3942E-09  0.3943E-09  0.1488E-13
 &
