# 178 angles,  1 tensor ranks for 0=projectile
@subtitle   "20O(d,t) @ 30AMeV Haixia (d) + Pang (t)"                                       
@legend ON
@legend x1 0.2
@legend y1 0.8
@g0 type LOGY
@yaxis ticklabel format power
@xaxis label "Scattering angle (degrees)"
@yaxis label "Cross section (mb/sr)"
@legend string   0 "Partition=  1 Excit=  1 near/far= 1"
#legend string   0 "Lab energy =   70.0000"
@s0 linestyle   1
#  Theta       sigma       iT11        T20         T21         T22         Kyy for projectile
   3.000      0.2939E+05
   4.000      0.1220E+05
   5.000       8308.    
   6.000       6646.    
   7.000       5410.    
   8.000       4288.    
   9.000       3259.    
   10.00       2355.    
   11.00       1601.    
   12.00       1011.    
   13.00       578.8    
   14.00       288.7    
   15.00       116.4    
   16.00       34.38    
   17.00       15.07    
   18.00       33.92    
   19.00       70.82    
   20.00       110.9    
   21.00       144.4    
   22.00       166.2    
   23.00       174.8    
   24.00       171.4    
   25.00       158.5    
   26.00       139.4    
   27.00       117.6    
   28.00       95.60    
   29.00       75.67    
   30.00       59.04    
   31.00       46.27    
   32.00       37.30    
   33.00       31.66    
   34.00       28.62    
   35.00       27.38    
   36.00       27.18    
   37.00       27.35    
   38.00       27.43    
   39.00       27.09    
   40.00       26.20    
   41.00       24.73    
   42.00       22.78    
   43.00       20.46    
   44.00       17.96    
   45.00       15.43    
   46.00       13.00    
   47.00       10.78    
   48.00       8.849    
   49.00       7.223    
   50.00       5.909    
   51.00       4.883    
   52.00       4.107    
   53.00       3.535    
   54.00       3.118    
   55.00       2.812    
   56.00       2.578    
   57.00       2.385    
   58.00       2.211    
   59.00       2.041    
   60.00       1.869    
   61.00       1.692    
   62.00       1.511    
   63.00       1.330    
   64.00       1.154    
   65.00      0.9877    
   66.00      0.8343    
   67.00      0.6970    
   68.00      0.5773    
   69.00      0.4756    
   70.00      0.3914    
   71.00      0.3233    
   72.00      0.2693    
   73.00      0.2272    
   74.00      0.1949    
   75.00      0.1701    
   76.00      0.1509    
   77.00      0.1357    
   78.00      0.1232    
   79.00      0.1124    
   80.00      0.1027    
   81.00      0.9349E-01
   82.00      0.8468E-01
   83.00      0.7614E-01
   84.00      0.6786E-01
   85.00      0.5991E-01
   86.00      0.5239E-01
   87.00      0.4537E-01
   88.00      0.3895E-01
   89.00      0.3317E-01
   90.00      0.2806E-01
   91.00      0.2361E-01
   92.00      0.1981E-01
   93.00      0.1661E-01
   94.00      0.1395E-01
   95.00      0.1177E-01
   96.00      0.1001E-01
   97.00      0.8601E-02
   98.00      0.7477E-02
   99.00      0.6583E-02
   100.0      0.5871E-02
   101.0      0.5298E-02
   102.0      0.4830E-02
   103.0      0.4439E-02
   104.0      0.4102E-02
   105.0      0.3804E-02
   106.0      0.3532E-02
   107.0      0.3279E-02
   108.0      0.3038E-02
   109.0      0.2807E-02
   110.0      0.2584E-02
   111.0      0.2368E-02
   112.0      0.2160E-02
   113.0      0.1961E-02
   114.0      0.1771E-02
   115.0      0.1592E-02
   116.0      0.1424E-02
   117.0      0.1269E-02
   118.0      0.1126E-02
   119.0      0.9972E-03
   120.0      0.8812E-03
   121.0      0.7783E-03
   122.0      0.6883E-03
   123.0      0.6104E-03
   124.0      0.5439E-03
   125.0      0.4879E-03
   126.0      0.4413E-03
   127.0      0.4031E-03
   128.0      0.3720E-03
   129.0      0.3470E-03
   130.0      0.3269E-03
   131.0      0.3108E-03
   132.0      0.2977E-03
   133.0      0.2867E-03
   134.0      0.2771E-03
   135.0      0.2683E-03
   136.0      0.2598E-03
   137.0      0.2512E-03
   138.0      0.2422E-03
   139.0      0.2326E-03
   140.0      0.2223E-03
   141.0      0.2114E-03
   142.0      0.1998E-03
   143.0      0.1877E-03
   144.0      0.1752E-03
   145.0      0.1625E-03
   146.0      0.1498E-03
   147.0      0.1373E-03
   148.0      0.1252E-03
   149.0      0.1136E-03
   150.0      0.1027E-03
   151.0      0.9264E-04
   152.0      0.8357E-04
   153.0      0.7556E-04
   154.0      0.6865E-04
   155.0      0.6286E-04
   156.0      0.5817E-04
   157.0      0.5454E-04
   158.0      0.5188E-04
   159.0      0.5011E-04
   160.0      0.4910E-04
   161.0      0.4872E-04
   162.0      0.4883E-04
   163.0      0.4929E-04
   164.0      0.4997E-04
   165.0      0.5074E-04
   166.0      0.5149E-04
   167.0      0.5214E-04
   168.0      0.5260E-04
   169.0      0.5285E-04
   170.0      0.5286E-04
   171.0      0.5264E-04
   172.0      0.5221E-04
   173.0      0.5162E-04
   174.0      0.5092E-04
   175.0      0.5018E-04
   176.0      0.4946E-04
   177.0      0.4882E-04
   178.0      0.4832E-04
   179.0      0.4800E-04
   180.0      0.4790E-04
 END
@legend string   1 "Partition=  2 Excit=  1 near/far= 1"
#legend string   0 "Lab energy =   70.0000"
@s1 linestyle   2
#  Theta       sigma       iT11        T20         T21         T22         Kyy for projectile
   3.000       24.34    
   4.000       18.04    
   5.000       11.97    
   6.000       6.915    
   7.000       3.358    
   8.000       1.394    
   9.000      0.8033    
   10.00       1.167    
   11.00       2.004    
   12.00       2.890    
   13.00       3.533    
   14.00       3.800    
   15.00       3.697    
   16.00       3.326    
   17.00       2.830    
   18.00       2.351    
   19.00       1.990    
   20.00       1.800    
   21.00       1.782    
   22.00       1.898    
   23.00       2.091    
   24.00       2.295    
   25.00       2.458    
   26.00       2.540    
   27.00       2.525    
   28.00       2.414    
   29.00       2.222    
   30.00       1.975    
   31.00       1.697    
   32.00       1.416    
   33.00       1.150    
   34.00      0.9136    
   35.00      0.7146    
   36.00      0.5544    
   37.00      0.4309    
   38.00      0.3392    
   39.00      0.2730    
   40.00      0.2264    
   41.00      0.1939    
   42.00      0.1710    
   43.00      0.1545    
   44.00      0.1421    
   45.00      0.1324    
   46.00      0.1245    
   47.00      0.1177    
   48.00      0.1117    
   49.00      0.1062    
   50.00      0.1010    
   51.00      0.9576E-01
   52.00      0.9046E-01
   53.00      0.8495E-01
   54.00      0.7924E-01
   55.00      0.7340E-01
   56.00      0.6755E-01
   57.00      0.6187E-01
   58.00      0.5652E-01
   59.00      0.5167E-01
   60.00      0.4742E-01
   61.00      0.4383E-01
   62.00      0.4090E-01
   63.00      0.3857E-01
   64.00      0.3674E-01
   65.00      0.3528E-01
   66.00      0.3405E-01
   67.00      0.3292E-01
   68.00      0.3176E-01
   69.00      0.3051E-01
   70.00      0.2910E-01
   71.00      0.2751E-01
   72.00      0.2576E-01
   73.00      0.2388E-01
   74.00      0.2191E-01
   75.00      0.1992E-01
   76.00      0.1797E-01
   77.00      0.1609E-01
   78.00      0.1435E-01
   79.00      0.1276E-01
   80.00      0.1135E-01
   81.00      0.1012E-01
   82.00      0.9060E-02
   83.00      0.8159E-02
   84.00      0.7396E-02
   85.00      0.6749E-02
   86.00      0.6194E-02
   87.00      0.5709E-02
   88.00      0.5275E-02
   89.00      0.4877E-02
   90.00      0.4503E-02
   91.00      0.4145E-02
   92.00      0.3799E-02
   93.00      0.3463E-02
   94.00      0.3137E-02
   95.00      0.2824E-02
   96.00      0.2526E-02
   97.00      0.2246E-02
   98.00      0.1985E-02
   99.00      0.1746E-02
   100.0      0.1530E-02
   101.0      0.1336E-02
   102.0      0.1165E-02
   103.0      0.1015E-02
   104.0      0.8842E-03
   105.0      0.7714E-03
   106.0      0.6742E-03
   107.0      0.5905E-03
   108.0      0.5184E-03
   109.0      0.4559E-03
   110.0      0.4016E-03
   111.0      0.3541E-03
   112.0      0.3122E-03
   113.0      0.2751E-03
   114.0      0.2421E-03
   115.0      0.2127E-03
   116.0      0.1865E-03
   117.0      0.1633E-03
   118.0      0.1428E-03
   119.0      0.1248E-03
   120.0      0.1091E-03
   121.0      0.9562E-04
   122.0      0.8407E-04
   123.0      0.7429E-04
   124.0      0.6607E-04
   125.0      0.5919E-04
   126.0      0.5346E-04
   127.0      0.4866E-04
   128.0      0.4461E-04
   129.0      0.4114E-04
   130.0      0.3811E-04
   131.0      0.3538E-04
   132.0      0.3287E-04
   133.0      0.3049E-04
   134.0      0.2819E-04
   135.0      0.2595E-04
   136.0      0.2375E-04
   137.0      0.2157E-04
   138.0      0.1945E-04
   139.0      0.1737E-04
   140.0      0.1538E-04
   141.0      0.1348E-04
   142.0      0.1170E-04
   143.0      0.1005E-04
   144.0      0.8553E-05
   145.0      0.7217E-05
   146.0      0.6052E-05
   147.0      0.5058E-05
   148.0      0.4236E-05
   149.0      0.3579E-05
   150.0      0.3077E-05
   151.0      0.2718E-05
   152.0      0.2484E-05
   153.0      0.2357E-05
   154.0      0.2316E-05
   155.0      0.2338E-05
   156.0      0.2402E-05
   157.0      0.2486E-05
   158.0      0.2572E-05
   159.0      0.2642E-05
   160.0      0.2682E-05
   161.0      0.2683E-05
   162.0      0.2639E-05
   163.0      0.2549E-05
   164.0      0.2414E-05
   165.0      0.2241E-05
   166.0      0.2038E-05
   167.0      0.1814E-05
   168.0      0.1581E-05
   169.0      0.1350E-05
   170.0      0.1129E-05
   171.0      0.9276E-06
   172.0      0.7502E-06
   173.0      0.6003E-06
   174.0      0.4787E-06
   175.0      0.3843E-06
   176.0      0.3145E-06
   177.0      0.2656E-06
   178.0      0.2340E-06
   179.0      0.2165E-06
   180.0      0.2109E-06
 END
@legend string   2 "Partition=  2 Excit=  2 near/far= 1"
#legend string   0 "Lab energy =   70.0000"
@s2 linestyle   3
#  Theta       sigma       iT11        T20         T21         T22         Kyy for projectile
   3.000       6.347    
   4.000       6.549    
   5.000       6.535    
   6.000       6.229    
   7.000       5.623    
   8.000       4.776    
   9.000       3.796    
   10.00       2.808    
   11.00       1.927    
   12.00       1.229    
   13.00      0.7498    
   14.00      0.4795    
   15.00      0.3775    
   16.00      0.3865    
   17.00      0.4481    
   18.00      0.5142    
   19.00      0.5536    
   20.00      0.5530    
   21.00      0.5146    
   22.00      0.4506    
   23.00      0.3778    
   24.00      0.3121    
   25.00      0.2654    
   26.00      0.2440    
   27.00      0.2481    
   28.00      0.2734    
   29.00      0.3128    
   30.00      0.3580    
   31.00      0.4018    
   32.00      0.4385    
   33.00      0.4648    
   34.00      0.4799    
   35.00      0.4845    
   36.00      0.4808    
   37.00      0.4715    
   38.00      0.4591    
   39.00      0.4459    
   40.00      0.4334    
   41.00      0.4220    
   42.00      0.4119    
   43.00      0.4025    
   44.00      0.3929    
   45.00      0.3825    
   46.00      0.3705    
   47.00      0.3565    
   48.00      0.3403    
   49.00      0.3221    
   50.00      0.3022    
   51.00      0.2813    
   52.00      0.2599    
   53.00      0.2387    
   54.00      0.2182    
   55.00      0.1989    
   56.00      0.1809    
   57.00      0.1645    
   58.00      0.1497    
   59.00      0.1365    
   60.00      0.1245    
   61.00      0.1138    
   62.00      0.1040    
   63.00      0.9509E-01
   64.00      0.8681E-01
   65.00      0.7909E-01
   66.00      0.7184E-01
   67.00      0.6503E-01
   68.00      0.5863E-01
   69.00      0.5265E-01
   70.00      0.4709E-01
   71.00      0.4196E-01
   72.00      0.3727E-01
   73.00      0.3303E-01
   74.00      0.2923E-01
   75.00      0.2585E-01
   76.00      0.2286E-01
   77.00      0.2023E-01
   78.00      0.1793E-01
   79.00      0.1592E-01
   80.00      0.1416E-01
   81.00      0.1261E-01
   82.00      0.1125E-01
   83.00      0.1004E-01
   84.00      0.8954E-02
   85.00      0.7981E-02
   86.00      0.7104E-02
   87.00      0.6309E-02
   88.00      0.5588E-02
   89.00      0.4936E-02
   90.00      0.4346E-02
   91.00      0.3814E-02
   92.00      0.3337E-02
   93.00      0.2912E-02
   94.00      0.2535E-02
   95.00      0.2202E-02
   96.00      0.1911E-02
   97.00      0.1656E-02
   98.00      0.1436E-02
   99.00      0.1245E-02
   100.0      0.1080E-02
   101.0      0.9382E-03
   102.0      0.8160E-03
   103.0      0.7107E-03
   104.0      0.6197E-03
   105.0      0.5410E-03
   106.0      0.4726E-03
   107.0      0.4130E-03
   108.0      0.3609E-03
   109.0      0.3152E-03
   110.0      0.2752E-03
   111.0      0.2400E-03
   112.0      0.2091E-03
   113.0      0.1819E-03
   114.0      0.1581E-03
   115.0      0.1372E-03
   116.0      0.1190E-03
   117.0      0.1031E-03
   118.0      0.8933E-04
   119.0      0.7734E-04
   120.0      0.6695E-04
   121.0      0.5796E-04
   122.0      0.5018E-04
   123.0      0.4345E-04
   124.0      0.3762E-04
   125.0      0.3256E-04
   126.0      0.2818E-04
   127.0      0.2437E-04
   128.0      0.2105E-04
   129.0      0.1816E-04
   130.0      0.1564E-04
   131.0      0.1345E-04
   132.0      0.1154E-04
   133.0      0.9888E-05
   134.0      0.8454E-05
   135.0      0.7216E-05
   136.0      0.6150E-05
   137.0      0.5236E-05
   138.0      0.4457E-05
   139.0      0.3794E-05
   140.0      0.3233E-05
   141.0      0.2760E-05
   142.0      0.2364E-05
   143.0      0.2035E-05
   144.0      0.1762E-05
   145.0      0.1538E-05
   146.0      0.1357E-05
   147.0      0.1211E-05
   148.0      0.1097E-05
   149.0      0.1007E-05
   150.0      0.9388E-06
   151.0      0.8870E-06
   152.0      0.8479E-06
   153.0      0.8180E-06
   154.0      0.7939E-06
   155.0      0.7732E-06
   156.0      0.7539E-06
   157.0      0.7349E-06
   158.0      0.7158E-06
   159.0      0.6974E-06
   160.0      0.6811E-06
   161.0      0.6691E-06
   162.0      0.6642E-06
   163.0      0.6695E-06
   164.0      0.6881E-06
   165.0      0.7229E-06
   166.0      0.7762E-06
   167.0      0.8494E-06
   168.0      0.9429E-06
   169.0      0.1056E-05
   170.0      0.1186E-05
   171.0      0.1330E-05
   172.0      0.1482E-05
   173.0      0.1639E-05
   174.0      0.1792E-05
   175.0      0.1936E-05
   176.0      0.2065E-05
   177.0      0.2172E-05
   178.0      0.2252E-05
   179.0      0.2302E-05
   180.0      0.2319E-05
 END
@legend string   3 "Partition=  2 Excit=  3 near/far= 1"
#legend string   0 "Lab energy =   70.0000"
@s3 linestyle   4
#  Theta       sigma       iT11        T20         T21         T22         Kyy for projectile
   3.000       6.154    
   4.000       6.042    
   5.000       5.932    
   6.000       5.820    
   7.000       5.686    
   8.000       5.499    
   9.000       5.231    
   10.00       4.861    
   11.00       4.386    
   12.00       3.824    
   13.00       3.209    
   14.00       2.586    
   15.00       1.999    
   16.00       1.487    
   17.00       1.076    
   18.00      0.7754    
   19.00      0.5805    
   20.00      0.4758    
   21.00      0.4392    
   22.00      0.4470    
   23.00      0.4778    
   24.00      0.5156    
   25.00      0.5503    
   26.00      0.5778    
   27.00      0.5985    
   28.00      0.6158    
   29.00      0.6342    
   30.00      0.6573    
   31.00      0.6876    
   32.00      0.7255    
   33.00      0.7692    
   34.00      0.8159    
   35.00      0.8616    
   36.00      0.9024    
   37.00      0.9347    
   38.00      0.9560    
   39.00      0.9649    
   40.00      0.9612    
   41.00      0.9458    
   42.00      0.9204    
   43.00      0.8871    
   44.00      0.8481    
   45.00      0.8057    
   46.00      0.7618    
   47.00      0.7180    
   48.00      0.6751    
   49.00      0.6339    
   50.00      0.5947    
   51.00      0.5573    
   52.00      0.5217    
   53.00      0.4876    
   54.00      0.4547    
   55.00      0.4228    
   56.00      0.3919    
   57.00      0.3619    
   58.00      0.3329    
   59.00      0.3050    
   60.00      0.2783    
   61.00      0.2530    
   62.00      0.2293    
   63.00      0.2073    
   64.00      0.1869    
   65.00      0.1683    
   66.00      0.1514    
   67.00      0.1361    
   68.00      0.1223    
   69.00      0.1100    
   70.00      0.9888E-01
   71.00      0.8892E-01
   72.00      0.7996E-01
   73.00      0.7189E-01
   74.00      0.6459E-01
   75.00      0.5799E-01
   76.00      0.5199E-01
   77.00      0.4655E-01
   78.00      0.4160E-01
   79.00      0.3712E-01
   80.00      0.3305E-01
   81.00      0.2939E-01
   82.00      0.2608E-01
   83.00      0.2312E-01
   84.00      0.2048E-01
   85.00      0.1812E-01
   86.00      0.1603E-01
   87.00      0.1418E-01
   88.00      0.1255E-01
   89.00      0.1111E-01
   90.00      0.9836E-02
   91.00      0.8717E-02
   92.00      0.7731E-02
   93.00      0.6859E-02
   94.00      0.6088E-02
   95.00      0.5404E-02
   96.00      0.4796E-02
   97.00      0.4255E-02
   98.00      0.3773E-02
   99.00      0.3343E-02
   100.0      0.2959E-02
   101.0      0.2616E-02
   102.0      0.2311E-02
   103.0      0.2039E-02
   104.0      0.1797E-02
   105.0      0.1583E-02
   106.0      0.1394E-02
   107.0      0.1227E-02
   108.0      0.1080E-02
   109.0      0.9508E-03
   110.0      0.8376E-03
   111.0      0.7384E-03
   112.0      0.6517E-03
   113.0      0.5758E-03
   114.0      0.5094E-03
   115.0      0.4513E-03
   116.0      0.4004E-03
   117.0      0.3556E-03
   118.0      0.3162E-03
   119.0      0.2815E-03
   120.0      0.2507E-03
   121.0      0.2235E-03
   122.0      0.1993E-03
   123.0      0.1777E-03
   124.0      0.1585E-03
   125.0      0.1414E-03
   126.0      0.1262E-03
   127.0      0.1125E-03
   128.0      0.1004E-03
   129.0      0.8956E-04
   130.0      0.7993E-04
   131.0      0.7137E-04
   132.0      0.6377E-04
   133.0      0.5704E-04
   134.0      0.5108E-04
   135.0      0.4582E-04
   136.0      0.4118E-04
   137.0      0.3709E-04
   138.0      0.3349E-04
   139.0      0.3032E-04
   140.0      0.2753E-04
   141.0      0.2508E-04
   142.0      0.2293E-04
   143.0      0.2103E-04
   144.0      0.1937E-04
   145.0      0.1790E-04
   146.0      0.1661E-04
   147.0      0.1547E-04
   148.0      0.1446E-04
   149.0      0.1356E-04
   150.0      0.1276E-04
   151.0      0.1204E-04
   152.0      0.1139E-04
   153.0      0.1079E-04
   154.0      0.1025E-04
   155.0      0.9743E-05
   156.0      0.9269E-05
   157.0      0.8822E-05
   158.0      0.8396E-05
   159.0      0.7990E-05
   160.0      0.7601E-05
   161.0      0.7230E-05
   162.0      0.6875E-05
   163.0      0.6539E-05
   164.0      0.6223E-05
   165.0      0.5928E-05
   166.0      0.5657E-05
   167.0      0.5411E-05
   168.0      0.5192E-05
   169.0      0.4998E-05
   170.0      0.4832E-05
   171.0      0.4691E-05
   172.0      0.4575E-05
   173.0      0.4482E-05
   174.0      0.4408E-05
   175.0      0.4353E-05
   176.0      0.4311E-05
   177.0      0.4283E-05
   178.0      0.4264E-05
   179.0      0.4253E-05
   180.0      0.4250E-05
 END
