# 178 angles,  1 tensor ranks for 0=projectile
@subtitle   "p+O20 with CH89;"                                                              
@legend ON
@legend x1 0.2
@legend y1 0.8
@g0 type LOGY
@yaxis ticklabel format power
@legend string   0 "Lab energy =   35.0000"
#legend string   0 "Partition=  1 Excit=  1 near/far= 1"
#  Theta       sigma       iT11        T20         T21         T22         Kyy for projectile
   3.000      0.1293E+06
   4.000      0.3552E+05
   5.000      0.1245E+05
   6.000       5232.    
   7.000       2632.    
   8.000       1617.    
   9.000       1203.    
   10.00       1029.    
   11.00       952.6    
   12.00       912.6    
   13.00       883.5    
   14.00       854.6    
   15.00       821.6    
   16.00       783.8    
   17.00       741.3    
   18.00       695.3    
   19.00       646.7    
   20.00       596.8    
   21.00       546.4    
   22.00       496.6    
   23.00       448.0    
   24.00       401.2    
   25.00       356.7    
   26.00       314.9    
   27.00       275.9    
   28.00       240.0    
   29.00       207.2    
   30.00       177.5    
   31.00       150.8    
   32.00       127.1    
   33.00       106.3    
   34.00       88.04    
   35.00       72.27    
   36.00       58.78    
   37.00       47.34    
   38.00       37.75    
   39.00       29.82    
   40.00       23.34    
   41.00       18.13    
   42.00       14.01    
   43.00       10.82    
   44.00       8.399    
   45.00       6.625    
   46.00       5.372    
   47.00       4.534    
   48.00       4.019    
   49.00       3.747    
   50.00       3.651    
   51.00       3.675    
   52.00       3.774    
   53.00       3.911    
   54.00       4.059    
   55.00       4.195    
   56.00       4.306    
   57.00       4.380    
   58.00       4.413    
   59.00       4.401    
   60.00       4.346    
   61.00       4.249    
   62.00       4.114    
   63.00       3.946    
   64.00       3.751    
   65.00       3.534    
   66.00       3.302    
   67.00       3.059    
   68.00       2.810    
   69.00       2.562    
   70.00       2.317    
   71.00       2.079    
   72.00       1.851    
   73.00       1.636    
   74.00       1.436    
   75.00       1.251    
   76.00       1.082    
   77.00      0.9301    
   78.00      0.7949    
   79.00      0.6759    
   80.00      0.5726    
   81.00      0.4842    
   82.00      0.4096    
   83.00      0.3478    
   84.00      0.2975    
   85.00      0.2575    
   86.00      0.2266    
   87.00      0.2036    
   88.00      0.1873    
   89.00      0.1766    
   90.00      0.1705    
   91.00      0.1680    
   92.00      0.1683    
   93.00      0.1706    
   94.00      0.1742    
   95.00      0.1786    
   96.00      0.1832    
   97.00      0.1878    
   98.00      0.1918    
   99.00      0.1952    
   100.0      0.1976    
   101.0      0.1990    
   102.0      0.1993    
   103.0      0.1984    
   104.0      0.1964    
   105.0      0.1933    
   106.0      0.1892    
   107.0      0.1841    
   108.0      0.1781    
   109.0      0.1714    
   110.0      0.1640    
   111.0      0.1561    
   112.0      0.1478    
   113.0      0.1392    
   114.0      0.1304    
   115.0      0.1215    
   116.0      0.1126    
   117.0      0.1038    
   118.0      0.9517E-01
   119.0      0.8677E-01
   120.0      0.7866E-01
   121.0      0.7090E-01
   122.0      0.6352E-01
   123.0      0.5655E-01
   124.0      0.5001E-01
   125.0      0.4394E-01
   126.0      0.3832E-01
   127.0      0.3317E-01
   128.0      0.2848E-01
   129.0      0.2425E-01
   130.0      0.2046E-01
   131.0      0.1711E-01
   132.0      0.1417E-01
   133.0      0.1162E-01
   134.0      0.9442E-02
   135.0      0.7615E-02
   136.0      0.6114E-02
   137.0      0.4915E-02
   138.0      0.3995E-02
   139.0      0.3329E-02
   140.0      0.2895E-02
   141.0      0.2669E-02
   142.0      0.2630E-02
   143.0      0.2758E-02
   144.0      0.3034E-02
   145.0      0.3437E-02
   146.0      0.3952E-02
   147.0      0.4563E-02
   148.0      0.5255E-02
   149.0      0.6013E-02
   150.0      0.6827E-02
   151.0      0.7684E-02
   152.0      0.8574E-02
   153.0      0.9489E-02
   154.0      0.1042E-01
   155.0      0.1136E-01
   156.0      0.1230E-01
   157.0      0.1323E-01
   158.0      0.1416E-01
   159.0      0.1507E-01
   160.0      0.1596E-01
   161.0      0.1683E-01
   162.0      0.1767E-01
   163.0      0.1848E-01
   164.0      0.1926E-01
   165.0      0.2000E-01
   166.0      0.2071E-01
   167.0      0.2138E-01
   168.0      0.2200E-01
   169.0      0.2259E-01
   170.0      0.2312E-01
   171.0      0.2361E-01
   172.0      0.2405E-01
   173.0      0.2445E-01
   174.0      0.2479E-01
   175.0      0.2508E-01
   176.0      0.2532E-01
   177.0      0.2551E-01
   178.0      0.2564E-01
   179.0      0.2572E-01
   180.0      0.2575E-01
 END
