# 178 angles,  1 tensor ranks for 0=projectile
@subtitle   "p+O20 1st with BG ;"                                                           
@legend ON
@legend x1 0.2
@legend y1 0.8
@g0 type LOGY
@yaxis ticklabel format power
@legend string   0 "Lab energy =   43.0000"
#legend string   0 "Partition=  1 Excit=  2 near/far= 1"
#  Theta       sigma       iT11        T20         T21         T22         Kyy for projectile
   3.000       7.426    
   4.000       7.397    
   5.000       7.267    
   6.000       7.040    
   7.000       6.747    
   8.000       6.429    
   9.000       6.118    
   10.00       5.832    
   11.00       5.578    
   12.00       5.359    
   13.00       5.180    
   14.00       5.046    
   15.00       4.957    
   16.00       4.908    
   17.00       4.893    
   18.00       4.904    
   19.00       4.937    
   20.00       4.987    
   21.00       5.047    
   22.00       5.106    
   23.00       5.151    
   24.00       5.170    
   25.00       5.157    
   26.00       5.111    
   27.00       5.034    
   28.00       4.925    
   29.00       4.783    
   30.00       4.607    
   31.00       4.395    
   32.00       4.154    
   33.00       3.891    
   34.00       3.614    
   35.00       3.331    
   36.00       3.045    
   37.00       2.761    
   38.00       2.483    
   39.00       2.216    
   40.00       1.965    
   41.00       1.736    
   42.00       1.530    
   43.00       1.349    
   44.00       1.191    
   45.00       1.058    
   46.00      0.9488    
   47.00      0.8627    
   48.00      0.7976    
   49.00      0.7507    
   50.00      0.7194    
   51.00      0.7011    
   52.00      0.6938    
   53.00      0.6951    
   54.00      0.7023    
   55.00      0.7126    
   56.00      0.7234    
   57.00      0.7329    
   58.00      0.7401    
   59.00      0.7442    
   60.00      0.7447    
   61.00      0.7407    
   62.00      0.7313    
   63.00      0.7163    
   64.00      0.6958    
   65.00      0.6706    
   66.00      0.6415    
   67.00      0.6093    
   68.00      0.5743    
   69.00      0.5370    
   70.00      0.4980    
   71.00      0.4580    
   72.00      0.4180    
   73.00      0.3788    
   74.00      0.3409    
   75.00      0.3046    
   76.00      0.2703    
   77.00      0.2382    
   78.00      0.2087    
   79.00      0.1818    
   80.00      0.1579    
   81.00      0.1369    
   82.00      0.1185    
   83.00      0.1028    
   84.00      0.8959E-01
   85.00      0.7870E-01
   86.00      0.6995E-01
   87.00      0.6310E-01
   88.00      0.5788E-01
   89.00      0.5405E-01
   90.00      0.5140E-01
   91.00      0.4973E-01
   92.00      0.4884E-01
   93.00      0.4853E-01
   94.00      0.4859E-01
   95.00      0.4885E-01
   96.00      0.4919E-01
   97.00      0.4954E-01
   98.00      0.4981E-01
   99.00      0.4994E-01
   100.0      0.4984E-01
   101.0      0.4947E-01
   102.0      0.4881E-01
   103.0      0.4787E-01
   104.0      0.4667E-01
   105.0      0.4524E-01
   106.0      0.4357E-01
   107.0      0.4169E-01
   108.0      0.3963E-01
   109.0      0.3742E-01
   110.0      0.3511E-01
   111.0      0.3275E-01
   112.0      0.3036E-01
   113.0      0.2796E-01
   114.0      0.2559E-01
   115.0      0.2328E-01
   116.0      0.2105E-01
   117.0      0.1893E-01
   118.0      0.1693E-01
   119.0      0.1505E-01
   120.0      0.1330E-01
   121.0      0.1170E-01
   122.0      0.1027E-01
   123.0      0.8991E-02
   124.0      0.7867E-02
   125.0      0.6878E-02
   126.0      0.6016E-02
   127.0      0.5279E-02
   128.0      0.4672E-02
   129.0      0.4192E-02
   130.0      0.3825E-02
   131.0      0.3548E-02
   132.0      0.3342E-02
   133.0      0.3194E-02
   134.0      0.3104E-02
   135.0      0.3073E-02
   136.0      0.3096E-02
   137.0      0.3157E-02
   138.0      0.3237E-02
   139.0      0.3323E-02
   140.0      0.3408E-02
   141.0      0.3496E-02
   142.0      0.3590E-02
   143.0      0.3684E-02
   144.0      0.3770E-02
   145.0      0.3839E-02
   146.0      0.3886E-02
   147.0      0.3912E-02
   148.0      0.3921E-02
   149.0      0.3915E-02
   150.0      0.3894E-02
   151.0      0.3855E-02
   152.0      0.3799E-02
   153.0      0.3729E-02
   154.0      0.3647E-02
   155.0      0.3557E-02
   156.0      0.3458E-02
   157.0      0.3349E-02
   158.0      0.3233E-02
   159.0      0.3114E-02
   160.0      0.2998E-02
   161.0      0.2886E-02
   162.0      0.2779E-02
   163.0      0.2674E-02
   164.0      0.2570E-02
   165.0      0.2466E-02
   166.0      0.2370E-02
   167.0      0.2286E-02
   168.0      0.2214E-02
   169.0      0.2153E-02
   170.0      0.2097E-02
   171.0      0.2045E-02
   172.0      0.1994E-02
   173.0      0.1951E-02
   174.0      0.1918E-02
   175.0      0.1894E-02
   176.0      0.1878E-02
   177.0      0.1866E-02
   178.0      0.1858E-02
   179.0      0.1851E-02
   180.0      0.1848E-02
 END
