# 178 angles,  1 tensor ranks for 0=projectile
@subtitle   "p+O20 1st with BG ;"                                                           
@legend ON
@legend x1 0.2
@legend y1 0.8
@g0 type LOGY
@yaxis ticklabel format power
@legend string   0 "Lab energy =   43.0000"
#legend string   0 "Partition=  1 Excit=  1 near/far= 1"
#  Theta       sigma       iT11        T20         T21         T22         Kyy for projectile
   3.000      0.7913E+05
   4.000      0.2184E+05
   5.000       8440.    
   6.000       4486.    
   7.000       3137.    
   8.000       2614.    
   9.000       2368.    
   10.00       2211.    
   11.00       2078.    
   12.00       1945.    
   13.00       1805.    
   14.00       1660.    
   15.00       1511.    
   16.00       1362.    
   17.00       1215.    
   18.00       1073.    
   19.00       937.8    
   20.00       811.5    
   21.00       695.1    
   22.00       589.2    
   23.00       494.2    
   24.00       410.0    
   25.00       336.6    
   26.00       273.3    
   27.00       219.6    
   28.00       174.8    
   29.00       137.9    
   30.00       108.2    
   31.00       84.70    
   32.00       66.61    
   33.00       53.07    
   34.00       43.31    
   35.00       36.59    
   36.00       32.27    
   37.00       29.79    
   38.00       28.64    
   39.00       28.40    
   40.00       28.73    
   41.00       29.36    
   42.00       30.05    
   43.00       30.66    
   44.00       31.06    
   45.00       31.19    
   46.00       31.01    
   47.00       30.51    
   48.00       29.69    
   49.00       28.59    
   50.00       27.24    
   51.00       25.69    
   52.00       23.98    
   53.00       22.17    
   54.00       20.29    
   55.00       18.41    
   56.00       16.54    
   57.00       14.74    
   58.00       13.01    
   59.00       11.39    
   60.00       9.893    
   61.00       8.527    
   62.00       7.298    
   63.00       6.207    
   64.00       5.253    
   65.00       4.430    
   66.00       3.731    
   67.00       3.147    
   68.00       2.666    
   69.00       2.278    
   70.00       1.971    
   71.00       1.733    
   72.00       1.554    
   73.00       1.423    
   74.00       1.330    
   75.00       1.267    
   76.00       1.227    
   77.00       1.201    
   78.00       1.186    
   79.00       1.176    
   80.00       1.167    
   81.00       1.157    
   82.00       1.143    
   83.00       1.125    
   84.00       1.100    
   85.00       1.070    
   86.00       1.033    
   87.00      0.9915    
   88.00      0.9446    
   89.00      0.8936    
   90.00      0.8393    
   91.00      0.7827    
   92.00      0.7247    
   93.00      0.6663    
   94.00      0.6083    
   95.00      0.5515    
   96.00      0.4965    
   97.00      0.4441    
   98.00      0.3945    
   99.00      0.3482    
   100.0      0.3055    
   101.0      0.2665    
   102.0      0.2313    
   103.0      0.1998    
   104.0      0.1720    
   105.0      0.1478    
   106.0      0.1269    
   107.0      0.1092    
   108.0      0.9443E-01
   109.0      0.8225E-01
   110.0      0.7242E-01
   111.0      0.6467E-01
   112.0      0.5871E-01
   113.0      0.5429E-01
   114.0      0.5115E-01
   115.0      0.4906E-01
   116.0      0.4779E-01
   117.0      0.4717E-01
   118.0      0.4700E-01
   119.0      0.4715E-01
   120.0      0.4748E-01
   121.0      0.4787E-01
   122.0      0.4825E-01
   123.0      0.4854E-01
   124.0      0.4868E-01
   125.0      0.4864E-01
   126.0      0.4838E-01
   127.0      0.4790E-01
   128.0      0.4718E-01
   129.0      0.4624E-01
   130.0      0.4507E-01
   131.0      0.4371E-01
   132.0      0.4215E-01
   133.0      0.4044E-01
   134.0      0.3858E-01
   135.0      0.3661E-01
   136.0      0.3456E-01
   137.0      0.3243E-01
   138.0      0.3026E-01
   139.0      0.2808E-01
   140.0      0.2589E-01
   141.0      0.2373E-01
   142.0      0.2161E-01
   143.0      0.1955E-01
   144.0      0.1756E-01
   145.0      0.1566E-01
   146.0      0.1386E-01
   147.0      0.1218E-01
   148.0      0.1062E-01
   149.0      0.9198E-02
   150.0      0.7914E-02
   151.0      0.6776E-02
   152.0      0.5788E-02
   153.0      0.4954E-02
   154.0      0.4276E-02
   155.0      0.3754E-02
   156.0      0.3386E-02
   157.0      0.3171E-02
   158.0      0.3105E-02
   159.0      0.3181E-02
   160.0      0.3393E-02
   161.0      0.3732E-02
   162.0      0.4189E-02
   163.0      0.4750E-02
   164.0      0.5405E-02
   165.0      0.6136E-02
   166.0      0.6931E-02
   167.0      0.7771E-02
   168.0      0.8640E-02
   169.0      0.9521E-02
   170.0      0.1040E-01
   171.0      0.1125E-01
   172.0      0.1206E-01
   173.0      0.1281E-01
   174.0      0.1350E-01
   175.0      0.1410E-01
   176.0      0.1461E-01
   177.0      0.1502E-01
   178.0      0.1532E-01
   179.0      0.1550E-01
   180.0      0.1556E-01
 END
