# 178 angles,  1 tensor ranks for 0=projectile
@subtitle   "20O + d 2+1 inelastic;"                                                        
@legend ON
@legend x1 0.2
@legend y1 0.8
@g0 type LOGY
@yaxis ticklabel format power
@legend string   0 "Lab energy =   70.0000"
#legend string   0 "Partition=  1 Excit=  2 near/far= 1"
#  Theta       sigma       iT11        T20         T21         T22         Kyy for projectile
   3.000       2.533    
   4.000       2.265    
   5.000       2.025    
   6.000       1.920    
   7.000       2.029    
   8.000       2.360    
   9.000       2.839    
   10.00       3.355    
   11.00       3.819    
   12.00       4.172    
   13.00       4.383    
   14.00       4.426    
   15.00       4.284    
   16.00       3.962    
   17.00       3.496    
   18.00       2.949    
   19.00       2.395    
   20.00       1.894    
   21.00       1.481    
   22.00       1.175    
   23.00      0.9771    
   24.00      0.8812    
   25.00      0.8694    
   26.00      0.9148    
   27.00      0.9865    
   28.00       1.057    
   29.00       1.109    
   30.00       1.132    
   31.00       1.125    
   32.00       1.087    
   33.00       1.022    
   34.00      0.9363    
   35.00      0.8395    
   36.00      0.7417    
   37.00      0.6511    
   38.00      0.5722    
   39.00      0.5068    
   40.00      0.4552    
   41.00      0.4170    
   42.00      0.3908    
   43.00      0.3737    
   44.00      0.3617    
   45.00      0.3509    
   46.00      0.3385    
   47.00      0.3233    
   48.00      0.3053    
   49.00      0.2845    
   50.00      0.2613    
   51.00      0.2362    
   52.00      0.2100    
   53.00      0.1841    
   54.00      0.1595    
   55.00      0.1370    
   56.00      0.1171    
   57.00      0.9980E-01
   58.00      0.8529E-01
   59.00      0.7354E-01
   60.00      0.6431E-01
   61.00      0.5717E-01
   62.00      0.5155E-01
   63.00      0.4700E-01
   64.00      0.4317E-01
   65.00      0.3986E-01
   66.00      0.3682E-01
   67.00      0.3386E-01
   68.00      0.3086E-01
   69.00      0.2784E-01
   70.00      0.2490E-01
   71.00      0.2213E-01
   72.00      0.1955E-01
   73.00      0.1711E-01
   74.00      0.1480E-01
   75.00      0.1269E-01
   76.00      0.1086E-01
   77.00      0.9374E-02
   78.00      0.8180E-02
   79.00      0.7203E-02
   80.00      0.6378E-02
   81.00      0.5684E-02
   82.00      0.5128E-02
   83.00      0.4694E-02
   84.00      0.4332E-02
   85.00      0.3984E-02
   86.00      0.3631E-02
   87.00      0.3290E-02
   88.00      0.2984E-02
   89.00      0.2720E-02
   90.00      0.2476E-02
   91.00      0.2225E-02
   92.00      0.1963E-02
   93.00      0.1714E-02
   94.00      0.1500E-02
   95.00      0.1328E-02
   96.00      0.1185E-02
   97.00      0.1059E-02
   98.00      0.9465E-03
   99.00      0.8522E-03
   100.0      0.7825E-03
   101.0      0.7325E-03
   102.0      0.6881E-03
   103.0      0.6414E-03
   104.0      0.5963E-03
   105.0      0.5586E-03
   106.0      0.5291E-03
   107.0      0.5035E-03
   108.0      0.4749E-03
   109.0      0.4391E-03
   110.0      0.4000E-03
   111.0      0.3647E-03
   112.0      0.3333E-03
   113.0      0.3007E-03
   114.0      0.2658E-03
   115.0      0.2323E-03
   116.0      0.2045E-03
   117.0      0.1846E-03
   118.0      0.1708E-03
   119.0      0.1561E-03
   120.0      0.1356E-03
   121.0      0.1138E-03
   122.0      0.9848E-04
   123.0      0.9182E-04
   124.0      0.9032E-04
   125.0      0.8941E-04
   126.0      0.8524E-04
   127.0      0.7755E-04
   128.0      0.7103E-04
   129.0      0.6900E-04
   130.0      0.6821E-04
   131.0      0.6448E-04
   132.0      0.5865E-04
   133.0      0.5361E-04
   134.0      0.5088E-04
   135.0      0.5115E-04
   136.0      0.5257E-04
   137.0      0.5018E-04
   138.0      0.4231E-04
   139.0      0.3389E-04
   140.0      0.2946E-04
   141.0      0.2849E-04
   142.0      0.2909E-04
   143.0      0.2972E-04
   144.0      0.2783E-04
   145.0      0.2319E-04
   146.0      0.1966E-04
   147.0      0.1898E-04
   148.0      0.1829E-04
   149.0      0.1632E-04
   150.0      0.1505E-04
   151.0      0.1459E-04
   152.0      0.1390E-04
   153.0      0.1426E-04
   154.0      0.1565E-04
   155.0      0.1485E-04
   156.0      0.1175E-04
   157.0      0.1022E-04
   158.0      0.1066E-04
   159.0      0.1033E-04
   160.0      0.9831E-05
   161.0      0.1060E-04
   162.0      0.1033E-04
   163.0      0.8329E-05
   164.0      0.8108E-05
   165.0      0.9559E-05
   166.0      0.8671E-05
   167.0      0.6464E-05
   168.0      0.6921E-05
   169.0      0.8275E-05
   170.0      0.7517E-05
   171.0      0.7398E-05
   172.0      0.9572E-05
   173.0      0.1063E-04
   174.0      0.1091E-04
   175.0      0.1410E-04
   176.0      0.1684E-04
   177.0      0.1436E-04
   178.0      0.1253E-04
   179.0      0.1746E-04
   180.0      0.2159E-04
 END
