# 178 angles,  1 tensor ranks for 0=projectile
@subtitle   "20O + d inelastic scattering;"                                                 
@legend ON
@legend x1 0.2
@legend y1 0.8
@g0 type LOGY
@yaxis ticklabel format power
@legend string   0 "Lab energy =   70.0000"
#legend string   0 "Partition=  1 Excit=  2 near/far= 1"
#  Theta       sigma       iT11        T20         T21         T22         Kyy for projectile
   3.000       9.896    
   4.000       8.829    
   5.000       8.082    
   6.000       8.017    
   7.000       8.860    
   8.000       10.60    
   9.000       12.97    
   10.00       15.60    
   11.00       18.10    
   12.00       20.13    
   13.00       21.46    
   14.00       21.90    
   15.00       21.37    
   16.00       19.93    
   17.00       17.74    
   18.00       15.09    
   19.00       12.31    
   20.00       9.698    
   21.00       7.476    
   22.00       5.778    
   23.00       4.654    
   24.00       4.083    
   25.00       3.985    
   26.00       4.227    
   27.00       4.658    
   28.00       5.130    
   29.00       5.529    
   30.00       5.780    
   31.00       5.845    
   32.00       5.717    
   33.00       5.414    
   34.00       4.972    
   35.00       4.444    
   36.00       3.888    
   37.00       3.353    
   38.00       2.877    
   39.00       2.482    
   40.00       2.175    
   41.00       1.956    
   42.00       1.815    
   43.00       1.734    
   44.00       1.693    
   45.00       1.670    
   46.00       1.647    
   47.00       1.611    
   48.00       1.557    
   49.00       1.482    
   50.00       1.387    
   51.00       1.275    
   52.00       1.149    
   53.00       1.017    
   54.00      0.8846    
   55.00      0.7595    
   56.00      0.6456    
   57.00      0.5455    
   58.00      0.4603    
   59.00      0.3901    
   60.00      0.3339    
   61.00      0.2904    
   62.00      0.2572    
   63.00      0.2318    
   64.00      0.2120    
   65.00      0.1959    
   66.00      0.1820    
   67.00      0.1693    
   68.00      0.1570    
   69.00      0.1445    
   70.00      0.1318    
   71.00      0.1188    
   72.00      0.1059    
   73.00      0.9339E-01
   74.00      0.8147E-01
   75.00      0.7039E-01
   76.00      0.6033E-01
   77.00      0.5140E-01
   78.00      0.4366E-01
   79.00      0.3706E-01
   80.00      0.3152E-01
   81.00      0.2693E-01
   82.00      0.2319E-01
   83.00      0.2017E-01
   84.00      0.1774E-01
   85.00      0.1576E-01
   86.00      0.1412E-01
   87.00      0.1274E-01
   88.00      0.1157E-01
   89.00      0.1057E-01
   90.00      0.9698E-02
   91.00      0.8902E-02
   92.00      0.8148E-02
   93.00      0.7434E-02
   94.00      0.6780E-02
   95.00      0.6194E-02
   96.00      0.5668E-02
   97.00      0.5180E-02
   98.00      0.4705E-02
   99.00      0.4243E-02
   100.0      0.3808E-02
   101.0      0.3417E-02
   102.0      0.3070E-02
   103.0      0.2754E-02
   104.0      0.2457E-02
   105.0      0.2173E-02
   106.0      0.1908E-02
   107.0      0.1674E-02
   108.0      0.1474E-02
   109.0      0.1301E-02
   110.0      0.1146E-02
   111.0      0.1008E-02
   112.0      0.8910E-03
   113.0      0.8005E-03
   114.0      0.7367E-03
   115.0      0.6923E-03
   116.0      0.6550E-03
   117.0      0.6188E-03
   118.0      0.5874E-03
   119.0      0.5666E-03
   120.0      0.5577E-03
   121.0      0.5573E-03
   122.0      0.5575E-03
   123.0      0.5497E-03
   124.0      0.5321E-03
   125.0      0.5109E-03
   126.0      0.4918E-03
   127.0      0.4747E-03
   128.0      0.4574E-03
   129.0      0.4370E-03
   130.0      0.4104E-03
   131.0      0.3795E-03
   132.0      0.3500E-03
   133.0      0.3244E-03
   134.0      0.3002E-03
   135.0      0.2753E-03
   136.0      0.2506E-03
   137.0      0.2266E-03
   138.0      0.2053E-03
   139.0      0.1897E-03
   140.0      0.1784E-03
   141.0      0.1663E-03
   142.0      0.1523E-03
   143.0      0.1394E-03
   144.0      0.1301E-03
   145.0      0.1247E-03
   146.0      0.1236E-03
   147.0      0.1239E-03
   148.0      0.1204E-03
   149.0      0.1132E-03
   150.0      0.1074E-03
   151.0      0.1054E-03
   152.0      0.1058E-03
   153.0      0.1080E-03
   154.0      0.1099E-03
   155.0      0.1075E-03
   156.0      0.1016E-03
   157.0      0.9781E-04
   158.0      0.9754E-04
   159.0      0.9795E-04
   160.0      0.9843E-04
   161.0      0.9890E-04
   162.0      0.9631E-04
   163.0      0.9056E-04
   164.0      0.8669E-04
   165.0      0.8593E-04
   166.0      0.8433E-04
   167.0      0.8163E-04
   168.0      0.8018E-04
   169.0      0.7750E-04
   170.0      0.7141E-04
   171.0      0.6625E-04
   172.0      0.6481E-04
   173.0      0.6354E-04
   174.0      0.6172E-04
   175.0      0.6222E-04
   176.0      0.6182E-04
   177.0      0.5658E-04
   178.0      0.5309E-04
   179.0      0.5742E-04
   180.0      0.6145E-04
 END
