# 178 angles,  1 tensor ranks for 0=projectile
@subtitle   "20O(d,t) @ 30AMeV Daeh (d) + Pang (t)"                                         
@legend ON
@legend x1 0.2
@legend y1 0.8
@g0 type LOGY
@yaxis ticklabel format power
@legend string   0 "Lab energy =   70.0000"
#legend string   0 "Partition=  2 Excit=  4 near/far= 1"
#  Theta       sigma       iT11        T20         T21         T22         Kyy for projectile
   3.000      0.2463    
   4.000      0.2838    
   5.000      0.3219    
   6.000      0.3578    
   7.000      0.3910    
   8.000      0.4232    
   9.000      0.4568    
   10.00      0.4940    
   11.00      0.5353    
   12.00      0.5787    
   13.00      0.6196    
   14.00      0.6523    
   15.00      0.6703    
   16.00      0.6686    
   17.00      0.6445    
   18.00      0.5983    
   19.00      0.5334    
   20.00      0.4557    
   21.00      0.3726    
   22.00      0.2919    
   23.00      0.2203    
   24.00      0.1630    
   25.00      0.1227    
   26.00      0.9989E-01
   27.00      0.9289E-01
   28.00      0.9850E-01
   29.00      0.1127    
   30.00      0.1314    
   31.00      0.1507    
   32.00      0.1680    
   33.00      0.1815    
   34.00      0.1903    
   35.00      0.1948    
   36.00      0.1959    
   37.00      0.1948    
   38.00      0.1929    
   39.00      0.1913    
   40.00      0.1909    
   41.00      0.1922    
   42.00      0.1950    
   43.00      0.1992    
   44.00      0.2041    
   45.00      0.2091    
   46.00      0.2133    
   47.00      0.2162    
   48.00      0.2173    
   49.00      0.2163    
   50.00      0.2131    
   51.00      0.2079    
   52.00      0.2009    
   53.00      0.1925    
   54.00      0.1830    
   55.00      0.1730    
   56.00      0.1627    
   57.00      0.1525    
   58.00      0.1426    
   59.00      0.1332    
   60.00      0.1244    
   61.00      0.1163    
   62.00      0.1087    
   63.00      0.1016    
   64.00      0.9498E-01
   65.00      0.8876E-01
   66.00      0.8285E-01
   67.00      0.7721E-01
   68.00      0.7178E-01
   69.00      0.6656E-01
   70.00      0.6152E-01
   71.00      0.5669E-01
   72.00      0.5206E-01
   73.00      0.4766E-01
   74.00      0.4350E-01
   75.00      0.3960E-01
   76.00      0.3598E-01
   77.00      0.3263E-01
   78.00      0.2956E-01
   79.00      0.2676E-01
   80.00      0.2422E-01
   81.00      0.2192E-01
   82.00      0.1985E-01
   83.00      0.1798E-01
   84.00      0.1630E-01
   85.00      0.1478E-01
   86.00      0.1341E-01
   87.00      0.1217E-01
   88.00      0.1104E-01
   89.00      0.1001E-01
   90.00      0.9077E-02
   91.00      0.8223E-02
   92.00      0.7443E-02
   93.00      0.6731E-02
   94.00      0.6080E-02
   95.00      0.5488E-02
   96.00      0.4949E-02
   97.00      0.4460E-02
   98.00      0.4017E-02
   99.00      0.3617E-02
   100.0      0.3256E-02
   101.0      0.2932E-02
   102.0      0.2640E-02
   103.0      0.2378E-02
   104.0      0.2144E-02
   105.0      0.1933E-02
   106.0      0.1745E-02
   107.0      0.1576E-02
   108.0      0.1424E-02
   109.0      0.1287E-02
   110.0      0.1164E-02
   111.0      0.1053E-02
   112.0      0.9531E-03
   113.0      0.8626E-03
   114.0      0.7806E-03
   115.0      0.7065E-03
   116.0      0.6393E-03
   117.0      0.5784E-03
   118.0      0.5233E-03
   119.0      0.4735E-03
   120.0      0.4284E-03
   121.0      0.3876E-03
   122.0      0.3507E-03
   123.0      0.3174E-03
   124.0      0.2874E-03
   125.0      0.2602E-03
   126.0      0.2357E-03
   127.0      0.2136E-03
   128.0      0.1936E-03
   129.0      0.1755E-03
   130.0      0.1592E-03
   131.0      0.1444E-03
   132.0      0.1310E-03
   133.0      0.1188E-03
   134.0      0.1078E-03
   135.0      0.9788E-04
   136.0      0.8887E-04
   137.0      0.8072E-04
   138.0      0.7337E-04
   139.0      0.6674E-04
   140.0      0.6079E-04
   141.0      0.5544E-04
   142.0      0.5066E-04
   143.0      0.4639E-04
   144.0      0.4258E-04
   145.0      0.3919E-04
   146.0      0.3617E-04
   147.0      0.3349E-04
   148.0      0.3109E-04
   149.0      0.2895E-04
   150.0      0.2701E-04
   151.0      0.2526E-04
   152.0      0.2364E-04
   153.0      0.2214E-04
   154.0      0.2073E-04
   155.0      0.1938E-04
   156.0      0.1808E-04
   157.0      0.1682E-04
   158.0      0.1560E-04
   159.0      0.1442E-04
   160.0      0.1328E-04
   161.0      0.1220E-04
   162.0      0.1119E-04
   163.0      0.1028E-04
   164.0      0.9473E-05
   165.0      0.8800E-05
   166.0      0.8272E-05
   167.0      0.7902E-05
   168.0      0.7693E-05
   169.0      0.7644E-05
   170.0      0.7746E-05
   171.0      0.7981E-05
   172.0      0.8326E-05
   173.0      0.8750E-05
   174.0      0.9220E-05
   175.0      0.9699E-05
   176.0      0.1015E-04
   177.0      0.1054E-04
   178.0      0.1084E-04
   179.0      0.1103E-04
   180.0      0.1110E-04
 END
