# Fusion cross sections for ELAB=  70.000, ECM=  63.596
     0.0   1.720       1.754      0.3488E-01
     1.0   15.48       15.79      0.3022    
     2.0   25.91       26.37      0.4663    
     3.0   36.48       37.05      0.5705    
     4.0   47.25       47.85      0.6062    
     5.0   58.24       58.82      0.5760    
     6.0   69.41       69.90      0.4914    
     7.0   80.63       81.03      0.3954    
     8.0   91.24       91.59      0.3511    
     9.0   99.36       99.75      0.3876    
    10.0   102.1       102.6      0.5138    
    11.0   96.21       96.92      0.7127    
    12.0   80.02       80.85      0.8363    
    13.0   58.50       59.23      0.7223    
    14.0   39.06       39.53      0.4712    
    15.0   24.79       25.05      0.2554    
    16.0   15.34       15.46      0.1245    
    17.0   9.362       9.419      0.5716E-01
    18.0   5.672       5.697      0.2534E-01
    19.0   3.419       3.430      0.1100E-01
    20.0   2.054       2.058      0.4719E-02
    21.0   1.230       1.232      0.2011E-02
    22.0  0.7344      0.7353      0.8537E-03
    23.0  0.4375      0.4379      0.3617E-03
    24.0  0.2600      0.2602      0.1531E-03
    25.0  0.1542      0.1543      0.6480E-04
    26.0  0.9127E-01  0.9129E-01  0.2742E-04
    27.0  0.5391E-01  0.5392E-01  0.1160E-04
    28.0  0.3178E-01  0.3178E-01  0.4911E-05
    29.0  0.1870E-01  0.1871E-01  0.2079E-05
    30.0  0.1099E-01  0.1099E-01  0.8801E-06
    31.0  0.6447E-02  0.6447E-02  0.3727E-06
    32.0  0.3776E-02  0.3777E-02  0.1579E-06
    33.0  0.2209E-02  0.2209E-02  0.6688E-07
    34.0  0.1291E-02  0.1291E-02  0.2833E-07
    35.0  0.7531E-03  0.7531E-03  0.1201E-07
    36.0  0.4389E-03  0.4389E-03  0.5089E-08
    37.0  0.2555E-03  0.2555E-03  0.2157E-08
    38.0  0.1486E-03  0.1486E-03  0.9143E-09
    39.0  0.8635E-04  0.8635E-04  0.3876E-09
    40.0  0.5012E-04  0.5013E-04  0.1643E-09
    41.0  0.2907E-04  0.2907E-04  0.6968E-10
    42.0  0.1684E-04  0.1684E-04  0.2955E-10
    43.0  0.9753E-05  0.9753E-05  0.1253E-10
    44.0  0.5642E-05  0.5642E-05  0.5314E-11
    45.0  0.3262E-05  0.3262E-05  0.2254E-11
    46.0  0.1884E-05  0.1884E-05  0.9560E-12
    47.0  0.1088E-05  0.1088E-05  0.4055E-12
    48.0  0.6276E-06  0.6276E-06  0.1720E-12
    49.0  0.3619E-06  0.3619E-06  0.7298E-13
    50.0  0.2085E-06  0.2085E-06  0.3096E-13
    51.0  0.1201E-06  0.1201E-06  0.1313E-13
    52.0  0.6912E-07  0.6912E-07  0.5571E-14
    53.0  0.3976E-07  0.3976E-07  0.2364E-14
    54.0  0.2286E-07  0.2286E-07  0.1003E-14
    55.0  0.1314E-07  0.1314E-07  0.4254E-15
    56.0  0.7546E-08  0.7546E-08  0.1799E-15
    57.0  0.4333E-08  0.4333E-08  0.7640E-16
    58.0  0.2486E-08  0.2486E-08  0.3239E-16
    59.0  0.1426E-08  0.1426E-08  0.1379E-16
    60.0  0.8183E-09  0.8183E-09  0.5837E-17
 &
