# 178 angles,  1 tensor ranks for 0=projectile
@subtitle   "20O(d,t) @ 30AMeV Daeh (d) + Pang (t)"                                         
@legend ON
@legend x1 0.2
@legend y1 0.8
@g0 type LOGY
@yaxis ticklabel format power
@legend string   0 "Lab energy =   70.0000"
#legend string   0 "Partition=  2 Excit=  2 near/far= 1"
#  Theta       sigma       iT11        T20         T21         T22         Kyy for projectile
   3.000       2.156    
   4.000       2.583    
   5.000       2.950    
   6.000       3.181    
   7.000       3.232    
   8.000       3.093    
   9.000       2.790    
   10.00       2.375    
   11.00       1.911    
   12.00       1.461    
   13.00       1.075    
   14.00      0.7820    
   15.00      0.5913    
   16.00      0.4936    
   17.00      0.4670    
   18.00      0.4841    
   19.00      0.5182    
   20.00      0.5481    
   21.00      0.5604    
   22.00      0.5502    
   23.00      0.5196    
   24.00      0.4755    
   25.00      0.4268    
   26.00      0.3821    
   27.00      0.3482    
   28.00      0.3290    
   29.00      0.3252    
   30.00      0.3350    
   31.00      0.3547    
   32.00      0.3800    
   33.00      0.4064    
   34.00      0.4304    
   35.00      0.4494    
   36.00      0.4622    
   37.00      0.4688    
   38.00      0.4698    
   39.00      0.4665    
   40.00      0.4606    
   41.00      0.4532    
   42.00      0.4455    
   43.00      0.4381    
   44.00      0.4311    
   45.00      0.4245    
   46.00      0.4179    
   47.00      0.4106    
   48.00      0.4021    
   49.00      0.3921    
   50.00      0.3803    
   51.00      0.3665    
   52.00      0.3510    
   53.00      0.3339    
   54.00      0.3158    
   55.00      0.2970    
   56.00      0.2780    
   57.00      0.2592    
   58.00      0.2411    
   59.00      0.2238    
   60.00      0.2076    
   61.00      0.1925    
   62.00      0.1785    
   63.00      0.1656    
   64.00      0.1537    
   65.00      0.1427    
   66.00      0.1324    
   67.00      0.1227    
   68.00      0.1136    
   69.00      0.1050    
   70.00      0.9680E-01
   71.00      0.8903E-01
   72.00      0.8167E-01
   73.00      0.7473E-01
   74.00      0.6821E-01
   75.00      0.6212E-01
   76.00      0.5648E-01
   77.00      0.5129E-01
   78.00      0.4653E-01
   79.00      0.4220E-01
   80.00      0.3828E-01
   81.00      0.3473E-01
   82.00      0.3154E-01
   83.00      0.2866E-01
   84.00      0.2606E-01
   85.00      0.2371E-01
   86.00      0.2159E-01
   87.00      0.1965E-01
   88.00      0.1789E-01
   89.00      0.1627E-01
   90.00      0.1479E-01
   91.00      0.1343E-01
   92.00      0.1218E-01
   93.00      0.1103E-01
   94.00      0.9968E-02
   95.00      0.8999E-02
   96.00      0.8113E-02
   97.00      0.7306E-02
   98.00      0.6574E-02
   99.00      0.5913E-02
   100.0      0.5316E-02
   101.0      0.4780E-02
   102.0      0.4300E-02
   103.0      0.3871E-02
   104.0      0.3488E-02
   105.0      0.3145E-02
   106.0      0.2840E-02
   107.0      0.2567E-02
   108.0      0.2322E-02
   109.0      0.2103E-02
   110.0      0.1906E-02
   111.0      0.1728E-02
   112.0      0.1567E-02
   113.0      0.1421E-02
   114.0      0.1289E-02
   115.0      0.1170E-02
   116.0      0.1061E-02
   117.0      0.9615E-03
   118.0      0.8714E-03
   119.0      0.7895E-03
   120.0      0.7151E-03
   121.0      0.6476E-03
   122.0      0.5864E-03
   123.0      0.5309E-03
   124.0      0.4807E-03
   125.0      0.4352E-03
   126.0      0.3940E-03
   127.0      0.3568E-03
   128.0      0.3231E-03
   129.0      0.2926E-03
   130.0      0.2650E-03
   131.0      0.2400E-03
   132.0      0.2173E-03
   133.0      0.1968E-03
   134.0      0.1783E-03
   135.0      0.1615E-03
   136.0      0.1462E-03
   137.0      0.1324E-03
   138.0      0.1199E-03
   139.0      0.1086E-03
   140.0      0.9840E-04
   141.0      0.8915E-04
   142.0      0.8079E-04
   143.0      0.7325E-04
   144.0      0.6646E-04
   145.0      0.6037E-04
   146.0      0.5490E-04
   147.0      0.5000E-04
   148.0      0.4563E-04
   149.0      0.4173E-04
   150.0      0.3824E-04
   151.0      0.3512E-04
   152.0      0.3231E-04
   153.0      0.2977E-04
   154.0      0.2745E-04
   155.0      0.2532E-04
   156.0      0.2334E-04
   157.0      0.2150E-04
   158.0      0.1978E-04
   159.0      0.1817E-04
   160.0      0.1670E-04
   161.0      0.1535E-04
   162.0      0.1416E-04
   163.0      0.1313E-04
   164.0      0.1229E-04
   165.0      0.1165E-04
   166.0      0.1121E-04
   167.0      0.1099E-04
   168.0      0.1097E-04
   169.0      0.1113E-04
   170.0      0.1147E-04
   171.0      0.1194E-04
   172.0      0.1251E-04
   173.0      0.1314E-04
   174.0      0.1380E-04
   175.0      0.1443E-04
   176.0      0.1501E-04
   177.0      0.1550E-04
   178.0      0.1587E-04
   179.0      0.1610E-04
   180.0      0.1618E-04
 END
