# 178 angles,  1 tensor ranks for 0=projectile
@subtitle   "p+O20 1.with BG ;"                                                             
@legend ON
@legend x1 0.2
@legend y1 0.8
@g0 type LOGY
@yaxis ticklabel format power
@legend string   0 "Lab energy =   43.0000"
#legend string   0 "Partition=  1 Excit=  2 near/far= 1"
#  Theta       sigma       iT11        T20         T21         T22         Kyy for projectile
   3.000       25.86    
   4.000       25.22    
   5.000       24.46    
   6.000       23.60    
   7.000       22.69    
   8.000       21.76    
   9.000       20.86    
   10.00       20.02    
   11.00       19.27    
   12.00       18.66    
   13.00       18.19    
   14.00       17.88    
   15.00       17.73    
   16.00       17.73    
   17.00       17.86    
   18.00       18.09    
   19.00       18.40    
   20.00       18.75    
   21.00       19.10    
   22.00       19.41    
   23.00       19.66    
   24.00       19.80    
   25.00       19.82    
   26.00       19.70    
   27.00       19.44    
   28.00       19.02    
   29.00       18.46    
   30.00       17.77    
   31.00       16.95    
   32.00       16.03    
   33.00       15.03    
   34.00       13.97    
   35.00       12.88    
   36.00       11.77    
   37.00       10.67    
   38.00       9.602    
   39.00       8.577    
   40.00       7.613    
   41.00       6.722    
   42.00       5.915    
   43.00       5.197    
   44.00       4.574    
   45.00       4.045    
   46.00       3.609    
   47.00       3.262    
   48.00       2.996    
   49.00       2.804    
   50.00       2.676    
   51.00       2.601    
   52.00       2.569    
   53.00       2.570    
   54.00       2.592    
   55.00       2.627    
   56.00       2.667    
   57.00       2.705    
   58.00       2.735    
   59.00       2.753    
   60.00       2.756    
   61.00       2.742    
   62.00       2.709    
   63.00       2.659    
   64.00       2.590    
   65.00       2.505    
   66.00       2.404    
   67.00       2.289    
   68.00       2.164    
   69.00       2.029    
   70.00       1.888    
   71.00       1.743    
   72.00       1.596    
   73.00       1.450    
   74.00       1.307    
   75.00       1.169    
   76.00       1.038    
   77.00      0.9157    
   78.00      0.8026    
   79.00      0.6996    
   80.00      0.6071    
   81.00      0.5253    
   82.00      0.4539    
   83.00      0.3925    
   84.00      0.3406    
   85.00      0.2974    
   86.00      0.2621    
   87.00      0.2339    
   88.00      0.2120    
   89.00      0.1956    
   90.00      0.1839    
   91.00      0.1760    
   92.00      0.1714    
   93.00      0.1692    
   94.00      0.1689    
   95.00      0.1699    
   96.00      0.1716    
   97.00      0.1735    
   98.00      0.1753    
   99.00      0.1765    
   100.0      0.1770    
   101.0      0.1764    
   102.0      0.1748    
   103.0      0.1721    
   104.0      0.1683    
   105.0      0.1634    
   106.0      0.1577    
   107.0      0.1512    
   108.0      0.1441    
   109.0      0.1364    
   110.0      0.1285    
   111.0      0.1203    
   112.0      0.1119    
   113.0      0.1036    
   114.0      0.9527E-01
   115.0      0.8710E-01
   116.0      0.7913E-01
   117.0      0.7143E-01
   118.0      0.6406E-01
   119.0      0.5709E-01
   120.0      0.5057E-01
   121.0      0.4456E-01
   122.0      0.3908E-01
   123.0      0.3416E-01
   124.0      0.2982E-01
   125.0      0.2604E-01
   126.0      0.2280E-01
   127.0      0.2007E-01
   128.0      0.1780E-01
   129.0      0.1594E-01
   130.0      0.1445E-01
   131.0      0.1327E-01
   132.0      0.1235E-01
   133.0      0.1167E-01
   134.0      0.1120E-01
   135.0      0.1090E-01
   136.0      0.1077E-01
   137.0      0.1078E-01
   138.0      0.1093E-01
   139.0      0.1118E-01
   140.0      0.1152E-01
   141.0      0.1193E-01
   142.0      0.1237E-01
   143.0      0.1283E-01
   144.0      0.1326E-01
   145.0      0.1364E-01
   146.0      0.1396E-01
   147.0      0.1419E-01
   148.0      0.1433E-01
   149.0      0.1436E-01
   150.0      0.1430E-01
   151.0      0.1414E-01
   152.0      0.1391E-01
   153.0      0.1362E-01
   154.0      0.1329E-01
   155.0      0.1294E-01
   156.0      0.1257E-01
   157.0      0.1221E-01
   158.0      0.1184E-01
   159.0      0.1149E-01
   160.0      0.1114E-01
   161.0      0.1080E-01
   162.0      0.1046E-01
   163.0      0.1013E-01
   164.0      0.9810E-02
   165.0      0.9496E-02
   166.0      0.9193E-02
   167.0      0.8902E-02
   168.0      0.8623E-02
   169.0      0.8360E-02
   170.0      0.8112E-02
   171.0      0.7881E-02
   172.0      0.7670E-02
   173.0      0.7481E-02
   174.0      0.7315E-02
   175.0      0.7175E-02
   176.0      0.7062E-02
   177.0      0.6975E-02
   178.0      0.6914E-02
   179.0      0.6878E-02
   180.0      0.6867E-02
 END
