# 178 angles,  1 tensor ranks for 0=projectile
@subtitle   "p+O20 1st with BG ;"                                                           
@legend ON
@legend x1 0.2
@legend y1 0.8
@g0 type LOGY
@yaxis ticklabel format power
@legend string   0 "Lab energy =   43.0000"
#legend string   0 "Partition=  1 Excit=  1 near/far= 1"
#  Theta       sigma       iT11        T20         T21         T22         Kyy for projectile
   3.000      0.7978E+05
   4.000      0.2214E+05
   5.000       8579.    
   6.000       4541.    
   7.000       3145.    
   8.000       2595.    
   9.000       2333.    
   10.00       2168.    
   11.00       2031.    
   12.00       1897.    
   13.00       1758.    
   14.00       1616.    
   15.00       1470.    
   16.00       1324.    
   17.00       1181.    
   18.00       1043.    
   19.00       911.5    
   20.00       788.7    
   21.00       675.5    
   22.00       572.4    
   23.00       479.9    
   24.00       397.9    
   25.00       326.1    
   26.00       264.3    
   27.00       211.7    
   28.00       167.6    
   29.00       131.3    
   30.00       102.0    
   31.00       78.72    
   32.00       60.72    
   33.00       47.18    
   34.00       37.36    
   35.00       30.55    
   36.00       26.14    
   37.00       23.58    
   38.00       22.39    
   39.00       22.14    
   40.00       22.52    
   41.00       23.24    
   42.00       24.08    
   43.00       24.88    
   44.00       25.52    
   45.00       25.93    
   46.00       26.06    
   47.00       25.89    
   48.00       25.42    
   49.00       24.68    
   50.00       23.70    
   51.00       22.50    
   52.00       21.15    
   53.00       19.67    
   54.00       18.11    
   55.00       16.52    
   56.00       14.92    
   57.00       13.35    
   58.00       11.84    
   59.00       10.41    
   60.00       9.069    
   61.00       7.838    
   62.00       6.720    
   63.00       5.720    
   64.00       4.838    
   65.00       4.071    
   66.00       3.413    
   67.00       2.857    
   68.00       2.396    
   69.00       2.020    
   70.00       1.720    
   71.00       1.485    
   72.00       1.306    
   73.00       1.174    
   74.00       1.081    
   75.00       1.017    
   76.00      0.9777    
   77.00      0.9550    
   78.00      0.9439    
   79.00      0.9400    
   80.00      0.9394    
   81.00      0.9391    
   82.00      0.9370    
   83.00      0.9313    
   84.00      0.9209    
   85.00      0.9052    
   86.00      0.8839    
   87.00      0.8572    
   88.00      0.8254    
   89.00      0.7890    
   90.00      0.7487    
   91.00      0.7053    
   92.00      0.6596    
   93.00      0.6124    
   94.00      0.5644    
   95.00      0.5165    
   96.00      0.4692    
   97.00      0.4233    
   98.00      0.3791    
   99.00      0.3372    
   100.0      0.2978    
   101.0      0.2613    
   102.0      0.2277    
   103.0      0.1972    
   104.0      0.1699    
   105.0      0.1455    
   106.0      0.1242    
   107.0      0.1057    
   108.0      0.8986E-01
   109.0      0.7653E-01
   110.0      0.6549E-01
   111.0      0.5650E-01
   112.0      0.4935E-01
   113.0      0.4381E-01
   114.0      0.3966E-01
   115.0      0.3670E-01
   116.0      0.3471E-01
   117.0      0.3351E-01
   118.0      0.3294E-01
   119.0      0.3285E-01
   120.0      0.3309E-01
   121.0      0.3355E-01
   122.0      0.3413E-01
   123.0      0.3474E-01
   124.0      0.3532E-01
   125.0      0.3581E-01
   126.0      0.3617E-01
   127.0      0.3638E-01
   128.0      0.3640E-01
   129.0      0.3624E-01
   130.0      0.3588E-01
   131.0      0.3533E-01
   132.0      0.3460E-01
   133.0      0.3370E-01
   134.0      0.3264E-01
   135.0      0.3145E-01
   136.0      0.3013E-01
   137.0      0.2870E-01
   138.0      0.2719E-01
   139.0      0.2561E-01
   140.0      0.2398E-01
   141.0      0.2232E-01
   142.0      0.2065E-01
   143.0      0.1897E-01
   144.0      0.1730E-01
   145.0      0.1567E-01
   146.0      0.1408E-01
   147.0      0.1254E-01
   148.0      0.1107E-01
   149.0      0.9677E-02
   150.0      0.8372E-02
   151.0      0.7165E-02
   152.0      0.6064E-02
   153.0      0.5078E-02
   154.0      0.4212E-02
   155.0      0.3473E-02
   156.0      0.2864E-02
   157.0      0.2388E-02
   158.0      0.2046E-02
   159.0      0.1838E-02
   160.0      0.1761E-02
   161.0      0.1811E-02
   162.0      0.1982E-02
   163.0      0.2266E-02
   164.0      0.2652E-02
   165.0      0.3130E-02
   166.0      0.3686E-02
   167.0      0.4306E-02
   168.0      0.4973E-02
   169.0      0.5672E-02
   170.0      0.6386E-02
   171.0      0.7097E-02
   172.0      0.7789E-02
   173.0      0.8444E-02
   174.0      0.9047E-02
   175.0      0.9584E-02
   176.0      0.1004E-01
   177.0      0.1041E-01
   178.0      0.1068E-01
   179.0      0.1084E-01
   180.0      0.1090E-01
 END
