           2           1           1
    0.5+     0 1   17.48       0.000      0.2813       17.20    
    0.5-     1 1   17.76       0.000      0.2334       17.53    
    1.5+     2 1   35.48       0.000      0.4900       34.99    
    1.5-     1 1   35.20       0.000      0.4242       34.78    
    2.5+     2 1   53.22       0.000      0.7024       52.52    
    2.5-     3 1   53.91       0.000      0.5088       53.40    
    3.5+     4 1   78.17       0.000       1.089       77.08    
    3.5-     3 1   69.66       0.000      0.5896       69.07    
    4.5+     4 1   97.95       0.000       1.216       96.73    
    4.5-     5 1   72.97       0.000      0.9382       72.03    
    5.5+     6 1   40.76       0.000      0.5672       40.20    
    5.5-     5 1   97.89       0.000       1.227       96.66    
    6.5+     6 1   52.86       0.000      0.6698       52.19    
    6.5-     7 1   17.31       0.000      0.2073       17.11    
    7.5+     8 1   6.576       0.000      0.3777E-01   6.539    
    7.5-     7 1   21.02       0.000      0.2621       20.76    
    8.5+     8 1   7.625       0.000      0.4653E-01   7.579    
    8.5-     9 1   2.392       0.000      0.4262E-02   2.388    
    9.5+    10 1  0.8540       0.000      0.3078E-03  0.8537    
    9.5-     9 1   2.696       0.000      0.4999E-02   2.691    
   10.5+    10 1  0.9453       0.000      0.3479E-03  0.9450    
   10.5-    11 1  0.3013       0.000      0.1626E-03  0.3011    
   11.5+    12 1  0.1054       0.000      0.2434E-03  0.1051    
   11.5-    11 1  0.3296       0.000      0.1770E-03  0.3295    
   12.5+    12 1  0.1143       0.000      0.2636E-03  0.1141    
   12.5-    13 1  0.3664E-01   0.000      0.2546E-03  0.3639E-01
   13.5+    14 1  0.1272E-01   0.000      0.2295E-03  0.1250E-01
   13.5-    13 1  0.3948E-01   0.000      0.2742E-03  0.3921E-01
   14.5+    14 1  0.1364E-01   0.000      0.2458E-03  0.1339E-01
   14.5-    15 1  0.4457E-02   0.000      0.1958E-03  0.4261E-02
   15.5+    16 1  0.1609E-02   0.000      0.1644E-03  0.1444E-02
   15.5-    15 1  0.4755E-02   0.000      0.2089E-03  0.4546E-02
   16.5+    16 1  0.1709E-02   0.000      0.1747E-03  0.1535E-02
   16.5-    17 1  0.6242E-03   0.000      0.1373E-03  0.4869E-03
   17.5+    18 1  0.2785E-03   0.000      0.1152E-03  0.1633E-03
   17.5-    17 1  0.6609E-03   0.000      0.1454E-03  0.5155E-03
   18.5+    18 1  0.2940E-03   0.000      0.1216E-03  0.1724E-03
   18.5-    19 1  0.1513E-03   0.000      0.9680E-04  0.5455E-04
   19.5+    20 1  0.9992E-04   0.000      0.8177E-04  0.1815E-04
   19.5-    19 1  0.1593E-03   0.000      0.1019E-03  0.5742E-04
   20.5+    20 1  0.1049E-03   0.000      0.8585E-04  0.1906E-04
   20.5-    21 1  0.7538E-04   0.000      0.6937E-04  0.6017E-05
   21.5+    22 1  0.6092E-04   0.000      0.5893E-04  0.1989E-05
   21.5-    21 1  0.7897E-04   0.000      0.7267E-04  0.6304E-05
   22.5+    22 1  0.6368E-04   0.000      0.6161E-04  0.2079E-05
   22.5-    23 1  0.5108E-04   0.000      0.5042E-04  0.6558E-06
   23.5+    24 1  0.4331E-04   0.000      0.4309E-04  0.2159E-06
   23.5-    23 1  0.5330E-04   0.000      0.5261E-04  0.6843E-06
   24.5+    24 1  0.4511E-04   0.000      0.4488E-04  0.2249E-06
   24.5-    25 1  0.3709E-04   0.000      0.3702E-04  0.7120E-07
   25.5+    26 1  0.3194E-04   0.000      0.3191E-04  0.2374E-07
   25.5-    25 1  0.3857E-04   0.000      0.3850E-04  0.7406E-07
   26.5+    26 1  0.3317E-04   0.000      0.3314E-04  0.2467E-07
   26.5-    27 1  0.2745E-04   0.000      0.2744E-04  0.8126E-08
   27.5+    28 1  0.2381E-04   0.000      0.2381E-04  0.3054E-08
   27.5-    27 1  0.2846E-04   0.000      0.2845E-04  0.8437E-08
   28.5+    28 1  0.2466E-04   0.000      0.2466E-04  0.3167E-08
   28.5-    29 1  0.2060E-04   0.000      0.2060E-04  0.1387E-08
   29.5+    30 1  0.1784E-04   0.000      0.1783E-04  0.7923E-09
   29.5-    29 1  0.2131E-04   0.000      0.2131E-04  0.1401E-08
   30.5+    30 1  0.1843E-04   0.000      0.1843E-04  0.8349E-09
   30.5-    31 1  0.1560E-04   0.000      0.1560E-04  0.6557E-09
   31.5+    32 1  0.1353E-04   0.000      0.1353E-04  0.5460E-09
   31.5-    31 1  0.1610E-04   0.000      0.1610E-04  0.6659E-09
   32.5+    32 1  0.1395E-04   0.000      0.1395E-04  0.5580E-09
   32.5-    33 1  0.1180E-04   0.000      0.1180E-04  0.4865E-09
   33.5+    34 1  0.1039E-04   0.000      0.1039E-04  0.5172E-09
   33.5-    33 1  0.1216E-04   0.000      0.1215E-04  0.4994E-09
   34.5+    34 1  0.1069E-04   0.000      0.1069E-04  0.5232E-09
   34.5-    35 1  0.9026E-05   0.000      0.9026E-05  0.4714E-09
   35.5+    36 1  0.7926E-05   0.000      0.7926E-05  0.4686E-09
   35.5-    35 1  0.9284E-05   0.000      0.9283E-05  0.4458E-09
   36.5+    36 1  0.8146E-05   0.000      0.8146E-05  0.4497E-09
   36.5-    37 1  0.7028E-05   0.000      0.7028E-05  0.4572E-09
   37.5+    38 1  0.6124E-05   0.000      0.6124E-05  0.4284E-09
   37.5-    37 1  0.7218E-05   0.000      0.7218E-05  0.4402E-09
   38.5+    38 1  0.6286E-05   0.000      0.6285E-05  0.4292E-09
   38.5-    39 1  0.5402E-05   0.000      0.5401E-05  0.3873E-09
   39.5+    40 1  0.4839E-05   0.000      0.4839E-05  0.4321E-09
   39.5-    39 1  0.5540E-05   0.000      0.5540E-05  0.4096E-09
   40.5+    40 1  0.4960E-05   0.000      0.4960E-05  0.4231E-09
   40.5-    41 1  0.4238E-05   0.000      0.4237E-05  0.4006E-09
   41.5+    42 1  0.3733E-05   0.000      0.3733E-05  0.3719E-09
   41.5-    41 1  0.4341E-05   0.000      0.4340E-05  0.3821E-09
   42.5+    42 1  0.3822E-05   0.000      0.3822E-05  0.3769E-09
   42.5-    43 1  0.3386E-05   0.000      0.3385E-05  0.3994E-09
   43.5+    44 1  0.3006E-05   0.000      0.3006E-05  0.3867E-09
   43.5-    43 1  0.3464E-05   0.000      0.3464E-05  0.3817E-09
   44.5+    44 1  0.3074E-05   0.000      0.3074E-05  0.3941E-09
   44.5-    45 1  0.2627E-05   0.000      0.2627E-05  0.3383E-09
   45.5+    46 1  0.2389E-05   0.000      0.2389E-05  0.3713E-09
   45.5-    45 1  0.2686E-05   0.000      0.2685E-05  0.3435E-09
   46.5+    46 1  0.2441E-05   0.000      0.2441E-05  0.3486E-09
   46.5-    47 1  0.2186E-05   0.000      0.2185E-05  0.3794E-09
   47.5+    48 1  0.1915E-05   0.000      0.1915E-05  0.3288E-09
   47.5-    47 1  0.2232E-05   0.000      0.2232E-05  0.3704E-09
   48.5+    48 1  0.1955E-05   0.000      0.1955E-05  0.3450E-09
   48.5-    49 1  0.1696E-05   0.000      0.1696E-05  0.3117E-09
   49.5+    50 1  0.1585E-05   0.000      0.1584E-05  0.3284E-09
   49.5-    49 1  0.1731E-05   0.000      0.1731E-05  0.3174E-09
   50.5+    50 1  0.1616E-05   0.000      0.1616E-05  0.3397E-09
   50.5-    51 1  0.1457E-05   0.000      0.1457E-05  0.3330E-09
