# Fusion cross sections for ELAB=  70.000, ECM=  63.597
     0.0   1.745       1.749      0.3192E-02
     1.0   15.72       15.80      0.7535E-01
     2.0   26.36       26.67      0.3128    
     3.0   37.13       37.83      0.6981    
     4.0   48.00       49.15       1.158    
     5.0   58.75       60.39       1.641    
     6.0   69.60       71.60       2.006    
     7.0   80.48       82.92       2.441    
     8.0   90.47       93.61       3.138    
     9.0   97.75       101.7       3.969    
    10.0   99.57       104.4       4.842    
    11.0   92.84       98.34       5.503    
    12.0   76.86       82.06       5.200    
    13.0   56.55       60.39       3.837    
    14.0   38.10       40.49       2.391    
    15.0   24.43       25.75       1.318    
    16.0   15.26       15.90      0.6352    
    17.0   9.373       9.648      0.2749    
    18.0   5.691       5.802      0.1114    
    19.0   3.431       3.475      0.4339E-01
    20.0   2.060       2.076      0.1639E-01
    21.0   1.232       1.238      0.6003E-02
    22.0  0.7351      0.7372      0.2115E-02
    23.0  0.4375      0.4382      0.7038E-03
    24.0  0.2598      0.2601      0.2146E-03
    25.0  0.1540      0.1541      0.5752E-04
    26.0  0.9109E-01  0.9110E-01  0.1421E-04
    27.0  0.5377E-01  0.5378E-01  0.6509E-05
    28.0  0.3169E-01  0.3170E-01  0.7903E-05
    29.0  0.1864E-01  0.1865E-01  0.1027E-04
    30.0  0.1095E-01  0.1096E-01  0.1165E-04
    31.0  0.6421E-02  0.6433E-02  0.1199E-04
    32.0  0.3760E-02  0.3772E-02  0.1159E-04
    33.0  0.2199E-02  0.2210E-02  0.1079E-04
    34.0  0.1284E-02  0.1294E-02  0.9821E-05
    35.0  0.7492E-03  0.7580E-03  0.8813E-05
    36.0  0.4365E-03  0.4444E-03  0.7843E-05
    37.0  0.2541E-03  0.2610E-03  0.6948E-05
    38.0  0.1477E-03  0.1539E-03  0.6142E-05
    39.0  0.8580E-04  0.9123E-04  0.5424E-05
    40.0  0.4979E-04  0.5458E-04  0.4791E-05
    41.0  0.2887E-04  0.3310E-04  0.4235E-05
    42.0  0.1672E-04  0.2047E-04  0.3747E-05
    43.0  0.9679E-05  0.1300E-04  0.3320E-05
    44.0  0.5598E-05  0.8543E-05  0.2945E-05
    45.0  0.3235E-05  0.5851E-05  0.2616E-05
    46.0  0.1869E-05  0.4195E-05  0.2326E-05
    47.0  0.1078E-05  0.3150E-05  0.2072E-05
    48.0  0.6220E-06  0.2469E-05  0.1847E-05
    49.0  0.3585E-06  0.2007E-05  0.1649E-05
    50.0  0.2065E-06  0.1680E-05  0.1474E-05
 &
