# 178 angles,  1 tensor ranks for 0=projectile
@subtitle   "20O(d,t) @ 30AMeV Daeh (d) + Pang (t)"                                         
@legend ON
@legend x1 0.2
@legend y1 0.8
@g0 type LOGY
@yaxis ticklabel format power
@legend string   0 "Lab energy =   70.0000"
#legend string   0 "Partition=  2 Excit=  4 near/far= 1"
#  Theta       sigma       iT11        T20         T21         T22         Kyy for projectile
   3.000      0.1318    
   4.000      0.1631    
   5.000      0.1943    
   6.000      0.2229    
   7.000      0.2480    
   8.000      0.2709    
   9.000      0.2942    
   10.00      0.3204    
   11.00      0.3510    
   12.00      0.3857    
   13.00      0.4219    
   14.00      0.4554    
   15.00      0.4811    
   16.00      0.4943    
   17.00      0.4914    
   18.00      0.4711    
   19.00      0.4344    
   20.00      0.3846    
   21.00      0.3266    
   22.00      0.2662    
   23.00      0.2090    
   24.00      0.1597    
   25.00      0.1215    
   26.00      0.9600E-01
   27.00      0.8288E-01
   28.00      0.8050E-01
   29.00      0.8624E-01
   30.00      0.9705E-01
   31.00      0.1099    
   32.00      0.1224    
   33.00      0.1326    
   34.00      0.1396    
   35.00      0.1432    
   36.00      0.1438    
   37.00      0.1423    
   38.00      0.1397    
   39.00      0.1371    
   40.00      0.1353    
   41.00      0.1349    
   42.00      0.1360    
   43.00      0.1386    
   44.00      0.1424    
   45.00      0.1468    
   46.00      0.1512    
   47.00      0.1551    
   48.00      0.1579    
   49.00      0.1593    
   50.00      0.1590    
   51.00      0.1570    
   52.00      0.1535    
   53.00      0.1486    
   54.00      0.1426    
   55.00      0.1358    
   56.00      0.1286    
   57.00      0.1212    
   58.00      0.1139    
   59.00      0.1069    
   60.00      0.1003    
   61.00      0.9404E-01
   62.00      0.8827E-01
   63.00      0.8293E-01
   64.00      0.7795E-01
   65.00      0.7329E-01
   66.00      0.6888E-01
   67.00      0.6467E-01
   68.00      0.6060E-01
   69.00      0.5666E-01
   70.00      0.5282E-01
   71.00      0.4909E-01
   72.00      0.4546E-01
   73.00      0.4196E-01
   74.00      0.3861E-01
   75.00      0.3541E-01
   76.00      0.3240E-01
   77.00      0.2958E-01
   78.00      0.2695E-01
   79.00      0.2454E-01
   80.00      0.2232E-01
   81.00      0.2030E-01
   82.00      0.1846E-01
   83.00      0.1679E-01
   84.00      0.1529E-01
   85.00      0.1392E-01
   86.00      0.1269E-01
   87.00      0.1157E-01
   88.00      0.1055E-01
   89.00      0.9618E-02
   90.00      0.8767E-02
   91.00      0.7988E-02
   92.00      0.7273E-02
   93.00      0.6616E-02
   94.00      0.6013E-02
   95.00      0.5459E-02
   96.00      0.4952E-02
   97.00      0.4487E-02
   98.00      0.4063E-02
   99.00      0.3677E-02
   100.0      0.3326E-02
   101.0      0.3008E-02
   102.0      0.2720E-02
   103.0      0.2461E-02
   104.0      0.2226E-02
   105.0      0.2015E-02
   106.0      0.1825E-02
   107.0      0.1654E-02
   108.0      0.1499E-02
   109.0      0.1360E-02
   110.0      0.1235E-02
   111.0      0.1121E-02
   112.0      0.1019E-02
   113.0      0.9256E-03
   114.0      0.8411E-03
   115.0      0.7644E-03
   116.0      0.6946E-03
   117.0      0.6312E-03
   118.0      0.5736E-03
   119.0      0.5211E-03
   120.0      0.4734E-03
   121.0      0.4301E-03
   122.0      0.3907E-03
   123.0      0.3550E-03
   124.0      0.3225E-03
   125.0      0.2931E-03
   126.0      0.2664E-03
   127.0      0.2421E-03
   128.0      0.2202E-03
   129.0      0.2002E-03
   130.0      0.1821E-03
   131.0      0.1656E-03
   132.0      0.1506E-03
   133.0      0.1370E-03
   134.0      0.1246E-03
   135.0      0.1134E-03
   136.0      0.1032E-03
   137.0      0.9391E-04
   138.0      0.8551E-04
   139.0      0.7792E-04
   140.0      0.7107E-04
   141.0      0.6490E-04
   142.0      0.5936E-04
   143.0      0.5441E-04
   144.0      0.4998E-04
   145.0      0.4603E-04
   146.0      0.4252E-04
   147.0      0.3940E-04
   148.0      0.3662E-04
   149.0      0.3412E-04
   150.0      0.3188E-04
   151.0      0.2985E-04
   152.0      0.2798E-04
   153.0      0.2624E-04
   154.0      0.2459E-04
   155.0      0.2302E-04
   156.0      0.2150E-04
   157.0      0.2002E-04
   158.0      0.1857E-04
   159.0      0.1715E-04
   160.0      0.1579E-04
   161.0      0.1448E-04
   162.0      0.1326E-04
   163.0      0.1214E-04
   164.0      0.1115E-04
   165.0      0.1032E-04
   166.0      0.9660E-05
   167.0      0.9187E-05
   168.0      0.8907E-05
   169.0      0.8821E-05
   170.0      0.8916E-05
   171.0      0.9173E-05
   172.0      0.9563E-05
   173.0      0.1005E-04
   174.0      0.1059E-04
   175.0      0.1115E-04
   176.0      0.1168E-04
   177.0      0.1214E-04
   178.0      0.1249E-04
   179.0      0.1272E-04
   180.0      0.1279E-04
 END
