# 178 angles,  1 tensor ranks for 0=projectile
@subtitle   "p+O20 with CH89;"                                                              
@legend ON
@legend x1 0.2
@legend y1 0.8
@g0 type LOGY
@yaxis ticklabel format power
@legend string   0 "Lab energy =   35.0000"
#legend string   0 "Partition=  1 Excit=  1 near/far= 1"
#  Theta       sigma       iT11        T20         T21         T22         Kyy for projectile
   3.000      0.1314E+06
   4.000      0.3794E+05
   5.000      0.1469E+05
   6.000       7212.    
   7.000       4364.    
   8.000       3130.    
   9.000       2525.    
   10.00       2183.    
   11.00       1958.    
   12.00       1785.    
   13.00       1636.    
   14.00       1499.    
   15.00       1368.    
   16.00       1242.    
   17.00       1120.    
   18.00       1002.    
   19.00       890.2    
   20.00       784.0    
   21.00       684.6    
   22.00       592.4    
   23.00       507.8    
   24.00       431.0    
   25.00       362.1    
   26.00       300.8    
   27.00       247.1    
   28.00       200.6    
   29.00       160.8    
   30.00       127.3    
   31.00       99.52    
   32.00       76.94    
   33.00       58.97    
   34.00       45.04    
   35.00       34.59    
   36.00       27.09    
   37.00       22.04    
   38.00       18.97    
   39.00       17.46    
   40.00       17.15    
   41.00       17.68    
   42.00       18.79    
   43.00       20.23    
   44.00       21.81    
   45.00       23.36    
   46.00       24.77    
   47.00       25.96    
   48.00       26.85    
   49.00       27.42    
   50.00       27.66    
   51.00       27.56    
   52.00       27.15    
   53.00       26.45    
   54.00       25.49    
   55.00       24.32    
   56.00       22.97    
   57.00       21.49    
   58.00       19.93    
   59.00       18.30    
   60.00       16.66    
   61.00       15.04    
   62.00       13.46    
   63.00       11.94    
   64.00       10.50    
   65.00       9.166    
   66.00       7.937    
   67.00       6.822    
   68.00       5.824    
   69.00       4.943    
   70.00       4.176    
   71.00       3.519    
   72.00       2.965    
   73.00       2.506    
   74.00       2.134    
   75.00       1.841    
   76.00       1.615    
   77.00       1.449    
   78.00       1.333    
   79.00       1.259    
   80.00       1.217    
   81.00       1.201    
   82.00       1.205    
   83.00       1.221    
   84.00       1.245    
   85.00       1.272    
   86.00       1.299    
   87.00       1.324    
   88.00       1.342    
   89.00       1.354    
   90.00       1.357    
   91.00       1.352    
   92.00       1.337    
   93.00       1.314    
   94.00       1.282    
   95.00       1.243    
   96.00       1.197    
   97.00       1.145    
   98.00       1.088    
   99.00       1.027    
   100.0      0.9629    
   101.0      0.8973    
   102.0      0.8310    
   103.0      0.7648    
   104.0      0.6995    
   105.0      0.6359    
   106.0      0.5746    
   107.0      0.5163    
   108.0      0.4612    
   109.0      0.4098    
   110.0      0.3624    
   111.0      0.3190    
   112.0      0.2799    
   113.0      0.2449    
   114.0      0.2140    
   115.0      0.1872    
   116.0      0.1643    
   117.0      0.1450    
   118.0      0.1292    
   119.0      0.1165    
   120.0      0.1068    
   121.0      0.9965E-01
   122.0      0.9484E-01
   123.0      0.9204E-01
   124.0      0.9096E-01
   125.0      0.9132E-01
   126.0      0.9284E-01
   127.0      0.9525E-01
   128.0      0.9832E-01
   129.0      0.1018    
   130.0      0.1055    
   131.0      0.1093    
   132.0      0.1129    
   133.0      0.1162    
   134.0      0.1191    
   135.0      0.1215    
   136.0      0.1234    
   137.0      0.1247    
   138.0      0.1253    
   139.0      0.1252    
   140.0      0.1244    
   141.0      0.1231    
   142.0      0.1211    
   143.0      0.1185    
   144.0      0.1154    
   145.0      0.1119    
   146.0      0.1081    
   147.0      0.1040    
   148.0      0.9967E-01
   149.0      0.9525E-01
   150.0      0.9083E-01
   151.0      0.8648E-01
   152.0      0.8228E-01
   153.0      0.7831E-01
   154.0      0.7465E-01
   155.0      0.7134E-01
   156.0      0.6845E-01
   157.0      0.6601E-01
   158.0      0.6406E-01
   159.0      0.6262E-01
   160.0      0.6169E-01
   161.0      0.6128E-01
   162.0      0.6136E-01
   163.0      0.6193E-01
   164.0      0.6294E-01
   165.0      0.6434E-01
   166.0      0.6610E-01
   167.0      0.6815E-01
   168.0      0.7042E-01
   169.0      0.7286E-01
   170.0      0.7539E-01
   171.0      0.7794E-01
   172.0      0.8044E-01
   173.0      0.8283E-01
   174.0      0.8505E-01
   175.0      0.8703E-01
   176.0      0.8872E-01
   177.0      0.9008E-01
   178.0      0.9108E-01
   179.0      0.9169E-01
   180.0      0.9190E-01
 END
