# 178 angles,  1 tensor ranks for 0=projectile
@subtitle   "p+O20 1st ex with BG ;"                                                        
@legend ON
@legend x1 0.2
@legend y1 0.8
@g0 type LOGY
@yaxis ticklabel format power
@legend string   0 "Lab energy =   35.0000"
#legend string   0 "Partition=  1 Excit=  2 near/far= 1"
#  Theta       sigma       iT11        T20         T21         T22         Kyy for projectile
   3.000       19.57    
   4.000       19.14    
   5.000       18.63    
   6.000       18.03    
   7.000       17.37    
   8.000       16.68    
   9.000       15.98    
   10.00       15.28    
   11.00       14.61    
   12.00       13.98    
   13.00       13.43    
   14.00       12.95    
   15.00       12.55    
   16.00       12.25    
   17.00       12.03    
   18.00       11.89    
   19.00       11.82    
   20.00       11.81    
   21.00       11.84    
   22.00       11.89    
   23.00       11.95    
   24.00       12.00    
   25.00       12.02    
   26.00       11.99    
   27.00       11.91    
   28.00       11.78    
   29.00       11.57    
   30.00       11.30    
   31.00       10.97    
   32.00       10.57    
   33.00       10.12    
   34.00       9.616    
   35.00       9.075    
   36.00       8.503    
   37.00       7.911    
   38.00       7.310    
   39.00       6.709    
   40.00       6.118    
   41.00       5.547    
   42.00       5.004    
   43.00       4.496    
   44.00       4.029    
   45.00       3.608    
   46.00       3.236    
   47.00       2.916    
   48.00       2.646    
   49.00       2.426    
   50.00       2.253    
   51.00       2.124    
   52.00       2.034    
   53.00       1.978    
   54.00       1.951    
   55.00       1.946    
   56.00       1.959    
   57.00       1.985    
   58.00       2.017    
   59.00       2.052    
   60.00       2.086    
   61.00       2.115    
   62.00       2.137    
   63.00       2.151    
   64.00       2.153    
   65.00       2.144    
   66.00       2.122    
   67.00       2.088    
   68.00       2.041    
   69.00       1.983    
   70.00       1.913    
   71.00       1.834    
   72.00       1.747    
   73.00       1.652    
   74.00       1.552    
   75.00       1.448    
   76.00       1.343    
   77.00       1.236    
   78.00       1.131    
   79.00       1.029    
   80.00      0.9298    
   81.00      0.8357    
   82.00      0.7472    
   83.00      0.6648    
   84.00      0.5890    
   85.00      0.5201    
   86.00      0.4581    
   87.00      0.4030    
   88.00      0.3546    
   89.00      0.3126    
   90.00      0.2767    
   91.00      0.2465    
   92.00      0.2216    
   93.00      0.2015    
   94.00      0.1856    
   95.00      0.1735    
   96.00      0.1647    
   97.00      0.1586    
   98.00      0.1547    
   99.00      0.1526    
   100.0      0.1518    
   101.0      0.1520    
   102.0      0.1526    
   103.0      0.1535    
   104.0      0.1543    
   105.0      0.1549    
   106.0      0.1550    
   107.0      0.1546    
   108.0      0.1536    
   109.0      0.1520    
   110.0      0.1497    
   111.0      0.1467    
   112.0      0.1431    
   113.0      0.1389    
   114.0      0.1342    
   115.0      0.1289    
   116.0      0.1232    
   117.0      0.1172    
   118.0      0.1109    
   119.0      0.1044    
   120.0      0.9775E-01
   121.0      0.9110E-01
   122.0      0.8449E-01
   123.0      0.7802E-01
   124.0      0.7174E-01
   125.0      0.6572E-01
   126.0      0.6000E-01
   127.0      0.5463E-01
   128.0      0.4962E-01
   129.0      0.4500E-01
   130.0      0.4076E-01
   131.0      0.3691E-01
   132.0      0.3344E-01
   133.0      0.3033E-01
   134.0      0.2757E-01
   135.0      0.2513E-01
   136.0      0.2301E-01
   137.0      0.2118E-01
   138.0      0.1963E-01
   139.0      0.1834E-01
   140.0      0.1729E-01
   141.0      0.1646E-01
   142.0      0.1583E-01
   143.0      0.1537E-01
   144.0      0.1505E-01
   145.0      0.1486E-01
   146.0      0.1476E-01
   147.0      0.1473E-01
   148.0      0.1476E-01
   149.0      0.1483E-01
   150.0      0.1493E-01
   151.0      0.1505E-01
   152.0      0.1518E-01
   153.0      0.1532E-01
   154.0      0.1546E-01
   155.0      0.1561E-01
   156.0      0.1577E-01
   157.0      0.1593E-01
   158.0      0.1610E-01
   159.0      0.1627E-01
   160.0      0.1643E-01
   161.0      0.1660E-01
   162.0      0.1676E-01
   163.0      0.1692E-01
   164.0      0.1706E-01
   165.0      0.1719E-01
   166.0      0.1732E-01
   167.0      0.1743E-01
   168.0      0.1756E-01
   169.0      0.1768E-01
   170.0      0.1781E-01
   171.0      0.1796E-01
   172.0      0.1811E-01
   173.0      0.1827E-01
   174.0      0.1843E-01
   175.0      0.1858E-01
   176.0      0.1871E-01
   177.0      0.1883E-01
   178.0      0.1891E-01
   179.0      0.1896E-01
   180.0      0.1898E-01
 END
