# 178 angles,  1 tensor ranks for 0=projectile
@subtitle   "20O + d 2+2 inelastic;"                                                        
@legend ON
@legend x1 0.2
@legend y1 0.8
@g0 type LOGY
@yaxis ticklabel format power
@legend string   0 "Lab energy =   70.0000"
#legend string   0 "Partition=  1 Excit=  2 near/far= 1"
#  Theta       sigma       iT11        T20         T21         T22         Kyy for projectile
   3.000       1.748    
   4.000       1.594    
   5.000       1.429    
   6.000       1.332    
   7.000       1.369    
   8.000       1.560    
   9.000       1.863    
   10.00       2.207    
   11.00       2.523    
   12.00       2.770    
   13.00       2.924    
   14.00       2.971    
   15.00       2.899    
   16.00       2.708    
   17.00       2.415    
   18.00       2.058    
   19.00       1.686    
   20.00       1.342    
   21.00       1.054    
   22.00      0.8364    
   23.00      0.6915    
   24.00      0.6142    
   25.00      0.5938    
   26.00      0.6143    
   27.00      0.6573    
   28.00      0.7049    
   29.00      0.7434    
   30.00      0.7648    
   31.00      0.7653    
   32.00      0.7447    
   33.00      0.7052    
   34.00      0.6509    
   35.00      0.5879    
   36.00      0.5227    
   37.00      0.4607    
   38.00      0.4055    
   39.00      0.3589    
   40.00      0.3216    
   41.00      0.2937    
   42.00      0.2742    
   43.00      0.2614    
   44.00      0.2528    
   45.00      0.2457    
   46.00      0.2381    
   47.00      0.2288    
   48.00      0.2176    
   49.00      0.2043    
   50.00      0.1891    
   51.00      0.1723    
   52.00      0.1546    
   53.00      0.1367    
   54.00      0.1193    
   55.00      0.1031    
   56.00      0.8847E-01
   57.00      0.7564E-01
   58.00      0.6471E-01
   59.00      0.5570E-01
   60.00      0.4850E-01
   61.00      0.4285E-01
   62.00      0.3844E-01
   63.00      0.3493E-01
   64.00      0.3205E-01
   65.00      0.2960E-01
   66.00      0.2740E-01
   67.00      0.2529E-01
   68.00      0.2320E-01
   69.00      0.2109E-01
   70.00      0.1902E-01
   71.00      0.1702E-01
   72.00      0.1511E-01
   73.00      0.1328E-01
   74.00      0.1156E-01
   75.00      0.9978E-02
   76.00      0.8585E-02
   77.00      0.7407E-02
   78.00      0.6428E-02
   79.00      0.5611E-02
   80.00      0.4926E-02
   81.00      0.4363E-02
   82.00      0.3918E-02
   83.00      0.3574E-02
   84.00      0.3293E-02
   85.00      0.3034E-02
   86.00      0.2780E-02
   87.00      0.2533E-02
   88.00      0.2307E-02
   89.00      0.2106E-02
   90.00      0.1918E-02
   91.00      0.1732E-02
   92.00      0.1543E-02
   93.00      0.1362E-02
   94.00      0.1200E-02
   95.00      0.1060E-02
   96.00      0.9391E-03
   97.00      0.8304E-03
   98.00      0.7340E-03
   99.00      0.6543E-03
   100.0      0.5942E-03
   101.0      0.5501E-03
   102.0      0.5139E-03
   103.0      0.4800E-03
   104.0      0.4484E-03
   105.0      0.4216E-03
   106.0      0.3998E-03
   107.0      0.3802E-03
   108.0      0.3590E-03
   109.0      0.3346E-03
   110.0      0.3091E-03
   111.0      0.2854E-03
   112.0      0.2636E-03
   113.0      0.2409E-03
   114.0      0.2161E-03
   115.0      0.1911E-03
   116.0      0.1690E-03
   117.0      0.1514E-03
   118.0      0.1371E-03
   119.0      0.1227E-03
   120.0      0.1064E-03
   121.0      0.9060E-04
   122.0      0.7938E-04
   123.0      0.7391E-04
   124.0      0.7176E-04
   125.0      0.6932E-04
   126.0      0.6440E-04
   127.0      0.5778E-04
   128.0      0.5256E-04
   129.0      0.5062E-04
   130.0      0.5048E-04
   131.0      0.4954E-04
   132.0      0.4704E-04
   133.0      0.4414E-04
   134.0      0.4215E-04
   135.0      0.4149E-04
   136.0      0.4095E-04
   137.0      0.3840E-04
   138.0      0.3346E-04
   139.0      0.2846E-04
   140.0      0.2579E-04
   141.0      0.2549E-04
   142.0      0.2597E-04
   143.0      0.2549E-04
   144.0      0.2302E-04
   145.0      0.1926E-04
   146.0      0.1627E-04
   147.0      0.1507E-04
   148.0      0.1463E-04
   149.0      0.1389E-04
   150.0      0.1303E-04
   151.0      0.1242E-04
   152.0      0.1212E-04
   153.0      0.1231E-04
   154.0      0.1245E-04
   155.0      0.1140E-04
   156.0      0.9331E-05
   157.0      0.7937E-05
   158.0      0.7985E-05
   159.0      0.8676E-05
   160.0      0.9339E-05
   161.0      0.9629E-05
   162.0      0.8916E-05
   163.0      0.7455E-05
   164.0      0.6658E-05
   165.0      0.6849E-05
   166.0      0.6855E-05
   167.0      0.6418E-05
   168.0      0.6425E-05
   169.0      0.6868E-05
   170.0      0.7189E-05
   171.0      0.7703E-05
   172.0      0.8513E-05
   173.0      0.8825E-05
   174.0      0.8850E-05
   175.0      0.9847E-05
   176.0      0.1173E-04
   177.0      0.1365E-04
   178.0      0.1619E-04
   179.0      0.1956E-04
   180.0      0.2131E-04
 END
