# 178 angles,  1 tensor ranks for 0=projectile
@subtitle   "20O(d,t) @ 30AMeV Daeh (d) + Pang (t)"                                         
@legend ON
@legend x1 0.2
@legend y1 0.8
@g0 type LOGY
@yaxis ticklabel format power
@xaxis label "Scattering angle (degrees)"
@yaxis label "Cross section (mb/sr)"
@legend string   0 "Partition=  1 Excit=  1 near/far= 1"
#legend string   0 "Lab energy =   70.0000"
@s0 linestyle   1
#  Theta       sigma       iT11        T20         T21         T22         Kyy for projectile
   3.000      0.2708E+05
   4.000      0.1161E+05
   5.000       8340.    
   6.000       6868.    
   7.000       5642.    
   8.000       4463.    
   9.000       3362.    
   10.00       2396.    
   11.00       1603.    
   12.00       993.9    
   13.00       561.4    
   14.00       282.2    
   15.00       125.8    
   16.00       59.57    
   17.00       52.50    
   18.00       78.38    
   19.00       117.0    
   20.00       154.3    
   21.00       182.1    
   22.00       196.8    
   23.00       198.4    
   24.00       188.8    
   25.00       171.4    
   26.00       149.5    
   27.00       126.2    
   28.00       104.0    
   29.00       84.51    
   30.00       68.57    
   31.00       56.37    
   32.00       47.61    
   33.00       41.70    
   34.00       37.92    
   35.00       35.54    
   36.00       33.92    
   37.00       32.56    
   38.00       31.12    
   39.00       29.41    
   40.00       27.37    
   41.00       25.03    
   42.00       22.48    
   43.00       19.84    
   44.00       17.24    
   45.00       14.77    
   46.00       12.53    
   47.00       10.55    
   48.00       8.876    
   49.00       7.489    
   50.00       6.370    
   51.00       5.484    
   52.00       4.788    
   53.00       4.240    
   54.00       3.802    
   55.00       3.440    
   56.00       3.126    
   57.00       2.844    
   58.00       2.579    
   59.00       2.327    
   60.00       2.084    
   61.00       1.852    
   62.00       1.632    
   63.00       1.428    
   64.00       1.242    
   65.00       1.076    
   66.00      0.9297    
   67.00      0.8044    
   68.00      0.6984    
   69.00      0.6098    
   70.00      0.5365    
   71.00      0.4760    
   72.00      0.4257    
   73.00      0.3835    
   74.00      0.3472    
   75.00      0.3154    
   76.00      0.2866    
   77.00      0.2602    
   78.00      0.2354    
   79.00      0.2121    
   80.00      0.1901    
   81.00      0.1695    
   82.00      0.1503    
   83.00      0.1327    
   84.00      0.1167    
   85.00      0.1024    
   86.00      0.8977E-01
   87.00      0.7881E-01
   88.00      0.6938E-01
   89.00      0.6135E-01
   90.00      0.5455E-01
   91.00      0.4880E-01
   92.00      0.4393E-01
   93.00      0.3977E-01
   94.00      0.3616E-01
   95.00      0.3298E-01
   96.00      0.3013E-01
   97.00      0.2752E-01
   98.00      0.2509E-01
   99.00      0.2281E-01
   100.0      0.2066E-01
   101.0      0.1862E-01
   102.0      0.1670E-01
   103.0      0.1491E-01
   104.0      0.1324E-01
   105.0      0.1171E-01
   106.0      0.1032E-01
   107.0      0.9072E-02
   108.0      0.7966E-02
   109.0      0.6996E-02
   110.0      0.6154E-02
   111.0      0.5430E-02
   112.0      0.4812E-02
   113.0      0.4287E-02
   114.0      0.3842E-02
   115.0      0.3463E-02
   116.0      0.3139E-02
   117.0      0.2859E-02
   118.0      0.2613E-02
   119.0      0.2394E-02
   120.0      0.2194E-02
   121.0      0.2011E-02
   122.0      0.1840E-02
   123.0      0.1678E-02
   124.0      0.1526E-02
   125.0      0.1382E-02
   126.0      0.1246E-02
   127.0      0.1119E-02
   128.0      0.9998E-03
   129.0      0.8902E-03
   130.0      0.7899E-03
   131.0      0.6992E-03
   132.0      0.6179E-03
   133.0      0.5459E-03
   134.0      0.4826E-03
   135.0      0.4275E-03
   136.0      0.3800E-03
   137.0      0.3392E-03
   138.0      0.3044E-03
   139.0      0.2748E-03
   140.0      0.2495E-03
   141.0      0.2279E-03
   142.0      0.2094E-03
   143.0      0.1933E-03
   144.0      0.1793E-03
   145.0      0.1669E-03
   146.0      0.1559E-03
   147.0      0.1460E-03
   148.0      0.1369E-03
   149.0      0.1286E-03
   150.0      0.1209E-03
   151.0      0.1137E-03
   152.0      0.1069E-03
   153.0      0.1005E-03
   154.0      0.9422E-04
   155.0      0.8815E-04
   156.0      0.8219E-04
   157.0      0.7633E-04
   158.0      0.7055E-04
   159.0      0.6489E-04
   160.0      0.5940E-04
   161.0      0.5415E-04
   162.0      0.4927E-04
   163.0      0.4486E-04
   164.0      0.4107E-04
   165.0      0.3801E-04
   166.0      0.3579E-04
   167.0      0.3449E-04
   168.0      0.3416E-04
   169.0      0.3479E-04
   170.0      0.3632E-04
   171.0      0.3865E-04
   172.0      0.4162E-04
   173.0      0.4504E-04
   174.0      0.4869E-04
   175.0      0.5232E-04
   176.0      0.5570E-04
   177.0      0.5860E-04
   178.0      0.6081E-04
   179.0      0.6221E-04
   180.0      0.6268E-04
 END
@legend string   1 "Partition=  2 Excit=  1 near/far= 1"
#legend string   0 "Lab energy =   70.0000"
@s1 linestyle   2
#  Theta       sigma       iT11        T20         T21         T22         Kyy for projectile
   3.000       11.58    
   4.000       9.552    
   5.000       7.390    
   6.000       5.311    
   7.000       3.498    
   8.000       2.069    
   9.000       1.071    
   10.00      0.4848    
   11.00      0.2425    
   12.00      0.2457    
   13.00      0.3906    
   14.00      0.5855    
   15.00      0.7637    
   16.00      0.8885    
   17.00      0.9508    
   18.00      0.9628    
   19.00      0.9490    
   20.00      0.9363    
   21.00      0.9472    
   22.00      0.9944    
   23.00       1.080    
   24.00       1.195    
   25.00       1.324    
   26.00       1.449    
   27.00       1.550    
   28.00       1.615    
   29.00       1.632    
   30.00       1.601    
   31.00       1.524    
   32.00       1.410    
   33.00       1.269    
   34.00       1.114    
   35.00      0.9557    
   36.00      0.8049    
   37.00      0.6681    
   38.00      0.5498    
   39.00      0.4516    
   40.00      0.3727    
   41.00      0.3109    
   42.00      0.2631    
   43.00      0.2260    
   44.00      0.1963    
   45.00      0.1715    
   46.00      0.1498    
   47.00      0.1299    
   48.00      0.1115    
   49.00      0.9447E-01
   50.00      0.7915E-01
   51.00      0.6596E-01
   52.00      0.5525E-01
   53.00      0.4725E-01
   54.00      0.4199E-01
   55.00      0.3930E-01
   56.00      0.3882E-01
   57.00      0.4009E-01
   58.00      0.4256E-01
   59.00      0.4568E-01
   60.00      0.4897E-01
   61.00      0.5202E-01
   62.00      0.5454E-01
   63.00      0.5636E-01
   64.00      0.5740E-01
   65.00      0.5768E-01
   66.00      0.5731E-01
   67.00      0.5640E-01
   68.00      0.5511E-01
   69.00      0.5359E-01
   70.00      0.5195E-01
   71.00      0.5029E-01
   72.00      0.4867E-01
   73.00      0.4714E-01
   74.00      0.4568E-01
   75.00      0.4429E-01
   76.00      0.4293E-01
   77.00      0.4157E-01
   78.00      0.4017E-01
   79.00      0.3871E-01
   80.00      0.3716E-01
   81.00      0.3552E-01
   82.00      0.3380E-01
   83.00      0.3200E-01
   84.00      0.3015E-01
   85.00      0.2828E-01
   86.00      0.2641E-01
   87.00      0.2457E-01
   88.00      0.2279E-01
   89.00      0.2109E-01
   90.00      0.1949E-01
   91.00      0.1800E-01
   92.00      0.1663E-01
   93.00      0.1537E-01
   94.00      0.1423E-01
   95.00      0.1319E-01
   96.00      0.1225E-01
   97.00      0.1139E-01
   98.00      0.1061E-01
   99.00      0.9893E-02
   100.0      0.9228E-02
   101.0      0.8607E-02
   102.0      0.8024E-02
   103.0      0.7473E-02
   104.0      0.6949E-02
   105.0      0.6450E-02
   106.0      0.5975E-02
   107.0      0.5521E-02
   108.0      0.5090E-02
   109.0      0.4681E-02
   110.0      0.4294E-02
   111.0      0.3930E-02
   112.0      0.3589E-02
   113.0      0.3272E-02
   114.0      0.2978E-02
   115.0      0.2707E-02
   116.0      0.2459E-02
   117.0      0.2232E-02
   118.0      0.2025E-02
   119.0      0.1838E-02
   120.0      0.1668E-02
   121.0      0.1515E-02
   122.0      0.1377E-02
   123.0      0.1253E-02
   124.0      0.1140E-02
   125.0      0.1039E-02
   126.0      0.9478E-03
   127.0      0.8652E-03
   128.0      0.7905E-03
   129.0      0.7230E-03
   130.0      0.6621E-03
   131.0      0.6073E-03
   132.0      0.5581E-03
   133.0      0.5142E-03
   134.0      0.4751E-03
   135.0      0.4404E-03
   136.0      0.4096E-03
   137.0      0.3823E-03
   138.0      0.3579E-03
   139.0      0.3359E-03
   140.0      0.3157E-03
   141.0      0.2968E-03
   142.0      0.2789E-03
   143.0      0.2614E-03
   144.0      0.2443E-03
   145.0      0.2274E-03
   146.0      0.2107E-03
   147.0      0.1943E-03
   148.0      0.1785E-03
   149.0      0.1634E-03
   150.0      0.1493E-03
   151.0      0.1364E-03
   152.0      0.1248E-03
   153.0      0.1146E-03
   154.0      0.1056E-03
   155.0      0.9762E-04
   156.0      0.9048E-04
   157.0      0.8385E-04
   158.0      0.7743E-04
   159.0      0.7097E-04
   160.0      0.6434E-04
   161.0      0.5751E-04
   162.0      0.5063E-04
   163.0      0.4402E-04
   164.0      0.3810E-04
   165.0      0.3343E-04
   166.0      0.3060E-04
   167.0      0.3017E-04
   168.0      0.3261E-04
   169.0      0.3825E-04
   170.0      0.4717E-04
   171.0      0.5919E-04
   172.0      0.7387E-04
   173.0      0.9052E-04
   174.0      0.1082E-03
   175.0      0.1259E-03
   176.0      0.1424E-03
   177.0      0.1566E-03
   178.0      0.1675E-03
   179.0      0.1744E-03
   180.0      0.1768E-03
 END
@legend string   2 "Partition=  2 Excit=  2 near/far= 1"
#legend string   0 "Lab energy =   70.0000"
@s2 linestyle   3
#  Theta       sigma       iT11        T20         T21         T22         Kyy for projectile
   3.000       1.141    
   4.000       1.348    
   5.000       1.543    
   6.000       1.692    
   7.000       1.770    
   8.000       1.766    
   9.000       1.685    
   10.00       1.542    
   11.00       1.359    
   12.00       1.162    
   13.00      0.9764    
   14.00      0.8191    
   15.00      0.7010    
   16.00      0.6245    
   17.00      0.5853    
   18.00      0.5743    
   19.00      0.5800    
   20.00      0.5915    
   21.00      0.5997    
   22.00      0.5989    
   23.00      0.5866    
   24.00      0.5635    
   25.00      0.5323    
   26.00      0.4972    
   27.00      0.4621    
   28.00      0.4307    
   29.00      0.4054    
   30.00      0.3871    
   31.00      0.3758    
   32.00      0.3703    
   33.00      0.3688    
   34.00      0.3696    
   35.00      0.3708    
   36.00      0.3711    
   37.00      0.3695    
   38.00      0.3659    
   39.00      0.3602    
   40.00      0.3529    
   41.00      0.3447    
   42.00      0.3361    
   43.00      0.3278    
   44.00      0.3200    
   45.00      0.3130    
   46.00      0.3066    
   47.00      0.3008    
   48.00      0.2951    
   49.00      0.2893    
   50.00      0.2829    
   51.00      0.2757    
   52.00      0.2676    
   53.00      0.2584    
   54.00      0.2481    
   55.00      0.2370    
   56.00      0.2252    
   57.00      0.2130    
   58.00      0.2007    
   59.00      0.1884    
   60.00      0.1763    
   61.00      0.1648    
   62.00      0.1539    
   63.00      0.1436    
   64.00      0.1339    
   65.00      0.1250    
   66.00      0.1167    
   67.00      0.1089    
   68.00      0.1016    
   69.00      0.9474E-01
   70.00      0.8825E-01
   71.00      0.8209E-01
   72.00      0.7621E-01
   73.00      0.7060E-01
   74.00      0.6525E-01
   75.00      0.6016E-01
   76.00      0.5533E-01
   77.00      0.5078E-01
   78.00      0.4651E-01
   79.00      0.4253E-01
   80.00      0.3884E-01
   81.00      0.3543E-01
   82.00      0.3232E-01
   83.00      0.2947E-01
   84.00      0.2688E-01
   85.00      0.2453E-01
   86.00      0.2239E-01
   87.00      0.2045E-01
   88.00      0.1869E-01
   89.00      0.1709E-01
   90.00      0.1563E-01
   91.00      0.1428E-01
   92.00      0.1305E-01
   93.00      0.1192E-01
   94.00      0.1087E-01
   95.00      0.9908E-02
   96.00      0.9016E-02
   97.00      0.8193E-02
   98.00      0.7435E-02
   99.00      0.6737E-02
   100.0      0.6098E-02
   101.0      0.5514E-02
   102.0      0.4981E-02
   103.0      0.4497E-02
   104.0      0.4059E-02
   105.0      0.3663E-02
   106.0      0.3307E-02
   107.0      0.2987E-02
   108.0      0.2699E-02
   109.0      0.2441E-02
   110.0      0.2210E-02
   111.0      0.2002E-02
   112.0      0.1816E-02
   113.0      0.1648E-02
   114.0      0.1497E-02
   115.0      0.1360E-02
   116.0      0.1237E-02
   117.0      0.1125E-02
   118.0      0.1023E-02
   119.0      0.9304E-03
   120.0      0.8462E-03
   121.0      0.7695E-03
   122.0      0.6996E-03
   123.0      0.6360E-03
   124.0      0.5780E-03
   125.0      0.5252E-03
   126.0      0.4773E-03
   127.0      0.4336E-03
   128.0      0.3940E-03
   129.0      0.3581E-03
   130.0      0.3255E-03
   131.0      0.2960E-03
   132.0      0.2693E-03
   133.0      0.2451E-03
   134.0      0.2232E-03
   135.0      0.2033E-03
   136.0      0.1852E-03
   137.0      0.1688E-03
   138.0      0.1539E-03
   139.0      0.1403E-03
   140.0      0.1279E-03
   141.0      0.1166E-03
   142.0      0.1063E-03
   143.0      0.9696E-04
   144.0      0.8842E-04
   145.0      0.8067E-04
   146.0      0.7364E-04
   147.0      0.6730E-04
   148.0      0.6159E-04
   149.0      0.5646E-04
   150.0      0.5184E-04
   151.0      0.4770E-04
   152.0      0.4397E-04
   153.0      0.4059E-04
   154.0      0.3751E-04
   155.0      0.3468E-04
   156.0      0.3206E-04
   157.0      0.2961E-04
   158.0      0.2731E-04
   159.0      0.2516E-04
   160.0      0.2315E-04
   161.0      0.2131E-04
   162.0      0.1964E-04
   163.0      0.1819E-04
   164.0      0.1697E-04
   165.0      0.1602E-04
   166.0      0.1536E-04
   167.0      0.1500E-04
   168.0      0.1495E-04
   169.0      0.1520E-04
   170.0      0.1572E-04
   171.0      0.1647E-04
   172.0      0.1740E-04
   173.0      0.1846E-04
   174.0      0.1957E-04
   175.0      0.2066E-04
   176.0      0.2167E-04
   177.0      0.2253E-04
   178.0      0.2318E-04
   179.0      0.2359E-04
   180.0      0.2373E-04
 END
@legend string   3 "Partition=  2 Excit=  3 near/far= 1"
#legend string   0 "Lab energy =   70.0000"
@s3 linestyle   4
#  Theta       sigma       iT11        T20         T21         T22         Kyy for projectile
   3.000      0.3383    
   4.000      0.3154    
   5.000      0.3111    
   6.000      0.3339    
   7.000      0.3869    
   8.000      0.4661    
   9.000      0.5619    
   10.00      0.6602    
   11.00      0.7459    
   12.00      0.8059    
   13.00      0.8311    
   14.00      0.8181    
   15.00      0.7693    
   16.00      0.6923    
   17.00      0.5974    
   18.00      0.4965    
   19.00      0.4003    
   20.00      0.3174    
   21.00      0.2530    
   22.00      0.2090    
   23.00      0.1839    
   24.00      0.1746    
   25.00      0.1762    
   26.00      0.1841    
   27.00      0.1940    
   28.00      0.2029    
   29.00      0.2091    
   30.00      0.2124    
   31.00      0.2133    
   32.00      0.2133    
   33.00      0.2137    
   34.00      0.2161    
   35.00      0.2214    
   36.00      0.2298    
   37.00      0.2412    
   38.00      0.2549    
   39.00      0.2697    
   40.00      0.2844    
   41.00      0.2978    
   42.00      0.3088    
   43.00      0.3166    
   44.00      0.3208    
   45.00      0.3213    
   46.00      0.3183    
   47.00      0.3123    
   48.00      0.3038    
   49.00      0.2935    
   50.00      0.2821    
   51.00      0.2702    
   52.00      0.2583    
   53.00      0.2466    
   54.00      0.2353    
   55.00      0.2247    
   56.00      0.2145    
   57.00      0.2048    
   58.00      0.1954    
   59.00      0.1863    
   60.00      0.1772    
   61.00      0.1682    
   62.00      0.1591    
   63.00      0.1500    
   64.00      0.1409    
   65.00      0.1318    
   66.00      0.1229    
   67.00      0.1141    
   68.00      0.1056    
   69.00      0.9749E-01
   70.00      0.8979E-01
   71.00      0.8254E-01
   72.00      0.7578E-01
   73.00      0.6951E-01
   74.00      0.6374E-01
   75.00      0.5843E-01
   76.00      0.5357E-01
   77.00      0.4913E-01
   78.00      0.4505E-01
   79.00      0.4132E-01
   80.00      0.3789E-01
   81.00      0.3473E-01
   82.00      0.3181E-01
   83.00      0.2911E-01
   84.00      0.2662E-01
   85.00      0.2430E-01
   86.00      0.2216E-01
   87.00      0.2018E-01
   88.00      0.1835E-01
   89.00      0.1667E-01
   90.00      0.1512E-01
   91.00      0.1371E-01
   92.00      0.1242E-01
   93.00      0.1124E-01
   94.00      0.1017E-01
   95.00      0.9200E-02
   96.00      0.8324E-02
   97.00      0.7532E-02
   98.00      0.6818E-02
   99.00      0.6174E-02
   100.0      0.5592E-02
   101.0      0.5067E-02
   102.0      0.4593E-02
   103.0      0.4164E-02
   104.0      0.3775E-02
   105.0      0.3423E-02
   106.0      0.3102E-02
   107.0      0.2812E-02
   108.0      0.2547E-02
   109.0      0.2306E-02
   110.0      0.2087E-02
   111.0      0.1888E-02
   112.0      0.1707E-02
   113.0      0.1542E-02
   114.0      0.1393E-02
   115.0      0.1257E-02
   116.0      0.1134E-02
   117.0      0.1023E-02
   118.0      0.9228E-03
   119.0      0.8322E-03
   120.0      0.7506E-03
   121.0      0.6772E-03
   122.0      0.6111E-03
   123.0      0.5517E-03
   124.0      0.4984E-03
   125.0      0.4504E-03
   126.0      0.4072E-03
   127.0      0.3683E-03
   128.0      0.3333E-03
   129.0      0.3018E-03
   130.0      0.2733E-03
   131.0      0.2476E-03
   132.0      0.2244E-03
   133.0      0.2033E-03
   134.0      0.1844E-03
   135.0      0.1672E-03
   136.0      0.1517E-03
   137.0      0.1378E-03
   138.0      0.1252E-03
   139.0      0.1139E-03
   140.0      0.1037E-03
   141.0      0.9456E-04
   142.0      0.8630E-04
   143.0      0.7883E-04
   144.0      0.7207E-04
   145.0      0.6594E-04
   146.0      0.6035E-04
   147.0      0.5526E-04
   148.0      0.5060E-04
   149.0      0.4635E-04
   150.0      0.4246E-04
   151.0      0.3892E-04
   152.0      0.3570E-04
   153.0      0.3277E-04
   154.0      0.3012E-04
   155.0      0.2771E-04
   156.0      0.2553E-04
   157.0      0.2355E-04
   158.0      0.2173E-04
   159.0      0.2005E-04
   160.0      0.1850E-04
   161.0      0.1706E-04
   162.0      0.1572E-04
   163.0      0.1449E-04
   164.0      0.1339E-04
   165.0      0.1243E-04
   166.0      0.1163E-04
   167.0      0.1103E-04
   168.0      0.1064E-04
   169.0      0.1047E-04
   170.0      0.1054E-04
   171.0      0.1082E-04
   172.0      0.1129E-04
   173.0      0.1191E-04
   174.0      0.1264E-04
   175.0      0.1341E-04
   176.0      0.1415E-04
   177.0      0.1481E-04
   178.0      0.1532E-04
   179.0      0.1565E-04
   180.0      0.1576E-04
 END
@legend string   4 "Partition=  2 Excit=  4 near/far= 1"
#legend string   0 "Lab energy =   70.0000"
@s4 linestyle   5
#  Theta       sigma       iT11        T20         T21         T22         Kyy for projectile
   3.000      0.6403E-01
   4.000      0.8519E-01
   5.000      0.1063    
   6.000      0.1252    
   7.000      0.1411    
   8.000      0.1545    
   9.000      0.1670    
   10.00      0.1807    
   11.00      0.1971    
   12.00      0.2171    
   13.00      0.2401    
   14.00      0.2641    
   15.00      0.2864    
   16.00      0.3037    
   17.00      0.3130    
   18.00      0.3125    
   19.00      0.3012    
   20.00      0.2800    
   21.00      0.2509    
   22.00      0.2168    
   23.00      0.1810    
   24.00      0.1470    
   25.00      0.1174    
   26.00      0.9415E-01
   27.00      0.7810E-01
   28.00      0.6912E-01
   29.00      0.6629E-01
   30.00      0.6810E-01
   31.00      0.7279E-01
   32.00      0.7865E-01
   33.00      0.8420E-01
   34.00      0.8842E-01
   35.00      0.9075E-01
   36.00      0.9108E-01
   37.00      0.8971E-01
   38.00      0.8718E-01
   39.00      0.8415E-01
   40.00      0.8127E-01
   41.00      0.7910E-01
   42.00      0.7799E-01
   43.00      0.7811E-01
   44.00      0.7941E-01
   45.00      0.8168E-01
   46.00      0.8458E-01
   47.00      0.8770E-01
   48.00      0.9066E-01
   49.00      0.9309E-01
   50.00      0.9471E-01
   51.00      0.9536E-01
   52.00      0.9495E-01
   53.00      0.9351E-01
   54.00      0.9116E-01
   55.00      0.8805E-01
   56.00      0.8437E-01
   57.00      0.8034E-01
   58.00      0.7614E-01
   59.00      0.7194E-01
   60.00      0.6786E-01
   61.00      0.6399E-01
   62.00      0.6039E-01
   63.00      0.5706E-01
   64.00      0.5400E-01
   65.00      0.5117E-01
   66.00      0.4853E-01
   67.00      0.4603E-01
   68.00      0.4364E-01
   69.00      0.4132E-01
   70.00      0.3904E-01
   71.00      0.3678E-01
   72.00      0.3455E-01
   73.00      0.3233E-01
   74.00      0.3016E-01
   75.00      0.2803E-01
   76.00      0.2596E-01
   77.00      0.2398E-01
   78.00      0.2209E-01
   79.00      0.2031E-01
   80.00      0.1864E-01
   81.00      0.1709E-01
   82.00      0.1567E-01
   83.00      0.1436E-01
   84.00      0.1316E-01
   85.00      0.1207E-01
   86.00      0.1107E-01
   87.00      0.1016E-01
   88.00      0.9337E-02
   89.00      0.8580E-02
   90.00      0.7885E-02
   91.00      0.7246E-02
   92.00      0.6657E-02
   93.00      0.6112E-02
   94.00      0.5608E-02
   95.00      0.5140E-02
   96.00      0.4707E-02
   97.00      0.4306E-02
   98.00      0.3935E-02
   99.00      0.3593E-02
   100.0      0.3277E-02
   101.0      0.2987E-02
   102.0      0.2722E-02
   103.0      0.2479E-02
   104.0      0.2258E-02
   105.0      0.2056E-02
   106.0      0.1873E-02
   107.0      0.1707E-02
   108.0      0.1556E-02
   109.0      0.1419E-02
   110.0      0.1295E-02
   111.0      0.1182E-02
   112.0      0.1080E-02
   113.0      0.9872E-03
   114.0      0.9025E-03
   115.0      0.8253E-03
   116.0      0.7549E-03
   117.0      0.6905E-03
   118.0      0.6317E-03
   119.0      0.5778E-03
   120.0      0.5286E-03
   121.0      0.4835E-03
   122.0      0.4423E-03
   123.0      0.4045E-03
   124.0      0.3700E-03
   125.0      0.3385E-03
   126.0      0.3096E-03
   127.0      0.2832E-03
   128.0      0.2591E-03
   129.0      0.2371E-03
   130.0      0.2169E-03
   131.0      0.1985E-03
   132.0      0.1816E-03
   133.0      0.1661E-03
   134.0      0.1519E-03
   135.0      0.1389E-03
   136.0      0.1269E-03
   137.0      0.1160E-03
   138.0      0.1061E-03
   139.0      0.9698E-04
   140.0      0.8871E-04
   141.0      0.8123E-04
   142.0      0.7448E-04
   143.0      0.6842E-04
   144.0      0.6300E-04
   145.0      0.5818E-04
   146.0      0.5391E-04
   147.0      0.5013E-04
   148.0      0.4678E-04
   149.0      0.4381E-04
   150.0      0.4115E-04
   151.0      0.3874E-04
   152.0      0.3654E-04
   153.0      0.3447E-04
   154.0      0.3251E-04
   155.0      0.3060E-04
   156.0      0.2873E-04
   157.0      0.2687E-04
   158.0      0.2502E-04
   159.0      0.2319E-04
   160.0      0.2139E-04
   161.0      0.1964E-04
   162.0      0.1798E-04
   163.0      0.1644E-04
   164.0      0.1506E-04
   165.0      0.1386E-04
   166.0      0.1287E-04
   167.0      0.1213E-04
   168.0      0.1162E-04
   169.0      0.1137E-04
   170.0      0.1134E-04
   171.0      0.1152E-04
   172.0      0.1188E-04
   173.0      0.1236E-04
   174.0      0.1293E-04
   175.0      0.1352E-04
   176.0      0.1409E-04
   177.0      0.1460E-04
   178.0      0.1499E-04
   179.0      0.1523E-04
   180.0      0.1532E-04
 END
