# 178 angles,  1 tensor ranks for 0=projectile
@subtitle   "p+O20 1.with BG ;"                                                             
@legend ON
@legend x1 0.2
@legend y1 0.8
@g0 type LOGY
@yaxis ticklabel format power
@legend string   0 "Lab energy =   35.0000"
#legend string   0 "Partition=  1 Excit=  2 near/far= 1"
#  Theta       sigma       iT11        T20         T21         T22         Kyy for projectile
   3.000       36.99    
   4.000       36.23    
   5.000       35.29    
   6.000       34.21    
   7.000       33.03    
   8.000       31.79    
   9.000       30.54    
   10.00       29.31    
   11.00       28.14    
   12.00       27.07    
   13.00       26.14    
   14.00       25.35    
   15.00       24.72    
   16.00       24.26    
   17.00       23.96    
   18.00       23.81    
   19.00       23.79    
   20.00       23.87    
   21.00       24.01    
   22.00       24.19    
   23.00       24.37    
   24.00       24.51    
   25.00       24.59    
   26.00       24.57    
   27.00       24.44    
   28.00       24.19    
   29.00       23.80    
   30.00       23.27    
   31.00       22.60    
   32.00       21.81    
   33.00       20.90    
   34.00       19.88    
   35.00       18.78    
   36.00       17.62    
   37.00       16.41    
   38.00       15.18    
   39.00       13.95    
   40.00       12.73    
   41.00       11.56    
   42.00       10.43    
   43.00       9.380    
   44.00       8.409    
   45.00       7.530    
   46.00       6.749    
   47.00       6.071    
   48.00       5.496    
   49.00       5.023    
   50.00       4.648    
   51.00       4.363    
   52.00       4.160    
   53.00       4.030    
   54.00       3.962    
   55.00       3.945    
   56.00       3.968    
   57.00       4.019    
   58.00       4.089    
   59.00       4.168    
   60.00       4.249    
   61.00       4.323    
   62.00       4.384    
   63.00       4.429    
   64.00       4.453    
   65.00       4.453    
   66.00       4.428    
   67.00       4.377    
   68.00       4.300    
   69.00       4.198    
   70.00       4.072    
   71.00       3.924    
   72.00       3.757    
   73.00       3.573    
   74.00       3.376    
   75.00       3.170    
   76.00       2.956    
   77.00       2.740    
   78.00       2.523    
   79.00       2.309    
   80.00       2.101    
   81.00       1.901    
   82.00       1.710    
   83.00       1.531    
   84.00       1.364    
   85.00       1.210    
   86.00       1.070    
   87.00      0.9436    
   88.00      0.8312    
   89.00      0.7322    
   90.00      0.6461    
   91.00      0.5723    
   92.00      0.5100    
   93.00      0.4584    
   94.00      0.4165    
   95.00      0.3832    
   96.00      0.3577    
   97.00      0.3388    
   98.00      0.3255    
   99.00      0.3168    
   100.0      0.3118    
   101.0      0.3096    
   102.0      0.3094    
   103.0      0.3104    
   104.0      0.3121    
   105.0      0.3138    
   106.0      0.3152    
   107.0      0.3159    
   108.0      0.3157    
   109.0      0.3143    
   110.0      0.3117    
   111.0      0.3078    
   112.0      0.3026    
   113.0      0.2961    
   114.0      0.2884    
   115.0      0.2795    
   116.0      0.2696    
   117.0      0.2587    
   118.0      0.2470    
   119.0      0.2347    
   120.0      0.2219    
   121.0      0.2089    
   122.0      0.1956    
   123.0      0.1824    
   124.0      0.1694    
   125.0      0.1566    
   126.0      0.1442    
   127.0      0.1324    
   128.0      0.1211    
   129.0      0.1105    
   130.0      0.1005    
   131.0      0.9124E-01
   132.0      0.8268E-01
   133.0      0.7484E-01
   134.0      0.6769E-01
   135.0      0.6123E-01
   136.0      0.5544E-01
   137.0      0.5030E-01
   138.0      0.4579E-01
   139.0      0.4188E-01
   140.0      0.3854E-01
   141.0      0.3573E-01
   142.0      0.3342E-01
   143.0      0.3156E-01
   144.0      0.3010E-01
   145.0      0.2899E-01
   146.0      0.2819E-01
   147.0      0.2766E-01
   148.0      0.2735E-01
   149.0      0.2722E-01
   150.0      0.2726E-01
   151.0      0.2744E-01
   152.0      0.2773E-01
   153.0      0.2813E-01
   154.0      0.2862E-01
   155.0      0.2920E-01
   156.0      0.2985E-01
   157.0      0.3057E-01
   158.0      0.3135E-01
   159.0      0.3217E-01
   160.0      0.3304E-01
   161.0      0.3392E-01
   162.0      0.3481E-01
   163.0      0.3569E-01
   164.0      0.3656E-01
   165.0      0.3740E-01
   166.0      0.3822E-01
   167.0      0.3900E-01
   168.0      0.3976E-01
   169.0      0.4049E-01
   170.0      0.4120E-01
   171.0      0.4188E-01
   172.0      0.4253E-01
   173.0      0.4315E-01
   174.0      0.4372E-01
   175.0      0.4423E-01
   176.0      0.4467E-01
   177.0      0.4503E-01
   178.0      0.4529E-01
   179.0      0.4545E-01
   180.0      0.4551E-01
 END
