# 178 angles,  1 tensor ranks for 0=projectile
@subtitle   "20O + d 3-?;"                                                                  
@legend ON
@legend x1 0.2
@legend y1 0.8
@g0 type LOGY
@yaxis ticklabel format power
@legend string   0 "Lab energy =   70.0000"
#legend string   0 "Partition=  1 Excit=  2 near/far= 1"
#  Theta       sigma       iT11        T20         T21         T22         Kyy for projectile
   3.000       7.729    
   4.000       9.278    
   5.000       10.90    
   6.000       12.42    
   7.000       13.73    
   8.000       14.81    
   9.000       15.73    
   10.00       16.59    
   11.00       17.51    
   12.00       18.58    
   13.00       19.78    
   14.00       21.08    
   15.00       22.33    
   16.00       23.39    
   17.00       24.08    
   18.00       24.27    
   19.00       23.87    
   20.00       22.87    
   21.00       21.34    
   22.00       19.40    
   23.00       17.22    
   24.00       14.95    
   25.00       12.79    
   26.00       10.87    
   27.00       9.281    
   28.00       8.089    
   29.00       7.294    
   30.00       6.858    
   31.00       6.711    
   32.00       6.766    
   33.00       6.932    
   34.00       7.122    
   35.00       7.266    
   36.00       7.313    
   37.00       7.235    
   38.00       7.024    
   39.00       6.692    
   40.00       6.262    
   41.00       5.764    
   42.00       5.232    
   43.00       4.698    
   44.00       4.189    
   45.00       3.725    
   46.00       3.318    
   47.00       2.973    
   48.00       2.688    
   49.00       2.456    
   50.00       2.269    
   51.00       2.114    
   52.00       1.981    
   53.00       1.860    
   54.00       1.744    
   55.00       1.627    
   56.00       1.506    
   57.00       1.381    
   58.00       1.252    
   59.00       1.122    
   60.00      0.9938    
   61.00      0.8705    
   62.00      0.7549    
   63.00      0.6492    
   64.00      0.5551    
   65.00      0.4732    
   66.00      0.4036    
   67.00      0.3458    
   68.00      0.2986    
   69.00      0.2607    
   70.00      0.2305    
   71.00      0.2063    
   72.00      0.1867    
   73.00      0.1703    
   74.00      0.1562    
   75.00      0.1434    
   76.00      0.1314    
   77.00      0.1199    
   78.00      0.1088    
   79.00      0.9793E-01
   80.00      0.8748E-01
   81.00      0.7756E-01
   82.00      0.6826E-01
   83.00      0.5971E-01
   84.00      0.5201E-01
   85.00      0.4521E-01
   86.00      0.3933E-01
   87.00      0.3433E-01
   88.00      0.3012E-01
   89.00      0.2662E-01
   90.00      0.2371E-01
   91.00      0.2131E-01
   92.00      0.1931E-01
   93.00      0.1760E-01
   94.00      0.1610E-01
   95.00      0.1476E-01
   96.00      0.1351E-01
   97.00      0.1235E-01
   98.00      0.1125E-01
   99.00      0.1019E-01
   100.0      0.9185E-02
   101.0      0.8229E-02
   102.0      0.7337E-02
   103.0      0.6521E-02
   104.0      0.5788E-02
   105.0      0.5140E-02
   106.0      0.4577E-02
   107.0      0.4096E-02
   108.0      0.3694E-02
   109.0      0.3364E-02
   110.0      0.3096E-02
   111.0      0.2877E-02
   112.0      0.2697E-02
   113.0      0.2548E-02
   114.0      0.2420E-02
   115.0      0.2307E-02
   116.0      0.2201E-02
   117.0      0.2095E-02
   118.0      0.1985E-02
   119.0      0.1870E-02
   120.0      0.1750E-02
   121.0      0.1625E-02
   122.0      0.1498E-02
   123.0      0.1368E-02
   124.0      0.1240E-02
   125.0      0.1115E-02
   126.0      0.9960E-03
   127.0      0.8846E-03
   128.0      0.7812E-03
   129.0      0.6863E-03
   130.0      0.6011E-03
   131.0      0.5267E-03
   132.0      0.4637E-03
   133.0      0.4118E-03
   134.0      0.3696E-03
   135.0      0.3361E-03
   136.0      0.3101E-03
   137.0      0.2907E-03
   138.0      0.2764E-03
   139.0      0.2657E-03
   140.0      0.2570E-03
   141.0      0.2498E-03
   142.0      0.2440E-03
   143.0      0.2398E-03
   144.0      0.2366E-03
   145.0      0.2330E-03
   146.0      0.2279E-03
   147.0      0.2207E-03
   148.0      0.2117E-03
   149.0      0.2019E-03
   150.0      0.1920E-03
   151.0      0.1822E-03
   152.0      0.1723E-03
   153.0      0.1621E-03
   154.0      0.1517E-03
   155.0      0.1415E-03
   156.0      0.1316E-03
   157.0      0.1222E-03
   158.0      0.1133E-03
   159.0      0.1051E-03
   160.0      0.9787E-04
   161.0      0.9192E-04
   162.0      0.8726E-04
   163.0      0.8367E-04
   164.0      0.8079E-04
   165.0      0.7844E-04
   166.0      0.7667E-04
   167.0      0.7561E-04
   168.0      0.7535E-04
   169.0      0.7581E-04
   170.0      0.7687E-04
   171.0      0.7842E-04
   172.0      0.8042E-04
   173.0      0.8280E-04
   174.0      0.8531E-04
   175.0      0.8756E-04
   176.0      0.8914E-04
   177.0      0.8990E-04
   178.0      0.8998E-04
   179.0      0.8975E-04
   180.0      0.8961E-04
 END
