# 178 angles,  1 tensor ranks for 0=projectile
@subtitle   "20O(d,t) @ 30AMeV Daeh (d) + Pang (t)"                                         
@legend ON
@legend x1 0.2
@legend y1 0.8
@g0 type LOGY
@yaxis ticklabel format power
@legend string   0 "Lab energy =   70.0000"
#legend string   0 "Partition=  2 Excit=  1 near/far= 1"
#  Theta       sigma       iT11        T20         T21         T22         Kyy for projectile
   3.000       17.72    
   4.000       12.54    
   5.000       7.758    
   6.000       4.036    
   7.000       1.704    
   8.000      0.7304    
   9.000      0.8173    
   10.00       1.529    
   11.00       2.428    
   12.00       3.177    
   13.00       3.585    
   14.00       3.606    
   15.00       3.306    
   16.00       2.814    
   17.00       2.268    
   18.00       1.783    
   19.00       1.432    
   20.00       1.239    
   21.00       1.190    
   22.00       1.244    
   23.00       1.351    
   24.00       1.464    
   25.00       1.547    
   26.00       1.576    
   27.00       1.546    
   28.00       1.461    
   29.00       1.333    
   30.00       1.178    
   31.00       1.011    
   32.00      0.8482    
   33.00      0.6979    
   34.00      0.5670    
   35.00      0.4582    
   36.00      0.3715    
   37.00      0.3049    
   38.00      0.2557    
   39.00      0.2204    
   40.00      0.1960    
   41.00      0.1794    
   42.00      0.1684    
   43.00      0.1610    
   44.00      0.1555    
   45.00      0.1509    
   46.00      0.1463    
   47.00      0.1411    
   48.00      0.1349    
   49.00      0.1277    
   50.00      0.1195    
   51.00      0.1105    
   52.00      0.1009    
   53.00      0.9115E-01
   54.00      0.8151E-01
   55.00      0.7233E-01
   56.00      0.6389E-01
   57.00      0.5636E-01
   58.00      0.4985E-01
   59.00      0.4436E-01
   60.00      0.3984E-01
   61.00      0.3615E-01
   62.00      0.3314E-01
   63.00      0.3065E-01
   64.00      0.2852E-01
   65.00      0.2660E-01
   66.00      0.2478E-01
   67.00      0.2300E-01
   68.00      0.2120E-01
   69.00      0.1937E-01
   70.00      0.1754E-01
   71.00      0.1573E-01
   72.00      0.1397E-01
   73.00      0.1230E-01
   74.00      0.1076E-01
   75.00      0.9369E-02
   76.00      0.8143E-02
   77.00      0.7085E-02
   78.00      0.6191E-02
   79.00      0.5447E-02
   80.00      0.4835E-02
   81.00      0.4334E-02
   82.00      0.3922E-02
   83.00      0.3577E-02
   84.00      0.3281E-02
   85.00      0.3019E-02
   86.00      0.2779E-02
   87.00      0.2552E-02
   88.00      0.2334E-02
   89.00      0.2123E-02
   90.00      0.1918E-02
   91.00      0.1721E-02
   92.00      0.1534E-02
   93.00      0.1358E-02
   94.00      0.1195E-02
   95.00      0.1047E-02
   96.00      0.9140E-03
   97.00      0.7969E-03
   98.00      0.6950E-03
   99.00      0.6072E-03
   100.0      0.5324E-03
   101.0      0.4689E-03
   102.0      0.4153E-03
   103.0      0.3699E-03
   104.0      0.3312E-03
   105.0      0.2981E-03
   106.0      0.2694E-03
   107.0      0.2441E-03
   108.0      0.2217E-03
   109.0      0.2017E-03
   110.0      0.1837E-03
   111.0      0.1674E-03
   112.0      0.1528E-03
   113.0      0.1396E-03
   114.0      0.1278E-03
   115.0      0.1174E-03
   116.0      0.1081E-03
   117.0      0.9997E-04
   118.0      0.9281E-04
   119.0      0.8648E-04
   120.0      0.8084E-04
   121.0      0.7575E-04
   122.0      0.7106E-04
   123.0      0.6664E-04
   124.0      0.6240E-04
   125.0      0.5823E-04
   126.0      0.5408E-04
   127.0      0.4992E-04
   128.0      0.4574E-04
   129.0      0.4154E-04
   130.0      0.3735E-04
   131.0      0.3322E-04
   132.0      0.2920E-04
   133.0      0.2533E-04
   134.0      0.2167E-04
   135.0      0.1827E-04
   136.0      0.1516E-04
   137.0      0.1238E-04
   138.0      0.9948E-05
   139.0      0.7867E-05
   140.0      0.6139E-05
   141.0      0.4754E-05
   142.0      0.3692E-05
   143.0      0.2928E-05
   144.0      0.2432E-05
   145.0      0.2170E-05
   146.0      0.2109E-05
   147.0      0.2213E-05
   148.0      0.2448E-05
   149.0      0.2783E-05
   150.0      0.3186E-05
   151.0      0.3629E-05
   152.0      0.4087E-05
   153.0      0.4536E-05
   154.0      0.4957E-05
   155.0      0.5330E-05
   156.0      0.5642E-05
   157.0      0.5880E-05
   158.0      0.6036E-05
   159.0      0.6104E-05
   160.0      0.6082E-05
   161.0      0.5970E-05
   162.0      0.5775E-05
   163.0      0.5502E-05
   164.0      0.5163E-05
   165.0      0.4770E-05
   166.0      0.4336E-05
   167.0      0.3877E-05
   168.0      0.3406E-05
   169.0      0.2937E-05
   170.0      0.2484E-05
   171.0      0.2057E-05
   172.0      0.1665E-05
   173.0      0.1314E-05
   174.0      0.1008E-05
   175.0      0.7493E-06
   176.0      0.5392E-06
   177.0      0.3774E-06
   178.0      0.2630E-06
   179.0      0.1949E-06
   180.0      0.1723E-06
 END
