# 181 angles,  1 tensor ranks for 0=projectile
@subtitle   "p+O20 1st ex with BG ;"                                                        
@legend ON
@legend x1 0.2
@legend y1 0.8
@g0 type LOGY
@yaxis ticklabel format power
@legend string   0 "Lab energy =   35.0000"
#legend string   0 "Partition=  1 Excit=  2 near/far= 1"
#  Theta       sigma       iT11        T20         T21         T22         Kyy for projectile
   0.000      0.7484    
   1.000      0.7556    
   2.000      0.7771    
   3.000      0.8121    
   4.000      0.8592    
   5.000      0.9170    
   6.000      0.9833    
   7.000       1.056    
   8.000       1.135    
   9.000       1.217    
   10.00       1.302    
   11.00       1.390    
   12.00       1.479    
   13.00       1.568    
   14.00       1.657    
   15.00       1.745    
   16.00       1.831    
   17.00       1.916    
   18.00       1.999    
   19.00       2.081    
   20.00       2.162    
   21.00       2.242    
   22.00       2.321    
   23.00       2.399    
   24.00       2.475    
   25.00       2.550    
   26.00       2.622    
   27.00       2.691    
   28.00       2.757    
   29.00       2.817    
   30.00       2.871    
   31.00       2.918    
   32.00       2.956    
   33.00       2.984    
   34.00       3.001    
   35.00       3.007    
   36.00       3.000    
   37.00       2.980    
   38.00       2.946    
   39.00       2.898    
   40.00       2.837    
   41.00       2.763    
   42.00       2.677    
   43.00       2.580    
   44.00       2.472    
   45.00       2.356    
   46.00       2.232    
   47.00       2.104    
   48.00       1.971    
   49.00       1.836    
   50.00       1.701    
   51.00       1.567    
   52.00       1.436    
   53.00       1.309    
   54.00       1.188    
   55.00       1.074    
   56.00      0.9671    
   57.00      0.8687    
   58.00      0.7791    
   59.00      0.6987    
   60.00      0.6277    
   61.00      0.5659    
   62.00      0.5133    
   63.00      0.4694    
   64.00      0.4337    
   65.00      0.4057    
   66.00      0.3847    
   67.00      0.3698    
   68.00      0.3604    
   69.00      0.3556    
   70.00      0.3546    
   71.00      0.3566    
   72.00      0.3608    
   73.00      0.3665    
   74.00      0.3730    
   75.00      0.3797    
   76.00      0.3861    
   77.00      0.3918    
   78.00      0.3962    
   79.00      0.3992    
   80.00      0.4005    
   81.00      0.3998    
   82.00      0.3972    
   83.00      0.3926    
   84.00      0.3861    
   85.00      0.3776    
   86.00      0.3673    
   87.00      0.3553    
   88.00      0.3419    
   89.00      0.3271    
   90.00      0.3114    
   91.00      0.2947    
   92.00      0.2774    
   93.00      0.2597    
   94.00      0.2418    
   95.00      0.2239    
   96.00      0.2062    
   97.00      0.1888    
   98.00      0.1719    
   99.00      0.1556    
   100.0      0.1401    
   101.0      0.1254    
   102.0      0.1116    
   103.0      0.9879E-01
   104.0      0.8697E-01
   105.0      0.7617E-01
   106.0      0.6640E-01
   107.0      0.5763E-01
   108.0      0.4985E-01
   109.0      0.4302E-01
   110.0      0.3709E-01
   111.0      0.3203E-01
   112.0      0.2777E-01
   113.0      0.2426E-01
   114.0      0.2143E-01
   115.0      0.1921E-01
   116.0      0.1754E-01
   117.0      0.1635E-01
   118.0      0.1558E-01
   119.0      0.1517E-01
   120.0      0.1507E-01
   121.0      0.1521E-01
   122.0      0.1554E-01
   123.0      0.1602E-01
   124.0      0.1661E-01
   125.0      0.1726E-01
   126.0      0.1794E-01
   127.0      0.1863E-01
   128.0      0.1929E-01
   129.0      0.1990E-01
   130.0      0.2045E-01
   131.0      0.2092E-01
   132.0      0.2130E-01
   133.0      0.2157E-01
   134.0      0.2175E-01
   135.0      0.2182E-01
   136.0      0.2178E-01
   137.0      0.2164E-01
   138.0      0.2140E-01
   139.0      0.2106E-01
   140.0      0.2062E-01
   141.0      0.2010E-01
   142.0      0.1951E-01
   143.0      0.1885E-01
   144.0      0.1813E-01
   145.0      0.1735E-01
   146.0      0.1654E-01
   147.0      0.1569E-01
   148.0      0.1482E-01
   149.0      0.1393E-01
   150.0      0.1304E-01
   151.0      0.1215E-01
   152.0      0.1127E-01
   153.0      0.1040E-01
   154.0      0.9550E-02
   155.0      0.8729E-02
   156.0      0.7938E-02
   157.0      0.7182E-02
   158.0      0.6464E-02
   159.0      0.5788E-02
   160.0      0.5153E-02
   161.0      0.4562E-02
   162.0      0.4016E-02
   163.0      0.3514E-02
   164.0      0.3056E-02
   165.0      0.2642E-02
   166.0      0.2269E-02
   167.0      0.1936E-02
   168.0      0.1641E-02
   169.0      0.1382E-02
   170.0      0.1157E-02
   171.0      0.9625E-03
   172.0      0.7968E-03
   173.0      0.6571E-03
   174.0      0.5410E-03
   175.0      0.4465E-03
   176.0      0.3720E-03
   177.0      0.3161E-03
   178.0      0.2774E-03
   179.0      0.2547E-03
   180.0      0.2473E-03
 END
