# 178 angles,  1 tensor ranks for 0=projectile
@subtitle   "p+O20 with CH89;"                                                              
@legend ON
@legend x1 0.2
@legend y1 0.8
@g0 type LOGY
@yaxis ticklabel format power
@legend string   0 "Lab energy =   35.0000"
#legend string   0 "Partition=  1 Excit=  1 near/far= 1"
#  Theta       sigma       iT11        T20         T21         T22         Kyy for projectile
   3.000      0.1333E+06
   4.000      0.3802E+05
   5.000      0.1414E+05
   6.000       6425.    
   7.000       3497.    
   8.000       2254.    
   9.000       1674.    
   10.00       1377.    
   11.00       1205.    
   12.00       1091.    
   13.00       1003.    
   14.00       926.9    
   15.00       856.2    
   16.00       788.0    
   17.00       721.3    
   18.00       656.0    
   19.00       592.5    
   20.00       531.3    
   21.00       472.7    
   22.00       417.4    
   23.00       365.5    
   24.00       317.4    
   25.00       273.2    
   26.00       233.0    
   27.00       196.9    
   28.00       164.6    
   29.00       136.2    
   30.00       111.4    
   31.00       89.94    
   32.00       71.65    
   33.00       56.24    
   34.00       43.42    
   35.00       32.93    
   36.00       24.48    
   37.00       17.81    
   38.00       12.66    
   39.00       8.808    
   40.00       6.023    
   41.00       4.114    
   42.00       2.903    
   43.00       2.235    
   44.00       1.976    
   45.00       2.012    
   46.00       2.246    
   47.00       2.600    
   48.00       3.011    
   49.00       3.430    
   50.00       3.822    
   51.00       4.160    
   52.00       4.428    
   53.00       4.616    
   54.00       4.721    
   55.00       4.746    
   56.00       4.694    
   57.00       4.575    
   58.00       4.396    
   59.00       4.168    
   60.00       3.903    
   61.00       3.609    
   62.00       3.298    
   63.00       2.978    
   64.00       2.657    
   65.00       2.343    
   66.00       2.040    
   67.00       1.755    
   68.00       1.490    
   69.00       1.247    
   70.00       1.029    
   71.00      0.8366    
   72.00      0.6689    
   73.00      0.5258    
   74.00      0.4060    
   75.00      0.3081    
   76.00      0.2304    
   77.00      0.1708    
   78.00      0.1273    
   79.00      0.9772E-01
   80.00      0.8003E-01
   81.00      0.7217E-01
   82.00      0.7225E-01
   83.00      0.7849E-01
   84.00      0.8929E-01
   85.00      0.1032    
   86.00      0.1190    
   87.00      0.1356    
   88.00      0.1521    
   89.00      0.1678    
   90.00      0.1821    
   91.00      0.1945    
   92.00      0.2049    
   93.00      0.2129    
   94.00      0.2186    
   95.00      0.2219    
   96.00      0.2229    
   97.00      0.2217    
   98.00      0.2185    
   99.00      0.2135    
   100.0      0.2069    
   101.0      0.1989    
   102.0      0.1899    
   103.0      0.1799    
   104.0      0.1693    
   105.0      0.1582    
   106.0      0.1469    
   107.0      0.1355    
   108.0      0.1242    
   109.0      0.1131    
   110.0      0.1024    
   111.0      0.9211E-01
   112.0      0.8237E-01
   113.0      0.7322E-01
   114.0      0.6471E-01
   115.0      0.5686E-01
   116.0      0.4969E-01
   117.0      0.4320E-01
   118.0      0.3739E-01
   119.0      0.3223E-01
   120.0      0.2771E-01
   121.0      0.2378E-01
   122.0      0.2042E-01
   123.0      0.1759E-01
   124.0      0.1523E-01
   125.0      0.1332E-01
   126.0      0.1180E-01
   127.0      0.1064E-01
   128.0      0.9786E-02
   129.0      0.9203E-02
   130.0      0.8852E-02
   131.0      0.8695E-02
   132.0      0.8698E-02
   133.0      0.8832E-02
   134.0      0.9066E-02
   135.0      0.9376E-02
   136.0      0.9739E-02
   137.0      0.1013E-01
   138.0      0.1054E-01
   139.0      0.1095E-01
   140.0      0.1135E-01
   141.0      0.1173E-01
   142.0      0.1207E-01
   143.0      0.1238E-01
   144.0      0.1264E-01
   145.0      0.1286E-01
   146.0      0.1304E-01
   147.0      0.1316E-01
   148.0      0.1324E-01
   149.0      0.1328E-01
   150.0      0.1327E-01
   151.0      0.1322E-01
   152.0      0.1313E-01
   153.0      0.1300E-01
   154.0      0.1285E-01
   155.0      0.1267E-01
   156.0      0.1246E-01
   157.0      0.1223E-01
   158.0      0.1199E-01
   159.0      0.1173E-01
   160.0      0.1146E-01
   161.0      0.1119E-01
   162.0      0.1092E-01
   163.0      0.1064E-01
   164.0      0.1037E-01
   165.0      0.1011E-01
   166.0      0.9848E-02
   167.0      0.9600E-02
   168.0      0.9363E-02
   169.0      0.9140E-02
   170.0      0.8932E-02
   171.0      0.8740E-02
   172.0      0.8565E-02
   173.0      0.8409E-02
   174.0      0.8272E-02
   175.0      0.8155E-02
   176.0      0.8059E-02
   177.0      0.7983E-02
   178.0      0.7929E-02
   179.0      0.7896E-02
   180.0      0.7885E-02
 END
