# 178 angles,  1 tensor ranks for 0=projectile
@subtitle   "p+O20 1st with BG ;"                                                           
@legend ON
@legend x1 0.2
@legend y1 0.8
@g0 type LOGY
@yaxis ticklabel format power
@legend string   0 "Lab energy =   43.0000"
#legend string   0 "Partition=  1 Excit=  1 near/far= 1"
#  Theta       sigma       iT11        T20         T21         T22         Kyy for projectile
   3.000      0.8020E+05
   4.000      0.2233E+05
   5.000       8676.    
   6.000       4586.    
   7.000       3161.    
   8.000       2593.    
   9.000       2320.    
   10.00       2149.    
   11.00       2009.    
   12.00       1873.    
   13.00       1735.    
   14.00       1593.    
   15.00       1448.    
   16.00       1304.    
   17.00       1163.    
   18.00       1026.    
   19.00       897.1    
   20.00       776.1    
   21.00       664.5    
   22.00       562.9    
   23.00       471.7    
   24.00       390.8    
   25.00       320.0    
   26.00       259.0    
   27.00       207.0    
   28.00       163.4    
   29.00       127.5    
   30.00       98.40    
   31.00       75.30    
   32.00       57.40    
   33.00       43.90    
   34.00       34.09    
   35.00       27.28    
   36.00       22.86    
   37.00       20.29    
   38.00       19.09    
   39.00       18.87    
   40.00       19.28    
   41.00       20.06    
   42.00       20.98    
   43.00       21.89    
   44.00       22.66    
   45.00       23.21    
   46.00       23.50    
   47.00       23.50    
   48.00       23.22    
   49.00       22.66    
   50.00       21.86    
   51.00       20.85    
   52.00       19.67    
   53.00       18.36    
   54.00       16.96    
   55.00       15.51    
   56.00       14.05    
   57.00       12.60    
   58.00       11.20    
   59.00       9.860    
   60.00       8.603    
   61.00       7.441    
   62.00       6.382    
   63.00       5.430    
   64.00       4.587    
   65.00       3.850    
   66.00       3.215    
   67.00       2.678    
   68.00       2.230    
   69.00       1.863    
   70.00       1.569    
   71.00       1.339    
   72.00       1.164    
   73.00       1.035    
   74.00      0.9437    
   75.00      0.8832    
   76.00      0.8465    
   77.00      0.8274    
   78.00      0.8207    
   79.00      0.8218    
   80.00      0.8269    
   81.00      0.8331    
   82.00      0.8380    
   83.00      0.8396    
   84.00      0.8369    
   85.00      0.8291    
   86.00      0.8157    
   87.00      0.7967    
   88.00      0.7724    
   89.00      0.7432    
   90.00      0.7097    
   91.00      0.6725    
   92.00      0.6325    
   93.00      0.5903    
   94.00      0.5469    
   95.00      0.5028    
   96.00      0.4588    
   97.00      0.4156    
   98.00      0.3736    
   99.00      0.3333    
   100.0      0.2951    
   101.0      0.2594    
   102.0      0.2263    
   103.0      0.1960    
   104.0      0.1685    
   105.0      0.1439    
   106.0      0.1222    
   107.0      0.1032    
   108.0      0.8679E-01
   109.0      0.7288E-01
   110.0      0.6127E-01
   111.0      0.5175E-01
   112.0      0.4411E-01
   113.0      0.3816E-01
   114.0      0.3367E-01
   115.0      0.3044E-01
   116.0      0.2828E-01
   117.0      0.2700E-01
   118.0      0.2643E-01
   119.0      0.2641E-01
   120.0      0.2680E-01
   121.0      0.2747E-01
   122.0      0.2832E-01
   123.0      0.2926E-01
   124.0      0.3020E-01
   125.0      0.3109E-01
   126.0      0.3187E-01
   127.0      0.3250E-01
   128.0      0.3297E-01
   129.0      0.3325E-01
   130.0      0.3333E-01
   131.0      0.3321E-01
   132.0      0.3289E-01
   133.0      0.3239E-01
   134.0      0.3170E-01
   135.0      0.3085E-01
   136.0      0.2985E-01
   137.0      0.2871E-01
   138.0      0.2745E-01
   139.0      0.2609E-01
   140.0      0.2465E-01
   141.0      0.2315E-01
   142.0      0.2159E-01
   143.0      0.2000E-01
   144.0      0.1839E-01
   145.0      0.1678E-01
   146.0      0.1519E-01
   147.0      0.1362E-01
   148.0      0.1209E-01
   149.0      0.1062E-01
   150.0      0.9217E-02
   151.0      0.7896E-02
   152.0      0.6669E-02
   153.0      0.5546E-02
   154.0      0.4538E-02
   155.0      0.3654E-02
   156.0      0.2901E-02
   157.0      0.2286E-02
   158.0      0.1811E-02
   159.0      0.1481E-02
   160.0      0.1294E-02
   161.0      0.1248E-02
   162.0      0.1339E-02
   163.0      0.1559E-02
   164.0      0.1900E-02
   165.0      0.2349E-02
   166.0      0.2893E-02
   167.0      0.3517E-02
   168.0      0.4202E-02
   169.0      0.4931E-02
   170.0      0.5685E-02
   171.0      0.6443E-02
   172.0      0.7187E-02
   173.0      0.7896E-02
   174.0      0.8552E-02
   175.0      0.9139E-02
   176.0      0.9642E-02
   177.0      0.1005E-01
   178.0      0.1034E-01
   179.0      0.1052E-01
   180.0      0.1059E-01
 END
