# 178 angles,  1 tensor ranks for 0=projectile
@subtitle   "p+O20 1.with BG ;"                                                             
@legend ON
@legend x1 0.2
@legend y1 0.8
@g0 type LOGY
@yaxis ticklabel format power
@legend string   0 "Lab energy =   43.0000"
#legend string   0 "Partition=  1 Excit=  2 near/far= 1"
#  Theta       sigma       iT11        T20         T21         T22         Kyy for projectile
   3.000       3.873    
   4.000       3.780    
   5.000       3.666    
   6.000       3.535    
   7.000       3.392    
   8.000       3.243    
   9.000       3.093    
   10.00       2.947    
   11.00       2.811    
   12.00       2.689    
   13.00       2.586    
   14.00       2.504    
   15.00       2.445    
   16.00       2.408    
   17.00       2.393    
   18.00       2.396    
   19.00       2.413    
   20.00       2.438    
   21.00       2.468    
   22.00       2.495    
   23.00       2.515    
   24.00       2.523    
   25.00       2.516    
   26.00       2.492    
   27.00       2.448    
   28.00       2.386    
   29.00       2.305    
   30.00       2.209    
   31.00       2.098    
   32.00       1.975    
   33.00       1.844    
   34.00       1.707    
   35.00       1.567    
   36.00       1.426    
   37.00       1.286    
   38.00       1.151    
   39.00       1.022    
   40.00      0.9016    
   41.00      0.7902    
   42.00      0.6897    
   43.00      0.6008    
   44.00      0.5242    
   45.00      0.4601    
   46.00      0.4084    
   47.00      0.3684    
   48.00      0.3394    
   49.00      0.3201    
   50.00      0.3092    
   51.00      0.3052    
   52.00      0.3064    
   53.00      0.3114    
   54.00      0.3187    
   55.00      0.3269    
   56.00      0.3351    
   57.00      0.3424    
   58.00      0.3481    
   59.00      0.3517    
   60.00      0.3529    
   61.00      0.3517    
   62.00      0.3480    
   63.00      0.3418    
   64.00      0.3333    
   65.00      0.3225    
   66.00      0.3097    
   67.00      0.2951    
   68.00      0.2789    
   69.00      0.2614    
   70.00      0.2430    
   71.00      0.2238    
   72.00      0.2044    
   73.00      0.1850    
   74.00      0.1659    
   75.00      0.1476    
   76.00      0.1302    
   77.00      0.1139    
   78.00      0.9904E-01
   79.00      0.8562E-01
   80.00      0.7370E-01
   81.00      0.6328E-01
   82.00      0.5431E-01
   83.00      0.4671E-01
   84.00      0.4037E-01
   85.00      0.3517E-01
   86.00      0.3099E-01
   87.00      0.2772E-01
   88.00      0.2525E-01
   89.00      0.2348E-01
   90.00      0.2230E-01
   91.00      0.2163E-01
   92.00      0.2138E-01
   93.00      0.2145E-01
   94.00      0.2177E-01
   95.00      0.2225E-01
   96.00      0.2281E-01
   97.00      0.2338E-01
   98.00      0.2388E-01
   99.00      0.2425E-01
   100.0      0.2447E-01
   101.0      0.2449E-01
   102.0      0.2431E-01
   103.0      0.2393E-01
   104.0      0.2336E-01
   105.0      0.2263E-01
   106.0      0.2175E-01
   107.0      0.2077E-01
   108.0      0.1972E-01
   109.0      0.1860E-01
   110.0      0.1746E-01
   111.0      0.1629E-01
   112.0      0.1512E-01
   113.0      0.1394E-01
   114.0      0.1278E-01
   115.0      0.1163E-01
   116.0      0.1050E-01
   117.0      0.9404E-02
   118.0      0.8354E-02
   119.0      0.7360E-02
   120.0      0.6432E-02
   121.0      0.5582E-02
   122.0      0.4817E-02
   123.0      0.4143E-02
   124.0      0.3563E-02
   125.0      0.3075E-02
   126.0      0.2674E-02
   127.0      0.2350E-02
   128.0      0.2093E-02
   129.0      0.1890E-02
   130.0      0.1731E-02
   131.0      0.1605E-02
   132.0      0.1506E-02
   133.0      0.1430E-02
   134.0      0.1375E-02
   135.0      0.1342E-02
   136.0      0.1333E-02
   137.0      0.1348E-02
   138.0      0.1387E-02
   139.0      0.1447E-02
   140.0      0.1526E-02
   141.0      0.1617E-02
   142.0      0.1715E-02
   143.0      0.1815E-02
   144.0      0.1909E-02
   145.0      0.1993E-02
   146.0      0.2062E-02
   147.0      0.2111E-02
   148.0      0.2137E-02
   149.0      0.2141E-02
   150.0      0.2123E-02
   151.0      0.2086E-02
   152.0      0.2035E-02
   153.0      0.1975E-02
   154.0      0.1911E-02
   155.0      0.1849E-02
   156.0      0.1791E-02
   157.0      0.1739E-02
   158.0      0.1691E-02
   159.0      0.1648E-02
   160.0      0.1605E-02
   161.0      0.1564E-02
   162.0      0.1521E-02
   163.0      0.1479E-02
   164.0      0.1438E-02
   165.0      0.1400E-02
   166.0      0.1364E-02
   167.0      0.1331E-02
   168.0      0.1300E-02
   169.0      0.1270E-02
   170.0      0.1240E-02
   171.0      0.1210E-02
   172.0      0.1179E-02
   173.0      0.1148E-02
   174.0      0.1119E-02
   175.0      0.1093E-02
   176.0      0.1072E-02
   177.0      0.1056E-02
   178.0      0.1045E-02
   179.0      0.1039E-02
   180.0      0.1037E-02
 END
