# 181 angles,  1 tensor ranks for 0=projectile
@subtitle   "p+O20 1st ex with BG ;"                                                        
@legend ON
@legend x1 0.2
@legend y1 0.8
@g0 type LOGY
@yaxis ticklabel format power
@legend string   0 "Lab energy =   35.0000"
#legend string   0 "Partition=  1 Excit=  2 near/far= 1"
#  Theta       sigma       iT11        T20         T21         T22         Kyy for projectile
   0.000       26.75    
   1.000       26.76    
   2.000       26.77    
   3.000       26.68    
   4.000       26.40    
   5.000       25.87    
   6.000       25.11    
   7.000       24.18    
   8.000       23.16    
   9.000       22.14    
   10.00       21.16    
   11.00       20.25    
   12.00       19.42    
   13.00       18.69    
   14.00       18.07    
   15.00       17.57    
   16.00       17.21    
   17.00       16.96    
   18.00       16.81    
   19.00       16.76    
   20.00       16.79    
   21.00       16.88    
   22.00       17.00    
   23.00       17.13    
   24.00       17.23    
   25.00       17.28    
   26.00       17.28    
   27.00       17.20    
   28.00       17.04    
   29.00       16.79    
   30.00       16.44    
   31.00       15.99    
   32.00       15.43    
   33.00       14.79    
   34.00       14.07    
   35.00       13.29    
   36.00       12.47    
   37.00       11.61    
   38.00       10.73    
   39.00       9.853    
   40.00       8.987    
   41.00       8.152    
   42.00       7.361    
   43.00       6.623    
   44.00       5.945    
   45.00       5.333    
   46.00       4.792    
   47.00       4.325    
   48.00       3.931    
   49.00       3.608    
   50.00       3.352    
   51.00       3.157    
   52.00       3.019    
   53.00       2.930    
   54.00       2.884    
   55.00       2.872    
   56.00       2.884    
   57.00       2.915    
   58.00       2.956    
   59.00       3.003    
   60.00       3.051    
   61.00       3.092    
   62.00       3.123    
   63.00       3.140    
   64.00       3.140    
   65.00       3.123    
   66.00       3.087    
   67.00       3.034    
   68.00       2.963    
   69.00       2.875    
   70.00       2.770    
   71.00       2.651    
   72.00       2.521    
   73.00       2.382    
   74.00       2.237    
   75.00       2.087    
   76.00       1.934    
   77.00       1.782    
   78.00       1.631    
   79.00       1.484    
   80.00       1.342    
   81.00       1.208    
   82.00       1.081    
   83.00      0.9634    
   84.00      0.8548    
   85.00      0.7557    
   86.00      0.6667    
   87.00      0.5876    
   88.00      0.5182    
   89.00      0.4580    
   90.00      0.4065    
   91.00      0.3632    
   92.00      0.3273    
   93.00      0.2983    
   94.00      0.2754    
   95.00      0.2576    
   96.00      0.2444    
   97.00      0.2350    
   98.00      0.2286    
   99.00      0.2247    
   100.0      0.2226    
   101.0      0.2218    
   102.0      0.2217    
   103.0      0.2220    
   104.0      0.2223    
   105.0      0.2225    
   106.0      0.2221    
   107.0      0.2210    
   108.0      0.2191    
   109.0      0.2162    
   110.0      0.2125    
   111.0      0.2079    
   112.0      0.2024    
   113.0      0.1961    
   114.0      0.1890    
   115.0      0.1813    
   116.0      0.1730    
   117.0      0.1643    
   118.0      0.1553    
   119.0      0.1461    
   120.0      0.1368    
   121.0      0.1275    
   122.0      0.1183    
   123.0      0.1094    
   124.0      0.1007    
   125.0      0.9241E-01
   126.0      0.8450E-01
   127.0      0.7705E-01
   128.0      0.7009E-01
   129.0      0.6367E-01
   130.0      0.5781E-01
   131.0      0.5250E-01
   132.0      0.4770E-01
   133.0      0.4340E-01
   134.0      0.3959E-01
   135.0      0.3629E-01
   136.0      0.3347E-01
   137.0      0.3110E-01
   138.0      0.2912E-01
   139.0      0.2747E-01
   140.0      0.2609E-01
   141.0      0.2498E-01
   142.0      0.2413E-01
   143.0      0.2351E-01
   144.0      0.2308E-01
   145.0      0.2279E-01
   146.0      0.2258E-01
   147.0      0.2244E-01
   148.0      0.2235E-01
   149.0      0.2232E-01
   150.0      0.2234E-01
   151.0      0.2237E-01
   152.0      0.2240E-01
   153.0      0.2242E-01
   154.0      0.2243E-01
   155.0      0.2242E-01
   156.0      0.2241E-01
   157.0      0.2238E-01
   158.0      0.2234E-01
   159.0      0.2229E-01
   160.0      0.2224E-01
   161.0      0.2220E-01
   162.0      0.2218E-01
   163.0      0.2216E-01
   164.0      0.2213E-01
   165.0      0.2210E-01
   166.0      0.2208E-01
   167.0      0.2209E-01
   168.0      0.2213E-01
   169.0      0.2220E-01
   170.0      0.2228E-01
   171.0      0.2234E-01
   172.0      0.2238E-01
   173.0      0.2243E-01
   174.0      0.2249E-01
   175.0      0.2257E-01
   176.0      0.2265E-01
   177.0      0.2272E-01
   178.0      0.2275E-01
   179.0      0.2277E-01
   180.0      0.2277E-01
 END
