# 181 angles,  1 tensor ranks for 0=projectile
@subtitle   "p+O20 1st ex with BG ;"                                                        
@legend ON
@legend x1 0.2
@legend y1 0.8
@g0 type LOGY
@yaxis ticklabel format power
@legend string   0 "Lab energy =   35.0000"
#legend string   0 "Partition=  1 Excit=  1 near/far= 1"
#  Theta       sigma       iT11        T20         T21         T22         Kyy for projectile
  0.1000E-01  0.1288E+16
   1.000      0.1251E+08
   2.000      0.7250E+06
   3.000      0.1295E+06
   4.000      0.3713E+05
   5.000      0.1435E+05
   6.000       7096.    
   7.000       4374.    
   8.000       3209.    
   9.000       2641.    
   10.00       2319.    
   11.00       2100.    
   12.00       1926.    
   13.00       1771.    
   14.00       1625.    
   15.00       1483.    
   16.00       1345.    
   17.00       1210.    
   18.00       1080.    
   19.00       956.7    
   20.00       839.8    
   21.00       730.6    
   22.00       629.7    
   23.00       537.4    
   24.00       454.1    
   25.00       379.5    
   26.00       313.7    
   27.00       256.3    
   28.00       206.9    
   29.00       164.9    
   30.00       129.7    
   31.00       100.8    
   32.00       77.53    
   33.00       59.15    
   34.00       45.06    
   35.00       34.63    
   36.00       27.27    
   37.00       22.42    
   38.00       19.60    
   39.00       18.33    
   40.00       18.24    
   41.00       18.96    
   42.00       20.21    
   43.00       21.75    
   44.00       23.37    
   45.00       24.93    
   46.00       26.30    
   47.00       27.41    
   48.00       28.20    
   49.00       28.65    
   50.00       28.74    
   51.00       28.50    
   52.00       27.94    
   53.00       27.09    
   54.00       25.99    
   55.00       24.69    
   56.00       23.23    
   57.00       21.64    
   58.00       19.98    
   59.00       18.29    
   60.00       16.58    
   61.00       14.91    
   62.00       13.29    
   63.00       11.74    
   64.00       10.29    
   65.00       8.944    
   66.00       7.710    
   67.00       6.594    
   68.00       5.598    
   69.00       4.722    
   70.00       3.960    
   71.00       3.309    
   72.00       2.760    
   73.00       2.306    
   74.00       1.939    
   75.00       1.647    
   76.00       1.423    
   77.00       1.257    
   78.00       1.140    
   79.00       1.063    
   80.00       1.019    
   81.00      0.9994    
   82.00      0.9990    
   83.00       1.012    
   84.00       1.032    
   85.00       1.057    
   86.00       1.082    
   87.00       1.105    
   88.00       1.123    
   89.00       1.135    
   90.00       1.140    
   91.00       1.137    
   92.00       1.126    
   93.00       1.108    
   94.00       1.082    
   95.00       1.049    
   96.00       1.010    
   97.00      0.9654    
   98.00      0.9166    
   99.00      0.8644    
   100.0      0.8097    
   101.0      0.7533    
   102.0      0.6961    
   103.0      0.6389    
   104.0      0.5824    
   105.0      0.5273    
   106.0      0.4741    
   107.0      0.4232    
   108.0      0.3751    
   109.0      0.3301    
   110.0      0.2883    
   111.0      0.2499    
   112.0      0.2150    
   113.0      0.1836    
   114.0      0.1555    
   115.0      0.1309    
   116.0      0.1094    
   117.0      0.9104E-01
   118.0      0.7552E-01
   119.0      0.6266E-01
   120.0      0.5226E-01
   121.0      0.4408E-01
   122.0      0.3791E-01
   123.0      0.3350E-01
   124.0      0.3063E-01
   125.0      0.2910E-01
   126.0      0.2868E-01
   127.0      0.2919E-01
   128.0      0.3043E-01
   129.0      0.3224E-01
   130.0      0.3445E-01
   131.0      0.3693E-01
   132.0      0.3955E-01
   133.0      0.4218E-01
   134.0      0.4474E-01
   135.0      0.4714E-01
   136.0      0.4930E-01
   137.0      0.5116E-01
   138.0      0.5269E-01
   139.0      0.5385E-01
   140.0      0.5461E-01
   141.0      0.5497E-01
   142.0      0.5491E-01
   143.0      0.5446E-01
   144.0      0.5362E-01
   145.0      0.5241E-01
   146.0      0.5086E-01
   147.0      0.4901E-01
   148.0      0.4689E-01
   149.0      0.4455E-01
   150.0      0.4202E-01
   151.0      0.3936E-01
   152.0      0.3660E-01
   153.0      0.3380E-01
   154.0      0.3099E-01
   155.0      0.2823E-01
   156.0      0.2554E-01
   157.0      0.2297E-01
   158.0      0.2054E-01
   159.0      0.1828E-01
   160.0      0.1622E-01
   161.0      0.1437E-01
   162.0      0.1274E-01
   163.0      0.1133E-01
   164.0      0.1015E-01
   165.0      0.9199E-02
   166.0      0.8456E-02
   167.0      0.7910E-02
   168.0      0.7545E-02
   169.0      0.7339E-02
   170.0      0.7269E-02
   171.0      0.7309E-02
   172.0      0.7435E-02
   173.0      0.7620E-02
   174.0      0.7839E-02
   175.0      0.8068E-02
   176.0      0.8288E-02
   177.0      0.8479E-02
   178.0      0.8626E-02
   179.0      0.8719E-02
   180.0      0.8750E-02
 END
