# 178 angles,  1 tensor ranks for 0=projectile
@subtitle   "p+O20 1st with BG ;"                                                           
@legend ON
@legend x1 0.2
@legend y1 0.8
@g0 type LOGY
@yaxis ticklabel format power
@legend string   0 "Lab energy =   43.0000"
#legend string   0 "Partition=  1 Excit=  2 near/far= 1"
#  Theta       sigma       iT11        T20         T21         T22         Kyy for projectile
   3.000       7.386    
   4.000       7.349    
   5.000       7.213    
   6.000       6.981    
   7.000       6.686    
   8.000       6.368    
   9.000       6.059    
   10.00       5.775    
   11.00       5.522    
   12.00       5.304    
   13.00       5.127    
   14.00       4.993    
   15.00       4.906    
   16.00       4.859    
   17.00       4.844    
   18.00       4.856    
   19.00       4.888    
   20.00       4.938    
   21.00       4.998    
   22.00       5.057    
   23.00       5.102    
   24.00       5.120    
   25.00       5.107    
   26.00       5.061    
   27.00       4.984    
   28.00       4.875    
   29.00       4.735    
   30.00       4.559    
   31.00       4.349    
   32.00       4.109    
   33.00       3.848    
   34.00       3.573    
   35.00       3.292    
   36.00       3.009    
   37.00       2.727    
   38.00       2.451    
   39.00       2.187    
   40.00       1.939    
   41.00       1.712    
   42.00       1.509    
   43.00       1.329    
   44.00       1.174    
   45.00       1.043    
   46.00      0.9352    
   47.00      0.8505    
   48.00      0.7865    
   49.00      0.7407    
   50.00      0.7101    
   51.00      0.6925    
   52.00      0.6856    
   53.00      0.6871    
   54.00      0.6945    
   55.00      0.7049    
   56.00      0.7156    
   57.00      0.7250    
   58.00      0.7320    
   59.00      0.7360    
   60.00      0.7364    
   61.00      0.7322    
   62.00      0.7228    
   63.00      0.7077    
   64.00      0.6872    
   65.00      0.6621    
   66.00      0.6331    
   67.00      0.6011    
   68.00      0.5664    
   69.00      0.5294    
   70.00      0.4907    
   71.00      0.4510    
   72.00      0.4114    
   73.00      0.3726    
   74.00      0.3351    
   75.00      0.2994    
   76.00      0.2655    
   77.00      0.2338    
   78.00      0.2047    
   79.00      0.1783    
   80.00      0.1548    
   81.00      0.1341    
   82.00      0.1161    
   83.00      0.1007    
   84.00      0.8774E-01
   85.00      0.7709E-01
   86.00      0.6856E-01
   87.00      0.6189E-01
   88.00      0.5683E-01
   89.00      0.5312E-01
   90.00      0.5057E-01
   91.00      0.4898E-01
   92.00      0.4815E-01
   93.00      0.4788E-01
   94.00      0.4796E-01
   95.00      0.4824E-01
   96.00      0.4859E-01
   97.00      0.4893E-01
   98.00      0.4919E-01
   99.00      0.4931E-01
   100.0      0.4920E-01
   101.0      0.4882E-01
   102.0      0.4814E-01
   103.0      0.4719E-01
   104.0      0.4599E-01
   105.0      0.4455E-01
   106.0      0.4289E-01
   107.0      0.4102E-01
   108.0      0.3896E-01
   109.0      0.3677E-01
   110.0      0.3448E-01
   111.0      0.3214E-01
   112.0      0.2977E-01
   113.0      0.2740E-01
   114.0      0.2506E-01
   115.0      0.2278E-01
   116.0      0.2059E-01
   117.0      0.1850E-01
   118.0      0.1653E-01
   119.0      0.1468E-01
   120.0      0.1297E-01
   121.0      0.1140E-01
   122.0      0.9995E-02
   123.0      0.8749E-02
   124.0      0.7651E-02
   125.0      0.6688E-02
   126.0      0.5848E-02
   127.0      0.5132E-02
   128.0      0.4543E-02
   129.0      0.4080E-02
   130.0      0.3727E-02
   131.0      0.3464E-02
   132.0      0.3268E-02
   133.0      0.3129E-02
   134.0      0.3046E-02
   135.0      0.3021E-02
   136.0      0.3048E-02
   137.0      0.3111E-02
   138.0      0.3193E-02
   139.0      0.3279E-02
   140.0      0.3365E-02
   141.0      0.3453E-02
   142.0      0.3545E-02
   143.0      0.3637E-02
   144.0      0.3720E-02
   145.0      0.3787E-02
   146.0      0.3831E-02
   147.0      0.3855E-02
   148.0      0.3862E-02
   149.0      0.3855E-02
   150.0      0.3831E-02
   151.0      0.3790E-02
   152.0      0.3733E-02
   153.0      0.3661E-02
   154.0      0.3578E-02
   155.0      0.3488E-02
   156.0      0.3388E-02
   157.0      0.3279E-02
   158.0      0.3163E-02
   159.0      0.3043E-02
   160.0      0.2926E-02
   161.0      0.2815E-02
   162.0      0.2708E-02
   163.0      0.2604E-02
   164.0      0.2499E-02
   165.0      0.2396E-02
   166.0      0.2301E-02
   167.0      0.2217E-02
   168.0      0.2146E-02
   169.0      0.2084E-02
   170.0      0.2029E-02
   171.0      0.1977E-02
   172.0      0.1927E-02
   173.0      0.1884E-02
   174.0      0.1851E-02
   175.0      0.1828E-02
   176.0      0.1812E-02
   177.0      0.1800E-02
   178.0      0.1792E-02
   179.0      0.1784E-02
   180.0      0.1781E-02
 END
