# 178 angles,  1 tensor ranks for 0=projectile
@subtitle   "p+O20 with CH89;"                                                              
@legend ON
@legend x1 0.2
@legend y1 0.8
@g0 type LOGY
@yaxis ticklabel format power
@legend string   0 "Lab energy =   35.0000"
#legend string   0 "Partition=  1 Excit=  1 near/far= 1"
#  Theta       sigma       iT11        T20         T21         T22         Kyy for projectile
   3.000      0.1302E+06
   4.000      0.3735E+05
   5.000      0.1441E+05
   6.000       7088.    
   7.000       4336.    
   8.000       3161.    
   9.000       2594.    
   10.00       2277.    
   11.00       2068.    
   12.00       1905.    
   13.00       1762.    
   14.00       1627.    
   15.00       1497.    
   16.00       1369.    
   17.00       1244.    
   18.00       1123.    
   19.00       1006.    
   20.00       895.5    
   21.00       791.1    
   22.00       693.7    
   23.00       603.9    
   24.00       521.9    
   25.00       448.0    
   26.00       382.0    
   27.00       323.8    
   28.00       273.1    
   29.00       229.5    
   30.00       192.4    
   31.00       161.5    
   32.00       136.1    
   33.00       115.6    
   34.00       99.46    
   35.00       87.08    
   36.00       77.90    
   37.00       71.39    
   38.00       67.05    
   39.00       64.43    
   40.00       63.12    
   41.00       62.75    
   42.00       63.03    
   43.00       63.67    
   44.00       64.46    
   45.00       65.22    
   46.00       65.82    
   47.00       66.15    
   48.00       66.14    
   49.00       65.75    
   50.00       64.97    
   51.00       63.79    
   52.00       62.23    
   53.00       60.33    
   54.00       58.13    
   55.00       55.66    
   56.00       52.99    
   57.00       50.15    
   58.00       47.21    
   59.00       44.21    
   60.00       41.19    
   61.00       38.21    
   62.00       35.28    
   63.00       32.45    
   64.00       29.74    
   65.00       27.18    
   66.00       24.77    
   67.00       22.53    
   68.00       20.47    
   69.00       18.58    
   70.00       16.87    
   71.00       15.34    
   72.00       13.97    
   73.00       12.76    
   74.00       11.70    
   75.00       10.77    
   76.00       9.972    
   77.00       9.285    
   78.00       8.698    
   79.00       8.200    
   80.00       7.778    
   81.00       7.421    
   82.00       7.119    
   83.00       6.861    
   84.00       6.640    
   85.00       6.447    
   86.00       6.275    
   87.00       6.118    
   88.00       5.971    
   89.00       5.830    
   90.00       5.691    
   91.00       5.551    
   92.00       5.409    
   93.00       5.262    
   94.00       5.111    
   95.00       4.954    
   96.00       4.791    
   97.00       4.623    
   98.00       4.450    
   99.00       4.273    
   100.0       4.092    
   101.0       3.909    
   102.0       3.725    
   103.0       3.541    
   104.0       3.358    
   105.0       3.177    
   106.0       2.999    
   107.0       2.826    
   108.0       2.658    
   109.0       2.496    
   110.0       2.341    
   111.0       2.194    
   112.0       2.055    
   113.0       1.925    
   114.0       1.804    
   115.0       1.692    
   116.0       1.589    
   117.0       1.496    
   118.0       1.412    
   119.0       1.337    
   120.0       1.270    
   121.0       1.212    
   122.0       1.162    
   123.0       1.119    
   124.0       1.082    
   125.0       1.051    
   126.0       1.026    
   127.0       1.005    
   128.0      0.9873    
   129.0      0.9732    
   130.0      0.9614    
   131.0      0.9514    
   132.0      0.9424    
   133.0      0.9340    
   134.0      0.9257    
   135.0      0.9170    
   136.0      0.9076    
   137.0      0.8972    
   138.0      0.8857    
   139.0      0.8730    
   140.0      0.8591    
   141.0      0.8442    
   142.0      0.8285    
   143.0      0.8121    
   144.0      0.7956    
   145.0      0.7792    
   146.0      0.7635    
   147.0      0.7490    
   148.0      0.7362    
   149.0      0.7256    
   150.0      0.7177    
   151.0      0.7132    
   152.0      0.7124    
   153.0      0.7158    
   154.0      0.7239    
   155.0      0.7367    
   156.0      0.7547    
   157.0      0.7780    
   158.0      0.8064    
   159.0      0.8401    
   160.0      0.8788    
   161.0      0.9222    
   162.0      0.9699    
   163.0       1.021    
   164.0       1.076    
   165.0       1.134    
   166.0       1.193    
   167.0       1.254    
   168.0       1.314    
   169.0       1.374    
   170.0       1.433    
   171.0       1.489    
   172.0       1.542    
   173.0       1.591    
   174.0       1.635    
   175.0       1.674    
   176.0       1.706    
   177.0       1.732    
   178.0       1.751    
   179.0       1.762    
   180.0       1.766    
 END
