# 178 angles,  1 tensor ranks for 0=projectile
@subtitle   "p+O20 with CH89;"                                                              
@legend ON
@legend x1 0.2
@legend y1 0.8
@g0 type LOGY
@yaxis ticklabel format power
@legend string   0 "Lab energy =   35.0000"
#legend string   0 "Partition=  1 Excit=  1 near/far= 1"
#  Theta       sigma       iT11        T20         T21         T22         Kyy for projectile
   3.000      0.1288E+06
   4.000      0.3585E+05
   5.000      0.1301E+05
   6.000       5847.    
   7.000       3239.    
   8.000       2192.    
   9.000       1737.    
   10.00       1521.    
   11.00       1401.    
   12.00       1318.    
   13.00       1249.    
   14.00       1181.    
   15.00       1112.    
   16.00       1039.    
   17.00       964.7    
   18.00       888.7    
   19.00       812.5    
   20.00       737.2    
   21.00       663.9    
   22.00       593.3    
   23.00       526.2    
   24.00       463.1    
   25.00       404.3    
   26.00       350.2    
   27.00       300.7    
   28.00       256.1    
   29.00       216.1    
   30.00       180.6    
   31.00       149.5    
   32.00       122.5    
   33.00       99.31    
   34.00       79.60    
   35.00       63.06    
   36.00       49.38    
   37.00       38.23    
   38.00       29.30    
   39.00       22.28    
   40.00       16.91    
   41.00       12.91    
   42.00       10.04    
   43.00       8.105    
   44.00       6.897    
   45.00       6.253    
   46.00       6.028    
   47.00       6.100    
   48.00       6.365    
   49.00       6.740    
   50.00       7.159    
   51.00       7.570    
   52.00       7.935    
   53.00       8.227    
   54.00       8.430    
   55.00       8.533    
   56.00       8.536    
   57.00       8.441    
   58.00       8.255    
   59.00       7.987    
   60.00       7.648    
   61.00       7.252    
   62.00       6.810    
   63.00       6.336    
   64.00       5.841    
   65.00       5.336    
   66.00       4.833    
   67.00       4.338    
   68.00       3.861    
   69.00       3.406    
   70.00       2.979    
   71.00       2.584    
   72.00       2.222    
   73.00       1.895    
   74.00       1.603    
   75.00       1.347    
   76.00       1.124    
   77.00      0.9336    
   78.00      0.7735    
   79.00      0.6415    
   80.00      0.5348    
   81.00      0.4509    
   82.00      0.3870    
   83.00      0.3403    
   84.00      0.3084    
   85.00      0.2887    
   86.00      0.2790    
   87.00      0.2769    
   88.00      0.2808    
   89.00      0.2887    
   90.00      0.2993    
   91.00      0.3112    
   92.00      0.3233    
   93.00      0.3349    
   94.00      0.3450    
   95.00      0.3534    
   96.00      0.3594    
   97.00      0.3630    
   98.00      0.3640    
   99.00      0.3624    
   100.0      0.3581    
   101.0      0.3514    
   102.0      0.3425    
   103.0      0.3314    
   104.0      0.3186    
   105.0      0.3043    
   106.0      0.2887    
   107.0      0.2721    
   108.0      0.2549    
   109.0      0.2372    
   110.0      0.2193    
   111.0      0.2015    
   112.0      0.1839    
   113.0      0.1667    
   114.0      0.1501    
   115.0      0.1342    
   116.0      0.1192    
   117.0      0.1050    
   118.0      0.9183E-01
   119.0      0.7968E-01
   120.0      0.6857E-01
   121.0      0.5851E-01
   122.0      0.4950E-01
   123.0      0.4152E-01
   124.0      0.3452E-01
   125.0      0.2848E-01
   126.0      0.2335E-01
   127.0      0.1906E-01
   128.0      0.1556E-01
   129.0      0.1279E-01
   130.0      0.1069E-01
   131.0      0.9182E-02
   132.0      0.8210E-02
   133.0      0.7711E-02
   134.0      0.7624E-02
   135.0      0.7892E-02
   136.0      0.8460E-02
   137.0      0.9278E-02
   138.0      0.1030E-01
   139.0      0.1148E-01
   140.0      0.1279E-01
   141.0      0.1418E-01
   142.0      0.1564E-01
   143.0      0.1713E-01
   144.0      0.1862E-01
   145.0      0.2012E-01
   146.0      0.2159E-01
   147.0      0.2302E-01
   148.0      0.2442E-01
   149.0      0.2576E-01
   150.0      0.2706E-01
   151.0      0.2829E-01
   152.0      0.2947E-01
   153.0      0.3059E-01
   154.0      0.3166E-01
   155.0      0.3267E-01
   156.0      0.3364E-01
   157.0      0.3455E-01
   158.0      0.3542E-01
   159.0      0.3625E-01
   160.0      0.3704E-01
   161.0      0.3780E-01
   162.0      0.3851E-01
   163.0      0.3920E-01
   164.0      0.3985E-01
   165.0      0.4048E-01
   166.0      0.4107E-01
   167.0      0.4163E-01
   168.0      0.4216E-01
   169.0      0.4265E-01
   170.0      0.4311E-01
   171.0      0.4354E-01
   172.0      0.4392E-01
   173.0      0.4427E-01
   174.0      0.4457E-01
   175.0      0.4483E-01
   176.0      0.4505E-01
   177.0      0.4522E-01
   178.0      0.4534E-01
   179.0      0.4542E-01
   180.0      0.4544E-01
 END
