# 181 angles,  1 tensor ranks for 0=projectile
@subtitle   "p+O20 2nd ex with BG ;"                                                        
@legend ON
@legend x1 0.2
@legend y1 0.8
@g0 type LOGY
@yaxis ticklabel format power
@legend string   0 "Lab energy =   35.0000"
#legend string   0 "Partition=  1 Excit=  1 near/far= 1"
#  Theta       sigma       iT11        T20         T21         T22         Kyy for projectile
  0.1000E-01  0.1288E+16
   1.000      0.1250E+08
   2.000      0.7226E+06
   3.000      0.1286E+06
   4.000      0.3667E+05
   5.000      0.1411E+05
   6.000       6978.    
   7.000       4322.    
   8.000       3198.    
   9.000       2654.    
   10.00       2346.    
   11.00       2136.    
   12.00       1966.    
   13.00       1813.    
   14.00       1666.    
   15.00       1522.    
   16.00       1381.    
   17.00       1244.    
   18.00       1111.    
   19.00       983.7    
   20.00       863.5    
   21.00       751.0    
   22.00       647.2    
   23.00       552.3    
   24.00       466.6    
   25.00       390.1    
   26.00       322.6    
   27.00       263.9    
   28.00       213.5    
   29.00       170.8    
   30.00       135.2    
   31.00       106.1    
   32.00       82.76    
   33.00       64.49    
   34.00       50.62    
   35.00       40.48    
   36.00       33.45    
   37.00       28.95    
   38.00       26.47    
   39.00       25.52    
   40.00       25.70    
   41.00       26.64    
   42.00       28.04    
   43.00       29.65    
   44.00       31.28    
   45.00       32.77    
   46.00       34.01    
   47.00       34.92    
   48.00       35.45    
   49.00       35.59    
   50.00       35.33    
   51.00       34.70    
   52.00       33.73    
   53.00       32.46    
   54.00       30.93    
   55.00       29.19    
   56.00       27.30    
   57.00       25.31    
   58.00       23.25    
   59.00       21.18    
   60.00       19.13    
   61.00       17.14    
   62.00       15.23    
   63.00       13.42    
   64.00       11.74    
   65.00       10.18    
   66.00       8.776    
   67.00       7.512    
   68.00       6.392    
   69.00       5.413    
   70.00       4.570    
   71.00       3.854    
   72.00       3.256    
   73.00       2.765    
   74.00       2.371    
   75.00       2.061    
   76.00       1.825    
   77.00       1.652    
   78.00       1.530    
   79.00       1.451    
   80.00       1.405    
   81.00       1.384    
   82.00       1.381    
   83.00       1.389    
   84.00       1.404    
   85.00       1.421    
   86.00       1.435    
   87.00       1.446    
   88.00       1.450    
   89.00       1.446    
   90.00       1.434    
   91.00       1.413    
   92.00       1.383    
   93.00       1.344    
   94.00       1.298    
   95.00       1.245    
   96.00       1.186    
   97.00       1.122    
   98.00       1.055    
   99.00      0.9851    
   100.0      0.9137    
   101.0      0.8420    
   102.0      0.7707    
   103.0      0.7008    
   104.0      0.6330    
   105.0      0.5679    
   106.0      0.5061    
   107.0      0.4480    
   108.0      0.3939    
   109.0      0.3440    
   110.0      0.2985    
   111.0      0.2574    
   112.0      0.2207    
   113.0      0.1882    
   114.0      0.1599    
   115.0      0.1355    
   116.0      0.1148    
   117.0      0.9759E-01
   118.0      0.8352E-01
   119.0      0.7234E-01
   120.0      0.6374E-01
   121.0      0.5744E-01
   122.0      0.5313E-01
   123.0      0.5053E-01
   124.0      0.4938E-01
   125.0      0.4940E-01
   126.0      0.5037E-01
   127.0      0.5204E-01
   128.0      0.5423E-01
   129.0      0.5675E-01
   130.0      0.5942E-01
   131.0      0.6211E-01
   132.0      0.6468E-01
   133.0      0.6705E-01
   134.0      0.6910E-01
   135.0      0.7079E-01
   136.0      0.7204E-01
   137.0      0.7284E-01
   138.0      0.7314E-01
   139.0      0.7296E-01
   140.0      0.7227E-01
   141.0      0.7111E-01
   142.0      0.6949E-01
   143.0      0.6745E-01
   144.0      0.6502E-01
   145.0      0.6225E-01
   146.0      0.5919E-01
   147.0      0.5588E-01
   148.0      0.5239E-01
   149.0      0.4877E-01
   150.0      0.4508E-01
   151.0      0.4137E-01
   152.0      0.3769E-01
   153.0      0.3410E-01
   154.0      0.3063E-01
   155.0      0.2734E-01
   156.0      0.2426E-01
   157.0      0.2142E-01
   158.0      0.1885E-01
   159.0      0.1656E-01
   160.0      0.1457E-01
   161.0      0.1288E-01
   162.0      0.1150E-01
   163.0      0.1042E-01
   164.0      0.9626E-02
   165.0      0.9101E-02
   166.0      0.8824E-02
   167.0      0.8769E-02
   168.0      0.8906E-02
   169.0      0.9205E-02
   170.0      0.9631E-02
   171.0      0.1015E-01
   172.0      0.1073E-01
   173.0      0.1133E-01
   174.0      0.1192E-01
   175.0      0.1248E-01
   176.0      0.1297E-01
   177.0      0.1338E-01
   178.0      0.1369E-01
   179.0      0.1388E-01
   180.0      0.1394E-01
 END
