# 181 angles,  1 tensor ranks for 0=projectile
@subtitle   "20O(d,t) @ 30AMeV Daeh (d) + Pang (t)"                                         
@legend ON
@legend x1 0.2
@legend y1 0.8
@g0 type LOGY
@yaxis ticklabel format power
@legend string   0 "Lab energy =   70.0000"
#legend string   0 "Partition=  2 Excit=  1 near/far= 1"
#  Theta       sigma       iT11        T20         T21         T22         Kyy for projectile
   0.000       15.58    
   1.000       14.91    
   2.000       13.04    
   3.000       10.37    
   4.000       7.432    
   5.000       4.759    
   6.000       2.743    
   7.000       1.569    
   8.000       1.214    
   9.000       1.487    
   10.00       2.117    
   11.00       2.833    
   12.00       3.421    
   13.00       3.761    
   14.00       3.824    
   15.00       3.654    
   16.00       3.334    
   17.00       2.958    
   18.00       2.607    
   19.00       2.332    
   20.00       2.156    
   21.00       2.072    
   22.00       2.056    
   23.00       2.077    
   24.00       2.101    
   25.00       2.102    
   26.00       2.064    
   27.00       1.981    
   28.00       1.855    
   29.00       1.695    
   30.00       1.513    
   31.00       1.322    
   32.00       1.134    
   33.00      0.9586    
   34.00      0.8016    
   35.00      0.6662    
   36.00      0.5531    
   37.00      0.4611    
   38.00      0.3878    
   39.00      0.3304    
   40.00      0.2857    
   41.00      0.2509    
   42.00      0.2237    
   43.00      0.2019    
   44.00      0.1841    
   45.00      0.1691    
   46.00      0.1560    
   47.00      0.1442    
   48.00      0.1333    
   49.00      0.1230    
   50.00      0.1131    
   51.00      0.1036    
   52.00      0.9443E-01
   53.00      0.8559E-01
   54.00      0.7716E-01
   55.00      0.6921E-01
   56.00      0.6184E-01
   57.00      0.5511E-01
   58.00      0.4907E-01
   59.00      0.4373E-01
   60.00      0.3910E-01
   61.00      0.3512E-01
   62.00      0.3173E-01
   63.00      0.2886E-01
   64.00      0.2641E-01
   65.00      0.2430E-01
   66.00      0.2243E-01
   67.00      0.2074E-01
   68.00      0.1917E-01
   69.00      0.1769E-01
   70.00      0.1625E-01
   71.00      0.1486E-01
   72.00      0.1352E-01
   73.00      0.1222E-01
   74.00      0.1099E-01
   75.00      0.9833E-02
   76.00      0.8761E-02
   77.00      0.7783E-02
   78.00      0.6905E-02
   79.00      0.6127E-02
   80.00      0.5446E-02
   81.00      0.4856E-02
   82.00      0.4348E-02
   83.00      0.3911E-02
   84.00      0.3534E-02
   85.00      0.3207E-02
   86.00      0.2921E-02
   87.00      0.2665E-02
   88.00      0.2435E-02
   89.00      0.2223E-02
   90.00      0.2027E-02
   91.00      0.1844E-02
   92.00      0.1672E-02
   93.00      0.1512E-02
   94.00      0.1362E-02
   95.00      0.1222E-02
   96.00      0.1094E-02
   97.00      0.9774E-03
   98.00      0.8719E-03
   99.00      0.7776E-03
   100.0      0.6939E-03
   101.0      0.6202E-03
   102.0      0.5558E-03
   103.0      0.4996E-03
   104.0      0.4508E-03
   105.0      0.4082E-03
   106.0      0.3711E-03
   107.0      0.3384E-03
   108.0      0.3094E-03
   109.0      0.2835E-03
   110.0      0.2600E-03
   111.0      0.2386E-03
   112.0      0.2189E-03
   113.0      0.2006E-03
   114.0      0.1837E-03
   115.0      0.1680E-03
   116.0      0.1533E-03
   117.0      0.1397E-03
   118.0      0.1271E-03
   119.0      0.1155E-03
   120.0      0.1049E-03
   121.0      0.9516E-04
   122.0      0.8633E-04
   123.0      0.7833E-04
   124.0      0.7111E-04
   125.0      0.6460E-04
   126.0      0.5876E-04
   127.0      0.5351E-04
   128.0      0.4880E-04
   129.0      0.4457E-04
   130.0      0.4075E-04
   131.0      0.3730E-04
   132.0      0.3418E-04
   133.0      0.3134E-04
   134.0      0.2875E-04
   135.0      0.2637E-04
   136.0      0.2419E-04
   137.0      0.2217E-04
   138.0      0.2031E-04
   139.0      0.1858E-04
   140.0      0.1698E-04
   141.0      0.1550E-04
   142.0      0.1412E-04
   143.0      0.1285E-04
   144.0      0.1167E-04
   145.0      0.1058E-04
   146.0      0.9581E-05
   147.0      0.8663E-05
   148.0      0.7823E-05
   149.0      0.7056E-05
   150.0      0.6358E-05
   151.0      0.5724E-05
   152.0      0.5149E-05
   153.0      0.4631E-05
   154.0      0.4164E-05
   155.0      0.3746E-05
   156.0      0.3375E-05
   157.0      0.3050E-05
   158.0      0.2769E-05
   159.0      0.2533E-05
   160.0      0.2340E-05
   161.0      0.2190E-05
   162.0      0.2084E-05
   163.0      0.2021E-05
   164.0      0.1999E-05
   165.0      0.2014E-05
   166.0      0.2065E-05
   167.0      0.2146E-05
   168.0      0.2253E-05
   169.0      0.2380E-05
   170.0      0.2522E-05
   171.0      0.2671E-05
   172.0      0.2822E-05
   173.0      0.2969E-05
   174.0      0.3108E-05
   175.0      0.3232E-05
   176.0      0.3339E-05
   177.0      0.3425E-05
   178.0      0.3489E-05
   179.0      0.3528E-05
   180.0      0.3541E-05
 END
