# Fusion cross sections for ELAB=  70.000, ECM=  63.596
     0.0   1.733       1.753      0.2022E-01
     1.0   15.61       15.78      0.1755    
     2.0   26.08       26.36      0.2732    
     3.0   36.68       37.02      0.3395    
     4.0   47.44       47.81      0.3690    
     5.0   58.42       58.79      0.3620    
     6.0   69.60       69.93      0.3234    
     7.0   81.15       81.41      0.2574    
     8.0   92.54       92.77      0.2305    
     9.0   101.3       101.6      0.3005    
    10.0   103.6       104.0      0.4494    
    11.0   96.17       96.80      0.6319    
    12.0   79.21       79.97      0.7602    
    13.0   58.10       58.85      0.7424    
    14.0   39.01       39.59      0.5881    
    15.0   24.76       25.15      0.3918    
    16.0   15.22       15.45      0.2301    
    17.0   9.193       9.317      0.1243    
    18.0   5.494       5.558      0.6365E-01
    19.0   3.262       3.293      0.3154E-01
    20.0   1.927       1.943      0.1531E-01
    21.0   1.135       1.142      0.7337E-02
    22.0  0.6661      0.6696      0.3490E-02
    23.0  0.3899      0.3916      0.1652E-02
    24.0  0.2277      0.2285      0.7799E-03
    25.0  0.1327      0.1331      0.3676E-03
    26.0  0.7717E-01  0.7735E-01  0.1731E-03
    27.0  0.4479E-01  0.4488E-01  0.8146E-04
    28.0  0.2596E-01  0.2599E-01  0.3833E-04
    29.0  0.1501E-01  0.1503E-01  0.1803E-04
    30.0  0.8672E-02  0.8680E-02  0.8485E-05
    31.0  0.5001E-02  0.5005E-02  0.3993E-05
    32.0  0.2880E-02  0.2882E-02  0.1879E-05
    33.0  0.1657E-02  0.1658E-02  0.8843E-06
    34.0  0.9517E-03  0.9522E-03  0.4162E-06
    35.0  0.5461E-03  0.5463E-03  0.1959E-06
    36.0  0.3130E-03  0.3131E-03  0.9224E-07
    37.0  0.1792E-03  0.1793E-03  0.4343E-07
    38.0  0.1025E-03  0.1025E-03  0.2045E-07
    39.0  0.5859E-04  0.5860E-04  0.9630E-08
    40.0  0.3345E-04  0.3346E-04  0.4535E-08
    41.0  0.1909E-04  0.1909E-04  0.2136E-08
    42.0  0.1088E-04  0.1088E-04  0.1006E-08
    43.0  0.6196E-05  0.6197E-05  0.4740E-09
    44.0  0.3527E-05  0.3527E-05  0.2233E-09
    45.0  0.2006E-05  0.2006E-05  0.1052E-09
    46.0  0.1140E-05  0.1140E-05  0.4955E-10
    47.0  0.6474E-06  0.6475E-06  0.2335E-10
    48.0  0.3675E-06  0.3675E-06  0.1100E-10
    49.0  0.2085E-06  0.2085E-06  0.5183E-11
    50.0  0.1182E-06  0.1182E-06  0.2442E-11
    51.0  0.6696E-07  0.6696E-07  0.1151E-11
    52.0  0.3792E-07  0.3792E-07  0.5422E-12
    53.0  0.2146E-07  0.2146E-07  0.2555E-12
    54.0  0.1214E-07  0.1214E-07  0.1204E-12
    55.0  0.6865E-08  0.6865E-08  0.5674E-13
    56.0  0.3880E-08  0.3880E-08  0.2674E-13
    57.0  0.2192E-08  0.2192E-08  0.1260E-13
    58.0  0.1238E-08  0.1238E-08  0.5940E-14
    59.0  0.6991E-09  0.6991E-09  0.2799E-14
    60.0  0.3943E-09  0.3943E-09  0.1319E-14
 &
