# 178 angles,  1 tensor ranks for 0=projectile
@subtitle   "20O(d,t) @ 30AMeV Haixia (d) + Pang (t)"                                       
@legend ON
@legend x1 0.2
@legend y1 0.8
@g0 type LOGY
@yaxis ticklabel format power
@legend string   0 "Lab energy =   70.0000"
#legend string   0 "Partition=  2 Excit=  3 near/far= 1"
#  Theta       sigma       iT11        T20         T21         T22         Kyy for projectile
   3.000       2.902    
   4.000       2.864    
   5.000       2.863    
   6.000       2.903    
   7.000       2.970    
   8.000       3.034    
   9.000       3.058    
   10.00       3.010    
   11.00       2.867    
   12.00       2.627    
   13.00       2.305    
   14.00       1.929    
   15.00       1.537    
   16.00       1.164    
   17.00      0.8421    
   18.00      0.5888    
   19.00      0.4111    
   20.00      0.3045    
   21.00      0.2561    
   22.00      0.2490    
   23.00      0.2658    
   24.00      0.2915    
   25.00      0.3155    
   26.00      0.3320    
   27.00      0.3397    
   28.00      0.3407    
   29.00      0.3388    
   30.00      0.3383    
   31.00      0.3425    
   32.00      0.3535    
   33.00      0.3717    
   34.00      0.3956    
   35.00      0.4230    
   36.00      0.4507    
   37.00      0.4759    
   38.00      0.4957    
   39.00      0.5084    
   40.00      0.5131    
   41.00      0.5098    
   42.00      0.4990    
   43.00      0.4822    
   44.00      0.4609    
   45.00      0.4367    
   46.00      0.4111    
   47.00      0.3854    
   48.00      0.3606    
   49.00      0.3371    
   50.00      0.3152    
   51.00      0.2949    
   52.00      0.2760    
   53.00      0.2582    
   54.00      0.2414    
   55.00      0.2251    
   56.00      0.2093    
   57.00      0.1937    
   58.00      0.1785    
   59.00      0.1636    
   60.00      0.1492    
   61.00      0.1353    
   62.00      0.1222    
   63.00      0.1098    
   64.00      0.9840E-01
   65.00      0.8794E-01
   66.00      0.7846E-01
   67.00      0.6995E-01
   68.00      0.6236E-01
   69.00      0.5563E-01
   70.00      0.4968E-01
   71.00      0.4441E-01
   72.00      0.3974E-01
   73.00      0.3559E-01
   74.00      0.3188E-01
   75.00      0.2854E-01
   76.00      0.2553E-01
   77.00      0.2280E-01
   78.00      0.2032E-01
   79.00      0.1806E-01
   80.00      0.1602E-01
   81.00      0.1416E-01
   82.00      0.1249E-01
   83.00      0.1099E-01
   84.00      0.9656E-02
   85.00      0.8468E-02
   86.00      0.7419E-02
   87.00      0.6498E-02
   88.00      0.5693E-02
   89.00      0.4991E-02
   90.00      0.4381E-02
   91.00      0.3851E-02
   92.00      0.3391E-02
   93.00      0.2991E-02
   94.00      0.2641E-02
   95.00      0.2336E-02
   96.00      0.2067E-02
   97.00      0.1830E-02
   98.00      0.1620E-02
   99.00      0.1433E-02
   100.0      0.1266E-02
   101.0      0.1118E-02
   102.0      0.9854E-03
   103.0      0.8673E-03
   104.0      0.7622E-03
   105.0      0.6689E-03
   106.0      0.5864E-03
   107.0      0.5136E-03
   108.0      0.4496E-03
   109.0      0.3937E-03
   110.0      0.3449E-03
   111.0      0.3024E-03
   112.0      0.2656E-03
   113.0      0.2338E-03
   114.0      0.2062E-03
   115.0      0.1824E-03
   116.0      0.1618E-03
   117.0      0.1440E-03
   118.0      0.1285E-03
   119.0      0.1150E-03
   120.0      0.1032E-03
   121.0      0.9278E-04
   122.0      0.8360E-04
   123.0      0.7545E-04
   124.0      0.6818E-04
   125.0      0.6168E-04
   126.0      0.5584E-04
   127.0      0.5057E-04
   128.0      0.4583E-04
   129.0      0.4153E-04
   130.0      0.3765E-04
   131.0      0.3414E-04
   132.0      0.3097E-04
   133.0      0.2811E-04
   134.0      0.2553E-04
   135.0      0.2321E-04
   136.0      0.2112E-04
   137.0      0.1926E-04
   138.0      0.1759E-04
   139.0      0.1611E-04
   140.0      0.1479E-04
   141.0      0.1363E-04
   142.0      0.1260E-04
   143.0      0.1170E-04
   144.0      0.1091E-04
   145.0      0.1022E-04
   146.0      0.9613E-05
   147.0      0.9088E-05
   148.0      0.8632E-05
   149.0      0.8234E-05
   150.0      0.7887E-05
   151.0      0.7582E-05
   152.0      0.7312E-05
   153.0      0.7068E-05
   154.0      0.6846E-05
   155.0      0.6639E-05
   156.0      0.6442E-05
   157.0      0.6251E-05
   158.0      0.6064E-05
   159.0      0.5877E-05
   160.0      0.5690E-05
   161.0      0.5502E-05
   162.0      0.5313E-05
   163.0      0.5125E-05
   164.0      0.4938E-05
   165.0      0.4756E-05
   166.0      0.4579E-05
   167.0      0.4411E-05
   168.0      0.4254E-05
   169.0      0.4109E-05
   170.0      0.3978E-05
   171.0      0.3861E-05
   172.0      0.3760E-05
   173.0      0.3674E-05
   174.0      0.3602E-05
   175.0      0.3544E-05
   176.0      0.3499E-05
   177.0      0.3466E-05
   178.0      0.3443E-05
   179.0      0.3429E-05
   180.0      0.3425E-05
 END
