# 178 angles,  1 tensor ranks for 0=projectile
@subtitle   "20O(d,t) @ 30AMeV Haixia (d) + Pang (t)"                                       
@legend ON
@legend x1 0.2
@legend y1 0.8
@g0 type LOGY
@yaxis ticklabel format power
@xaxis label "Scattering angle (degrees)"
@yaxis label "Cross section (mb/sr)"
@legend string   0 "Partition=  1 Excit=  1 near/far= 1"
#legend string   0 "Lab energy =   70.0000"
@s0 linestyle   1
#  Theta       sigma       iT11        T20         T21         T22         Kyy for projectile
   3.000      0.2940E+05
   4.000      0.1220E+05
   5.000       8308.    
   6.000       6646.    
   7.000       5410.    
   8.000       4288.    
   9.000       3260.    
   10.00       2355.    
   11.00       1602.    
   12.00       1012.    
   13.00       579.7    
   14.00       289.5    
   15.00       117.0    
   16.00       34.77    
   17.00       15.30    
   18.00       34.01    
   19.00       70.83    
   20.00       110.8    
   21.00       144.3    
   22.00       166.2    
   23.00       174.9    
   24.00       171.5    
   25.00       158.6    
   26.00       139.6    
   27.00       117.7    
   28.00       95.74    
   29.00       75.79    
   30.00       59.13    
   31.00       46.31    
   32.00       37.30    
   33.00       31.61    
   34.00       28.53    
   35.00       27.27    
   36.00       27.04    
   37.00       27.21    
   38.00       27.28    
   39.00       26.95    
   40.00       26.06    
   41.00       24.61    
   42.00       22.67    
   43.00       20.37    
   44.00       17.88    
   45.00       15.36    
   46.00       12.94    
   47.00       10.74    
   48.00       8.806    
   49.00       7.185    
   50.00       5.875    
   51.00       4.851    
   52.00       4.077    
   53.00       3.506    
   54.00       3.091    
   55.00       2.786    
   56.00       2.554    
   57.00       2.362    
   58.00       2.190    
   59.00       2.022    
   60.00       1.852    
   61.00       1.676    
   62.00       1.498    
   63.00       1.319    
   64.00       1.144    
   65.00      0.9792    
   66.00      0.8271    
   67.00      0.6909    
   68.00      0.5721    
   69.00      0.4712    
   70.00      0.3876    
   71.00      0.3200    
   72.00      0.2663    
   73.00      0.2246    
   74.00      0.1925    
   75.00      0.1679    
   76.00      0.1489    
   77.00      0.1339    
   78.00      0.1215    
   79.00      0.1109    
   80.00      0.1013    
   81.00      0.9224E-01
   82.00      0.8356E-01
   83.00      0.7514E-01
   84.00      0.6698E-01
   85.00      0.5914E-01
   86.00      0.5171E-01
   87.00      0.4479E-01
   88.00      0.3845E-01
   89.00      0.3274E-01
   90.00      0.2769E-01
   91.00      0.2329E-01
   92.00      0.1954E-01
   93.00      0.1637E-01
   94.00      0.1375E-01
   95.00      0.1159E-01
   96.00      0.9855E-02
   97.00      0.8460E-02
   98.00      0.7349E-02
   99.00      0.6467E-02
   100.0      0.5765E-02
   101.0      0.5200E-02
   102.0      0.4740E-02
   103.0      0.4355E-02
   104.0      0.4024E-02
   105.0      0.3732E-02
   106.0      0.3466E-02
   107.0      0.3218E-02
   108.0      0.2983E-02
   109.0      0.2757E-02
   110.0      0.2539E-02
   111.0      0.2328E-02
   112.0      0.2125E-02
   113.0      0.1929E-02
   114.0      0.1743E-02
   115.0      0.1567E-02
   116.0      0.1403E-02
   117.0      0.1250E-02
   118.0      0.1110E-02
   119.0      0.9823E-03
   120.0      0.8680E-03
   121.0      0.7665E-03
   122.0      0.6776E-03
   123.0      0.6007E-03
   124.0      0.5350E-03
   125.0      0.4795E-03
   126.0      0.4334E-03
   127.0      0.3956E-03
   128.0      0.3648E-03
   129.0      0.3401E-03
   130.0      0.3203E-03
   131.0      0.3044E-03
   132.0      0.2916E-03
   133.0      0.2808E-03
   134.0      0.2715E-03
   135.0      0.2630E-03
   136.0      0.2547E-03
   137.0      0.2464E-03
   138.0      0.2377E-03
   139.0      0.2284E-03
   140.0      0.2184E-03
   141.0      0.2078E-03
   142.0      0.1965E-03
   143.0      0.1847E-03
   144.0      0.1725E-03
   145.0      0.1601E-03
   146.0      0.1476E-03
   147.0      0.1353E-03
   148.0      0.1234E-03
   149.0      0.1120E-03
   150.0      0.1012E-03
   151.0      0.9135E-04
   152.0      0.8240E-04
   153.0      0.7448E-04
   154.0      0.6763E-04
   155.0      0.6189E-04
   156.0      0.5723E-04
   157.0      0.5360E-04
   158.0      0.5094E-04
   159.0      0.4915E-04
   160.0      0.4811E-04
   161.0      0.4769E-04
   162.0      0.4776E-04
   163.0      0.4818E-04
   164.0      0.4882E-04
   165.0      0.4955E-04
   166.0      0.5026E-04
   167.0      0.5088E-04
   168.0      0.5132E-04
   169.0      0.5155E-04
   170.0      0.5155E-04
   171.0      0.5133E-04
   172.0      0.5090E-04
   173.0      0.5032E-04
   174.0      0.4963E-04
   175.0      0.4890E-04
   176.0      0.4819E-04
   177.0      0.4757E-04
   178.0      0.4708E-04
   179.0      0.4677E-04
   180.0      0.4666E-04
 END
@legend string   1 "Partition=  2 Excit=  1 near/far= 1"
#legend string   0 "Lab energy =   70.0000"
@s1 linestyle   2
#  Theta       sigma       iT11        T20         T21         T22         Kyy for projectile
   3.000       23.60    
   4.000       17.88    
   5.000       12.23    
   6.000       7.352    
   7.000       3.715    
   8.000       1.470    
   9.000      0.4962    
   10.00      0.4771    
   11.00       1.014    
   12.00       1.727    
   13.00       2.328    
   14.00       2.656    
   15.00       2.673    
   16.00       2.437    
   17.00       2.057    
   18.00       1.654    
   19.00       1.330    
   20.00       1.143    
   21.00       1.112    
   22.00       1.214    
   23.00       1.404    
   24.00       1.624    
   25.00       1.822    
   26.00       1.958    
   27.00       2.008    
   28.00       1.967    
   29.00       1.844    
   30.00       1.659    
   31.00       1.436    
   32.00       1.199    
   33.00      0.9687    
   34.00      0.7612    
   35.00      0.5855    
   36.00      0.4447    
   37.00      0.3379    
   38.00      0.2606    
   39.00      0.2068    
   40.00      0.1705    
   41.00      0.1457    
   42.00      0.1280    
   43.00      0.1141    
   44.00      0.1018    
   45.00      0.9029E-01
   46.00      0.7913E-01
   47.00      0.6847E-01
   48.00      0.5858E-01
   49.00      0.4975E-01
   50.00      0.4216E-01
   51.00      0.3584E-01
   52.00      0.3072E-01
   53.00      0.2660E-01
   54.00      0.2329E-01
   55.00      0.2057E-01
   56.00      0.1827E-01
   57.00      0.1626E-01
   58.00      0.1448E-01
   59.00      0.1290E-01
   60.00      0.1152E-01
   61.00      0.1038E-01
   62.00      0.9478E-02
   63.00      0.8826E-02
   64.00      0.8409E-02
   65.00      0.8193E-02
   66.00      0.8131E-02
   67.00      0.8163E-02
   68.00      0.8229E-02
   69.00      0.8274E-02
   70.00      0.8251E-02
   71.00      0.8130E-02
   72.00      0.7895E-02
   73.00      0.7545E-02
   74.00      0.7091E-02
   75.00      0.6556E-02
   76.00      0.5967E-02
   77.00      0.5352E-02
   78.00      0.4741E-02
   79.00      0.4158E-02
   80.00      0.3623E-02
   81.00      0.3147E-02
   82.00      0.2739E-02
   83.00      0.2398E-02
   84.00      0.2121E-02
   85.00      0.1901E-02
   86.00      0.1729E-02
   87.00      0.1594E-02
   88.00      0.1485E-02
   89.00      0.1395E-02
   90.00      0.1315E-02
   91.00      0.1239E-02
   92.00      0.1164E-02
   93.00      0.1087E-02
   94.00      0.1007E-02
   95.00      0.9238E-03
   96.00      0.8395E-03
   97.00      0.7553E-03
   98.00      0.6728E-03
   99.00      0.5937E-03
   100.0      0.5195E-03
   101.0      0.4513E-03
   102.0      0.3897E-03
   103.0      0.3352E-03
   104.0      0.2877E-03
   105.0      0.2470E-03
   106.0      0.2125E-03
   107.0      0.1836E-03
   108.0      0.1595E-03
   109.0      0.1394E-03
   110.0      0.1227E-03
   111.0      0.1086E-03
   112.0      0.9665E-04
   113.0      0.8628E-04
   114.0      0.7715E-04
   115.0      0.6897E-04
   116.0      0.6154E-04
   117.0      0.5475E-04
   118.0      0.4850E-04
   119.0      0.4277E-04
   120.0      0.3754E-04
   121.0      0.3280E-04
   122.0      0.2857E-04
   123.0      0.2484E-04
   124.0      0.2161E-04
   125.0      0.1886E-04
   126.0      0.1657E-04
   127.0      0.1470E-04
   128.0      0.1321E-04
   129.0      0.1205E-04
   130.0      0.1119E-04
   131.0      0.1056E-04
   132.0      0.1012E-04
   133.0      0.9823E-05
   134.0      0.9627E-05
   135.0      0.9495E-05
   136.0      0.9395E-05
   137.0      0.9302E-05
   138.0      0.9195E-05
   139.0      0.9058E-05
   140.0      0.8882E-05
   141.0      0.8661E-05
   142.0      0.8391E-05
   143.0      0.8074E-05
   144.0      0.7714E-05
   145.0      0.7314E-05
   146.0      0.6883E-05
   147.0      0.6427E-05
   148.0      0.5954E-05
   149.0      0.5474E-05
   150.0      0.4993E-05
   151.0      0.4521E-05
   152.0      0.4062E-05
   153.0      0.3625E-05
   154.0      0.3213E-05
   155.0      0.2832E-05
   156.0      0.2483E-05
   157.0      0.2169E-05
   158.0      0.1892E-05
   159.0      0.1650E-05
   160.0      0.1443E-05
   161.0      0.1271E-05
   162.0      0.1129E-05
   163.0      0.1017E-05
   164.0      0.9302E-06
   165.0      0.8663E-06
   166.0      0.8219E-06
   167.0      0.7938E-06
   168.0      0.7789E-06
   169.0      0.7744E-06
   170.0      0.7778E-06
   171.0      0.7866E-06
   172.0      0.7989E-06
   173.0      0.8130E-06
   174.0      0.8275E-06
   175.0      0.8414E-06
   176.0      0.8538E-06
   177.0      0.8640E-06
   178.0      0.8716E-06
   179.0      0.8763E-06
   180.0      0.8779E-06
 END
@legend string   2 "Partition=  2 Excit=  2 near/far= 1"
#legend string   0 "Lab energy =   70.0000"
@s2 linestyle   3
#  Theta       sigma       iT11        T20         T21         T22         Kyy for projectile
   3.000       3.821    
   4.000       4.204    
   5.000       4.442    
   6.000       4.446    
   7.000       4.185    
   8.000       3.687    
   9.000       3.026    
   10.00       2.300    
   11.00       1.608    
   12.00       1.028    
   13.00      0.6059    
   14.00      0.3503    
   15.00      0.2407    
   16.00      0.2374    
   17.00      0.2934    
   18.00      0.3660    
   19.00      0.4233    
   20.00      0.4478    
   21.00      0.4357    
   22.00      0.3936    
   23.00      0.3343    
   24.00      0.2720    
   25.00      0.2193    
   26.00      0.1843    
   27.00      0.1705    
   28.00      0.1765    
   29.00      0.1980    
   30.00      0.2287    
   31.00      0.2621    
   32.00      0.2927    
   33.00      0.3165    
   34.00      0.3316    
   35.00      0.3379    
   36.00      0.3364    
   37.00      0.3292    
   38.00      0.3185    
   39.00      0.3066    
   40.00      0.2949    
   41.00      0.2845    
   42.00      0.2757    
   43.00      0.2684    
   44.00      0.2620    
   45.00      0.2558    
   46.00      0.2490    
   47.00      0.2411    
   48.00      0.2316    
   49.00      0.2206    
   50.00      0.2080    
   51.00      0.1943    
   52.00      0.1797    
   53.00      0.1649    
   54.00      0.1503    
   55.00      0.1362    
   56.00      0.1231    
   57.00      0.1110    
   58.00      0.1002    
   59.00      0.9053E-01
   60.00      0.8199E-01
   61.00      0.7446E-01
   62.00      0.6777E-01
   63.00      0.6178E-01
   64.00      0.5634E-01
   65.00      0.5134E-01
   66.00      0.4669E-01
   67.00      0.4232E-01
   68.00      0.3820E-01
   69.00      0.3432E-01
   70.00      0.3068E-01
   71.00      0.2729E-01
   72.00      0.2416E-01
   73.00      0.2130E-01
   74.00      0.1872E-01
   75.00      0.1641E-01
   76.00      0.1438E-01
   77.00      0.1260E-01
   78.00      0.1105E-01
   79.00      0.9707E-02
   80.00      0.8553E-02
   81.00      0.7558E-02
   82.00      0.6698E-02
   83.00      0.5950E-02
   84.00      0.5294E-02
   85.00      0.4715E-02
   86.00      0.4199E-02
   87.00      0.3735E-02
   88.00      0.3316E-02
   89.00      0.2936E-02
   90.00      0.2591E-02
   91.00      0.2278E-02
   92.00      0.1995E-02
   93.00      0.1741E-02
   94.00      0.1513E-02
   95.00      0.1311E-02
   96.00      0.1133E-02
   97.00      0.9778E-03
   98.00      0.8427E-03
   99.00      0.7261E-03
   100.0      0.6260E-03
   101.0      0.5406E-03
   102.0      0.4678E-03
   103.0      0.4060E-03
   104.0      0.3534E-03
   105.0      0.3085E-03
   106.0      0.2702E-03
   107.0      0.2373E-03
   108.0      0.2088E-03
   109.0      0.1840E-03
   110.0      0.1624E-03
   111.0      0.1433E-03
   112.0      0.1265E-03
   113.0      0.1115E-03
   114.0      0.9825E-04
   115.0      0.8646E-04
   116.0      0.7599E-04
   117.0      0.6671E-04
   118.0      0.5851E-04
   119.0      0.5129E-04
   120.0      0.4495E-04
   121.0      0.3942E-04
   122.0      0.3460E-04
   123.0      0.3042E-04
   124.0      0.2682E-04
   125.0      0.2371E-04
   126.0      0.2105E-04
   127.0      0.1875E-04
   128.0      0.1679E-04
   129.0      0.1510E-04
   130.0      0.1365E-04
   131.0      0.1239E-04
   132.0      0.1130E-04
   133.0      0.1035E-04
   134.0      0.9506E-05
   135.0      0.8759E-05
   136.0      0.8089E-05
   137.0      0.7483E-05
   138.0      0.6930E-05
   139.0      0.6422E-05
   140.0      0.5952E-05
   141.0      0.5514E-05
   142.0      0.5106E-05
   143.0      0.4724E-05
   144.0      0.4366E-05
   145.0      0.4031E-05
   146.0      0.3718E-05
   147.0      0.3426E-05
   148.0      0.3155E-05
   149.0      0.2903E-05
   150.0      0.2672E-05
   151.0      0.2460E-05
   152.0      0.2266E-05
   153.0      0.2091E-05
   154.0      0.1933E-05
   155.0      0.1793E-05
   156.0      0.1670E-05
   157.0      0.1564E-05
   158.0      0.1476E-05
   159.0      0.1406E-05
   160.0      0.1354E-05
   161.0      0.1320E-05
   162.0      0.1306E-05
   163.0      0.1312E-05
   164.0      0.1337E-05
   165.0      0.1383E-05
   166.0      0.1447E-05
   167.0      0.1530E-05
   168.0      0.1629E-05
   169.0      0.1742E-05
   170.0      0.1866E-05
   171.0      0.1998E-05
   172.0      0.2132E-05
   173.0      0.2266E-05
   174.0      0.2394E-05
   175.0      0.2512E-05
   176.0      0.2615E-05
   177.0      0.2700E-05
   178.0      0.2763E-05
   179.0      0.2802E-05
   180.0      0.2815E-05
 END
@legend string   3 "Partition=  2 Excit=  3 near/far= 1"
#legend string   0 "Lab energy =   70.0000"
@s3 linestyle   4
#  Theta       sigma       iT11        T20         T21         T22         Kyy for projectile
   3.000       2.902    
   4.000       2.864    
   5.000       2.863    
   6.000       2.903    
   7.000       2.970    
   8.000       3.034    
   9.000       3.058    
   10.00       3.010    
   11.00       2.867    
   12.00       2.627    
   13.00       2.305    
   14.00       1.929    
   15.00       1.537    
   16.00       1.164    
   17.00      0.8421    
   18.00      0.5888    
   19.00      0.4111    
   20.00      0.3045    
   21.00      0.2561    
   22.00      0.2490    
   23.00      0.2658    
   24.00      0.2915    
   25.00      0.3155    
   26.00      0.3320    
   27.00      0.3397    
   28.00      0.3407    
   29.00      0.3388    
   30.00      0.3383    
   31.00      0.3425    
   32.00      0.3535    
   33.00      0.3717    
   34.00      0.3956    
   35.00      0.4230    
   36.00      0.4507    
   37.00      0.4759    
   38.00      0.4957    
   39.00      0.5084    
   40.00      0.5131    
   41.00      0.5098    
   42.00      0.4990    
   43.00      0.4822    
   44.00      0.4609    
   45.00      0.4367    
   46.00      0.4111    
   47.00      0.3854    
   48.00      0.3606    
   49.00      0.3371    
   50.00      0.3152    
   51.00      0.2949    
   52.00      0.2760    
   53.00      0.2582    
   54.00      0.2414    
   55.00      0.2251    
   56.00      0.2093    
   57.00      0.1937    
   58.00      0.1785    
   59.00      0.1636    
   60.00      0.1492    
   61.00      0.1353    
   62.00      0.1222    
   63.00      0.1098    
   64.00      0.9840E-01
   65.00      0.8794E-01
   66.00      0.7846E-01
   67.00      0.6995E-01
   68.00      0.6236E-01
   69.00      0.5563E-01
   70.00      0.4968E-01
   71.00      0.4441E-01
   72.00      0.3974E-01
   73.00      0.3559E-01
   74.00      0.3188E-01
   75.00      0.2854E-01
   76.00      0.2553E-01
   77.00      0.2280E-01
   78.00      0.2032E-01
   79.00      0.1806E-01
   80.00      0.1602E-01
   81.00      0.1416E-01
   82.00      0.1249E-01
   83.00      0.1099E-01
   84.00      0.9656E-02
   85.00      0.8468E-02
   86.00      0.7419E-02
   87.00      0.6498E-02
   88.00      0.5693E-02
   89.00      0.4991E-02
   90.00      0.4381E-02
   91.00      0.3851E-02
   92.00      0.3391E-02
   93.00      0.2991E-02
   94.00      0.2641E-02
   95.00      0.2336E-02
   96.00      0.2067E-02
   97.00      0.1830E-02
   98.00      0.1620E-02
   99.00      0.1433E-02
   100.0      0.1266E-02
   101.0      0.1118E-02
   102.0      0.9854E-03
   103.0      0.8673E-03
   104.0      0.7622E-03
   105.0      0.6689E-03
   106.0      0.5864E-03
   107.0      0.5136E-03
   108.0      0.4496E-03
   109.0      0.3937E-03
   110.0      0.3449E-03
   111.0      0.3024E-03
   112.0      0.2656E-03
   113.0      0.2338E-03
   114.0      0.2062E-03
   115.0      0.1824E-03
   116.0      0.1618E-03
   117.0      0.1440E-03
   118.0      0.1285E-03
   119.0      0.1150E-03
   120.0      0.1032E-03
   121.0      0.9278E-04
   122.0      0.8360E-04
   123.0      0.7545E-04
   124.0      0.6818E-04
   125.0      0.6168E-04
   126.0      0.5584E-04
   127.0      0.5057E-04
   128.0      0.4583E-04
   129.0      0.4153E-04
   130.0      0.3765E-04
   131.0      0.3414E-04
   132.0      0.3097E-04
   133.0      0.2811E-04
   134.0      0.2553E-04
   135.0      0.2321E-04
   136.0      0.2112E-04
   137.0      0.1926E-04
   138.0      0.1759E-04
   139.0      0.1611E-04
   140.0      0.1479E-04
   141.0      0.1363E-04
   142.0      0.1260E-04
   143.0      0.1170E-04
   144.0      0.1091E-04
   145.0      0.1022E-04
   146.0      0.9613E-05
   147.0      0.9088E-05
   148.0      0.8632E-05
   149.0      0.8234E-05
   150.0      0.7887E-05
   151.0      0.7582E-05
   152.0      0.7312E-05
   153.0      0.7068E-05
   154.0      0.6846E-05
   155.0      0.6639E-05
   156.0      0.6442E-05
   157.0      0.6251E-05
   158.0      0.6064E-05
   159.0      0.5877E-05
   160.0      0.5690E-05
   161.0      0.5502E-05
   162.0      0.5313E-05
   163.0      0.5125E-05
   164.0      0.4938E-05
   165.0      0.4756E-05
   166.0      0.4579E-05
   167.0      0.4411E-05
   168.0      0.4254E-05
   169.0      0.4109E-05
   170.0      0.3978E-05
   171.0      0.3861E-05
   172.0      0.3760E-05
   173.0      0.3674E-05
   174.0      0.3602E-05
   175.0      0.3544E-05
   176.0      0.3499E-05
   177.0      0.3466E-05
   178.0      0.3443E-05
   179.0      0.3429E-05
   180.0      0.3425E-05
 END
@legend string   4 "Partition=  2 Excit=  4 near/far= 1"
#legend string   0 "Lab energy =   70.0000"
@s4 linestyle   5
#  Theta       sigma       iT11        T20         T21         T22         Kyy for projectile
   3.000       1.083    
   4.000       1.118    
   5.000       1.157    
   6.000       1.201    
   7.000       1.248    
   8.000       1.299    
   9.000       1.351    
   10.00       1.399    
   11.00       1.438    
   12.00       1.457    
   13.00       1.448    
   14.00       1.404    
   15.00       1.323    
   16.00       1.204    
   17.00       1.056    
   18.00      0.8894    
   19.00      0.7160    
   20.00      0.5498    
   21.00      0.4025    
   22.00      0.2825    
   23.00      0.1944    
   24.00      0.1386    
   25.00      0.1121    
   26.00      0.1091    
   27.00      0.1226    
   28.00      0.1453    
   29.00      0.1707    
   30.00      0.1941    
   31.00      0.2123    
   32.00      0.2241    
   33.00      0.2298    
   34.00      0.2307    
   35.00      0.2287    
   36.00      0.2258    
   37.00      0.2236    
   38.00      0.2232    
   39.00      0.2251    
   40.00      0.2292    
   41.00      0.2349    
   42.00      0.2412    
   43.00      0.2471    
   44.00      0.2516    
   45.00      0.2539    
   46.00      0.2535    
   47.00      0.2501    
   48.00      0.2438    
   49.00      0.2350    
   50.00      0.2242    
   51.00      0.2119    
   52.00      0.1987    
   53.00      0.1853    
   54.00      0.1720    
   55.00      0.1592    
   56.00      0.1472    
   57.00      0.1361    
   58.00      0.1259    
   59.00      0.1166    
   60.00      0.1080    
   61.00      0.1000    
   62.00      0.9262E-01
   63.00      0.8562E-01
   64.00      0.7896E-01
   65.00      0.7258E-01
   66.00      0.6647E-01
   67.00      0.6061E-01
   68.00      0.5503E-01
   69.00      0.4974E-01
   70.00      0.4478E-01
   71.00      0.4016E-01
   72.00      0.3591E-01
   73.00      0.3203E-01
   74.00      0.2853E-01
   75.00      0.2539E-01
   76.00      0.2260E-01
   77.00      0.2013E-01
   78.00      0.1795E-01
   79.00      0.1603E-01
   80.00      0.1433E-01
   81.00      0.1283E-01
   82.00      0.1150E-01
   83.00      0.1031E-01
   84.00      0.9243E-02
   85.00      0.8281E-02
   86.00      0.7409E-02
   87.00      0.6619E-02
   88.00      0.5901E-02
   89.00      0.5249E-02
   90.00      0.4659E-02
   91.00      0.4126E-02
   92.00      0.3647E-02
   93.00      0.3219E-02
   94.00      0.2837E-02
   95.00      0.2500E-02
   96.00      0.2202E-02
   97.00      0.1941E-02
   98.00      0.1713E-02
   99.00      0.1514E-02
   100.0      0.1341E-02
   101.0      0.1190E-02
   102.0      0.1058E-02
   103.0      0.9428E-03
   104.0      0.8415E-03
   105.0      0.7520E-03
   106.0      0.6727E-03
   107.0      0.6019E-03
   108.0      0.5386E-03
   109.0      0.4816E-03
   110.0      0.4303E-03
   111.0      0.3839E-03
   112.0      0.3420E-03
   113.0      0.3042E-03
   114.0      0.2701E-03
   115.0      0.2395E-03
   116.0      0.2121E-03
   117.0      0.1877E-03
   118.0      0.1659E-03
   119.0      0.1467E-03
   120.0      0.1298E-03
   121.0      0.1149E-03
   122.0      0.1019E-03
   123.0      0.9058E-04
   124.0      0.8072E-04
   125.0      0.7216E-04
   126.0      0.6473E-04
   127.0      0.5827E-04
   128.0      0.5266E-04
   129.0      0.4775E-04
   130.0      0.4345E-04
   131.0      0.3966E-04
   132.0      0.3630E-04
   133.0      0.3330E-04
   134.0      0.3061E-04
   135.0      0.2818E-04
   136.0      0.2597E-04
   137.0      0.2395E-04
   138.0      0.2209E-04
   139.0      0.2038E-04
   140.0      0.1880E-04
   141.0      0.1734E-04
   142.0      0.1599E-04
   143.0      0.1474E-04
   144.0      0.1358E-04
   145.0      0.1251E-04
   146.0      0.1153E-04
   147.0      0.1062E-04
   148.0      0.9793E-05
   149.0      0.9036E-05
   150.0      0.8348E-05
   151.0      0.7725E-05
   152.0      0.7163E-05
   153.0      0.6658E-05
   154.0      0.6206E-05
   155.0      0.5805E-05
   156.0      0.5450E-05
   157.0      0.5139E-05
   158.0      0.4868E-05
   159.0      0.4636E-05
   160.0      0.4440E-05
   161.0      0.4278E-05
   162.0      0.4147E-05
   163.0      0.4046E-05
   164.0      0.3974E-05
   165.0      0.3928E-05
   166.0      0.3906E-05
   167.0      0.3907E-05
   168.0      0.3928E-05
   169.0      0.3967E-05
   170.0      0.4019E-05
   171.0      0.4083E-05
   172.0      0.4154E-05
   173.0      0.4229E-05
   174.0      0.4303E-05
   175.0      0.4374E-05
   176.0      0.4437E-05
   177.0      0.4490E-05
   178.0      0.4529E-05
   179.0      0.4554E-05
   180.0      0.4562E-05
 END
