# 178 angles,  1 tensor ranks for 0=projectile
@subtitle   "20O + d 3-?;"                                                                  
@legend ON
@legend x1 0.2
@legend y1 0.8
@g0 type LOGY
@yaxis ticklabel format power
@legend string   0 "Lab energy =   70.0000"
#legend string   0 "Partition=  1 Excit=  2 near/far= 1"
#  Theta       sigma       iT11        T20         T21         T22         Kyy for projectile
   3.000      0.4493    
   4.000      0.5395    
   5.000      0.6401    
   6.000      0.7379    
   7.000      0.8219    
   8.000      0.8882    
   9.000      0.9402    
   10.00      0.9864    
   11.00       1.036    
   12.00       1.094    
   13.00       1.163    
   14.00       1.239    
   15.00       1.316    
   16.00       1.383    
   17.00       1.430    
   18.00       1.447    
   19.00       1.428    
   20.00       1.371    
   21.00       1.281    
   22.00       1.164    
   23.00       1.033    
   24.00      0.8959    
   25.00      0.7642    
   26.00      0.6465    
   27.00      0.5491    
   28.00      0.4756    
   29.00      0.4267    
   30.00      0.4000    
   31.00      0.3913    
   32.00      0.3955    
   33.00      0.4066    
   34.00      0.4194    
   35.00      0.4293    
   36.00      0.4331    
   37.00      0.4292    
   38.00      0.4169    
   39.00      0.3971    
   40.00      0.3712    
   41.00      0.3411    
   42.00      0.3087    
   43.00      0.2762    
   44.00      0.2453    
   45.00      0.2172    
   46.00      0.1927    
   47.00      0.1721    
   48.00      0.1552    
   49.00      0.1416    
   50.00      0.1307    
   51.00      0.1219    
   52.00      0.1144    
   53.00      0.1077    
   54.00      0.1012    
   55.00      0.9456E-01
   56.00      0.8763E-01
   57.00      0.8037E-01
   58.00      0.7286E-01
   59.00      0.6522E-01
   60.00      0.5766E-01
   61.00      0.5035E-01
   62.00      0.4350E-01
   63.00      0.3724E-01
   64.00      0.3168E-01
   65.00      0.2685E-01
   66.00      0.2277E-01
   67.00      0.1941E-01
   68.00      0.1670E-01
   69.00      0.1456E-01
   70.00      0.1287E-01
   71.00      0.1154E-01
   72.00      0.1048E-01
   73.00      0.9595E-02
   74.00      0.8838E-02
   75.00      0.8153E-02
   76.00      0.7501E-02
   77.00      0.6860E-02
   78.00      0.6225E-02
   79.00      0.5601E-02
   80.00      0.4997E-02
   81.00      0.4421E-02
   82.00      0.3878E-02
   83.00      0.3375E-02
   84.00      0.2922E-02
   85.00      0.2525E-02
   86.00      0.2186E-02
   87.00      0.1903E-02
   88.00      0.1669E-02
   89.00      0.1476E-02
   90.00      0.1320E-02
   91.00      0.1193E-02
   92.00      0.1090E-02
   93.00      0.1004E-02
   94.00      0.9288E-03
   95.00      0.8592E-03
   96.00      0.7937E-03
   97.00      0.7314E-03
   98.00      0.6711E-03
   99.00      0.6118E-03
   100.0      0.5529E-03
   101.0      0.4951E-03
   102.0      0.4401E-03
   103.0      0.3896E-03
   104.0      0.3444E-03
   105.0      0.3044E-03
   106.0      0.2696E-03
   107.0      0.2401E-03
   108.0      0.2160E-03
   109.0      0.1971E-03
   110.0      0.1823E-03
   111.0      0.1707E-03
   112.0      0.1614E-03
   113.0      0.1541E-03
   114.0      0.1486E-03
   115.0      0.1443E-03
   116.0      0.1405E-03
   117.0      0.1362E-03
   118.0      0.1311E-03
   119.0      0.1252E-03
   120.0      0.1186E-03
   121.0      0.1114E-03
   122.0      0.1037E-03
   123.0      0.9549E-04
   124.0      0.8702E-04
   125.0      0.7870E-04
   126.0      0.7078E-04
   127.0      0.6333E-04
   128.0      0.5621E-04
   129.0      0.4937E-04
   130.0      0.4302E-04
   131.0      0.3744E-04
   132.0      0.3283E-04
   133.0      0.2916E-04
   134.0      0.2629E-04
   135.0      0.2406E-04
   136.0      0.2242E-04
   137.0      0.2131E-04
   138.0      0.2061E-04
   139.0      0.2009E-04
   140.0      0.1959E-04
   141.0      0.1911E-04
   142.0      0.1881E-04
   143.0      0.1881E-04
   144.0      0.1905E-04
   145.0      0.1930E-04
   146.0      0.1927E-04
   147.0      0.1881E-04
   148.0      0.1805E-04
   149.0      0.1721E-04
   150.0      0.1644E-04
   151.0      0.1579E-04
   152.0      0.1517E-04
   153.0      0.1448E-04
   154.0      0.1368E-04
   155.0      0.1282E-04
   156.0      0.1195E-04
   157.0      0.1110E-04
   158.0      0.1028E-04
   159.0      0.9535E-05
   160.0      0.8902E-05
   161.0      0.8405E-05
   162.0      0.8051E-05
   163.0      0.7815E-05
   164.0      0.7642E-05
   165.0      0.7506E-05
   166.0      0.7441E-05
   167.0      0.7470E-05
   168.0      0.7570E-05
   169.0      0.7715E-05
   170.0      0.7911E-05
   171.0      0.8179E-05
   172.0      0.8551E-05
   173.0      0.9048E-05
   174.0      0.9603E-05
   175.0      0.1006E-04
   176.0      0.1031E-04
   177.0      0.1031E-04
   178.0      0.1014E-04
   179.0      0.9935E-05
   180.0      0.9843E-05
 END
