# 178 angles,  1 tensor ranks for 0=projectile
@subtitle   "20O + d 2+1 inelastic;"                                                        
@legend ON
@legend x1 0.2
@legend y1 0.8
@g0 type LOGY
@yaxis ticklabel format power
@legend string   0 "Lab energy =   70.0000"
#legend string   0 "Partition=  1 Excit=  2 near/far= 1"
#  Theta       sigma       iT11        T20         T21         T22         Kyy for projectile
   3.000       17.66    
   4.000       15.97    
   5.000       15.14    
   6.000       15.85    
   7.000       18.41    
   8.000       22.67    
   9.000       27.99    
   10.00       33.53    
   11.00       38.45    
   12.00       42.08    
   13.00       43.98    
   14.00       43.91    
   15.00       41.89    
   16.00       38.16    
   17.00       33.22    
   18.00       27.70    
   19.00       22.25    
   20.00       17.41    
   21.00       13.52    
   22.00       10.76    
   23.00       9.125    
   24.00       8.499    
   25.00       8.659    
   26.00       9.320    
   27.00       10.19    
   28.00       11.02    
   29.00       11.62    
   30.00       11.89    
   31.00       11.81    
   32.00       11.40    
   33.00       10.70    
   34.00       9.796    
   35.00       8.795    
   36.00       7.786    
   37.00       6.845    
   38.00       6.020    
   39.00       5.335    
   40.00       4.793    
   41.00       4.382    
   42.00       4.083    
   43.00       3.864    
   44.00       3.694    
   45.00       3.540    
   46.00       3.381    
   47.00       3.202    
   48.00       3.000    
   49.00       2.775    
   50.00       2.531    
   51.00       2.274    
   52.00       2.015    
   53.00       1.763    
   54.00       1.526    
   55.00       1.312    
   56.00       1.124    
   57.00      0.9626    
   58.00      0.8280    
   59.00      0.7187    
   60.00      0.6314    
   61.00      0.5624    
   62.00      0.5070    
   63.00      0.4615    
   64.00      0.4227    
   65.00      0.3883    
   66.00      0.3563    
   67.00      0.3257    
   68.00      0.2955    
   69.00      0.2658    
   70.00      0.2371    
   71.00      0.2099    
   72.00      0.1845    
   73.00      0.1611    
   74.00      0.1397    
   75.00      0.1207    
   76.00      0.1042    
   77.00      0.9048E-01
   78.00      0.7915E-01
   79.00      0.6982E-01
   80.00      0.6204E-01
   81.00      0.5553E-01
   82.00      0.5011E-01
   83.00      0.4558E-01
   84.00      0.4167E-01
   85.00      0.3809E-01
   86.00      0.3470E-01
   87.00      0.3149E-01
   88.00      0.2851E-01
   89.00      0.2576E-01
   90.00      0.2319E-01
   91.00      0.2073E-01
   92.00      0.1839E-01
   93.00      0.1624E-01
   94.00      0.1435E-01
   95.00      0.1274E-01
   96.00      0.1138E-01
   97.00      0.1020E-01
   98.00      0.9182E-02
   99.00      0.8317E-02
   100.0      0.7610E-02
   101.0      0.7036E-02
   102.0      0.6541E-02
   103.0      0.6086E-02
   104.0      0.5662E-02
   105.0      0.5280E-02
   106.0      0.4938E-02
   107.0      0.4621E-02
   108.0      0.4302E-02
   109.0      0.3969E-02
   110.0      0.3633E-02
   111.0      0.3314E-02
   112.0      0.3018E-02
   113.0      0.2735E-02
   114.0      0.2460E-02
   115.0      0.2201E-02
   116.0      0.1973E-02
   117.0      0.1784E-02
   118.0      0.1625E-02
   119.0      0.1476E-02
   120.0      0.1323E-02
   121.0      0.1176E-02
   122.0      0.1055E-02
   123.0      0.9707E-03
   124.0      0.9130E-03
   125.0      0.8634E-03
   126.0      0.8075E-03
   127.0      0.7454E-03
   128.0      0.6889E-03
   129.0      0.6457E-03
   130.0      0.6096E-03
   131.0      0.5699E-03
   132.0      0.5256E-03
   133.0      0.4842E-03
   134.0      0.4535E-03
   135.0      0.4343E-03
   136.0      0.4175E-03
   137.0      0.3901E-03
   138.0      0.3490E-03
   139.0      0.3060E-03
   140.0      0.2746E-03
   141.0      0.2574E-03
   142.0      0.2481E-03
   143.0      0.2380E-03
   144.0      0.2208E-03
   145.0      0.1983E-03
   146.0      0.1787E-03
   147.0      0.1658E-03
   148.0      0.1552E-03
   149.0      0.1433E-03
   150.0      0.1318E-03
   151.0      0.1230E-03
   152.0      0.1172E-03
   153.0      0.1149E-03
   154.0      0.1130E-03
   155.0      0.1062E-03
   156.0      0.9534E-04
   157.0      0.8673E-04
   158.0      0.8255E-04
   159.0      0.7952E-04
   160.0      0.7643E-04
   161.0      0.7368E-04
   162.0      0.6957E-04
   163.0      0.6456E-04
   164.0      0.6221E-04
   165.0      0.6121E-04
   166.0      0.5649E-04
   167.0      0.4949E-04
   168.0      0.4580E-04
   169.0      0.4479E-04
   170.0      0.4299E-04
   171.0      0.4180E-04
   172.0      0.4239E-04
   173.0      0.4244E-04
   174.0      0.4354E-04
   175.0      0.4873E-04
   176.0      0.5176E-04
   177.0      0.4495E-04
   178.0      0.3446E-04
   179.0      0.3051E-04
   180.0      0.3088E-04
 END
