# 178 angles,  1 tensor ranks for 0=projectile
@subtitle   "p+O20 1.with BG ;"                                                             
@legend ON
@legend x1 0.2
@legend y1 0.8
@g0 type LOGY
@yaxis ticklabel format power
@legend string   0 "Lab energy =   35.0000"
#legend string   0 "Partition=  1 Excit=  2 near/far= 1"
#  Theta       sigma       iT11        T20         T21         T22         Kyy for projectile
   3.000       11.22    
   4.000       11.00    
   5.000       10.71    
   6.000       10.39    
   7.000       10.03    
   8.000       9.640    
   9.000       9.242    
   10.00       8.843    
   11.00       8.456    
   12.00       8.090    
   13.00       7.755    
   14.00       7.459    
   15.00       7.206    
   16.00       7.000    
   17.00       6.840    
   18.00       6.724    
   19.00       6.647    
   20.00       6.602    
   21.00       6.580    
   22.00       6.572    
   23.00       6.569    
   24.00       6.560    
   25.00       6.538    
   26.00       6.495    
   27.00       6.426    
   28.00       6.327    
   29.00       6.195    
   30.00       6.029    
   31.00       5.831    
   32.00       5.603    
   33.00       5.348    
   34.00       5.070    
   35.00       4.773    
   36.00       4.462    
   37.00       4.143    
   38.00       3.819    
   39.00       3.497    
   40.00       3.181    
   41.00       2.877    
   42.00       2.587    
   43.00       2.316    
   44.00       2.068    
   45.00       1.844    
   46.00       1.647    
   47.00       1.478    
   48.00       1.336    
   49.00       1.222    
   50.00       1.133    
   51.00       1.069    
   52.00       1.026    
   53.00       1.003    
   54.00      0.9946    
   55.00      0.9993    
   56.00       1.014    
   57.00       1.035    
   58.00       1.060    
   59.00       1.086    
   60.00       1.111    
   61.00       1.135    
   62.00       1.154    
   63.00       1.168    
   64.00       1.176    
   65.00       1.177    
   66.00       1.171    
   67.00       1.158    
   68.00       1.138    
   69.00       1.110    
   70.00       1.076    
   71.00       1.037    
   72.00      0.9912    
   73.00      0.9413    
   74.00      0.8877    
   75.00      0.8314    
   76.00      0.7733    
   77.00      0.7143    
   78.00      0.6555    
   79.00      0.5975    
   80.00      0.5412    
   81.00      0.4873    
   82.00      0.4362    
   83.00      0.3884    
   84.00      0.3441    
   85.00      0.3036    
   86.00      0.2669    
   87.00      0.2341    
   88.00      0.2051    
   89.00      0.1797    
   90.00      0.1579    
   91.00      0.1394    
   92.00      0.1241    
   93.00      0.1117    
   94.00      0.1019    
   95.00      0.9439E-01
   96.00      0.8897E-01
   97.00      0.8532E-01
   98.00      0.8313E-01
   99.00      0.8213E-01
   100.0      0.8204E-01
   101.0      0.8260E-01
   102.0      0.8358E-01
   103.0      0.8479E-01
   104.0      0.8603E-01
   105.0      0.8718E-01
   106.0      0.8811E-01
   107.0      0.8874E-01
   108.0      0.8902E-01
   109.0      0.8891E-01
   110.0      0.8837E-01
   111.0      0.8742E-01
   112.0      0.8604E-01
   113.0      0.8426E-01
   114.0      0.8208E-01
   115.0      0.7954E-01
   116.0      0.7666E-01
   117.0      0.7349E-01
   118.0      0.7007E-01
   119.0      0.6645E-01
   120.0      0.6268E-01
   121.0      0.5881E-01
   122.0      0.5489E-01
   123.0      0.5099E-01
   124.0      0.4714E-01
   125.0      0.4338E-01
   126.0      0.3976E-01
   127.0      0.3630E-01
   128.0      0.3303E-01
   129.0      0.2995E-01
   130.0      0.2708E-01
   131.0      0.2443E-01
   132.0      0.2198E-01
   133.0      0.1974E-01
   134.0      0.1771E-01
   135.0      0.1588E-01
   136.0      0.1423E-01
   137.0      0.1278E-01
   138.0      0.1151E-01
   139.0      0.1043E-01
   140.0      0.9513E-02
   141.0      0.8760E-02
   142.0      0.8159E-02
   143.0      0.7694E-02
   144.0      0.7352E-02
   145.0      0.7116E-02
   146.0      0.6972E-02
   147.0      0.6905E-02
   148.0      0.6905E-02
   149.0      0.6960E-02
   150.0      0.7062E-02
   151.0      0.7206E-02
   152.0      0.7386E-02
   153.0      0.7597E-02
   154.0      0.7838E-02
   155.0      0.8106E-02
   156.0      0.8399E-02
   157.0      0.8714E-02
   158.0      0.9050E-02
   159.0      0.9402E-02
   160.0      0.9766E-02
   161.0      0.1014E-01
   162.0      0.1051E-01
   163.0      0.1087E-01
   164.0      0.1122E-01
   165.0      0.1156E-01
   166.0      0.1189E-01
   167.0      0.1220E-01
   168.0      0.1250E-01
   169.0      0.1279E-01
   170.0      0.1308E-01
   171.0      0.1335E-01
   172.0      0.1361E-01
   173.0      0.1387E-01
   174.0      0.1410E-01
   175.0      0.1431E-01
   176.0      0.1449E-01
   177.0      0.1464E-01
   178.0      0.1474E-01
   179.0      0.1481E-01
   180.0      0.1483E-01
 END
