# 178 angles,  1 tensor ranks for 0=projectile
@subtitle   "20O + d 2+1 inelastic;"                                                        
@legend ON
@legend x1 0.2
@legend y1 0.8
@g0 type LOGY
@yaxis ticklabel format power
@legend string   0 "Lab energy =   70.0000"
#legend string   0 "Partition=  1 Excit=  2 near/far= 1"
#  Theta       sigma       iT11        T20         T21         T22         Kyy for projectile
   3.000       14.46    
   4.000       13.12    
   5.000       12.26    
   6.000       12.34    
   7.000       13.63    
   8.000       16.03    
   9.000       19.16    
   10.00       22.48    
   11.00       25.46    
   12.00       27.68    
   13.00       28.88    
   14.00       28.88    
   15.00       27.66    
   16.00       25.33    
   17.00       22.18    
   18.00       18.62    
   19.00       15.05    
   20.00       11.82    
   21.00       9.186    
   22.00       7.251    
   23.00       6.039    
   24.00       5.487    
   25.00       5.469    
   26.00       5.812    
   27.00       6.327    
   28.00       6.847    
   29.00       7.252    
   30.00       7.468    
   31.00       7.466    
   32.00       7.249    
   33.00       6.845    
   34.00       6.300    
   35.00       5.676    
   36.00       5.035    
   37.00       4.427    
   38.00       3.887    
   39.00       3.433    
   40.00       3.071    
   41.00       2.796    
   42.00       2.598    
   43.00       2.459    
   44.00       2.356    
   45.00       2.269    
   46.00       2.180    
   47.00       2.079    
   48.00       1.963    
   49.00       1.830    
   50.00       1.682    
   51.00       1.523    
   52.00       1.357    
   53.00       1.193    
   54.00       1.036    
   55.00      0.8917    
   56.00      0.7627    
   57.00      0.6509    
   58.00      0.5568    
   59.00      0.4799    
   60.00      0.4187    
   61.00      0.3707    
   62.00      0.3330    
   63.00      0.3027    
   64.00      0.2777    
   65.00      0.2562    
   66.00      0.2367    
   67.00      0.2181    
   68.00      0.1996    
   69.00      0.1812    
   70.00      0.1630    
   71.00      0.1455    
   72.00      0.1288    
   73.00      0.1130    
   74.00      0.9824E-01
   75.00      0.8483E-01
   76.00      0.7307E-01
   77.00      0.6311E-01
   78.00      0.5486E-01
   79.00      0.4802E-01
   80.00      0.4233E-01
   81.00      0.3760E-01
   82.00      0.3374E-01
   83.00      0.3059E-01
   84.00      0.2795E-01
   85.00      0.2560E-01
   86.00      0.2339E-01
   87.00      0.2131E-01
   88.00      0.1938E-01
   89.00      0.1762E-01
   90.00      0.1596E-01
   91.00      0.1434E-01
   92.00      0.1276E-01
   93.00      0.1126E-01
   94.00      0.9935E-02
   95.00      0.8799E-02
   96.00      0.7828E-02
   97.00      0.6981E-02
   98.00      0.6241E-02
   99.00      0.5617E-02
   100.0      0.5119E-02
   101.0      0.4728E-02
   102.0      0.4401E-02
   103.0      0.4106E-02
   104.0      0.3838E-02
   105.0      0.3605E-02
   106.0      0.3407E-02
   107.0      0.3229E-02
   108.0      0.3047E-02
   109.0      0.2847E-02
   110.0      0.2636E-02
   111.0      0.2431E-02
   112.0      0.2236E-02
   113.0      0.2043E-02
   114.0      0.1848E-02
   115.0      0.1657E-02
   116.0      0.1484E-02
   117.0      0.1337E-02
   118.0      0.1210E-02
   119.0      0.1086E-02
   120.0      0.9572E-03
   121.0      0.8314E-03
   122.0      0.7274E-03
   123.0      0.6537E-03
   124.0      0.6031E-03
   125.0      0.5607E-03
   126.0      0.5145E-03
   127.0      0.4648E-03
   128.0      0.4223E-03
   129.0      0.3946E-03
   130.0      0.3765E-03
   131.0      0.3580E-03
   132.0      0.3370E-03
   133.0      0.3186E-03
   134.0      0.3086E-03
   135.0      0.3088E-03
   136.0      0.3126E-03
   137.0      0.3090E-03
   138.0      0.2944E-03
   139.0      0.2774E-03
   140.0      0.2682E-03
   141.0      0.2687E-03
   142.0      0.2741E-03
   143.0      0.2776E-03
   144.0      0.2740E-03
   145.0      0.2642E-03
   146.0      0.2552E-03
   147.0      0.2504E-03
   148.0      0.2458E-03
   149.0      0.2383E-03
   150.0      0.2299E-03
   151.0      0.2225E-03
   152.0      0.2168E-03
   153.0      0.2134E-03
   154.0      0.2102E-03
   155.0      0.2022E-03
   156.0      0.1898E-03
   157.0      0.1793E-03
   158.0      0.1736E-03
   159.0      0.1700E-03
   160.0      0.1676E-03
   161.0      0.1658E-03
   162.0      0.1620E-03
   163.0      0.1563E-03
   164.0      0.1535E-03
   165.0      0.1539E-03
   166.0      0.1533E-03
   167.0      0.1520E-03
   168.0      0.1538E-03
   169.0      0.1566E-03
   170.0      0.1569E-03
   171.0      0.1577E-03
   172.0      0.1613E-03
   173.0      0.1655E-03
   174.0      0.1710E-03
   175.0      0.1798E-03
   176.0      0.1855E-03
   177.0      0.1808E-03
   178.0      0.1723E-03
   179.0      0.1701E-03
   180.0      0.1711E-03
 END
