# 178 angles,  1 tensor ranks for 0=projectile
@subtitle   "p+O20 with CH89;"                                                              
@legend ON
@legend x1 0.2
@legend y1 0.8
@g0 type LOGY
@yaxis ticklabel format power
@legend string   0 "Lab energy =   35.0000"
#legend string   0 "Partition=  1 Excit=  1 near/far= 1"
#  Theta       sigma       iT11        T20         T21         T22         Kyy for projectile
   3.000      0.1326E+06
   4.000      0.3862E+05
   5.000      0.1512E+05
   6.000       7486.    
   7.000       4544.    
   8.000       3246.    
   9.000       2595.    
   10.00       2220.    
   11.00       1970.    
   12.00       1778.    
   13.00       1614.    
   14.00       1466.    
   15.00       1326.    
   16.00       1193.    
   17.00       1067.    
   18.00       946.0    
   19.00       832.0    
   20.00       725.3    
   21.00       626.3    
   22.00       535.3    
   23.00       452.6    
   24.00       378.3    
   25.00       312.2    
   26.00       254.2    
   27.00       204.0    
   28.00       161.0    
   29.00       124.8    
   30.00       94.81    
   31.00       70.49    
   32.00       51.18    
   33.00       36.29    
   34.00       25.19    
   35.00       17.32    
   36.00       12.12    
   37.00       9.088    
   38.00       7.762    
   39.00       7.728    
   40.00       8.624    
   41.00       10.14    
   42.00       12.01    
   43.00       14.02    
   44.00       16.01    
   45.00       17.83    
   46.00       19.40    
   47.00       20.65    
   48.00       21.55    
   49.00       22.08    
   50.00       22.25    
   51.00       22.08    
   52.00       21.59    
   53.00       20.84    
   54.00       19.86    
   55.00       18.69    
   56.00       17.38    
   57.00       15.98    
   58.00       14.53    
   59.00       13.06    
   60.00       11.61    
   61.00       10.20    
   62.00       8.852    
   63.00       7.595    
   64.00       6.437    
   65.00       5.387    
   66.00       4.450    
   67.00       3.628    
   68.00       2.919    
   69.00       2.319    
   70.00       1.823    
   71.00       1.422    
   72.00       1.108    
   73.00      0.8709    
   74.00      0.7018    
   75.00      0.5906    
   76.00      0.5277    
   77.00      0.5039    
   78.00      0.5108    
   79.00      0.5405    
   80.00      0.5860    
   81.00      0.6413    
   82.00      0.7009    
   83.00      0.7606    
   84.00      0.8167    
   85.00      0.8666    
   86.00      0.9080    
   87.00      0.9398    
   88.00      0.9609    
   89.00      0.9712    
   90.00      0.9707    
   91.00      0.9599    
   92.00      0.9396    
   93.00      0.9107    
   94.00      0.8742    
   95.00      0.8314    
   96.00      0.7836    
   97.00      0.7318    
   98.00      0.6774    
   99.00      0.6214    
   100.0      0.5650    
   101.0      0.5090    
   102.0      0.4543    
   103.0      0.4016    
   104.0      0.3515    
   105.0      0.3046    
   106.0      0.2611    
   107.0      0.2214    
   108.0      0.1856    
   109.0      0.1538    
   110.0      0.1259    
   111.0      0.1020    
   112.0      0.8176E-01
   113.0      0.6515E-01
   114.0      0.5188E-01
   115.0      0.4170E-01
   116.0      0.3434E-01
   117.0      0.2949E-01
   118.0      0.2687E-01
   119.0      0.2617E-01
   120.0      0.2710E-01
   121.0      0.2937E-01
   122.0      0.3271E-01
   123.0      0.3688E-01
   124.0      0.4163E-01
   125.0      0.4674E-01
   126.0      0.5203E-01
   127.0      0.5731E-01
   128.0      0.6244E-01
   129.0      0.6729E-01
   130.0      0.7175E-01
   131.0      0.7573E-01
   132.0      0.7916E-01
   133.0      0.8199E-01
   134.0      0.8418E-01
   135.0      0.8572E-01
   136.0      0.8659E-01
   137.0      0.8682E-01
   138.0      0.8641E-01
   139.0      0.8539E-01
   140.0      0.8381E-01
   141.0      0.8170E-01
   142.0      0.7911E-01
   143.0      0.7610E-01
   144.0      0.7273E-01
   145.0      0.6906E-01
   146.0      0.6515E-01
   147.0      0.6106E-01
   148.0      0.5685E-01
   149.0      0.5258E-01
   150.0      0.4831E-01
   151.0      0.4409E-01
   152.0      0.3998E-01
   153.0      0.3601E-01
   154.0      0.3224E-01
   155.0      0.2869E-01
   156.0      0.2540E-01
   157.0      0.2239E-01
   158.0      0.1967E-01
   159.0      0.1727E-01
   160.0      0.1519E-01
   161.0      0.1342E-01
   162.0      0.1196E-01
   163.0      0.1081E-01
   164.0      0.9947E-02
   165.0      0.9348E-02
   166.0      0.8993E-02
   167.0      0.8854E-02
   168.0      0.8902E-02
   169.0      0.9106E-02
   170.0      0.9434E-02
   171.0      0.9853E-02
   172.0      0.1033E-01
   173.0      0.1084E-01
   174.0      0.1134E-01
   175.0      0.1182E-01
   176.0      0.1224E-01
   177.0      0.1259E-01
   178.0      0.1285E-01
   179.0      0.1302E-01
   180.0      0.1307E-01
 END
