# 181 angles,  1 tensor ranks for 0=projectile
@subtitle   "p+O20 1st ex with BG ;"                                                        
@legend ON
@legend x1 0.2
@legend y1 0.8
@g0 type LOGY
@yaxis ticklabel format power
@legend string   0 "Lab energy =   35.0000"
#legend string   0 "Partition=  1 Excit=  2 near/far= 1"
#  Theta       sigma       iT11        T20         T21         T22         Kyy for projectile
   0.000       55.53    
   1.000       55.48    
   2.000       55.26    
   3.000       54.77    
   4.000       53.90    
   5.000       52.58    
   6.000       50.86    
   7.000       48.88    
   8.000       46.79    
   9.000       44.74    
   10.00       42.81    
   11.00       41.06    
   12.00       39.55    
   13.00       38.31    
   14.00       37.38    
   15.00       36.77    
   16.00       36.48    
   17.00       36.47    
   18.00       36.72    
   19.00       37.18    
   20.00       37.81    
   21.00       38.56    
   22.00       39.35    
   23.00       40.12    
   24.00       40.78    
   25.00       41.29    
   26.00       41.60    
   27.00       41.69    
   28.00       41.53    
   29.00       41.10    
   30.00       40.39    
   31.00       39.38    
   32.00       38.10    
   33.00       36.57    
   34.00       34.83    
   35.00       32.93    
   36.00       30.90    
   37.00       28.77    
   38.00       26.58    
   39.00       24.39    
   40.00       22.23    
   41.00       20.15    
   42.00       18.17    
   43.00       16.33    
   44.00       14.64    
   45.00       13.12    
   46.00       11.77    
   47.00       10.62    
   48.00       9.641    
   49.00       8.843    
   50.00       8.212    
   51.00       7.734    
   52.00       7.394    
   53.00       7.176    
   54.00       7.059    
   55.00       7.024    
   56.00       7.051    
   57.00       7.119    
   58.00       7.213    
   59.00       7.318    
   60.00       7.420    
   61.00       7.508    
   62.00       7.569    
   63.00       7.595    
   64.00       7.581    
   65.00       7.523    
   66.00       7.423    
   67.00       7.279    
   68.00       7.094    
   69.00       6.868    
   70.00       6.606    
   71.00       6.313    
   72.00       5.993    
   73.00       5.654    
   74.00       5.301    
   75.00       4.940    
   76.00       4.576    
   77.00       4.212    
   78.00       3.855    
   79.00       3.508    
   80.00       3.176    
   81.00       2.861    
   82.00       2.567    
   83.00       2.293    
   84.00       2.041    
   85.00       1.812    
   86.00       1.607    
   87.00       1.424    
   88.00       1.264    
   89.00       1.125    
   90.00       1.005    
   91.00      0.9044    
   92.00      0.8200    
   93.00      0.7507    
   94.00      0.6946    
   95.00      0.6501    
   96.00      0.6153    
   97.00      0.5887    
   98.00      0.5686    
   99.00      0.5538    
   100.0      0.5428    
   101.0      0.5346    
   102.0      0.5281    
   103.0      0.5224    
   104.0      0.5170    
   105.0      0.5112    
   106.0      0.5047    
   107.0      0.4969    
   108.0      0.4877    
   109.0      0.4770    
   110.0      0.4648    
   111.0      0.4511    
   112.0      0.4361    
   113.0      0.4198    
   114.0      0.4024    
   115.0      0.3841    
   116.0      0.3651    
   117.0      0.3457    
   118.0      0.3260    
   119.0      0.3064    
   120.0      0.2869    
   121.0      0.2678    
   122.0      0.2492    
   123.0      0.2313    
   124.0      0.2142    
   125.0      0.1981    
   126.0      0.1829    
   127.0      0.1688    
   128.0      0.1557    
   129.0      0.1438    
   130.0      0.1331    
   131.0      0.1234    
   132.0      0.1148    
   133.0      0.1071    
   134.0      0.1004    
   135.0      0.9454E-01
   136.0      0.8958E-01
   137.0      0.8540E-01
   138.0      0.8187E-01
   139.0      0.7887E-01
   140.0      0.7631E-01
   141.0      0.7415E-01
   142.0      0.7234E-01
   143.0      0.7085E-01
   144.0      0.6958E-01
   145.0      0.6844E-01
   146.0      0.6735E-01
   147.0      0.6626E-01
   148.0      0.6514E-01
   149.0      0.6401E-01
   150.0      0.6283E-01
   151.0      0.6158E-01
   152.0      0.6023E-01
   153.0      0.5876E-01
   154.0      0.5719E-01
   155.0      0.5552E-01
   156.0      0.5378E-01
   157.0      0.5196E-01
   158.0      0.5008E-01
   159.0      0.4817E-01
   160.0      0.4625E-01
   161.0      0.4436E-01
   162.0      0.4250E-01
   163.0      0.4069E-01
   164.0      0.3891E-01
   165.0      0.3719E-01
   166.0      0.3555E-01
   167.0      0.3403E-01
   168.0      0.3266E-01
   169.0      0.3142E-01
   170.0      0.3030E-01
   171.0      0.2926E-01
   172.0      0.2831E-01
   173.0      0.2747E-01
   174.0      0.2677E-01
   175.0      0.2622E-01
   176.0      0.2579E-01
   177.0      0.2547E-01
   178.0      0.2523E-01
   179.0      0.2507E-01
   180.0      0.2502E-01
 END
