# 178 angles,  1 tensor ranks for 0=projectile
@subtitle   "p+O20 with CH89;"                                                              
@legend ON
@legend x1 0.2
@legend y1 0.8
@g0 type LOGY
@yaxis ticklabel format power
@legend string   0 "Lab energy =   35.0000"
#legend string   0 "Partition=  1 Excit=  1 near/far= 1"
#  Theta       sigma       iT11        T20         T21         T22         Kyy for projectile
   3.000      0.1311E+06
   4.000      0.3714E+05
   5.000      0.1380E+05
   6.000       6345.    
   7.000       3557.    
   8.000       2392.    
   9.000       1855.    
   10.00       1581.    
   11.00       1419.    
   12.00       1306.    
   13.00       1213.    
   14.00       1129.    
   15.00       1047.    
   16.00       966.7    
   17.00       886.5    
   18.00       807.4    
   19.00       729.8    
   20.00       654.7    
   21.00       582.8    
   22.00       514.6    
   23.00       450.7    
   24.00       391.3    
   25.00       336.7    
   26.00       287.1    
   27.00       242.4    
   28.00       202.5    
   29.00       167.3    
   30.00       136.6    
   31.00       110.0    
   32.00       87.40    
   33.00       68.33    
   34.00       52.48    
   35.00       39.52    
   36.00       29.11    
   37.00       20.91    
   38.00       14.61    
   39.00       9.926    
   40.00       6.579    
   41.00       4.324    
   42.00       2.943    
   43.00       2.239    
   44.00       2.043    
   45.00       2.213    
   46.00       2.625    
   47.00       3.182    
   48.00       3.802    
   49.00       4.425    
   50.00       5.003    
   51.00       5.504    
   52.00       5.906    
   53.00       6.197    
   54.00       6.374    
   55.00       6.439    
   56.00       6.398    
   57.00       6.262    
   58.00       6.043    
   59.00       5.754    
   60.00       5.410    
   61.00       5.026    
   62.00       4.613    
   63.00       4.186    
   64.00       3.754    
   65.00       3.328    
   66.00       2.915    
   67.00       2.523    
   68.00       2.157    
   69.00       1.819    
   70.00       1.514    
   71.00       1.242    
   72.00       1.003    
   73.00      0.7976    
   74.00      0.6238    
   75.00      0.4800    
   76.00      0.3640    
   77.00      0.2732    
   78.00      0.2050    
   79.00      0.1565    
   80.00      0.1251    
   81.00      0.1079    
   82.00      0.1024    
   83.00      0.1062    
   84.00      0.1169    
   85.00      0.1326    
   86.00      0.1516    
   87.00      0.1722    
   88.00      0.1932    
   89.00      0.2136    
   90.00      0.2324    
   91.00      0.2490    
   92.00      0.2630    
   93.00      0.2739    
   94.00      0.2818    
   95.00      0.2864    
   96.00      0.2879    
   97.00      0.2864    
   98.00      0.2822    
   99.00      0.2754    
   100.0      0.2663    
   101.0      0.2554    
   102.0      0.2429    
   103.0      0.2291    
   104.0      0.2143    
   105.0      0.1989    
   106.0      0.1831    
   107.0      0.1672    
   108.0      0.1514    
   109.0      0.1360    
   110.0      0.1211    
   111.0      0.1068    
   112.0      0.9333E-01
   113.0      0.8071E-01
   114.0      0.6904E-01
   115.0      0.5836E-01
   116.0      0.4869E-01
   117.0      0.4004E-01
   118.0      0.3240E-01
   119.0      0.2575E-01
   120.0      0.2005E-01
   121.0      0.1525E-01
   122.0      0.1130E-01
   123.0      0.8138E-02
   124.0      0.5701E-02
   125.0      0.3921E-02
   126.0      0.2730E-02
   127.0      0.2061E-02
   128.0      0.1848E-02
   129.0      0.2024E-02
   130.0      0.2529E-02
   131.0      0.3303E-02
   132.0      0.4293E-02
   133.0      0.5447E-02
   134.0      0.6719E-02
   135.0      0.8068E-02
   136.0      0.9457E-02
   137.0      0.1085E-01
   138.0      0.1223E-01
   139.0      0.1355E-01
   140.0      0.1482E-01
   141.0      0.1600E-01
   142.0      0.1708E-01
   143.0      0.1807E-01
   144.0      0.1894E-01
   145.0      0.1969E-01
   146.0      0.2033E-01
   147.0      0.2086E-01
   148.0      0.2127E-01
   149.0      0.2157E-01
   150.0      0.2177E-01
   151.0      0.2187E-01
   152.0      0.2188E-01
   153.0      0.2180E-01
   154.0      0.2165E-01
   155.0      0.2143E-01
   156.0      0.2116E-01
   157.0      0.2083E-01
   158.0      0.2046E-01
   159.0      0.2006E-01
   160.0      0.1963E-01
   161.0      0.1918E-01
   162.0      0.1872E-01
   163.0      0.1825E-01
   164.0      0.1779E-01
   165.0      0.1732E-01
   166.0      0.1687E-01
   167.0      0.1644E-01
   168.0      0.1602E-01
   169.0      0.1562E-01
   170.0      0.1525E-01
   171.0      0.1491E-01
   172.0      0.1460E-01
   173.0      0.1432E-01
   174.0      0.1408E-01
   175.0      0.1387E-01
   176.0      0.1370E-01
   177.0      0.1356E-01
   178.0      0.1346E-01
   179.0      0.1341E-01
   180.0      0.1339E-01
 END
