# 178 angles,  1 tensor ranks for 0=projectile
@subtitle   "20O(d,t) @ 30AMeV Daeh (d) + Pang (t)"                                         
@legend ON
@legend x1 0.2
@legend y1 0.8
@g0 type LOGY
@yaxis ticklabel format power
@legend string   0 "Lab energy =   70.0000"
#legend string   0 "Partition=  2 Excit=  3 near/far= 1"
#  Theta       sigma       iT11        T20         T21         T22         Kyy for projectile
   3.000       8.315    
   4.000       8.077    
   5.000       7.783    
   6.000       7.430    
   7.000       7.006    
   8.000       6.499    
   9.000       5.904    
   10.00       5.227    
   11.00       4.491    
   12.00       3.731    
   13.00       2.988    
   14.00       2.305    
   15.00       1.719    
   16.00       1.251    
   17.00      0.9096    
   18.00      0.6896    
   19.00      0.5738    
   20.00      0.5382    
   21.00      0.5572    
   22.00      0.6069    
   23.00      0.6683    
   24.00      0.7285    
   25.00      0.7803    
   26.00      0.8222    
   27.00      0.8555    
   28.00      0.8836    
   29.00      0.9100    
   30.00      0.9373    
   31.00      0.9664    
   32.00      0.9970    
   33.00       1.027    
   34.00       1.054    
   35.00       1.075    
   36.00       1.087    
   37.00       1.089    
   38.00       1.079    
   39.00       1.057    
   40.00       1.025    
   41.00      0.9847    
   42.00      0.9371    
   43.00      0.8848    
   44.00      0.8300    
   45.00      0.7744    
   46.00      0.7197    
   47.00      0.6667    
   48.00      0.6163    
   49.00      0.5687    
   50.00      0.5240    
   51.00      0.4821    
   52.00      0.4427    
   53.00      0.4057    
   54.00      0.3709    
   55.00      0.3380    
   56.00      0.3070    
   57.00      0.2779    
   58.00      0.2505    
   59.00      0.2251    
   60.00      0.2015    
   61.00      0.1798    
   62.00      0.1600    
   63.00      0.1420    
   64.00      0.1259    
   65.00      0.1114    
   66.00      0.9854E-01
   67.00      0.8713E-01
   68.00      0.7703E-01
   69.00      0.6810E-01
   70.00      0.6020E-01
   71.00      0.5321E-01
   72.00      0.4702E-01
   73.00      0.4152E-01
   74.00      0.3663E-01
   75.00      0.3228E-01
   76.00      0.2840E-01
   77.00      0.2495E-01
   78.00      0.2188E-01
   79.00      0.1916E-01
   80.00      0.1676E-01
   81.00      0.1464E-01
   82.00      0.1277E-01
   83.00      0.1114E-01
   84.00      0.9721E-02
   85.00      0.8483E-02
   86.00      0.7407E-02
   87.00      0.6474E-02
   88.00      0.5664E-02
   89.00      0.4962E-02
   90.00      0.4351E-02
   91.00      0.3818E-02
   92.00      0.3354E-02
   93.00      0.2947E-02
   94.00      0.2590E-02
   95.00      0.2276E-02
   96.00      0.1999E-02
   97.00      0.1756E-02
   98.00      0.1541E-02
   99.00      0.1353E-02
   100.0      0.1187E-02
   101.0      0.1042E-02
   102.0      0.9144E-03
   103.0      0.8034E-03
   104.0      0.7067E-03
   105.0      0.6225E-03
   106.0      0.5493E-03
   107.0      0.4857E-03
   108.0      0.4304E-03
   109.0      0.3821E-03
   110.0      0.3400E-03
   111.0      0.3031E-03
   112.0      0.2706E-03
   113.0      0.2418E-03
   114.0      0.2164E-03
   115.0      0.1937E-03
   116.0      0.1735E-03
   117.0      0.1555E-03
   118.0      0.1393E-03
   119.0      0.1249E-03
   120.0      0.1119E-03
   121.0      0.1004E-03
   122.0      0.9008E-04
   123.0      0.8090E-04
   124.0      0.7275E-04
   125.0      0.6551E-04
   126.0      0.5908E-04
   127.0      0.5338E-04
   128.0      0.4831E-04
   129.0      0.4380E-04
   130.0      0.3978E-04
   131.0      0.3617E-04
   132.0      0.3292E-04
   133.0      0.2998E-04
   134.0      0.2731E-04
   135.0      0.2486E-04
   136.0      0.2262E-04
   137.0      0.2055E-04
   138.0      0.1864E-04
   139.0      0.1688E-04
   140.0      0.1524E-04
   141.0      0.1373E-04
   142.0      0.1233E-04
   143.0      0.1105E-04
   144.0      0.9880E-05
   145.0      0.8815E-05
   146.0      0.7854E-05
   147.0      0.6996E-05
   148.0      0.6238E-05
   149.0      0.5576E-05
   150.0      0.5006E-05
   151.0      0.4524E-05
   152.0      0.4125E-05
   153.0      0.3802E-05
   154.0      0.3548E-05
   155.0      0.3355E-05
   156.0      0.3215E-05
   157.0      0.3119E-05
   158.0      0.3058E-05
   159.0      0.3022E-05
   160.0      0.3004E-05
   161.0      0.2994E-05
   162.0      0.2985E-05
   163.0      0.2970E-05
   164.0      0.2943E-05
   165.0      0.2900E-05
   166.0      0.2838E-05
   167.0      0.2755E-05
   168.0      0.2653E-05
   169.0      0.2531E-05
   170.0      0.2393E-05
   171.0      0.2244E-05
   172.0      0.2087E-05
   173.0      0.1929E-05
   174.0      0.1776E-05
   175.0      0.1634E-05
   176.0      0.1508E-05
   177.0      0.1405E-05
   178.0      0.1327E-05
   179.0      0.1279E-05
   180.0      0.1263E-05
 END
