# 178 angles,  1 tensor ranks for 0=projectile
@subtitle   "20O + d 1st Ex inelastic;"                                                     
@legend ON
@legend x1 0.2
@legend y1 0.8
@g0 type LOGY
@yaxis ticklabel format power
@legend string   0 "Lab energy =   70.0000"
#legend string   0 "Partition=  1 Excit=  2 near/far= 1"
#  Theta       sigma       iT11        T20         T21         T22         Kyy for projectile
   3.000       8.749    
   4.000       7.939    
   5.000       7.398    
   6.000       7.352    
   7.000       7.936    
   8.000       9.160    
   9.000       10.89    
   10.00       12.87    
   11.00       14.77    
   12.00       16.26    
   13.00       17.10    
   14.00       17.14    
   15.00       16.40    
   16.00       14.98    
   17.00       13.12    
   18.00       11.03    
   19.00       8.962    
   20.00       7.091    
   21.00       5.551    
   22.00       4.413    
   23.00       3.691    
   24.00       3.349    
   25.00       3.315    
   26.00       3.494    
   27.00       3.780    
   28.00       4.079    
   29.00       4.313    
   30.00       4.433    
   31.00       4.419    
   32.00       4.277    
   33.00       4.030    
   34.00       3.711    
   35.00       3.354    
   36.00       2.990    
   37.00       2.644    
   38.00       2.336    
   39.00       2.078    
   40.00       1.872    
   41.00       1.719    
   42.00       1.609    
   43.00       1.532    
   44.00       1.475    
   45.00       1.425    
   46.00       1.372    
   47.00       1.311    
   48.00       1.239    
   49.00       1.155    
   50.00       1.062    
   51.00      0.9630    
   52.00      0.8610    
   53.00      0.7598    
   54.00      0.6626    
   55.00      0.5726    
   56.00      0.4919    
   57.00      0.4220    
   58.00      0.3634    
   59.00      0.3154    
   60.00      0.2768    
   61.00      0.2460    
   62.00      0.2212    
   63.00      0.2011    
   64.00      0.1844    
   65.00      0.1699    
   66.00      0.1569    
   67.00      0.1445    
   68.00      0.1324    
   69.00      0.1203    
   70.00      0.1082    
   71.00      0.9639E-01
   72.00      0.8510E-01
   73.00      0.7465E-01
   74.00      0.6521E-01
   75.00      0.5682E-01
   76.00      0.4945E-01
   77.00      0.4300E-01
   78.00      0.3743E-01
   79.00      0.3267E-01
   80.00      0.2872E-01
   81.00      0.2550E-01
   82.00      0.2291E-01
   83.00      0.2080E-01
   84.00      0.1898E-01
   85.00      0.1734E-01
   86.00      0.1579E-01
   87.00      0.1432E-01
   88.00      0.1295E-01
   89.00      0.1169E-01
   90.00      0.1056E-01
   91.00      0.9529E-02
   92.00      0.8572E-02
   93.00      0.7662E-02
   94.00      0.6793E-02
   95.00      0.5981E-02
   96.00      0.5256E-02
   97.00      0.4642E-02
   98.00      0.4143E-02
   99.00      0.3740E-02
   100.0      0.3405E-02
   101.0      0.3112E-02
   102.0      0.2851E-02
   103.0      0.2622E-02
   104.0      0.2427E-02
   105.0      0.2266E-02
   106.0      0.2132E-02
   107.0      0.2015E-02
   108.0      0.1901E-02
   109.0      0.1781E-02
   110.0      0.1650E-02
   111.0      0.1514E-02
   112.0      0.1382E-02
   113.0      0.1262E-02
   114.0      0.1154E-02
   115.0      0.1049E-02
   116.0      0.9393E-03
   117.0      0.8246E-03
   118.0      0.7119E-03
   119.0      0.6118E-03
   120.0      0.5312E-03
   121.0      0.4716E-03
   122.0      0.4294E-03
   123.0      0.3986E-03
   124.0      0.3717E-03
   125.0      0.3424E-03
   126.0      0.3085E-03
   127.0      0.2734E-03
   128.0      0.2443E-03
   129.0      0.2267E-03
   130.0      0.2193E-03
   131.0      0.2149E-03
   132.0      0.2062E-03
   133.0      0.1907E-03
   134.0      0.1724E-03
   135.0      0.1567E-03
   136.0      0.1471E-03
   137.0      0.1443E-03
   138.0      0.1471E-03
   139.0      0.1539E-03
   140.0      0.1613E-03
   141.0      0.1648E-03
   142.0      0.1606E-03
   143.0      0.1500E-03
   144.0      0.1383E-03
   145.0      0.1312E-03
   146.0      0.1296E-03
   147.0      0.1295E-03
   148.0      0.1262E-03
   149.0      0.1188E-03
   150.0      0.1103E-03
   151.0      0.1037E-03
   152.0      0.9952E-04
   153.0      0.9627E-04
   154.0      0.9375E-04
   155.0      0.9345E-04
   156.0      0.9580E-04
   157.0      0.9795E-04
   158.0      0.9562E-04
   159.0      0.8757E-04
   160.0      0.7765E-04
   161.0      0.7142E-04
   162.0      0.7081E-04
   163.0      0.7264E-04
   164.0      0.7267E-04
   165.0      0.7048E-04
   166.0      0.6947E-04
   167.0      0.7215E-04
   168.0      0.7665E-04
   169.0      0.7859E-04
   170.0      0.7633E-04
   171.0      0.7298E-04
   172.0      0.7269E-04
   173.0      0.7578E-04
   174.0      0.7894E-04
   175.0      0.8078E-04
   176.0      0.8576E-04
   177.0      0.1005E-03
   178.0      0.1252E-03
   179.0      0.1499E-03
   180.0      0.1603E-03
 END
