# 178 angles,  1 tensor ranks for 0=projectile
@subtitle   "20O + d inelastic scattering;"                                                 
@legend ON
@legend x1 0.2
@legend y1 0.8
@g0 type LOGY
@yaxis ticklabel format power
@legend string   0 "Lab energy =   70.0000"
#legend string   0 "Partition=  1 Excit=  2 near/far= 1"
#  Theta       sigma       iT11        T20         T21         T22         Kyy for projectile
   3.000       8.281    
   4.000       7.462    
   5.000       6.852    
   6.000       6.752    
   7.000       7.372    
   8.000       8.727    
   9.000       10.64    
   10.00       12.80    
   11.00       14.88    
   12.00       16.60    
   13.00       17.77    
   14.00       18.23    
   15.00       17.91    
   16.00       16.83    
   17.00       15.13    
   18.00       13.00    
   19.00       10.72    
   20.00       8.534    
   21.00       6.636    
   22.00       5.149    
   23.00       4.125    
   24.00       3.555    
   25.00       3.378    
   26.00       3.502    
   27.00       3.808    
   28.00       4.181    
   29.00       4.520    
   30.00       4.754    
   31.00       4.843    
   32.00       4.775    
   33.00       4.559    
   34.00       4.224    
   35.00       3.809    
   36.00       3.359    
   37.00       2.916    
   38.00       2.512    
   39.00       2.168    
   40.00       1.896    
   41.00       1.697    
   42.00       1.564    
   43.00       1.485    
   44.00       1.444    
   45.00       1.422    
   46.00       1.405    
   47.00       1.381    
   48.00       1.343    
   49.00       1.288    
   50.00       1.215    
   51.00       1.125    
   52.00       1.023    
   53.00      0.9139    
   54.00      0.8025    
   55.00      0.6947    
   56.00      0.5945    
   57.00      0.5048    
   58.00      0.4272    
   59.00      0.3621    
   60.00      0.3095    
   61.00      0.2680    
   62.00      0.2362    
   63.00      0.2118    
   64.00      0.1930    
   65.00      0.1779    
   66.00      0.1654    
   67.00      0.1541    
   68.00      0.1434    
   69.00      0.1328    
   70.00      0.1218    
   71.00      0.1107    
   72.00      0.9946E-01
   73.00      0.8836E-01
   74.00      0.7763E-01
   75.00      0.6750E-01
   76.00      0.5816E-01
   77.00      0.4976E-01
   78.00      0.4237E-01
   79.00      0.3598E-01
   80.00      0.3057E-01
   81.00      0.2605E-01
   82.00      0.2235E-01
   83.00      0.1935E-01
   84.00      0.1694E-01
   85.00      0.1499E-01
   86.00      0.1338E-01
   87.00      0.1204E-01
   88.00      0.1091E-01
   89.00      0.9955E-02
   90.00      0.9128E-02
   91.00      0.8381E-02
   92.00      0.7685E-02
   93.00      0.7029E-02
   94.00      0.6420E-02
   95.00      0.5863E-02
   96.00      0.5352E-02
   97.00      0.4874E-02
   98.00      0.4418E-02
   99.00      0.3986E-02
   100.0      0.3586E-02
   101.0      0.3225E-02
   102.0      0.2901E-02
   103.0      0.2603E-02
   104.0      0.2321E-02
   105.0      0.2054E-02
   106.0      0.1807E-02
   107.0      0.1589E-02
   108.0      0.1400E-02
   109.0      0.1235E-02
   110.0      0.1089E-02
   111.0      0.9578E-03
   112.0      0.8432E-03
   113.0      0.7484E-03
   114.0      0.6751E-03
   115.0      0.6202E-03
   116.0      0.5776E-03
   117.0      0.5427E-03
   118.0      0.5144E-03
   119.0      0.4939E-03
   120.0      0.4816E-03
   121.0      0.4759E-03
   122.0      0.4727E-03
   123.0      0.4675E-03
   124.0      0.4582E-03
   125.0      0.4462E-03
   126.0      0.4340E-03
   127.0      0.4224E-03
   128.0      0.4101E-03
   129.0      0.3947E-03
   130.0      0.3746E-03
   131.0      0.3506E-03
   132.0      0.3262E-03
   133.0      0.3038E-03
   134.0      0.2834E-03
   135.0      0.2633E-03
   136.0      0.2421E-03
   137.0      0.2197E-03
   138.0      0.1980E-03
   139.0      0.1799E-03
   140.0      0.1660E-03
   141.0      0.1544E-03
   142.0      0.1429E-03
   143.0      0.1314E-03
   144.0      0.1211E-03
   145.0      0.1134E-03
   146.0      0.1090E-03
   147.0      0.1067E-03
   148.0      0.1035E-03
   149.0      0.9859E-04
   150.0      0.9400E-04
   151.0      0.9192E-04
   152.0      0.9293E-04
   153.0      0.9586E-04
   154.0      0.9796E-04
   155.0      0.9659E-04
   156.0      0.9220E-04
   157.0      0.8836E-04
   158.0      0.8787E-04
   159.0      0.9054E-04
   160.0      0.9429E-04
   161.0      0.9631E-04
   162.0      0.9433E-04
   163.0      0.8906E-04
   164.0      0.8419E-04
   165.0      0.8246E-04
   166.0      0.8330E-04
   167.0      0.8475E-04
   168.0      0.8492E-04
   169.0      0.8207E-04
   170.0      0.7631E-04
   171.0      0.7051E-04
   172.0      0.6737E-04
   173.0      0.6695E-04
   174.0      0.6805E-04
   175.0      0.6941E-04
   176.0      0.6899E-04
   177.0      0.6573E-04
   178.0      0.6184E-04
   179.0      0.5995E-04
   180.0      0.5968E-04
 END
