# 178 angles,  1 tensor ranks for 0=projectile
@subtitle   "20O(d,d') Daehnick OMP with step defs and iblock=5"                            
@legend ON
@legend x1 0.2
@legend y1 0.8
@g0 type LOGY
@yaxis ticklabel format power
@xaxis label "Scattering angle (degrees)"
@yaxis label "Cross section (mb/sr)"
@legend string   0 "Partition=  1 Excit=  1 near/far= 1"
#legend string   0 "Lab energy =   70.0000"
@s0 linestyle   1
#  Theta       sigma       iT11        T20         T21         T22         Kyy for projectile
   3.000      0.2776E+05
   4.000      0.1178E+05
   5.000       8330.    
   6.000       6812.    
   7.000       5595.    
   8.000       4444.    
   9.000       3374.    
   10.00       2433.    
   11.00       1654.    
   12.00       1048.    
   13.00       609.2    
   14.00       316.0    
   15.00       141.5    
   16.00       55.72    
   17.00       30.50    
   18.00       41.42    
   19.00       69.33    
   20.00       100.6    
   21.00       126.6    
   22.00       143.2    
   23.00       149.2    
   24.00       145.7    
   25.00       134.7    
   26.00       119.1    
   27.00       101.3    
   28.00       83.36    
   29.00       66.89    
   30.00       52.81    
   31.00       41.52    
   32.00       33.01    
   33.00       26.98    
   34.00       22.99    
   35.00       20.50    
   36.00       19.03    
   37.00       18.13    
   38.00       17.47    
   39.00       16.82    
   40.00       16.03    
   41.00       15.03    
   42.00       13.84    
   43.00       12.49    
   44.00       11.04    
   45.00       9.556    
   46.00       8.113    
   47.00       6.764    
   48.00       5.552    
   49.00       4.503    
   50.00       3.626    
   51.00       2.920    
   52.00       2.371    
   53.00       1.961    
   54.00       1.666    
   55.00       1.460    
   56.00       1.320    
   57.00       1.225    
   58.00       1.156    
   59.00       1.100    
   60.00       1.045    
   61.00      0.9871    
   62.00      0.9215    
   63.00      0.8481    
   64.00      0.7682    
   65.00      0.6843    
   66.00      0.5994    
   67.00      0.5166    
   68.00      0.4387    
   69.00      0.3680    
   70.00      0.3059    
   71.00      0.2533    
   72.00      0.2102    
   73.00      0.1761    
   74.00      0.1501    
   75.00      0.1310    
   76.00      0.1174    
   77.00      0.1079    
   78.00      0.1011    
   79.00      0.9598E-01
   80.00      0.9156E-01
   81.00      0.8719E-01
   82.00      0.8242E-01
   83.00      0.7703E-01
   84.00      0.7097E-01
   85.00      0.6434E-01
   86.00      0.5733E-01
   87.00      0.5017E-01
   88.00      0.4311E-01
   89.00      0.3639E-01
   90.00      0.3021E-01
   91.00      0.2472E-01
   92.00      0.2001E-01
   93.00      0.1612E-01
   94.00      0.1303E-01
   95.00      0.1068E-01
   96.00      0.8984E-02
   97.00      0.7839E-02
   98.00      0.7127E-02
   99.00      0.6731E-02
   100.0      0.6545E-02
   101.0      0.6474E-02
   102.0      0.6442E-02
   103.0      0.6391E-02
   104.0      0.6283E-02
   105.0      0.6095E-02
   106.0      0.5819E-02
   107.0      0.5461E-02
   108.0      0.5032E-02
   109.0      0.4551E-02
   110.0      0.4038E-02
   111.0      0.3516E-02
   112.0      0.3004E-02
   113.0      0.2518E-02
   114.0      0.2072E-02
   115.0      0.1675E-02
   116.0      0.1334E-02
   117.0      0.1049E-02
   118.0      0.8190E-03
   119.0      0.6412E-03
   120.0      0.5097E-03
   121.0      0.4181E-03
   122.0      0.3593E-03
   123.0      0.3262E-03
   124.0      0.3121E-03
   125.0      0.3108E-03
   126.0      0.3173E-03
   127.0      0.3272E-03
   128.0      0.3372E-03
   129.0      0.3449E-03
   130.0      0.3487E-03
   131.0      0.3478E-03
   132.0      0.3418E-03
   133.0      0.3309E-03
   134.0      0.3157E-03
   135.0      0.2967E-03
   136.0      0.2751E-03
   137.0      0.2515E-03
   138.0      0.2269E-03
   139.0      0.2021E-03
   140.0      0.1779E-03
   141.0      0.1550E-03
   142.0      0.1338E-03
   143.0      0.1147E-03
   144.0      0.9806E-04
   145.0      0.8400E-04
   146.0      0.7261E-04
   147.0      0.6387E-04
   148.0      0.5771E-04
   149.0      0.5397E-04
   150.0      0.5244E-04
   151.0      0.5288E-04
   152.0      0.5502E-04
   153.0      0.5856E-04
   154.0      0.6318E-04
   155.0      0.6856E-04
   156.0      0.7437E-04
   157.0      0.8029E-04
   158.0      0.8601E-04
   159.0      0.9125E-04
   160.0      0.9573E-04
   161.0      0.9924E-04
   162.0      0.1016E-03
   163.0      0.1026E-03
   164.0      0.1023E-03
   165.0      0.1005E-03
   166.0      0.9731E-04
   167.0      0.9281E-04
   168.0      0.8714E-04
   169.0      0.8047E-04
   170.0      0.7304E-04
   171.0      0.6509E-04
   172.0      0.5693E-04
   173.0      0.4883E-04
   174.0      0.4109E-04
   175.0      0.3399E-04
   176.0      0.2780E-04
   177.0      0.2273E-04
   178.0      0.1897E-04
   179.0      0.1666E-04
   180.0      0.1588E-04
 END
@legend string   1 "Partition=  1 Excit=  2 near/far= 1"
#legend string   0 "Lab energy =   70.0000"
@s1 linestyle   2
#  Theta       sigma       iT11        T20         T21         T22         Kyy for projectile
   3.000       9.719    
   4.000       8.456    
   5.000       7.424    
   6.000       7.012    
   7.000       7.477    
   8.000       8.817    
   9.000       10.77    
   10.00       12.95    
   11.00       14.96    
   12.00       16.52    
   13.00       17.43    
   14.00       17.56    
   15.00       16.88    
   16.00       15.44    
   17.00       13.42    
   18.00       11.08    
   19.00       8.722    
   20.00       6.590    
   21.00       4.854    
   22.00       3.593    
   23.00       2.817    
   24.00       2.482    
   25.00       2.500    
   26.00       2.754    
   27.00       3.117    
   28.00       3.473    
   29.00       3.739    
   30.00       3.867    
   31.00       3.843    
   32.00       3.674    
   33.00       3.383    
   34.00       3.009    
   35.00       2.595    
   36.00       2.186    
   37.00       1.816    
   38.00       1.510    
   39.00       1.278    
   40.00       1.119    
   41.00       1.028    
   42.00      0.9907    
   43.00      0.9915    
   44.00       1.011    
   45.00       1.033    
   46.00       1.043    
   47.00       1.034    
   48.00       1.003    
   49.00      0.9502    
   50.00      0.8776    
   51.00      0.7901    
   52.00      0.6934    
   53.00      0.5940    
   54.00      0.4981    
   55.00      0.4102    
   56.00      0.3335    
   57.00      0.2696    
   58.00      0.2191    
   59.00      0.1814    
   60.00      0.1551    
   61.00      0.1378    
   62.00      0.1272    
   63.00      0.1209    
   64.00      0.1170    
   65.00      0.1139    
   66.00      0.1105    
   67.00      0.1058    
   68.00      0.9948E-01
   69.00      0.9170E-01
   70.00      0.8287E-01
   71.00      0.7347E-01
   72.00      0.6390E-01
   73.00      0.5449E-01
   74.00      0.4556E-01
   75.00      0.3751E-01
   76.00      0.3065E-01
   77.00      0.2511E-01
   78.00      0.2083E-01
   79.00      0.1761E-01
   80.00      0.1528E-01
   81.00      0.1367E-01
   82.00      0.1265E-01
   83.00      0.1205E-01
   84.00      0.1164E-01
   85.00      0.1124E-01
   86.00      0.1075E-01
   87.00      0.1016E-01
   88.00      0.9502E-02
   89.00      0.8788E-02
   90.00      0.8002E-02
   91.00      0.7132E-02
   92.00      0.6207E-02
   93.00      0.5295E-02
   94.00      0.4462E-02
   95.00      0.3740E-02
   96.00      0.3130E-02
   97.00      0.2624E-02
   98.00      0.2221E-02
   99.00      0.1926E-02
   100.0      0.1735E-02
   101.0      0.1624E-02
   102.0      0.1561E-02
   103.0      0.1520E-02
   104.0      0.1496E-02
   105.0      0.1486E-02
   106.0      0.1482E-02
   107.0      0.1469E-02
   108.0      0.1431E-02
   109.0      0.1364E-02
   110.0      0.1276E-02
   111.0      0.1179E-02
   112.0      0.1074E-02
   113.0      0.9602E-03
   114.0      0.8375E-03
   115.0      0.7159E-03
   116.0      0.6058E-03
   117.0      0.5133E-03
   118.0      0.4368E-03
   119.0      0.3676E-03
   120.0      0.3007E-03
   121.0      0.2419E-03
   122.0      0.2012E-03
   123.0      0.1805E-03
   124.0      0.1733E-03
   125.0      0.1712E-03
   126.0      0.1676E-03
   127.0      0.1616E-03
   128.0      0.1586E-03
   129.0      0.1614E-03
   130.0      0.1652E-03
   131.0      0.1639E-03
   132.0      0.1580E-03
   133.0      0.1509E-03
   134.0      0.1454E-03
   135.0      0.1422E-03
   136.0      0.1388E-03
   137.0      0.1290E-03
   138.0      0.1116E-03
   139.0      0.9298E-04
   140.0      0.7952E-04
   141.0      0.7149E-04
   142.0      0.6654E-04
   143.0      0.6206E-04
   144.0      0.5466E-04
   145.0      0.4422E-04
   146.0      0.3554E-04
   147.0      0.3116E-04
   148.0      0.2825E-04
   149.0      0.2515E-04
   150.0      0.2342E-04
   151.0      0.2287E-04
   152.0      0.2227E-04
   153.0      0.2288E-04
   154.0      0.2447E-04
   155.0      0.2345E-04
   156.0      0.1973E-04
   157.0      0.1770E-04
   158.0      0.1815E-04
   159.0      0.1823E-04
   160.0      0.1817E-04
   161.0      0.1889E-04
   162.0      0.1767E-04
   163.0      0.1413E-04
   164.0      0.1263E-04
   165.0      0.1349E-04
   166.0      0.1234E-04
   167.0      0.9715E-05
   168.0      0.9450E-05
   169.0      0.9950E-05
   170.0      0.8698E-05
   171.0      0.8916E-05
   172.0      0.1188E-04
   173.0      0.1306E-04
   174.0      0.1226E-04
   175.0      0.1395E-04
   176.0      0.1610E-04
   177.0      0.1487E-04
   178.0      0.1625E-04
   179.0      0.2489E-04
   180.0      0.3070E-04
 END
@legend string   2 "Partition=  1 Excit=  3 near/far= 1"
#legend string   0 "Lab energy =   70.0000"
@s2 linestyle   3
#  Theta       sigma       iT11        T20         T21         T22         Kyy for projectile
   3.000       1.716    
   4.000       1.520    
   5.000       1.344    
   6.000       1.265    
   7.000       1.345    
   8.000       1.598    
   9.000       1.984    
   10.00       2.429    
   11.00       2.852    
   12.00       3.187    
   13.00       3.391    
   14.00       3.437    
   15.00       3.319    
   16.00       3.046    
   17.00       2.650    
   18.00       2.184    
   19.00       1.704    
   20.00       1.264    
   21.00      0.9015    
   22.00      0.6363    
   23.00      0.4715    
   24.00      0.3984    
   25.00      0.3998    
   26.00      0.4532    
   27.00      0.5334    
   28.00      0.6167    
   29.00      0.6843    
   30.00      0.7241    
   31.00      0.7313    
   32.00      0.7067    
   33.00      0.6553    
   34.00      0.5847    
   35.00      0.5039    
   36.00      0.4218    
   37.00      0.3460    
   38.00      0.2823    
   39.00      0.2336    
   40.00      0.2007    
   41.00      0.1824    
   42.00      0.1761    
   43.00      0.1783    
   44.00      0.1853    
   45.00      0.1933    
   46.00      0.1993    
   47.00      0.2015    
   48.00      0.1987    
   49.00      0.1907    
   50.00      0.1780    
   51.00      0.1615    
   52.00      0.1426    
   53.00      0.1225    
   54.00      0.1026    
   55.00      0.8398E-01
   56.00      0.6754E-01
   57.00      0.5375E-01
   58.00      0.4283E-01
   59.00      0.3472E-01
   60.00      0.2912E-01
   61.00      0.2560E-01
   62.00      0.2365E-01
   63.00      0.2277E-01
   64.00      0.2251E-01
   65.00      0.2246E-01
   66.00      0.2231E-01
   67.00      0.2185E-01
   68.00      0.2098E-01
   69.00      0.1971E-01
   70.00      0.1811E-01
   71.00      0.1626E-01
   72.00      0.1428E-01
   73.00      0.1226E-01
   74.00      0.1031E-01
   75.00      0.8516E-02
   76.00      0.6959E-02
   77.00      0.5670E-02
   78.00      0.4647E-02
   79.00      0.3871E-02
   80.00      0.3311E-02
   81.00      0.2939E-02
   82.00      0.2718E-02
   83.00      0.2602E-02
   84.00      0.2540E-02
   85.00      0.2488E-02
   86.00      0.2419E-02
   87.00      0.2324E-02
   88.00      0.2202E-02
   89.00      0.2054E-02
   90.00      0.1881E-02
   91.00      0.1687E-02
   92.00      0.1480E-02
   93.00      0.1271E-02
   94.00      0.1072E-02
   95.00      0.8901E-03
   96.00      0.7298E-03
   97.00      0.5949E-03
   98.00      0.4883E-03
   99.00      0.4109E-03
   100.0      0.3602E-03
   101.0      0.3303E-03
   102.0      0.3148E-03
   103.0      0.3091E-03
   104.0      0.3105E-03
   105.0      0.3164E-03
   106.0      0.3229E-03
   107.0      0.3260E-03
   108.0      0.3233E-03
   109.0      0.3143E-03
   110.0      0.3006E-03
   111.0      0.2835E-03
   112.0      0.2629E-03
   113.0      0.2385E-03
   114.0      0.2108E-03
   115.0      0.1821E-03
   116.0      0.1549E-03
   117.0      0.1305E-03
   118.0      0.1090E-03
   119.0      0.8953E-04
   120.0      0.7203E-04
   121.0      0.5759E-04
   122.0      0.4740E-04
   123.0      0.4141E-04
   124.0      0.3827E-04
   125.0      0.3636E-04
   126.0      0.3480E-04
   127.0      0.3370E-04
   128.0      0.3366E-04
   129.0      0.3480E-04
   130.0      0.3628E-04
   131.0      0.3715E-04
   132.0      0.3715E-04
   133.0      0.3663E-04
   134.0      0.3591E-04
   135.0      0.3494E-04
   136.0      0.3333E-04
   137.0      0.3065E-04
   138.0      0.2709E-04
   139.0      0.2354E-04
   140.0      0.2076E-04
   141.0      0.1876E-04
   142.0      0.1705E-04
   143.0      0.1513E-04
   144.0      0.1280E-04
   145.0      0.1030E-04
   146.0      0.8224E-05
   147.0      0.6881E-05
   148.0      0.6073E-05
   149.0      0.5563E-05
   150.0      0.5339E-05
   151.0      0.5350E-05
   152.0      0.5447E-05
   153.0      0.5543E-05
   154.0      0.5505E-05
   155.0      0.5159E-05
   156.0      0.4671E-05
   157.0      0.4487E-05
   158.0      0.4725E-05
   159.0      0.5060E-05
   160.0      0.5213E-05
   161.0      0.5068E-05
   162.0      0.4555E-05
   163.0      0.3867E-05
   164.0      0.3434E-05
   165.0      0.3336E-05
   166.0      0.3209E-05
   167.0      0.2895E-05
   168.0      0.2592E-05
   169.0      0.2409E-05
   170.0      0.2363E-05
   171.0      0.2575E-05
   172.0      0.2941E-05
   173.0      0.3065E-05
   174.0      0.2882E-05
   175.0      0.2800E-05
   176.0      0.3095E-05
   177.0      0.3806E-05
   178.0      0.5031E-05
   179.0      0.6480E-05
   180.0      0.7169E-05
 END
@legend string   3 "Partition=  1 Excit=  4 near/far= 1"
#legend string   0 "Lab energy =   70.0000"
@s3 linestyle   4
#  Theta       sigma       iT11        T20         T21         T22         Kyy for projectile
   3.000       10.97    
   4.000       14.08    
   5.000       17.34    
   6.000       20.40    
   7.000       23.05    
   8.000       25.24    
   9.000       27.10    
   10.00       28.85    
   11.00       30.70    
   12.00       32.80    
   13.00       35.17    
   14.00       37.68    
   15.00       40.10    
   16.00       42.10    
   17.00       43.38    
   18.00       43.64    
   19.00       42.74    
   20.00       40.66    
   21.00       37.52    
   22.00       33.58    
   23.00       29.16    
   24.00       24.62    
   25.00       20.30    
   26.00       16.48    
   27.00       13.37    
   28.00       11.09    
   29.00       9.620    
   30.00       8.900    
   31.00       8.783    
   32.00       9.087    
   33.00       9.623    
   34.00       10.21    
   35.00       10.71    
   36.00       11.00    
   37.00       11.03    
   38.00       10.78    
   39.00       10.28    
   40.00       9.569    
   41.00       8.711    
   42.00       7.779    
   43.00       6.840    
   44.00       5.951    
   45.00       5.156    
   46.00       4.480    
   47.00       3.933    
   48.00       3.512    
   49.00       3.202    
   50.00       2.981    
   51.00       2.826    
   52.00       2.709    
   53.00       2.611    
   54.00       2.511    
   55.00       2.398    
   56.00       2.265    
   57.00       2.110    
   58.00       1.934    
   59.00       1.743    
   60.00       1.545    
   61.00       1.346    
   62.00       1.154    
   63.00      0.9762    
   64.00      0.8161    
   65.00      0.6771    
   66.00      0.5605    
   67.00      0.4658    
   68.00      0.3916    
   69.00      0.3353    
   70.00      0.2937    
   71.00      0.2635    
   72.00      0.2416    
   73.00      0.2252    
   74.00      0.2119    
   75.00      0.2000    
   76.00      0.1880    
   77.00      0.1754    
   78.00      0.1619    
   79.00      0.1474    
   80.00      0.1324    
   81.00      0.1172    
   82.00      0.1024    
   83.00      0.8830E-01
   84.00      0.7537E-01
   85.00      0.6387E-01
   86.00      0.5399E-01
   87.00      0.4573E-01
   88.00      0.3904E-01
   89.00      0.3377E-01
   90.00      0.2972E-01
   91.00      0.2668E-01
   92.00      0.2440E-01
   93.00      0.2268E-01
   94.00      0.2130E-01
   95.00      0.2010E-01
   96.00      0.1896E-01
   97.00      0.1781E-01
   98.00      0.1661E-01
   99.00      0.1532E-01
   100.0      0.1396E-01
   101.0      0.1256E-01
   102.0      0.1115E-01
   103.0      0.9784E-02
   104.0      0.8492E-02
   105.0      0.7308E-02
   106.0      0.6255E-02
   107.0      0.5349E-02
   108.0      0.4595E-02
   109.0      0.3992E-02
   110.0      0.3527E-02
   111.0      0.3183E-02
   112.0      0.2940E-02
   113.0      0.2778E-02
   114.0      0.2677E-02
   115.0      0.2616E-02
   116.0      0.2577E-02
   117.0      0.2542E-02
   118.0      0.2499E-02
   119.0      0.2439E-02
   120.0      0.2359E-02
   121.0      0.2258E-02
   122.0      0.2136E-02
   123.0      0.1996E-02
   124.0      0.1842E-02
   125.0      0.1680E-02
   126.0      0.1514E-02
   127.0      0.1349E-02
   128.0      0.1190E-02
   129.0      0.1039E-02
   130.0      0.9002E-03
   131.0      0.7761E-03
   132.0      0.6685E-03
   133.0      0.5779E-03
   134.0      0.5037E-03
   135.0      0.4449E-03
   136.0      0.4000E-03
   137.0      0.3671E-03
   138.0      0.3439E-03
   139.0      0.3279E-03
   140.0      0.3168E-03
   141.0      0.3093E-03
   142.0      0.3048E-03
   143.0      0.3026E-03
   144.0      0.3016E-03
   145.0      0.3000E-03
   146.0      0.2964E-03
   147.0      0.2898E-03
   148.0      0.2805E-03
   149.0      0.2694E-03
   150.0      0.2573E-03
   151.0      0.2448E-03
   152.0      0.2318E-03
   153.0      0.2183E-03
   154.0      0.2044E-03
   155.0      0.1904E-03
   156.0      0.1767E-03
   157.0      0.1637E-03
   158.0      0.1517E-03
   159.0      0.1408E-03
   160.0      0.1312E-03
   161.0      0.1232E-03
   162.0      0.1167E-03
   163.0      0.1116E-03
   164.0      0.1075E-03
   165.0      0.1045E-03
   166.0      0.1023E-03
   167.0      0.1010E-03
   168.0      0.1003E-03
   169.0      0.1001E-03
   170.0      0.1005E-03
   171.0      0.1013E-03
   172.0      0.1029E-03
   173.0      0.1050E-03
   174.0      0.1075E-03
   175.0      0.1096E-03
   176.0      0.1107E-03
   177.0      0.1107E-03
   178.0      0.1097E-03
   179.0      0.1086E-03
   180.0      0.1082E-03
 END
@legend string   4 "Partition=  1 Excit=  5 near/far= 1"
#legend string   0 "Lab energy =   70.0000"
@s4 linestyle   5
#  Theta       sigma       iT11        T20         T21         T22         Kyy for projectile
   3.000       5.410    
   4.000       4.642    
   5.000       3.782    
   6.000       2.903    
   7.000       2.079    
   8.000       1.372    
   9.000      0.8275    
   10.00      0.4732    
   11.00      0.3145    
   12.00      0.3365    
   13.00      0.5077    
   14.00      0.7846    
   15.00       1.118    
   16.00       1.457    
   17.00       1.759    
   18.00       1.990    
   19.00       2.126    
   20.00       2.160    
   21.00       2.096    
   22.00       1.949    
   23.00       1.742    
   24.00       1.501    
   25.00       1.253    
   26.00       1.023    
   27.00      0.8291    
   28.00      0.6845    
   29.00      0.5940    
   30.00      0.5559    
   31.00      0.5628    
   32.00      0.6032    
   33.00      0.6636    
   34.00      0.7300    
   35.00      0.7898    
   36.00      0.8329    
   37.00      0.8525    
   38.00      0.8454    
   39.00      0.8119    
   40.00      0.7551    
   41.00      0.6802    
   42.00      0.5939    
   43.00      0.5029    
   44.00      0.4138    
   45.00      0.3322    
   46.00      0.2620    
   47.00      0.2058    
   48.00      0.1643    
   49.00      0.1372    
   50.00      0.1226    
   51.00      0.1180    
   52.00      0.1205    
   53.00      0.1272    
   54.00      0.1353    
   55.00      0.1425    
   56.00      0.1472    
   57.00      0.1482    
   58.00      0.1452    
   59.00      0.1382    
   60.00      0.1278    
   61.00      0.1148    
   62.00      0.1001    
   63.00      0.8478E-01
   64.00      0.6977E-01
   65.00      0.5584E-01
   66.00      0.4356E-01
   67.00      0.3330E-01
   68.00      0.2521E-01
   69.00      0.1925E-01
   70.00      0.1523E-01
   71.00      0.1285E-01
   72.00      0.1176E-01
   73.00      0.1158E-01
   74.00      0.1195E-01
   75.00      0.1255E-01
   76.00      0.1312E-01
   77.00      0.1349E-01
   78.00      0.1353E-01
   79.00      0.1320E-01
   80.00      0.1251E-01
   81.00      0.1150E-01
   82.00      0.1026E-01
   83.00      0.8871E-02
   84.00      0.7440E-02
   85.00      0.6050E-02
   86.00      0.4774E-02
   87.00      0.3667E-02
   88.00      0.2764E-02
   89.00      0.2077E-02
   90.00      0.1601E-02
   91.00      0.1317E-02
   92.00      0.1196E-02
   93.00      0.1200E-02
   94.00      0.1290E-02
   95.00      0.1429E-02
   96.00      0.1583E-02
   97.00      0.1724E-02
   98.00      0.1829E-02
   99.00      0.1887E-02
   100.0      0.1889E-02
   101.0      0.1836E-02
   102.0      0.1733E-02
   103.0      0.1587E-02
   104.0      0.1410E-02
   105.0      0.1215E-02
   106.0      0.1013E-02
   107.0      0.8162E-03
   108.0      0.6333E-03
   109.0      0.4718E-03
   110.0      0.3366E-03
   111.0      0.2302E-03
   112.0      0.1530E-03
   113.0      0.1035E-03
   114.0      0.7846E-04
   115.0      0.7395E-04
   116.0      0.8526E-04
   117.0      0.1075E-03
   118.0      0.1360E-03
   119.0      0.1665E-03
   120.0      0.1953E-03
   121.0      0.2197E-03
   122.0      0.2377E-03
   123.0      0.2480E-03
   124.0      0.2503E-03
   125.0      0.2449E-03
   126.0      0.2326E-03
   127.0      0.2145E-03
   128.0      0.1921E-03
   129.0      0.1669E-03
   130.0      0.1404E-03
   131.0      0.1141E-03
   132.0      0.8928E-04
   133.0      0.6687E-04
   134.0      0.4762E-04
   135.0      0.3200E-04
   136.0      0.2023E-04
   137.0      0.1227E-04
   138.0      0.7880E-05
   139.0      0.6669E-05
   140.0      0.8129E-05
   141.0      0.1168E-04
   142.0      0.1673E-04
   143.0      0.2267E-04
   144.0      0.2896E-04
   145.0      0.3512E-04
   146.0      0.4075E-04
   147.0      0.4553E-04
   148.0      0.4926E-04
   149.0      0.5182E-04
   150.0      0.5317E-04
   151.0      0.5336E-04
   152.0      0.5247E-04
   153.0      0.5066E-04
   154.0      0.4810E-04
   155.0      0.4500E-04
   156.0      0.4154E-04
   157.0      0.3792E-04
   158.0      0.3433E-04
   159.0      0.3092E-04
   160.0      0.2783E-04
   161.0      0.2517E-04
   162.0      0.2301E-04
   163.0      0.2141E-04
   164.0      0.2039E-04
   165.0      0.1995E-04
   166.0      0.2006E-04
   167.0      0.2070E-04
   168.0      0.2180E-04
   169.0      0.2328E-04
   170.0      0.2507E-04
   171.0      0.2708E-04
   172.0      0.2921E-04
   173.0      0.3138E-04
   174.0      0.3347E-04
   175.0      0.3542E-04
   176.0      0.3713E-04
   177.0      0.3855E-04
   178.0      0.3960E-04
   179.0      0.4025E-04
   180.0      0.4046E-04
 END
