# 178 angles,  1 tensor ranks for 0=projectile
@subtitle   "20O(d,d') Daehnick OMP with step defs and iblock=5"                            
@legend ON
@legend x1 0.2
@legend y1 0.8
@g0 type LOGY
@yaxis ticklabel format power
@legend string   0 "Lab energy =   70.0000"
#legend string   0 "Partition=  1 Excit=  2 near/far= 1"
#  Theta       sigma       iT11        T20         T21         T22         Kyy for projectile
   3.000       9.719    
   4.000       8.456    
   5.000       7.424    
   6.000       7.012    
   7.000       7.477    
   8.000       8.817    
   9.000       10.77    
   10.00       12.95    
   11.00       14.96    
   12.00       16.52    
   13.00       17.43    
   14.00       17.56    
   15.00       16.88    
   16.00       15.44    
   17.00       13.42    
   18.00       11.08    
   19.00       8.722    
   20.00       6.590    
   21.00       4.854    
   22.00       3.593    
   23.00       2.817    
   24.00       2.482    
   25.00       2.500    
   26.00       2.754    
   27.00       3.117    
   28.00       3.473    
   29.00       3.739    
   30.00       3.867    
   31.00       3.843    
   32.00       3.674    
   33.00       3.383    
   34.00       3.009    
   35.00       2.595    
   36.00       2.186    
   37.00       1.816    
   38.00       1.510    
   39.00       1.278    
   40.00       1.119    
   41.00       1.028    
   42.00      0.9907    
   43.00      0.9915    
   44.00       1.011    
   45.00       1.033    
   46.00       1.043    
   47.00       1.034    
   48.00       1.003    
   49.00      0.9502    
   50.00      0.8776    
   51.00      0.7901    
   52.00      0.6934    
   53.00      0.5940    
   54.00      0.4981    
   55.00      0.4102    
   56.00      0.3335    
   57.00      0.2696    
   58.00      0.2191    
   59.00      0.1814    
   60.00      0.1551    
   61.00      0.1378    
   62.00      0.1272    
   63.00      0.1209    
   64.00      0.1170    
   65.00      0.1139    
   66.00      0.1105    
   67.00      0.1058    
   68.00      0.9948E-01
   69.00      0.9170E-01
   70.00      0.8287E-01
   71.00      0.7347E-01
   72.00      0.6390E-01
   73.00      0.5449E-01
   74.00      0.4556E-01
   75.00      0.3751E-01
   76.00      0.3065E-01
   77.00      0.2511E-01
   78.00      0.2083E-01
   79.00      0.1761E-01
   80.00      0.1528E-01
   81.00      0.1367E-01
   82.00      0.1265E-01
   83.00      0.1205E-01
   84.00      0.1164E-01
   85.00      0.1124E-01
   86.00      0.1075E-01
   87.00      0.1016E-01
   88.00      0.9502E-02
   89.00      0.8788E-02
   90.00      0.8002E-02
   91.00      0.7132E-02
   92.00      0.6207E-02
   93.00      0.5295E-02
   94.00      0.4462E-02
   95.00      0.3740E-02
   96.00      0.3130E-02
   97.00      0.2624E-02
   98.00      0.2221E-02
   99.00      0.1926E-02
   100.0      0.1735E-02
   101.0      0.1624E-02
   102.0      0.1561E-02
   103.0      0.1520E-02
   104.0      0.1496E-02
   105.0      0.1486E-02
   106.0      0.1482E-02
   107.0      0.1469E-02
   108.0      0.1431E-02
   109.0      0.1364E-02
   110.0      0.1276E-02
   111.0      0.1179E-02
   112.0      0.1074E-02
   113.0      0.9602E-03
   114.0      0.8375E-03
   115.0      0.7159E-03
   116.0      0.6058E-03
   117.0      0.5133E-03
   118.0      0.4368E-03
   119.0      0.3676E-03
   120.0      0.3007E-03
   121.0      0.2419E-03
   122.0      0.2012E-03
   123.0      0.1805E-03
   124.0      0.1733E-03
   125.0      0.1712E-03
   126.0      0.1676E-03
   127.0      0.1616E-03
   128.0      0.1586E-03
   129.0      0.1614E-03
   130.0      0.1652E-03
   131.0      0.1639E-03
   132.0      0.1580E-03
   133.0      0.1509E-03
   134.0      0.1454E-03
   135.0      0.1422E-03
   136.0      0.1388E-03
   137.0      0.1290E-03
   138.0      0.1116E-03
   139.0      0.9298E-04
   140.0      0.7952E-04
   141.0      0.7149E-04
   142.0      0.6654E-04
   143.0      0.6206E-04
   144.0      0.5466E-04
   145.0      0.4422E-04
   146.0      0.3554E-04
   147.0      0.3116E-04
   148.0      0.2825E-04
   149.0      0.2515E-04
   150.0      0.2342E-04
   151.0      0.2287E-04
   152.0      0.2227E-04
   153.0      0.2288E-04
   154.0      0.2447E-04
   155.0      0.2345E-04
   156.0      0.1973E-04
   157.0      0.1770E-04
   158.0      0.1815E-04
   159.0      0.1823E-04
   160.0      0.1817E-04
   161.0      0.1889E-04
   162.0      0.1767E-04
   163.0      0.1413E-04
   164.0      0.1263E-04
   165.0      0.1349E-04
   166.0      0.1234E-04
   167.0      0.9715E-05
   168.0      0.9450E-05
   169.0      0.9950E-05
   170.0      0.8698E-05
   171.0      0.8916E-05
   172.0      0.1188E-04
   173.0      0.1306E-04
   174.0      0.1226E-04
   175.0      0.1395E-04
   176.0      0.1610E-04
   177.0      0.1487E-04
   178.0      0.1625E-04
   179.0      0.2489E-04
   180.0      0.3070E-04
 END
