# 178 angles,  1 tensor ranks for 0=projectile
@subtitle   "20O(d,d') Daehnick OMP with step defs and iblock=5"                            
@legend ON
@legend x1 0.2
@legend y1 0.8
@g0 type LOGY
@yaxis ticklabel format power
@legend string   0 "Lab energy =   70.0000"
#legend string   0 "Partition=  1 Excit=  4 near/far= 1"
#  Theta       sigma       iT11        T20         T21         T22         Kyy for projectile
   3.000       10.97    
   4.000       14.08    
   5.000       17.34    
   6.000       20.40    
   7.000       23.05    
   8.000       25.24    
   9.000       27.10    
   10.00       28.85    
   11.00       30.70    
   12.00       32.80    
   13.00       35.17    
   14.00       37.68    
   15.00       40.10    
   16.00       42.10    
   17.00       43.38    
   18.00       43.64    
   19.00       42.74    
   20.00       40.66    
   21.00       37.52    
   22.00       33.58    
   23.00       29.16    
   24.00       24.62    
   25.00       20.30    
   26.00       16.48    
   27.00       13.37    
   28.00       11.09    
   29.00       9.620    
   30.00       8.900    
   31.00       8.783    
   32.00       9.087    
   33.00       9.623    
   34.00       10.21    
   35.00       10.71    
   36.00       11.00    
   37.00       11.03    
   38.00       10.78    
   39.00       10.28    
   40.00       9.569    
   41.00       8.711    
   42.00       7.779    
   43.00       6.840    
   44.00       5.951    
   45.00       5.156    
   46.00       4.480    
   47.00       3.933    
   48.00       3.512    
   49.00       3.202    
   50.00       2.981    
   51.00       2.826    
   52.00       2.709    
   53.00       2.611    
   54.00       2.511    
   55.00       2.398    
   56.00       2.265    
   57.00       2.110    
   58.00       1.934    
   59.00       1.743    
   60.00       1.545    
   61.00       1.346    
   62.00       1.154    
   63.00      0.9762    
   64.00      0.8161    
   65.00      0.6771    
   66.00      0.5605    
   67.00      0.4658    
   68.00      0.3916    
   69.00      0.3353    
   70.00      0.2937    
   71.00      0.2635    
   72.00      0.2416    
   73.00      0.2252    
   74.00      0.2119    
   75.00      0.2000    
   76.00      0.1880    
   77.00      0.1754    
   78.00      0.1619    
   79.00      0.1474    
   80.00      0.1324    
   81.00      0.1172    
   82.00      0.1024    
   83.00      0.8830E-01
   84.00      0.7537E-01
   85.00      0.6387E-01
   86.00      0.5399E-01
   87.00      0.4573E-01
   88.00      0.3904E-01
   89.00      0.3377E-01
   90.00      0.2972E-01
   91.00      0.2668E-01
   92.00      0.2440E-01
   93.00      0.2268E-01
   94.00      0.2130E-01
   95.00      0.2010E-01
   96.00      0.1896E-01
   97.00      0.1781E-01
   98.00      0.1661E-01
   99.00      0.1532E-01
   100.0      0.1396E-01
   101.0      0.1256E-01
   102.0      0.1115E-01
   103.0      0.9784E-02
   104.0      0.8492E-02
   105.0      0.7308E-02
   106.0      0.6255E-02
   107.0      0.5349E-02
   108.0      0.4595E-02
   109.0      0.3992E-02
   110.0      0.3527E-02
   111.0      0.3183E-02
   112.0      0.2940E-02
   113.0      0.2778E-02
   114.0      0.2677E-02
   115.0      0.2616E-02
   116.0      0.2577E-02
   117.0      0.2542E-02
   118.0      0.2499E-02
   119.0      0.2439E-02
   120.0      0.2359E-02
   121.0      0.2258E-02
   122.0      0.2136E-02
   123.0      0.1996E-02
   124.0      0.1842E-02
   125.0      0.1680E-02
   126.0      0.1514E-02
   127.0      0.1349E-02
   128.0      0.1190E-02
   129.0      0.1039E-02
   130.0      0.9002E-03
   131.0      0.7761E-03
   132.0      0.6685E-03
   133.0      0.5779E-03
   134.0      0.5037E-03
   135.0      0.4449E-03
   136.0      0.4000E-03
   137.0      0.3671E-03
   138.0      0.3439E-03
   139.0      0.3279E-03
   140.0      0.3168E-03
   141.0      0.3093E-03
   142.0      0.3048E-03
   143.0      0.3026E-03
   144.0      0.3016E-03
   145.0      0.3000E-03
   146.0      0.2964E-03
   147.0      0.2898E-03
   148.0      0.2805E-03
   149.0      0.2694E-03
   150.0      0.2573E-03
   151.0      0.2448E-03
   152.0      0.2318E-03
   153.0      0.2183E-03
   154.0      0.2044E-03
   155.0      0.1904E-03
   156.0      0.1767E-03
   157.0      0.1637E-03
   158.0      0.1517E-03
   159.0      0.1408E-03
   160.0      0.1312E-03
   161.0      0.1232E-03
   162.0      0.1167E-03
   163.0      0.1116E-03
   164.0      0.1075E-03
   165.0      0.1045E-03
   166.0      0.1023E-03
   167.0      0.1010E-03
   168.0      0.1003E-03
   169.0      0.1001E-03
   170.0      0.1005E-03
   171.0      0.1013E-03
   172.0      0.1029E-03
   173.0      0.1050E-03
   174.0      0.1075E-03
   175.0      0.1096E-03
   176.0      0.1107E-03
   177.0      0.1107E-03
   178.0      0.1097E-03
   179.0      0.1086E-03
   180.0      0.1082E-03
 END
