# 178 angles,  1 tensor ranks for 0=projectile
@subtitle   "20O + d 3-?;"                                                                  
@legend ON
@legend x1 0.2
@legend y1 0.8
@g0 type LOGY
@yaxis ticklabel format power
@legend string   0 "Lab energy =   70.0000"
#legend string   0 "Partition=  1 Excit=  2 near/far= 1"
#  Theta       sigma       iT11        T20         T21         T22         Kyy for projectile
   3.000       5.256    
   4.000       6.310    
   5.000       7.417    
   6.000       8.458    
   7.000       9.355    
   8.000       10.09    
   9.000       10.72    
   10.00       11.30    
   11.00       11.93    
   12.00       12.65    
   13.00       13.47    
   14.00       14.35    
   15.00       15.21    
   16.00       15.93    
   17.00       16.41    
   18.00       16.54    
   19.00       16.27    
   20.00       15.60    
   21.00       14.55    
   22.00       13.23    
   23.00       11.74    
   24.00       10.20    
   25.00       8.719    
   26.00       7.405    
   27.00       6.322    
   28.00       5.508    
   29.00       4.965    
   30.00       4.667    
   31.00       4.567    
   32.00       4.605    
   33.00       4.719    
   34.00       4.850    
   35.00       4.949    
   36.00       4.982    
   37.00       4.929    
   38.00       4.786    
   39.00       4.560    
   40.00       4.266    
   41.00       3.926    
   42.00       3.563    
   43.00       3.199    
   44.00       2.851    
   45.00       2.535    
   46.00       2.257    
   47.00       2.022    
   48.00       1.828    
   49.00       1.670    
   50.00       1.543    
   51.00       1.438    
   52.00       1.347    
   53.00       1.266    
   54.00       1.187    
   55.00       1.107    
   56.00       1.025    
   57.00      0.9395    
   58.00      0.8518    
   59.00      0.7634    
   60.00      0.6761    
   61.00      0.5921    
   62.00      0.5133    
   63.00      0.4413    
   64.00      0.3772    
   65.00      0.3214    
   66.00      0.2740    
   67.00      0.2347    
   68.00      0.2026    
   69.00      0.1769    
   70.00      0.1564    
   71.00      0.1400    
   72.00      0.1267    
   73.00      0.1156    
   74.00      0.1060    
   75.00      0.9740E-01
   76.00      0.8930E-01
   77.00      0.8151E-01
   78.00      0.7392E-01
   79.00      0.6655E-01
   80.00      0.5945E-01
   81.00      0.5269E-01
   82.00      0.4637E-01
   83.00      0.4055E-01
   84.00      0.3530E-01
   85.00      0.3068E-01
   86.00      0.2668E-01
   87.00      0.2328E-01
   88.00      0.2042E-01
   89.00      0.1805E-01
   90.00      0.1608E-01
   91.00      0.1446E-01
   92.00      0.1310E-01
   93.00      0.1195E-01
   94.00      0.1094E-01
   95.00      0.1003E-01
   96.00      0.9195E-02
   97.00      0.8408E-02
   98.00      0.7661E-02
   99.00      0.6945E-02
   100.0      0.6260E-02
   101.0      0.5608E-02
   102.0      0.5000E-02
   103.0      0.4442E-02
   104.0      0.3942E-02
   105.0      0.3500E-02
   106.0      0.3115E-02
   107.0      0.2787E-02
   108.0      0.2513E-02
   109.0      0.2288E-02
   110.0      0.2107E-02
   111.0      0.1959E-02
   112.0      0.1837E-02
   113.0      0.1736E-02
   114.0      0.1651E-02
   115.0      0.1576E-02
   116.0      0.1505E-02
   117.0      0.1435E-02
   118.0      0.1361E-02
   119.0      0.1283E-02
   120.0      0.1202E-02
   121.0      0.1117E-02
   122.0      0.1030E-02
   123.0      0.9420E-03
   124.0      0.8538E-03
   125.0      0.7681E-03
   126.0      0.6866E-03
   127.0      0.6101E-03
   128.0      0.5390E-03
   129.0      0.4735E-03
   130.0      0.4145E-03
   131.0      0.3630E-03
   132.0      0.3195E-03
   133.0      0.2836E-03
   134.0      0.2547E-03
   135.0      0.2317E-03
   136.0      0.2139E-03
   137.0      0.2007E-03
   138.0      0.1911E-03
   139.0      0.1838E-03
   140.0      0.1779E-03
   141.0      0.1730E-03
   142.0      0.1691E-03
   143.0      0.1664E-03
   144.0      0.1645E-03
   145.0      0.1624E-03
   146.0      0.1591E-03
   147.0      0.1542E-03
   148.0      0.1479E-03
   149.0      0.1411E-03
   150.0      0.1342E-03
   151.0      0.1274E-03
   152.0      0.1207E-03
   153.0      0.1137E-03
   154.0      0.1065E-03
   155.0      0.9933E-04
   156.0      0.9243E-04
   157.0      0.8581E-04
   158.0      0.7952E-04
   159.0      0.7371E-04
   160.0      0.6862E-04
   161.0      0.6446E-04
   162.0      0.6124E-04
   163.0      0.5879E-04
   164.0      0.5685E-04
   165.0      0.5524E-04
   166.0      0.5403E-04
   167.0      0.5334E-04
   168.0      0.5322E-04
   169.0      0.5362E-04
   170.0      0.5446E-04
   171.0      0.5565E-04
   172.0      0.5719E-04
   173.0      0.5903E-04
   174.0      0.6099E-04
   175.0      0.6272E-04
   176.0      0.6389E-04
   177.0      0.6439E-04
   178.0      0.6434E-04
   179.0      0.6407E-04
   180.0      0.6393E-04
 END
