# 178 angles,  1 tensor ranks for 0=projectile
@subtitle   "20O(d,t) @ 30AMeV Haixia (d) + Pang (t)"                                       
@legend ON
@legend x1 0.2
@legend y1 0.8
@g0 type LOGY
@yaxis ticklabel format power
@legend string   0 "Lab energy =   70.0000"
#legend string   0 "Partition=  2 Excit=  3 near/far= 1"
#  Theta       sigma       iT11        T20         T21         T22         Kyy for projectile
   3.000      0.9852    
   4.000      0.9468    
   5.000      0.9459    
   6.000      0.9962    
   7.000       1.099    
   8.000       1.241    
   9.000       1.397    
   10.00       1.540    
   11.00       1.639    
   12.00       1.674    
   13.00       1.635    
   14.00       1.525    
   15.00       1.357    
   16.00       1.152    
   17.00      0.9333    
   18.00      0.7247    
   19.00      0.5436    
   20.00      0.4013    
   21.00      0.3014    
   22.00      0.2416    
   23.00      0.2145    
   24.00      0.2106    
   25.00      0.2200    
   26.00      0.2343    
   27.00      0.2474    
   28.00      0.2562    
   29.00      0.2599    
   30.00      0.2600    
   31.00      0.2591    
   32.00      0.2598    
   33.00      0.2646    
   34.00      0.2751    
   35.00      0.2915    
   36.00      0.3131    
   37.00      0.3385    
   38.00      0.3655    
   39.00      0.3917    
   40.00      0.4151    
   41.00      0.4339    
   42.00      0.4470    
   43.00      0.4539    
   44.00      0.4547    
   45.00      0.4500    
   46.00      0.4407    
   47.00      0.4279    
   48.00      0.4129    
   49.00      0.3965    
   50.00      0.3797    
   51.00      0.3631    
   52.00      0.3470    
   53.00      0.3317    
   54.00      0.3171    
   55.00      0.3031    
   56.00      0.2895    
   57.00      0.2761    
   58.00      0.2628    
   59.00      0.2493    
   60.00      0.2356    
   61.00      0.2217    
   62.00      0.2078    
   63.00      0.1939    
   64.00      0.1801    
   65.00      0.1667    
   66.00      0.1537    
   67.00      0.1413    
   68.00      0.1296    
   69.00      0.1187    
   70.00      0.1086    
   71.00      0.9936E-01
   72.00      0.9087E-01
   73.00      0.8313E-01
   74.00      0.7608E-01
   75.00      0.6966E-01
   76.00      0.6380E-01
   77.00      0.5843E-01
   78.00      0.5351E-01
   79.00      0.4896E-01
   80.00      0.4477E-01
   81.00      0.4088E-01
   82.00      0.3727E-01
   83.00      0.3393E-01
   84.00      0.3083E-01
   85.00      0.2797E-01
   86.00      0.2533E-01
   87.00      0.2290E-01
   88.00      0.2068E-01
   89.00      0.1866E-01
   90.00      0.1683E-01
   91.00      0.1517E-01
   92.00      0.1367E-01
   93.00      0.1233E-01
   94.00      0.1112E-01
   95.00      0.1004E-01
   96.00      0.9068E-02
   97.00      0.8197E-02
   98.00      0.7416E-02
   99.00      0.6713E-02
   100.0      0.6079E-02
   101.0      0.5505E-02
   102.0      0.4986E-02
   103.0      0.4514E-02
   104.0      0.4086E-02
   105.0      0.3695E-02
   106.0      0.3340E-02
   107.0      0.3016E-02
   108.0      0.2721E-02
   109.0      0.2453E-02
   110.0      0.2210E-02
   111.0      0.1989E-02
   112.0      0.1790E-02
   113.0      0.1610E-02
   114.0      0.1448E-02
   115.0      0.1303E-02
   116.0      0.1172E-02
   117.0      0.1055E-02
   118.0      0.9507E-03
   119.0      0.8573E-03
   120.0      0.7738E-03
   121.0      0.6992E-03
   122.0      0.6324E-03
   123.0      0.5726E-03
   124.0      0.5189E-03
   125.0      0.4708E-03
   126.0      0.4274E-03
   127.0      0.3883E-03
   128.0      0.3530E-03
   129.0      0.3210E-03
   130.0      0.2921E-03
   131.0      0.2658E-03
   132.0      0.2420E-03
   133.0      0.2204E-03
   134.0      0.2007E-03
   135.0      0.1828E-03
   136.0      0.1666E-03
   137.0      0.1519E-03
   138.0      0.1385E-03
   139.0      0.1263E-03
   140.0      0.1153E-03
   141.0      0.1053E-03
   142.0      0.9621E-04
   143.0      0.8801E-04
   144.0      0.8059E-04
   145.0      0.7390E-04
   146.0      0.6788E-04
   147.0      0.6247E-04
   148.0      0.5763E-04
   149.0      0.5331E-04
   150.0      0.4947E-04
   151.0      0.4606E-04
   152.0      0.4304E-04
   153.0      0.4037E-04
   154.0      0.3799E-04
   155.0      0.3588E-04
   156.0      0.3398E-04
   157.0      0.3225E-04
   158.0      0.3066E-04
   159.0      0.2919E-04
   160.0      0.2779E-04
   161.0      0.2646E-04
   162.0      0.2517E-04
   163.0      0.2394E-04
   164.0      0.2275E-04
   165.0      0.2162E-04
   166.0      0.2055E-04
   167.0      0.1955E-04
   168.0      0.1865E-04
   169.0      0.1785E-04
   170.0      0.1715E-04
   171.0      0.1657E-04
   172.0      0.1610E-04
   173.0      0.1573E-04
   174.0      0.1545E-04
   175.0      0.1526E-04
   176.0      0.1513E-04
   177.0      0.1505E-04
   178.0      0.1501E-04
   179.0      0.1498E-04
   180.0      0.1498E-04
 END
