# 178 angles,  1 tensor ranks for 0=projectile
@subtitle   "20O(d,t) @ 30AMeV Haixia (d) + Pang (t)"                                       
@legend ON
@legend x1 0.2
@legend y1 0.8
@g0 type LOGY
@yaxis ticklabel format power
@legend string   0 "Lab energy =   70.0000"
#legend string   0 "Partition=  2 Excit=  2 near/far= 1"
#  Theta       sigma       iT11        T20         T21         T22         Kyy for projectile
   3.000       2.059    
   4.000       2.433    
   5.000       2.757    
   6.000       2.962    
   7.000       3.008    
   8.000       2.886    
   9.000       2.617    
   10.00       2.246    
   11.00       1.829    
   12.00       1.421    
   13.00       1.068    
   14.00      0.7974    
   15.00      0.6192    
   16.00      0.5258    
   17.00      0.4982    
   18.00      0.5116    
   19.00      0.5413    
   20.00      0.5674    
   21.00      0.5766    
   22.00      0.5640    
   23.00      0.5309    
   24.00      0.4836    
   25.00      0.4307    
   26.00      0.3808    
   27.00      0.3410    
   28.00      0.3156    
   29.00      0.3059    
   30.00      0.3107    
   31.00      0.3266    
   32.00      0.3494    
   33.00      0.3749    
   34.00      0.3990    
   35.00      0.4190    
   36.00      0.4334    
   37.00      0.4416    
   38.00      0.4443    
   39.00      0.4426    
   40.00      0.4380    
   41.00      0.4318    
   42.00      0.4252    
   43.00      0.4190    
   44.00      0.4135    
   45.00      0.4087    
   46.00      0.4040    
   47.00      0.3991    
   48.00      0.3932    
   49.00      0.3859    
   50.00      0.3767    
   51.00      0.3654    
   52.00      0.3521    
   53.00      0.3370    
   54.00      0.3203    
   55.00      0.3025    
   56.00      0.2842    
   57.00      0.2658    
   58.00      0.2477    
   59.00      0.2303    
   60.00      0.2138    
   61.00      0.1983    
   62.00      0.1840    
   63.00      0.1708    
   64.00      0.1586    
   65.00      0.1473    
   66.00      0.1368    
   67.00      0.1271    
   68.00      0.1179    
   69.00      0.1092    
   70.00      0.1009    
   71.00      0.9301E-01
   72.00      0.8550E-01
   73.00      0.7837E-01
   74.00      0.7163E-01
   75.00      0.6529E-01
   76.00      0.5936E-01
   77.00      0.5386E-01
   78.00      0.4879E-01
   79.00      0.4416E-01
   80.00      0.3994E-01
   81.00      0.3613E-01
   82.00      0.3269E-01
   83.00      0.2960E-01
   84.00      0.2683E-01
   85.00      0.2434E-01
   86.00      0.2210E-01
   87.00      0.2008E-01
   88.00      0.1824E-01
   89.00      0.1658E-01
   90.00      0.1506E-01
   91.00      0.1367E-01
   92.00      0.1239E-01
   93.00      0.1122E-01
   94.00      0.1014E-01
   95.00      0.9147E-02
   96.00      0.8237E-02
   97.00      0.7404E-02
   98.00      0.6645E-02
   99.00      0.5955E-02
   100.0      0.5329E-02
   101.0      0.4766E-02
   102.0      0.4259E-02
   103.0      0.3805E-02
   104.0      0.3399E-02
   105.0      0.3038E-02
   106.0      0.2716E-02
   107.0      0.2431E-02
   108.0      0.2176E-02
   109.0      0.1950E-02
   110.0      0.1749E-02
   111.0      0.1570E-02
   112.0      0.1410E-02
   113.0      0.1266E-02
   114.0      0.1137E-02
   115.0      0.1022E-02
   116.0      0.9180E-03
   117.0      0.8245E-03
   118.0      0.7403E-03
   119.0      0.6644E-03
   120.0      0.5961E-03
   121.0      0.5346E-03
   122.0      0.4793E-03
   123.0      0.4297E-03
   124.0      0.3851E-03
   125.0      0.3452E-03
   126.0      0.3094E-03
   127.0      0.2774E-03
   128.0      0.2488E-03
   129.0      0.2232E-03
   130.0      0.2003E-03
   131.0      0.1798E-03
   132.0      0.1615E-03
   133.0      0.1451E-03
   134.0      0.1304E-03
   135.0      0.1172E-03
   136.0      0.1054E-03
   137.0      0.9478E-04
   138.0      0.8524E-04
   139.0      0.7666E-04
   140.0      0.6893E-04
   141.0      0.6196E-04
   142.0      0.5568E-04
   143.0      0.5000E-04
   144.0      0.4487E-04
   145.0      0.4024E-04
   146.0      0.3606E-04
   147.0      0.3228E-04
   148.0      0.2888E-04
   149.0      0.2582E-04
   150.0      0.2308E-04
   151.0      0.2064E-04
   152.0      0.1847E-04
   153.0      0.1655E-04
   154.0      0.1488E-04
   155.0      0.1342E-04
   156.0      0.1216E-04
   157.0      0.1108E-04
   158.0      0.1018E-04
   159.0      0.9417E-05
   160.0      0.8790E-05
   161.0      0.8278E-05
   162.0      0.7865E-05
   163.0      0.7534E-05
   164.0      0.7271E-05
   165.0      0.7061E-05
   166.0      0.6892E-05
   167.0      0.6751E-05
   168.0      0.6631E-05
   169.0      0.6522E-05
   170.0      0.6420E-05
   171.0      0.6320E-05
   172.0      0.6222E-05
   173.0      0.6125E-05
   174.0      0.6031E-05
   175.0      0.5942E-05
   176.0      0.5863E-05
   177.0      0.5797E-05
   178.0      0.5746E-05
   179.0      0.5715E-05
   180.0      0.5704E-05
 END
