# 178 angles,  1 tensor ranks for 0=projectile
@subtitle   "20O + d 2+2 inelastic;"                                                        
@legend ON
@legend x1 0.2
@legend y1 0.8
@g0 type LOGY
@yaxis ticklabel format power
@legend string   0 "Lab energy =   70.0000"
#legend string   0 "Partition=  1 Excit=  2 near/far= 1"
#  Theta       sigma       iT11        T20         T21         T22         Kyy for projectile
   3.000       50.02    
   4.000       47.28    
   5.000       47.14    
   6.000       51.06    
   7.000       59.66    
   8.000       72.45    
   9.000       87.86    
   10.00       103.7    
   11.00       117.8    
   12.00       128.1    
   13.00       133.3    
   14.00       132.7    
   15.00       126.4    
   16.00       115.2    
   17.00       100.4    
   18.00       83.79    
   19.00       67.18    
   20.00       52.14    
   21.00       39.80    
   22.00       30.77    
   23.00       25.18    
   24.00       22.72    
   25.00       22.83    
   26.00       24.70    
   27.00       27.51    
   28.00       30.49    
   29.00       33.01    
   30.00       34.68    
   31.00       35.28    
   32.00       34.79    
   33.00       33.33    
   34.00       31.10    
   35.00       28.37    
   36.00       25.43    
   37.00       22.52    
   38.00       19.83    
   39.00       17.48    
   40.00       15.53    
   41.00       13.98    
   42.00       12.80    
   43.00       11.91    
   44.00       11.24    
   45.00       10.70    
   46.00       10.20    
   47.00       9.697    
   48.00       9.153    
   49.00       8.552    
   50.00       7.893    
   51.00       7.187    
   52.00       6.453    
   53.00       5.716    
   54.00       5.003    
   55.00       4.336    
   56.00       3.730    
   57.00       3.195    
   58.00       2.738    
   59.00       2.356    
   60.00       2.044    
   61.00       1.795    
   62.00       1.598    
   63.00       1.440    
   64.00       1.312    
   65.00       1.205    
   66.00       1.111    
   67.00       1.025    
   68.00      0.9425    
   69.00      0.8620    
   70.00      0.7826    
   71.00      0.7048    
   72.00      0.6295    
   73.00      0.5576    
   74.00      0.4900    
   75.00      0.4278    
   76.00      0.3717    
   77.00      0.3225    
   78.00      0.2799    
   79.00      0.2438    
   80.00      0.2132    
   81.00      0.1877    
   82.00      0.1665    
   83.00      0.1490    
   84.00      0.1343    
   85.00      0.1218    
   86.00      0.1107    
   87.00      0.1007    
   88.00      0.9167E-01
   89.00      0.8332E-01
   90.00      0.7555E-01
   91.00      0.6821E-01
   92.00      0.6126E-01
   93.00      0.5479E-01
   94.00      0.4888E-01
   95.00      0.4359E-01
   96.00      0.3890E-01
   97.00      0.3475E-01
   98.00      0.3111E-01
   99.00      0.2799E-01
   100.0      0.2538E-01
   101.0      0.2325E-01
   102.0      0.2150E-01
   103.0      0.2003E-01
   104.0      0.1878E-01
   105.0      0.1771E-01
   106.0      0.1679E-01
   107.0      0.1598E-01
   108.0      0.1522E-01
   109.0      0.1448E-01
   110.0      0.1374E-01
   111.0      0.1301E-01
   112.0      0.1227E-01
   113.0      0.1153E-01
   114.0      0.1078E-01
   115.0      0.1003E-01
   116.0      0.9302E-02
   117.0      0.8598E-02
   118.0      0.7918E-02
   119.0      0.7252E-02
   120.0      0.6597E-02
   121.0      0.5975E-02
   122.0      0.5415E-02
   123.0      0.4932E-02
   124.0      0.4518E-02
   125.0      0.4148E-02
   126.0      0.3804E-02
   127.0      0.3492E-02
   128.0      0.3231E-02
   129.0      0.3034E-02
   130.0      0.2898E-02
   131.0      0.2805E-02
   132.0      0.2743E-02
   133.0      0.2709E-02
   134.0      0.2708E-02
   135.0      0.2740E-02
   136.0      0.2792E-02
   137.0      0.2850E-02
   138.0      0.2906E-02
   139.0      0.2965E-02
   140.0      0.3033E-02
   141.0      0.3111E-02
   142.0      0.3189E-02
   143.0      0.3253E-02
   144.0      0.3297E-02
   145.0      0.3322E-02
   146.0      0.3335E-02
   147.0      0.3341E-02
   148.0      0.3336E-02
   149.0      0.3317E-02
   150.0      0.3288E-02
   151.0      0.3255E-02
   152.0      0.3222E-02
   153.0      0.3191E-02
   154.0      0.3154E-02
   155.0      0.3108E-02
   156.0      0.3056E-02
   157.0      0.3011E-02
   158.0      0.2981E-02
   159.0      0.2968E-02
   160.0      0.2965E-02
   161.0      0.2966E-02
   162.0      0.2966E-02
   163.0      0.2969E-02
   164.0      0.2980E-02
   165.0      0.3003E-02
   166.0      0.3037E-02
   167.0      0.3076E-02
   168.0      0.3118E-02
   169.0      0.3159E-02
   170.0      0.3199E-02
   171.0      0.3237E-02
   172.0      0.3277E-02
   173.0      0.3319E-02
   174.0      0.3361E-02
   175.0      0.3402E-02
   176.0      0.3432E-02
   177.0      0.3448E-02
   178.0      0.3450E-02
   179.0      0.3447E-02
   180.0      0.3446E-02
 END
