# 178 angles,  1 tensor ranks for 0=projectile
@subtitle   "p+O20 with CH89;"                                                              
@legend ON
@legend x1 0.2
@legend y1 0.8
@g0 type LOGY
@yaxis ticklabel format power
@legend string   0 "Lab energy =   35.0000"
#legend string   0 "Partition=  1 Excit=  1 near/far= 1"
#  Theta       sigma       iT11        T20         T21         T22         Kyy for projectile
   3.000      0.1306E+06
   4.000      0.3754E+05
   5.000      0.1448E+05
   6.000       7103.    
   7.000       4317.    
   8.000       3122.    
   9.000       2542.    
   10.00       2218.    
   11.00       2004.    
   12.00       1839.    
   13.00       1696.    
   14.00       1562.    
   15.00       1433.    
   16.00       1307.    
   17.00       1184.    
   18.00       1065.    
   19.00       951.1    
   20.00       842.7    
   21.00       740.7    
   22.00       645.8    
   23.00       558.3    
   24.00       478.6    
   25.00       406.8    
   26.00       342.7    
   27.00       286.3    
   28.00       237.1    
   29.00       194.9    
   30.00       159.1    
   31.00       129.2    
   32.00       104.7    
   33.00       85.06    
   34.00       69.60    
   35.00       57.81    
   36.00       49.14    
   37.00       43.08    
   38.00       39.14    
   39.00       36.90    
   40.00       35.94    
   41.00       35.94    
   42.00       36.58    
   43.00       37.60    
   44.00       38.81    
   45.00       40.02    
   46.00       41.10    
   47.00       41.95    
   48.00       42.51    
   49.00       42.73    
   50.00       42.60    
   51.00       42.10    
   52.00       41.27    
   53.00       40.11    
   54.00       38.68    
   55.00       37.01    
   56.00       35.14    
   57.00       33.11    
   58.00       30.99    
   59.00       28.79    
   60.00       26.58    
   61.00       24.38    
   62.00       22.23    
   63.00       20.15    
   64.00       18.16    
   65.00       16.29    
   66.00       14.55    
   67.00       12.94    
   68.00       11.48    
   69.00       10.16    
   70.00       8.979    
   71.00       7.939    
   72.00       7.031    
   73.00       6.248    
   74.00       5.581    
   75.00       5.020    
   76.00       4.554    
   77.00       4.172    
   78.00       3.865    
   79.00       3.620    
   80.00       3.430    
   81.00       3.283    
   82.00       3.172    
   83.00       3.088    
   84.00       3.025    
   85.00       2.977    
   86.00       2.937    
   87.00       2.902    
   88.00       2.869    
   89.00       2.833    
   90.00       2.792    
   91.00       2.746    
   92.00       2.693    
   93.00       2.632    
   94.00       2.563    
   95.00       2.487    
   96.00       2.403    
   97.00       2.313    
   98.00       2.217    
   99.00       2.117    
   100.0       2.013    
   101.0       1.906    
   102.0       1.798    
   103.0       1.689    
   104.0       1.581    
   105.0       1.475    
   106.0       1.371    
   107.0       1.271    
   108.0       1.174    
   109.0       1.082    
   110.0      0.9954    
   111.0      0.9139    
   112.0      0.8381    
   113.0      0.7683    
   114.0      0.7044    
   115.0      0.6466    
   116.0      0.5947    
   117.0      0.5486    
   118.0      0.5081    
   119.0      0.4730    
   120.0      0.4429    
   121.0      0.4175    
   122.0      0.3965    
   123.0      0.3793    
   124.0      0.3657    
   125.0      0.3552    
   126.0      0.3473    
   127.0      0.3416    
   128.0      0.3378    
   129.0      0.3353    
   130.0      0.3339    
   131.0      0.3332    
   132.0      0.3329    
   133.0      0.3326    
   134.0      0.3322    
   135.0      0.3313    
   136.0      0.3300    
   137.0      0.3279    
   138.0      0.3251    
   139.0      0.3214    
   140.0      0.3169    
   141.0      0.3117    
   142.0      0.3057    
   143.0      0.2991    
   144.0      0.2920    
   145.0      0.2845    
   146.0      0.2769    
   147.0      0.2692    
   148.0      0.2618    
   149.0      0.2549    
   150.0      0.2485    
   151.0      0.2430    
   152.0      0.2385    
   153.0      0.2352    
   154.0      0.2332    
   155.0      0.2327    
   156.0      0.2337    
   157.0      0.2364    
   158.0      0.2407    
   159.0      0.2468    
   160.0      0.2545    
   161.0      0.2638    
   162.0      0.2745    
   163.0      0.2866    
   164.0      0.2999    
   165.0      0.3142    
   166.0      0.3293    
   167.0      0.3449    
   168.0      0.3608    
   169.0      0.3767    
   170.0      0.3924    
   171.0      0.4075    
   172.0      0.4219    
   173.0      0.4353    
   174.0      0.4474    
   175.0      0.4581    
   176.0      0.4671    
   177.0      0.4742    
   178.0      0.4794    
   179.0      0.4826    
   180.0      0.4837    
 END
