# Fusion cross sections for ELAB=  70.000, ECM=  63.596
     0.0   1.727     -1
     1.0   10.37      1
     1.0   15.54     -1
     2.0   8.653      1
     2.0   25.99     -1
     3.0   24.39      1
     3.0   36.57     -1
     4.0   15.75      1
     4.0   47.32     -1
     5.0   38.89      1
     5.0   58.29     -1
     6.0   23.14      1
     6.0   69.41     -1
     7.0   53.67      1
     7.0   80.59     -1
     8.0   30.81      1
     8.0   91.17     -1
     9.0   64.80      1
     9.0   99.28     -1
    10.0   35.82      1
    10.0   102.0     -1
    11.0   63.54      1
    11.0   96.12     -1
    12.0   25.58      1
    12.0   79.88     -1
    13.0   40.34      1
    13.0   58.26     -1
    14.0   11.71      1
    14.0   38.76     -1
    15.0   17.16      1
    15.0   24.54     -1
    16.0   4.553      1
    16.0   15.16     -1
    17.0   6.474      1
    17.0   9.255     -1
    18.0   1.688      1
    18.0   5.612     -1
    19.0   2.369      1
    19.0   3.388     -1
    20.0  0.6134      1
    20.0   2.038     -1
    21.0  0.8544      1
    21.0   1.222     -1
    22.0  0.2200      1
    22.0  0.7310     -1
    23.0  0.3048      1
    23.0  0.4360     -1
    24.0  0.7806E-01  1
    24.0  0.2594     -1
    25.0  0.1077      1
    25.0  0.1540     -1
    26.0  0.2743E-01  1
    26.0  0.9119E-01 -1
    27.0  0.3769E-01  1
    27.0  0.5390E-01 -1
    28.0  0.9558E-02  1
    28.0  0.3179E-01 -1
    29.0  0.1309E-01  1
    29.0  0.1872E-01 -1
    30.0  0.3307E-02  1
    30.0  0.1100E-01 -1
    31.0  0.4517E-02  1
    31.0  0.6457E-02 -1
    32.0  0.1137E-02  1
    32.0  0.3783E-02 -1
    33.0  0.1549E-02  1
    33.0  0.2214E-02 -1
    34.0  0.3885E-03  1
    34.0  0.1294E-02 -1
    35.0  0.5283E-03  1
    35.0  0.7550E-03 -1
    36.0  0.1321E-03  1
    36.0  0.4401E-03 -1
    37.0  0.1793E-03  1
    37.0  0.2562E-03 -1
    38.0  0.4474E-04  1
    38.0  0.1490E-03 -1
    39.0  0.6061E-04  1
    39.0  0.8661E-04 -1
    40.0  0.1509E-04  1
    40.0  0.5028E-04 -1
    41.0  0.2041E-04  1
    41.0  0.2916E-04 -1
    42.0  0.5070E-05  1
    42.0  0.1690E-04 -1
    43.0  0.6849E-05  1
    43.0  0.9784E-05 -1
    44.0  0.1698E-05  1
    44.0  0.5661E-05 -1
    45.0  0.2291E-05  1
    45.0  0.3273E-05 -1
    46.0  0.5670E-06  1
    46.0  0.1891E-05 -1
    47.0  0.7642E-06  1
    47.0  0.1091E-05 -1
    48.0  0.1888E-06  1
    48.0  0.6297E-06 -1
    49.0  0.2542E-06  1
    49.0  0.3631E-06 -1
    50.0  0.6273E-07  1
    50.0  0.2092E-06 -1
    51.0  0.8436E-07  1
    51.0  0.1205E-06 -1
    52.0  0.2079E-07  1
    52.0  0.6935E-07 -1
    53.0  0.2794E-07  1
    53.0  0.3989E-07 -1
    54.0  0.6876E-08  1
    54.0  0.2294E-07 -1
    55.0  0.9232E-08  1
    55.0  0.1318E-07 -1
    56.0  0.2270E-08  1
    56.0  0.7571E-08 -1
    57.0  0.3044E-08  1
    57.0  0.4347E-08 -1
    58.0  0.7482E-09  1
    58.0  0.2495E-08 -1
    59.0  0.1001E-08  1
    59.0  0.1430E-08 -1
    60.0  0.2461E-09  1
    60.0  0.8209E-09 -1
 &
