# 178 angles,  1 tensor ranks for 0=projectile
@subtitle   "p+O20 1st with BG ;"                                                           
@legend ON
@legend x1 0.2
@legend y1 0.8
@g0 type LOGY
@yaxis ticklabel format power
@legend string   0 "Lab energy =   43.0000"
#legend string   0 "Partition=  1 Excit=  2 near/far= 1"
#  Theta       sigma       iT11        T20         T21         T22         Kyy for projectile
   3.000       11.51    
   4.000       11.40    
   5.000       11.16    
   6.000       10.79    
   7.000       10.34    
   8.000       9.857    
   9.000       9.393    
   10.00       8.967    
   11.00       8.589    
   12.00       8.268    
   13.00       8.012    
   14.00       7.826    
   15.00       7.712    
   16.00       7.662    
   17.00       7.664    
   18.00       7.706    
   19.00       7.780    
   20.00       7.879    
   21.00       7.991    
   22.00       8.098    
   23.00       8.181    
   24.00       8.222    
   25.00       8.211    
   26.00       8.148    
   27.00       8.031    
   28.00       7.863    
   29.00       7.641    
   30.00       7.362    
   31.00       7.028    
   32.00       6.648    
   33.00       6.232    
   34.00       5.794    
   35.00       5.344    
   36.00       4.890    
   37.00       4.439    
   38.00       3.997    
   39.00       3.573    
   40.00       3.176    
   41.00       2.812    
   42.00       2.484    
   43.00       2.195    
   44.00       1.944    
   45.00       1.731    
   46.00       1.556    
   47.00       1.417    
   48.00       1.311    
   49.00       1.234    
   50.00       1.181    
   51.00       1.149    
   52.00       1.134    
   53.00       1.133    
   54.00       1.140    
   55.00       1.153    
   56.00       1.166    
   57.00       1.178    
   58.00       1.186    
   59.00       1.190    
   60.00       1.187    
   61.00       1.178    
   62.00       1.161    
   63.00       1.135    
   64.00       1.101    
   65.00       1.059    
   66.00       1.012    
   67.00      0.9602    
   68.00      0.9041    
   69.00      0.8446    
   70.00      0.7827    
   71.00      0.7195    
   72.00      0.6565    
   73.00      0.5948    
   74.00      0.5352    
   75.00      0.4784    
   76.00      0.4247    
   77.00      0.3745    
   78.00      0.3284    
   79.00      0.2866    
   80.00      0.2493    
   81.00      0.2165    
   82.00      0.1879    
   83.00      0.1634    
   84.00      0.1428    
   85.00      0.1258    
   86.00      0.1121    
   87.00      0.1014    
   88.00      0.9310E-01
   89.00      0.8700E-01
   90.00      0.8270E-01
   91.00      0.7990E-01
   92.00      0.7829E-01
   93.00      0.7756E-01
   94.00      0.7740E-01
   95.00      0.7755E-01
   96.00      0.7785E-01
   97.00      0.7814E-01
   98.00      0.7832E-01
   99.00      0.7827E-01
   100.0      0.7790E-01
   101.0      0.7712E-01
   102.0      0.7592E-01
   103.0      0.7430E-01
   104.0      0.7230E-01
   105.0      0.6995E-01
   106.0      0.6726E-01
   107.0      0.6427E-01
   108.0      0.6101E-01
   109.0      0.5755E-01
   110.0      0.5396E-01
   111.0      0.5029E-01
   112.0      0.4659E-01
   113.0      0.4290E-01
   114.0      0.3926E-01
   115.0      0.3572E-01
   116.0      0.3231E-01
   117.0      0.2908E-01
   118.0      0.2602E-01
   119.0      0.2317E-01
   120.0      0.2052E-01
   121.0      0.1810E-01
   122.0      0.1592E-01
   123.0      0.1398E-01
   124.0      0.1228E-01
   125.0      0.1078E-01
   126.0      0.9476E-02
   127.0      0.8362E-02
   128.0      0.7441E-02
   129.0      0.6707E-02
   130.0      0.6140E-02
   131.0      0.5710E-02
   132.0      0.5386E-02
   133.0      0.5152E-02
   134.0      0.5005E-02
   135.0      0.4943E-02
   136.0      0.4958E-02
   137.0      0.5028E-02
   138.0      0.5128E-02
   139.0      0.5239E-02
   140.0      0.5351E-02
   141.0      0.5467E-02
   142.0      0.5589E-02
   143.0      0.5710E-02
   144.0      0.5818E-02
   145.0      0.5903E-02
   146.0      0.5956E-02
   147.0      0.5980E-02
   148.0      0.5979E-02
   149.0      0.5955E-02
   150.0      0.5907E-02
   151.0      0.5833E-02
   152.0      0.5734E-02
   153.0      0.5614E-02
   154.0      0.5477E-02
   155.0      0.5327E-02
   156.0      0.5164E-02
   157.0      0.4987E-02
   158.0      0.4798E-02
   159.0      0.4605E-02
   160.0      0.4416E-02
   161.0      0.4233E-02
   162.0      0.4057E-02
   163.0      0.3885E-02
   164.0      0.3714E-02
   165.0      0.3547E-02
   166.0      0.3390E-02
   167.0      0.3251E-02
   168.0      0.3130E-02
   169.0      0.3024E-02
   170.0      0.2929E-02
   171.0      0.2839E-02
   172.0      0.2755E-02
   173.0      0.2683E-02
   174.0      0.2625E-02
   175.0      0.2583E-02
   176.0      0.2552E-02
   177.0      0.2529E-02
   178.0      0.2512E-02
   179.0      0.2500E-02
   180.0      0.2495E-02
 END
