# 178 angles,  1 tensor ranks for 0=projectile
@subtitle   "p+O20 1st with BG ;"                                                           
@legend ON
@legend x1 0.2
@legend y1 0.8
@g0 type LOGY
@yaxis ticklabel format power
@legend string   0 "Lab energy =   43.2700"
#legend string   0 "Partition=  1 Excit=  1 near/far= 1"
#  Theta       sigma       iT11        T20         T21         T22         Kyy for projectile
   3.000      0.7807E+05
   4.000      0.2154E+05
   5.000       8334.    
   6.000       4439.    
   7.000       3112.    
   8.000       2597.    
   9.000       2355.    
   10.00       2200.    
   11.00       2067.    
   12.00       1934.    
   13.00       1795.    
   14.00       1650.    
   15.00       1502.    
   16.00       1353.    
   17.00       1206.    
   18.00       1065.    
   19.00       930.3    
   20.00       804.6    
   21.00       688.7    
   22.00       583.4    
   23.00       488.9    
   24.00       405.3    
   25.00       332.4    
   26.00       269.6    
   27.00       216.4    
   28.00       171.9    
   29.00       135.4    
   30.00       106.0    
   31.00       82.75    
   32.00       64.86    
   33.00       51.49    
   34.00       41.85    
   35.00       35.22    
   36.00       30.97    
   37.00       28.53    
   38.00       27.41    
   39.00       27.19    
   40.00       27.53    
   41.00       28.16    
   42.00       28.86    
   43.00       29.48    
   44.00       29.89    
   45.00       30.04    
   46.00       29.89    
   47.00       29.41    
   48.00       28.63    
   49.00       27.57    
   50.00       26.28    
   51.00       24.78    
   52.00       23.13    
   53.00       21.38    
   54.00       19.57    
   55.00       17.75    
   56.00       15.94    
   57.00       14.20    
   58.00       12.53    
   59.00       10.97    
   60.00       9.519    
   61.00       8.200    
   62.00       7.014    
   63.00       5.962    
   64.00       5.042    
   65.00       4.249    
   66.00       3.576    
   67.00       3.013    
   68.00       2.550    
   69.00       2.176    
   70.00       1.881    
   71.00       1.653    
   72.00       1.481    
   73.00       1.355    
   74.00       1.267    
   75.00       1.207    
   76.00       1.168    
   77.00       1.145    
   78.00       1.130    
   79.00       1.121    
   80.00       1.113    
   81.00       1.104    
   82.00       1.091    
   83.00       1.074    
   84.00       1.051    
   85.00       1.022    
   86.00      0.9875    
   87.00      0.9476    
   88.00      0.9030    
   89.00      0.8544    
   90.00      0.8026    
   91.00      0.7486    
   92.00      0.6933    
   93.00      0.6375    
   94.00      0.5821    
   95.00      0.5278    
   96.00      0.4752    
   97.00      0.4250    
   98.00      0.3776    
   99.00      0.3334    
   100.0      0.2925    
   101.0      0.2551    
   102.0      0.2213    
   103.0      0.1912    
   104.0      0.1645    
   105.0      0.1413    
   106.0      0.1212    
   107.0      0.1042    
   108.0      0.8994E-01
   109.0      0.7820E-01
   110.0      0.6871E-01
   111.0      0.6121E-01
   112.0      0.5543E-01
   113.0      0.5113E-01
   114.0      0.4806E-01
   115.0      0.4599E-01
   116.0      0.4473E-01
   117.0      0.4408E-01
   118.0      0.4388E-01
   119.0      0.4398E-01
   120.0      0.4425E-01
   121.0      0.4461E-01
   122.0      0.4494E-01
   123.0      0.4520E-01
   124.0      0.4533E-01
   125.0      0.4529E-01
   126.0      0.4504E-01
   127.0      0.4459E-01
   128.0      0.4393E-01
   129.0      0.4305E-01
   130.0      0.4196E-01
   131.0      0.4069E-01
   132.0      0.3925E-01
   133.0      0.3765E-01
   134.0      0.3593E-01
   135.0      0.3409E-01
   136.0      0.3218E-01
   137.0      0.3021E-01
   138.0      0.2819E-01
   139.0      0.2616E-01
   140.0      0.2414E-01
   141.0      0.2213E-01
   142.0      0.2016E-01
   143.0      0.1825E-01
   144.0      0.1641E-01
   145.0      0.1464E-01
   146.0      0.1297E-01
   147.0      0.1141E-01
   148.0      0.9953E-02
   149.0      0.8619E-02
   150.0      0.7412E-02
   151.0      0.6337E-02
   152.0      0.5400E-02
   153.0      0.4604E-02
   154.0      0.3949E-02
   155.0      0.3439E-02
   156.0      0.3071E-02
   157.0      0.2843E-02
   158.0      0.2754E-02
   159.0      0.2797E-02
   160.0      0.2968E-02
   161.0      0.3257E-02
   162.0      0.3655E-02
   163.0      0.4153E-02
   164.0      0.4739E-02
   165.0      0.5398E-02
   166.0      0.6118E-02
   167.0      0.6883E-02
   168.0      0.7678E-02
   169.0      0.8487E-02
   170.0      0.9293E-02
   171.0      0.1008E-01
   172.0      0.1083E-01
   173.0      0.1154E-01
   174.0      0.1218E-01
   175.0      0.1275E-01
   176.0      0.1323E-01
   177.0      0.1361E-01
   178.0      0.1389E-01
   179.0      0.1406E-01
   180.0      0.1411E-01
 END
