# 178 angles,  1 tensor ranks for 0=projectile
@subtitle   "20O(d,t) @ 30AMeV Daeh (d) + Pang (t)"                                         
@legend ON
@legend x1 0.2
@legend y1 0.8
@g0 type LOGY
@yaxis ticklabel format power
@legend string   0 "Lab energy =   70.0000"
#legend string   0 "Partition=  2 Excit=  3 near/far= 1"
#  Theta       sigma       iT11        T20         T21         T22         Kyy for projectile
   3.000       16.23    
   4.000       15.82    
   5.000       15.31    
   6.000       14.66    
   7.000       13.85    
   8.000       12.84    
   9.000       11.64    
   10.00       10.26    
   11.00       8.765    
   12.00       7.229    
   13.00       5.751    
   14.00       4.421    
   15.00       3.310    
   16.00       2.456    
   17.00       1.866    
   18.00       1.514    
   19.00       1.354    
   20.00       1.328    
   21.00       1.379    
   22.00       1.458    
   23.00       1.529    
   24.00       1.571    
   25.00       1.580    
   26.00       1.560    
   27.00       1.520    
   28.00       1.475    
   29.00       1.434    
   30.00       1.406    
   31.00       1.394    
   32.00       1.396    
   33.00       1.407    
   34.00       1.422    
   35.00       1.433    
   36.00       1.434    
   37.00       1.422    
   38.00       1.393    
   39.00       1.349    
   40.00       1.290    
   41.00       1.221    
   42.00       1.144    
   43.00       1.064    
   44.00      0.9837    
   45.00      0.9059    
   46.00      0.8325    
   47.00      0.7645    
   48.00      0.7022    
   49.00      0.6454    
   50.00      0.5934    
   51.00      0.5456    
   52.00      0.5012    
   53.00      0.4595    
   54.00      0.4201    
   55.00      0.3826    
   56.00      0.3470    
   57.00      0.3133    
   58.00      0.2816    
   59.00      0.2520    
   60.00      0.2247    
   61.00      0.1997    
   62.00      0.1771    
   63.00      0.1568    
   64.00      0.1388    
   65.00      0.1229    
   66.00      0.1088    
   67.00      0.9648E-01
   68.00      0.8563E-01
   69.00      0.7605E-01
   70.00      0.6758E-01
   71.00      0.6004E-01
   72.00      0.5331E-01
   73.00      0.4727E-01
   74.00      0.4185E-01
   75.00      0.3697E-01
   76.00      0.3259E-01
   77.00      0.2867E-01
   78.00      0.2517E-01
   79.00      0.2206E-01
   80.00      0.1932E-01
   81.00      0.1690E-01
   82.00      0.1479E-01
   83.00      0.1295E-01
   84.00      0.1135E-01
   85.00      0.9959E-02
   86.00      0.8755E-02
   87.00      0.7710E-02
   88.00      0.6800E-02
   89.00      0.6005E-02
   90.00      0.5308E-02
   91.00      0.4693E-02
   92.00      0.4150E-02
   93.00      0.3668E-02
   94.00      0.3239E-02
   95.00      0.2858E-02
   96.00      0.2520E-02
   97.00      0.2219E-02
   98.00      0.1953E-02
   99.00      0.1719E-02
   100.0      0.1512E-02
   101.0      0.1332E-02
   102.0      0.1174E-02
   103.0      0.1037E-02
   104.0      0.9171E-03
   105.0      0.8131E-03
   106.0      0.7225E-03
   107.0      0.6434E-03
   108.0      0.5742E-03
   109.0      0.5133E-03
   110.0      0.4595E-03
   111.0      0.4116E-03
   112.0      0.3689E-03
   113.0      0.3307E-03
   114.0      0.2963E-03
   115.0      0.2653E-03
   116.0      0.2373E-03
   117.0      0.2122E-03
   118.0      0.1895E-03
   119.0      0.1692E-03
   120.0      0.1509E-03
   121.0      0.1347E-03
   122.0      0.1202E-03
   123.0      0.1074E-03
   124.0      0.9605E-04
   125.0      0.8604E-04
   126.0      0.7721E-04
   127.0      0.6942E-04
   128.0      0.6255E-04
   129.0      0.5647E-04
   130.0      0.5107E-04
   131.0      0.4625E-04
   132.0      0.4193E-04
   133.0      0.3803E-04
   134.0      0.3450E-04
   135.0      0.3128E-04
   136.0      0.2833E-04
   137.0      0.2562E-04
   138.0      0.2312E-04
   139.0      0.2082E-04
   140.0      0.1871E-04
   141.0      0.1677E-04
   142.0      0.1499E-04
   143.0      0.1338E-04
   144.0      0.1191E-04
   145.0      0.1060E-04
   146.0      0.9422E-05
   147.0      0.8385E-05
   148.0      0.7478E-05
   149.0      0.6693E-05
   150.0      0.6021E-05
   151.0      0.5454E-05
   152.0      0.4983E-05
   153.0      0.4595E-05
   154.0      0.4282E-05
   155.0      0.4033E-05
   156.0      0.3836E-05
   157.0      0.3681E-05
   158.0      0.3558E-05
   159.0      0.3458E-05
   160.0      0.3372E-05
   161.0      0.3292E-05
   162.0      0.3211E-05
   163.0      0.3123E-05
   164.0      0.3024E-05
   165.0      0.2910E-05
   166.0      0.2780E-05
   167.0      0.2633E-05
   168.0      0.2470E-05
   169.0      0.2293E-05
   170.0      0.2105E-05
   171.0      0.1910E-05
   172.0      0.1713E-05
   173.0      0.1521E-05
   174.0      0.1338E-05
   175.0      0.1171E-05
   176.0      0.1026E-05
   177.0      0.9071E-06
   178.0      0.8189E-06
   179.0      0.7647E-06
   180.0      0.7464E-06
 END
