# 178 angles,  1 tensor ranks for 0=projectile
@subtitle   "p+O20 with CH89;"                                                              
@legend ON
@legend x1 0.2
@legend y1 0.8
@g0 type LOGY
@yaxis ticklabel format power
@legend string   0 "Lab energy =   35.0000"
#legend string   0 "Partition=  1 Excit=  1 near/far= 1"
#  Theta       sigma       iT11        T20         T21         T22         Kyy for projectile
   3.000      0.1320E+06
   4.000      0.3815E+05
   5.000      0.1474E+05
   6.000       7187.    
   7.000       4300.    
   8.000       3045.    
   9.000       2429.    
   10.00       2083.    
   11.00       1857.    
   12.00       1686.    
   13.00       1542.    
   14.00       1410.    
   15.00       1285.    
   16.00       1164.    
   17.00       1049.    
   18.00       937.5    
   19.00       831.6    
   20.00       731.5    
   21.00       637.8    
   22.00       550.9    
   23.00       471.2    
   24.00       398.9    
   25.00       333.9    
   26.00       276.2    
   27.00       225.5    
   28.00       181.5    
   29.00       143.8    
   30.00       111.9    
   31.00       85.47    
   32.00       63.85    
   33.00       46.54    
   34.00       33.00    
   35.00       22.74    
   36.00       15.25    
   37.00       10.08    
   38.00       6.790    
   39.00       5.004    
   40.00       4.375    
   41.00       4.599    
   42.00       5.417    
   43.00       6.610    
   44.00       7.995    
   45.00       9.430    
   46.00       10.80    
   47.00       12.03    
   48.00       13.05    
   49.00       13.83    
   50.00       14.35    
   51.00       14.62    
   52.00       14.64    
   53.00       14.43    
   54.00       14.02    
   55.00       13.43    
   56.00       12.71    
   57.00       11.87    
   58.00       10.95    
   59.00       9.978    
   60.00       8.988    
   61.00       8.000    
   62.00       7.034    
   63.00       6.109    
   64.00       5.237    
   65.00       4.430    
   66.00       3.695    
   67.00       3.036    
   68.00       2.456    
   69.00       1.953    
   70.00       1.526    
   71.00       1.170    
   72.00      0.8820    
   73.00      0.6549    
   74.00      0.4828    
   75.00      0.3590    
   76.00      0.2768    
   77.00      0.2297    
   78.00      0.2112    
   79.00      0.2155    
   80.00      0.2370    
   81.00      0.2708    
   82.00      0.3125    
   83.00      0.3584    
   84.00      0.4052    
   85.00      0.4503    
   86.00      0.4916    
   87.00      0.5276    
   88.00      0.5572    
   89.00      0.5796    
   90.00      0.5946    
   91.00      0.6020    
   92.00      0.6021    
   93.00      0.5953    
   94.00      0.5822    
   95.00      0.5635    
   96.00      0.5400    
   97.00      0.5124    
   98.00      0.4816    
   99.00      0.4484    
   100.0      0.4135    
   101.0      0.3778    
   102.0      0.3419    
   103.0      0.3063    
   104.0      0.2717    
   105.0      0.2384    
   106.0      0.2069    
   107.0      0.1774    
   108.0      0.1502    
   109.0      0.1253    
   110.0      0.1031    
   111.0      0.8332E-01
   112.0      0.6612E-01
   113.0      0.5140E-01
   114.0      0.3907E-01
   115.0      0.2901E-01
   116.0      0.2107E-01
   117.0      0.1507E-01
   118.0      0.1086E-01
   119.0      0.8230E-02
   120.0      0.7000E-02
   121.0      0.6979E-02
   122.0      0.7982E-02
   123.0      0.9829E-02
   124.0      0.1235E-01
   125.0      0.1539E-01
   126.0      0.1879E-01
   127.0      0.2242E-01
   128.0      0.2616E-01
   129.0      0.2991E-01
   130.0      0.3356E-01
   131.0      0.3705E-01
   132.0      0.4029E-01
   133.0      0.4324E-01
   134.0      0.4585E-01
   135.0      0.4809E-01
   136.0      0.4995E-01
   137.0      0.5140E-01
   138.0      0.5245E-01
   139.0      0.5309E-01
   140.0      0.5335E-01
   141.0      0.5323E-01
   142.0      0.5276E-01
   143.0      0.5196E-01
   144.0      0.5087E-01
   145.0      0.4950E-01
   146.0      0.4789E-01
   147.0      0.4608E-01
   148.0      0.4410E-01
   149.0      0.4199E-01
   150.0      0.3976E-01
   151.0      0.3747E-01
   152.0      0.3513E-01
   153.0      0.3277E-01
   154.0      0.3043E-01
   155.0      0.2812E-01
   156.0      0.2587E-01
   157.0      0.2369E-01
   158.0      0.2160E-01
   159.0      0.1962E-01
   160.0      0.1775E-01
   161.0      0.1600E-01
   162.0      0.1438E-01
   163.0      0.1289E-01
   164.0      0.1154E-01
   165.0      0.1031E-01
   166.0      0.9212E-02
   167.0      0.8237E-02
   168.0      0.7379E-02
   169.0      0.6631E-02
   170.0      0.5986E-02
   171.0      0.5436E-02
   172.0      0.4972E-02
   173.0      0.4586E-02
   174.0      0.4270E-02
   175.0      0.4016E-02
   176.0      0.3819E-02
   177.0      0.3671E-02
   178.0      0.3569E-02
   179.0      0.3510E-02
   180.0      0.3490E-02
 END
