# 178 angles,  1 tensor ranks for 0=projectile
@subtitle   "20O + d 2+1 inelastic;"                                                        
@legend ON
@legend x1 0.2
@legend y1 0.8
@g0 type LOGY
@yaxis ticklabel format power
@legend string   0 "Lab energy =   70.0000"
#legend string   0 "Partition=  1 Excit=  1 near/far= 1"
#  Theta       sigma       iT11        T20         T21         T22         Kyy for projectile
   3.000      0.2758E+05
   4.000      0.1169E+05
   5.000       8274.    
   6.000       6765.    
   7.000       5549.    
   8.000       4396.    
   9.000       3326.    
   10.00       2387.    
   11.00       1614.    
   12.00       1016.    
   13.00       586.7    
   14.00       304.1    
   15.00       139.8    
   16.00       62.99    
   17.00       44.79    
   18.00       60.43    
   19.00       90.72    
   20.00       122.2    
   21.00       146.8    
   22.00       160.8    
   23.00       163.5    
   24.00       156.4    
   25.00       142.3    
   26.00       124.1    
   27.00       104.3    
   28.00       85.21    
   29.00       68.24    
   30.00       54.21    
   31.00       43.35    
   32.00       35.48    
   33.00       30.15    
   34.00       26.77    
   35.00       24.75    
   36.00       23.53    
   37.00       22.67    
   38.00       21.86    
   39.00       20.91    
   40.00       19.72    
   41.00       18.28    
   42.00       16.65    
   43.00       14.89    
   44.00       13.10    
   45.00       11.35    
   46.00       9.711    
   47.00       8.235    
   48.00       6.947    
   49.00       5.856    
   50.00       4.954    
   51.00       4.226    
   52.00       3.646    
   53.00       3.188    
   54.00       2.825    
   55.00       2.532    
   56.00       2.290    
   57.00       2.081    
   58.00       1.894    
   59.00       1.721    
   60.00       1.557    
   61.00       1.401    
   62.00       1.251    
   63.00       1.109    
   64.00      0.9766    
   65.00      0.8542    
   66.00      0.7432    
   67.00      0.6441    
   68.00      0.5573    
   69.00      0.4822    
   70.00      0.4183    
   71.00      0.3643    
   72.00      0.3192    
   73.00      0.2816    
   74.00      0.2501    
   75.00      0.2237    
   76.00      0.2012    
   77.00      0.1817    
   78.00      0.1644    
   79.00      0.1489    
   80.00      0.1347    
   81.00      0.1215    
   82.00      0.1093    
   83.00      0.9787E-01
   84.00      0.8723E-01
   85.00      0.7739E-01
   86.00      0.6837E-01
   87.00      0.6018E-01
   88.00      0.5283E-01
   89.00      0.4630E-01
   90.00      0.4056E-01
   91.00      0.3557E-01
   92.00      0.3128E-01
   93.00      0.2760E-01
   94.00      0.2447E-01
   95.00      0.2180E-01
   96.00      0.1952E-01
   97.00      0.1757E-01
   98.00      0.1586E-01
   99.00      0.1436E-01
   100.0      0.1302E-01
   101.0      0.1180E-01
   102.0      0.1068E-01
   103.0      0.9635E-02
   104.0      0.8660E-02
   105.0      0.7748E-02
   106.0      0.6895E-02
   107.0      0.6103E-02
   108.0      0.5372E-02
   109.0      0.4704E-02
   110.0      0.4100E-02
   111.0      0.3561E-02
   112.0      0.3086E-02
   113.0      0.2672E-02
   114.0      0.2317E-02
   115.0      0.2015E-02
   116.0      0.1761E-02
   117.0      0.1550E-02
   118.0      0.1376E-02
   119.0      0.1232E-02
   120.0      0.1113E-02
   121.0      0.1014E-02
   122.0      0.9296E-03
   123.0      0.8564E-03
   124.0      0.7909E-03
   125.0      0.7307E-03
   126.0      0.6739E-03
   127.0      0.6193E-03
   128.0      0.5662E-03
   129.0      0.5143E-03
   130.0      0.4637E-03
   131.0      0.4146E-03
   132.0      0.3673E-03
   133.0      0.3224E-03
   134.0      0.2804E-03
   135.0      0.2415E-03
   136.0      0.2062E-03
   137.0      0.1746E-03
   138.0      0.1468E-03
   139.0      0.1228E-03
   140.0      0.1024E-03
   141.0      0.8544E-04
   142.0      0.7161E-04
   143.0      0.6055E-04
   144.0      0.5189E-04
   145.0      0.4524E-04
   146.0      0.4022E-04
   147.0      0.3649E-04
   148.0      0.3372E-04
   149.0      0.3163E-04
   150.0      0.3000E-04
   151.0      0.2865E-04
   152.0      0.2743E-04
   153.0      0.2626E-04
   154.0      0.2505E-04
   155.0      0.2377E-04
   156.0      0.2241E-04
   157.0      0.2096E-04
   158.0      0.1944E-04
   159.0      0.1784E-04
   160.0      0.1620E-04
   161.0      0.1454E-04
   162.0      0.1288E-04
   163.0      0.1124E-04
   164.0      0.9656E-05
   165.0      0.8144E-05
   166.0      0.6732E-05
   167.0      0.5443E-05
   168.0      0.4298E-05
   169.0      0.3312E-05
   170.0      0.2495E-05
   171.0      0.1848E-05
   172.0      0.1365E-05
   173.0      0.1033E-05
   174.0      0.8302E-06
   175.0      0.7304E-06
   176.0      0.7043E-06
   177.0      0.7220E-06
   178.0      0.7565E-06
   179.0      0.7865E-06
   180.0      0.7981E-06
 END
