# 178 angles,  1 tensor ranks for 0=projectile
@subtitle   "p+O20 1.with BG ;"                                                             
@legend ON
@legend x1 0.2
@legend y1 0.8
@g0 type LOGY
@yaxis ticklabel format power
@legend string   0 "Lab energy =   35.0000"
#legend string   0 "Partition=  1 Excit=  2 near/far= 1"
#  Theta       sigma       iT11        T20         T21         T22         Kyy for projectile
   3.000       20.78    
   4.000       20.36    
   5.000       19.83    
   6.000       19.22    
   7.000       18.56    
   8.000       17.85    
   9.000       17.13    
   10.00       16.41    
   11.00       15.72    
   12.00       15.07    
   13.00       14.49    
   14.00       13.99    
   15.00       13.57    
   16.00       13.24    
   17.00       13.00    
   18.00       12.84    
   19.00       12.74    
   20.00       12.71    
   21.00       12.72    
   22.00       12.74    
   23.00       12.78    
   24.00       12.80    
   25.00       12.79    
   26.00       12.73    
   27.00       12.63    
   28.00       12.46    
   29.00       12.22    
   30.00       11.92    
   31.00       11.55    
   32.00       11.12    
   33.00       10.63    
   34.00       10.09    
   35.00       9.518    
   36.00       8.911    
   37.00       8.284    
   38.00       7.649    
   39.00       7.014    
   40.00       6.391    
   41.00       5.789    
   42.00       5.216    
   43.00       4.679    
   44.00       4.186    
   45.00       3.741    
   46.00       3.348    
   47.00       3.008    
   48.00       2.722    
   49.00       2.489    
   50.00       2.306    
   51.00       2.171    
   52.00       2.078    
   53.00       2.022    
   54.00       1.997    
   55.00       1.998    
   56.00       2.019    
   57.00       2.053    
   58.00       2.096    
   59.00       2.143    
   60.00       2.189    
   61.00       2.231    
   62.00       2.266    
   63.00       2.292    
   64.00       2.306    
   65.00       2.307    
   66.00       2.294    
   67.00       2.268    
   68.00       2.228    
   69.00       2.174    
   70.00       2.108    
   71.00       2.030    
   72.00       1.942    
   73.00       1.846    
   74.00       1.742    
   75.00       1.633    
   76.00       1.521    
   77.00       1.407    
   78.00       1.293    
   79.00       1.181    
   80.00       1.072    
   81.00      0.9668    
   82.00      0.8674    
   83.00      0.7741    
   84.00      0.6876    
   85.00      0.6081    
   86.00      0.5360    
   87.00      0.4713    
   88.00      0.4139    
   89.00      0.3636    
   90.00      0.3201    
   91.00      0.2831    
   92.00      0.2522    
   93.00      0.2268    
   94.00      0.2066    
   95.00      0.1908    
   96.00      0.1791    
   97.00      0.1708    
   98.00      0.1654    
   99.00      0.1623    
   100.0      0.1611    
   101.0      0.1612    
   102.0      0.1622    
   103.0      0.1638    
   104.0      0.1655    
   105.0      0.1672    
   106.0      0.1685    
   107.0      0.1694    
   108.0      0.1697    
   109.0      0.1693    
   110.0      0.1681    
   111.0      0.1662    
   112.0      0.1635    
   113.0      0.1600    
   114.0      0.1559    
   115.0      0.1510    
   116.0      0.1456    
   117.0      0.1397    
   118.0      0.1332    
   119.0      0.1265    
   120.0      0.1194    
   121.0      0.1122    
   122.0      0.1049    
   123.0      0.9760E-01
   124.0      0.9040E-01
   125.0      0.8337E-01
   126.0      0.7657E-01
   127.0      0.7007E-01
   128.0      0.6390E-01
   129.0      0.5809E-01
   130.0      0.5267E-01
   131.0      0.4763E-01
   132.0      0.4299E-01
   133.0      0.3873E-01
   134.0      0.3487E-01
   135.0      0.3138E-01
   136.0      0.2826E-01
   137.0      0.2549E-01
   138.0      0.2308E-01
   139.0      0.2100E-01
   140.0      0.1923E-01
   141.0      0.1777E-01
   142.0      0.1658E-01
   143.0      0.1564E-01
   144.0      0.1493E-01
   145.0      0.1441E-01
   146.0      0.1407E-01
   147.0      0.1387E-01
   148.0      0.1379E-01
   149.0      0.1382E-01
   150.0      0.1394E-01
   151.0      0.1413E-01
   152.0      0.1439E-01
   153.0      0.1471E-01
   154.0      0.1508E-01
   155.0      0.1550E-01
   156.0      0.1596E-01
   157.0      0.1647E-01
   158.0      0.1701E-01
   159.0      0.1758E-01
   160.0      0.1816E-01
   161.0      0.1876E-01
   162.0      0.1937E-01
   163.0      0.1996E-01
   164.0      0.2055E-01
   165.0      0.2111E-01
   166.0      0.2166E-01
   167.0      0.2218E-01
   168.0      0.2268E-01
   169.0      0.2317E-01
   170.0      0.2364E-01
   171.0      0.2410E-01
   172.0      0.2453E-01
   173.0      0.2495E-01
   174.0      0.2533E-01
   175.0      0.2567E-01
   176.0      0.2597E-01
   177.0      0.2621E-01
   178.0      0.2639E-01
   179.0      0.2649E-01
   180.0      0.2653E-01
 END
