# 178 angles,  1 tensor ranks for 0=projectile
@subtitle   "20O(d,t) @ 30AMeV Haixia (d) + Pang (t)"                                       
@legend ON
@legend x1 0.2
@legend y1 0.8
@g0 type LOGY
@yaxis ticklabel format power
@legend string   0 "Lab energy =   70.0000"
#legend string   0 "Partition=  2 Excit=  1 near/far= 1"
#  Theta       sigma       iT11        T20         T21         T22         Kyy for projectile
   3.000       6.440    
   4.000       6.368    
   5.000       6.100    
   6.000       5.601    
   7.000       4.887    
   8.000       4.024    
   9.000       3.108    
   10.00       2.240    
   11.00       1.504    
   12.00      0.9491    
   13.00      0.5883    
   14.00      0.4007    
   15.00      0.3433    
   16.00      0.3644    
   17.00      0.4160    
   18.00      0.4617    
   19.00      0.4805    
   20.00      0.4665    
   21.00      0.4252    
   22.00      0.3689    
   23.00      0.3116    
   24.00      0.2651    
   25.00      0.2371    
   26.00      0.2302    
   27.00      0.2423    
   28.00      0.2684    
   29.00      0.3017    
   30.00      0.3359    
   31.00      0.3655    
   32.00      0.3870    
   33.00      0.3991    
   34.00      0.4022    
   35.00      0.3977    
   36.00      0.3879    
   37.00      0.3753    
   38.00      0.3617    
   39.00      0.3488    
   40.00      0.3371    
   41.00      0.3268    
   42.00      0.3175    
   43.00      0.3087    
   44.00      0.2995    
   45.00      0.2892    
   46.00      0.2776    
   47.00      0.2643    
   48.00      0.2494    
   49.00      0.2332    
   50.00      0.2161    
   51.00      0.1988    
   52.00      0.1815    
   53.00      0.1650    
   54.00      0.1494    
   55.00      0.1350    
   56.00      0.1219    
   57.00      0.1103    
   58.00      0.9986E-01
   59.00      0.9062E-01
   60.00      0.8237E-01
   61.00      0.7496E-01
   62.00      0.6822E-01
   63.00      0.6202E-01
   64.00      0.5627E-01
   65.00      0.5089E-01
   66.00      0.4585E-01
   67.00      0.4113E-01
   68.00      0.3672E-01
   69.00      0.3264E-01
   70.00      0.2890E-01
   71.00      0.2549E-01
   72.00      0.2243E-01
   73.00      0.1970E-01
   74.00      0.1729E-01
   75.00      0.1518E-01
   76.00      0.1335E-01
   77.00      0.1175E-01
   78.00      0.1037E-01
   79.00      0.9174E-02
   80.00      0.8130E-02
   81.00      0.7215E-02
   82.00      0.6408E-02
   83.00      0.5690E-02
   84.00      0.5046E-02
   85.00      0.4468E-02
   86.00      0.3945E-02
   87.00      0.3472E-02
   88.00      0.3045E-02
   89.00      0.2661E-02
   90.00      0.2316E-02
   91.00      0.2008E-02
   92.00      0.1735E-02
   93.00      0.1495E-02
   94.00      0.1285E-02
   95.00      0.1103E-02
   96.00      0.9461E-03
   97.00      0.8111E-03
   98.00      0.6958E-03
   99.00      0.5974E-03
   100.0      0.5137E-03
   101.0      0.4424E-03
   102.0      0.3817E-03
   103.0      0.3298E-03
   104.0      0.2854E-03
   105.0      0.2471E-03
   106.0      0.2141E-03
   107.0      0.1854E-03
   108.0      0.1605E-03
   109.0      0.1389E-03
   110.0      0.1200E-03
   111.0      0.1035E-03
   112.0      0.8922E-04
   113.0      0.7678E-04
   114.0      0.6601E-04
   115.0      0.5669E-04
   116.0      0.4866E-04
   117.0      0.4175E-04
   118.0      0.3581E-04
   119.0      0.3072E-04
   120.0      0.2635E-04
   121.0      0.2261E-04
   122.0      0.1939E-04
   123.0      0.1662E-04
   124.0      0.1423E-04
   125.0      0.1216E-04
   126.0      0.1038E-04
   127.0      0.8836E-05
   128.0      0.7502E-05
   129.0      0.6351E-05
   130.0      0.5361E-05
   131.0      0.4516E-05
   132.0      0.3797E-05
   133.0      0.3191E-05
   134.0      0.2685E-05
   135.0      0.2265E-05
   136.0      0.1921E-05
   137.0      0.1642E-05
   138.0      0.1417E-05
   139.0      0.1237E-05
   140.0      0.1094E-05
   141.0      0.9806E-06
   142.0      0.8911E-06
   143.0      0.8202E-06
   144.0      0.7636E-06
   145.0      0.7181E-06
   146.0      0.6812E-06
   147.0      0.6508E-06
   148.0      0.6254E-06
   149.0      0.6039E-06
   150.0      0.5852E-06
   151.0      0.5686E-06
   152.0      0.5535E-06
   153.0      0.5392E-06
   154.0      0.5254E-06
   155.0      0.5119E-06
   156.0      0.4986E-06
   157.0      0.4858E-06
   158.0      0.4742E-06
   159.0      0.4647E-06
   160.0      0.4584E-06
   161.0      0.4568E-06
   162.0      0.4614E-06
   163.0      0.4739E-06
   164.0      0.4957E-06
   165.0      0.5281E-06
   166.0      0.5720E-06
   167.0      0.6277E-06
   168.0      0.6949E-06
   169.0      0.7728E-06
   170.0      0.8596E-06
   171.0      0.9533E-06
   172.0      0.1051E-05
   173.0      0.1149E-05
   174.0      0.1244E-05
   175.0      0.1333E-05
   176.0      0.1411E-05
   177.0      0.1476E-05
   178.0      0.1524E-05
   179.0      0.1554E-05
   180.0      0.1564E-05
 END
