# 181 angles,  1 tensor ranks for 0=projectile
@subtitle   "p+O20 1st ex with BG ;"                                                        
@legend ON
@legend x1 0.2
@legend y1 0.8
@g0 type LOGY
@yaxis ticklabel format power
@legend string   0 "Lab energy =   35.0000"
#legend string   0 "Partition=  1 Excit=  1 near/far= 1"
#  Theta       sigma       iT11        T20         T21         T22         Kyy for projectile
  0.1000E-01  0.1288E+16
   1.000      0.1250E+08
   2.000      0.7233E+06
   3.000      0.1288E+06
   4.000      0.3680E+05
   5.000      0.1418E+05
   6.000       7011.    
   7.000       4336.    
   8.000       3200.    
   9.000       2650.    
   10.00       2338.    
   11.00       2125.    
   12.00       1954.    
   13.00       1801.    
   14.00       1654.    
   15.00       1511.    
   16.00       1371.    
   17.00       1234.    
   18.00       1102.    
   19.00       976.1    
   20.00       856.8    
   21.00       745.3    
   22.00       642.3    
   23.00       548.1    
   24.00       463.1    
   25.00       387.2    
   26.00       320.2    
   27.00       261.8    
   28.00       211.7    
   29.00       169.2    
   30.00       133.7    
   31.00       104.6    
   32.00       81.28    
   33.00       62.96    
   34.00       49.00    
   35.00       38.76    
   36.00       31.62    
   37.00       27.01    
   38.00       24.41    
   39.00       23.36    
   40.00       23.45    
   41.00       24.31    
   42.00       25.67    
   43.00       27.25    
   44.00       28.88    
   45.00       30.38    
   46.00       31.66    
   47.00       32.63    
   48.00       33.24    
   49.00       33.47    
   50.00       33.32    
   51.00       32.81    
   52.00       31.96    
   53.00       30.82    
   54.00       29.42    
   55.00       27.82    
   56.00       26.06    
   57.00       24.19    
   58.00       22.25    
   59.00       20.30    
   60.00       18.35    
   61.00       16.46    
   62.00       14.64    
   63.00       12.91    
   64.00       11.30    
   65.00       9.810    
   66.00       8.455    
   67.00       7.236    
   68.00       6.154    
   69.00       5.207    
   70.00       4.389    
   71.00       3.692    
   72.00       3.109    
   73.00       2.629    
   74.00       2.242    
   75.00       1.937    
   76.00       1.704    
   77.00       1.532    
   78.00       1.411    
   79.00       1.332    
   80.00       1.285    
   81.00       1.264    
   82.00       1.261    
   83.00       1.270    
   84.00       1.285    
   85.00       1.304    
   86.00       1.321    
   87.00       1.335    
   88.00       1.343    
   89.00       1.343    
   90.00       1.336    
   91.00       1.320    
   92.00       1.296    
   93.00       1.264    
   94.00       1.224    
   95.00       1.177    
   96.00       1.124    
   97.00       1.067    
   98.00       1.005    
   99.00      0.9413    
   100.0      0.8754    
   101.0      0.8087    
   102.0      0.7422    
   103.0      0.6766    
   104.0      0.6127    
   105.0      0.5512    
   106.0      0.4924    
   107.0      0.4370    
   108.0      0.3852    
   109.0      0.3372    
   110.0      0.2932    
   111.0      0.2532    
   112.0      0.2173    
   113.0      0.1855    
   114.0      0.1575    
   115.0      0.1332    
   116.0      0.1124    
   117.0      0.9497E-01
   118.0      0.8055E-01
   119.0      0.6892E-01
   120.0      0.5980E-01
   121.0      0.5292E-01
   122.0      0.4802E-01
   123.0      0.4481E-01
   124.0      0.4306E-01
   125.0      0.4252E-01
   126.0      0.4295E-01
   127.0      0.4415E-01
   128.0      0.4592E-01
   129.0      0.4808E-01
   130.0      0.5047E-01
   131.0      0.5295E-01
   132.0      0.5540E-01
   133.0      0.5771E-01
   134.0      0.5980E-01
   135.0      0.6159E-01
   136.0      0.6302E-01
   137.0      0.6406E-01
   138.0      0.6467E-01
   139.0      0.6484E-01
   140.0      0.6457E-01
   141.0      0.6386E-01
   142.0      0.6272E-01
   143.0      0.6119E-01
   144.0      0.5929E-01
   145.0      0.5706E-01
   146.0      0.5454E-01
   147.0      0.5177E-01
   148.0      0.4881E-01
   149.0      0.4569E-01
   150.0      0.4248E-01
   151.0      0.3922E-01
   152.0      0.3596E-01
   153.0      0.3274E-01
   154.0      0.2961E-01
   155.0      0.2661E-01
   156.0      0.2377E-01
   157.0      0.2113E-01
   158.0      0.1871E-01
   159.0      0.1652E-01
   160.0      0.1459E-01
   161.0      0.1292E-01
   162.0      0.1152E-01
   163.0      0.1038E-01
   164.0      0.9490E-02
   165.0      0.8846E-02
   166.0      0.8425E-02
   167.0      0.8208E-02
   168.0      0.8170E-02
   169.0      0.8285E-02
   170.0      0.8522E-02
   171.0      0.8854E-02
   172.0      0.9250E-02
   173.0      0.9680E-02
   174.0      0.1012E-01
   175.0      0.1053E-01
   176.0      0.1091E-01
   177.0      0.1122E-01
   178.0      0.1146E-01
   179.0      0.1161E-01
   180.0      0.1166E-01
 END
