# 178 angles,  1 tensor ranks for 0=projectile
@subtitle   "20O(d,t) @ 30AMeV Daeh (d) + Pang (t)"                                         
@legend ON
@legend x1 0.2
@legend y1 0.8
@g0 type LOGY
@yaxis ticklabel format power
@legend string   0 "Lab energy =   70.0000"
#legend string   0 "Partition=  2 Excit=  2 near/far= 1"
#  Theta       sigma       iT11        T20         T21         T22         Kyy for projectile
   3.000       5.705    
   4.000       5.837    
   5.000       5.778    
   6.000       5.467    
   7.000       4.903    
   8.000       4.142    
   9.000       3.276    
   10.00       2.413    
   11.00       1.647    
   12.00       1.043    
   13.00      0.6248    
   14.00      0.3837    
   15.00      0.2843    
   16.00      0.2789    
   17.00      0.3198    
   18.00      0.3685    
   19.00      0.4001    
   20.00      0.4042    
   21.00      0.3826    
   22.00      0.3444    
   23.00      0.3018    
   24.00      0.2663    
   25.00      0.2460    
   26.00      0.2445    
   27.00      0.2610    
   28.00      0.2916    
   29.00      0.3304    
   30.00      0.3711    
   31.00      0.4084    
   32.00      0.4384    
   33.00      0.4590    
   34.00      0.4700    
   35.00      0.4725    
   36.00      0.4683    
   37.00      0.4598    
   38.00      0.4488    
   39.00      0.4372    
   40.00      0.4257    
   41.00      0.4150    
   42.00      0.4049    
   43.00      0.3949    
   44.00      0.3845    
   45.00      0.3731    
   46.00      0.3603    
   47.00      0.3457    
   48.00      0.3294    
   49.00      0.3116    
   50.00      0.2926    
   51.00      0.2730    
   52.00      0.2532    
   53.00      0.2338    
   54.00      0.2151    
   55.00      0.1975    
   56.00      0.1812    
   57.00      0.1662    
   58.00      0.1526    
   59.00      0.1402    
   60.00      0.1290    
   61.00      0.1187    
   62.00      0.1093    
   63.00      0.1006    
   64.00      0.9243E-01
   65.00      0.8481E-01
   66.00      0.7763E-01
   67.00      0.7088E-01
   68.00      0.6454E-01
   69.00      0.5860E-01
   70.00      0.5309E-01
   71.00      0.4799E-01
   72.00      0.4332E-01
   73.00      0.3906E-01
   74.00      0.3522E-01
   75.00      0.3175E-01
   76.00      0.2865E-01
   77.00      0.2587E-01
   78.00      0.2340E-01
   79.00      0.2118E-01
   80.00      0.1919E-01
   81.00      0.1740E-01
   82.00      0.1578E-01
   83.00      0.1431E-01
   84.00      0.1297E-01
   85.00      0.1175E-01
   86.00      0.1062E-01
   87.00      0.9590E-02
   88.00      0.8645E-02
   89.00      0.7780E-02
   90.00      0.6990E-02
   91.00      0.6272E-02
   92.00      0.5621E-02
   93.00      0.5034E-02
   94.00      0.4506E-02
   95.00      0.4033E-02
   96.00      0.3611E-02
   97.00      0.3236E-02
   98.00      0.2902E-02
   99.00      0.2605E-02
   100.0      0.2342E-02
   101.0      0.2107E-02
   102.0      0.1899E-02
   103.0      0.1712E-02
   104.0      0.1545E-02
   105.0      0.1396E-02
   106.0      0.1261E-02
   107.0      0.1139E-02
   108.0      0.1030E-02
   109.0      0.9302E-03
   110.0      0.8402E-03
   111.0      0.7586E-03
   112.0      0.6846E-03
   113.0      0.6176E-03
   114.0      0.5570E-03
   115.0      0.5021E-03
   116.0      0.4526E-03
   117.0      0.4078E-03
   118.0      0.3674E-03
   119.0      0.3310E-03
   120.0      0.2982E-03
   121.0      0.2686E-03
   122.0      0.2418E-03
   123.0      0.2177E-03
   124.0      0.1959E-03
   125.0      0.1762E-03
   126.0      0.1584E-03
   127.0      0.1423E-03
   128.0      0.1277E-03
   129.0      0.1146E-03
   130.0      0.1028E-03
   131.0      0.9216E-04
   132.0      0.8262E-04
   133.0      0.7407E-04
   134.0      0.6644E-04
   135.0      0.5964E-04
   136.0      0.5361E-04
   137.0      0.4826E-04
   138.0      0.4353E-04
   139.0      0.3935E-04
   140.0      0.3566E-04
   141.0      0.3240E-04
   142.0      0.2951E-04
   143.0      0.2695E-04
   144.0      0.2466E-04
   145.0      0.2261E-04
   146.0      0.2077E-04
   147.0      0.1909E-04
   148.0      0.1756E-04
   149.0      0.1616E-04
   150.0      0.1486E-04
   151.0      0.1365E-04
   152.0      0.1253E-04
   153.0      0.1148E-04
   154.0      0.1050E-04
   155.0      0.9586E-05
   156.0      0.8737E-05
   157.0      0.7954E-05
   158.0      0.7239E-05
   159.0      0.6592E-05
   160.0      0.6016E-05
   161.0      0.5513E-05
   162.0      0.5084E-05
   163.0      0.4728E-05
   164.0      0.4446E-05
   165.0      0.4234E-05
   166.0      0.4089E-05
   167.0      0.4006E-05
   168.0      0.3977E-05
   169.0      0.3995E-05
   170.0      0.4053E-05
   171.0      0.4140E-05
   172.0      0.4248E-05
   173.0      0.4368E-05
   174.0      0.4492E-05
   175.0      0.4610E-05
   176.0      0.4717E-05
   177.0      0.4807E-05
   178.0      0.4874E-05
   179.0      0.4916E-05
   180.0      0.4930E-05
 END
