# 178 angles,  1 tensor ranks for 0=projectile
@subtitle   "20O(d,t) @ 30AMeV Daeh (d) + Pang (t)"                                         
@legend ON
@legend x1 0.2
@legend y1 0.8
@g0 type LOGY
@yaxis ticklabel format power
@legend string   0 "Lab energy =   70.0000"
#legend string   0 "Partition=  2 Excit=  1 near/far= 1"
#  Theta       sigma       iT11        T20         T21         T22         Kyy for projectile
   3.000       18.85    
   4.000       13.74    
   5.000       8.876    
   6.000       4.930    
   7.000       2.271    
   8.000      0.9484    
   9.000      0.7454    
   10.00       1.287    
   11.00       2.159    
   12.00       3.007    
   13.00       3.598    
   14.00       3.834    
   15.00       3.735    
   16.00       3.396    
   17.00       2.944    
   18.00       2.499    
   19.00       2.147    
   20.00       1.931    
   21.00       1.851    
   22.00       1.879    
   23.00       1.968    
   24.00       2.068    
   25.00       2.140    
   26.00       2.154    
   27.00       2.099    
   28.00       1.977    
   29.00       1.800    
   30.00       1.586    
   31.00       1.357    
   32.00       1.129    
   33.00      0.9171    
   34.00      0.7311    
   35.00      0.5751    
   36.00      0.4499    
   37.00      0.3529    
   38.00      0.2800    
   39.00      0.2266    
   40.00      0.1878    
   41.00      0.1597    
   42.00      0.1391    
   43.00      0.1237    
   44.00      0.1117    
   45.00      0.1022    
   46.00      0.9459E-01
   47.00      0.8834E-01
   48.00      0.8314E-01
   49.00      0.7870E-01
   50.00      0.7475E-01
   51.00      0.7104E-01
   52.00      0.6738E-01
   53.00      0.6363E-01
   54.00      0.5970E-01
   55.00      0.5561E-01
   56.00      0.5140E-01
   57.00      0.4717E-01
   58.00      0.4306E-01
   59.00      0.3917E-01
   60.00      0.3560E-01
   61.00      0.3242E-01
   62.00      0.2967E-01
   63.00      0.2732E-01
   64.00      0.2534E-01
   65.00      0.2367E-01
   66.00      0.2223E-01
   67.00      0.2095E-01
   68.00      0.1975E-01
   69.00      0.1858E-01
   70.00      0.1740E-01
   71.00      0.1620E-01
   72.00      0.1496E-01
   73.00      0.1369E-01
   74.00      0.1242E-01
   75.00      0.1116E-01
   76.00      0.9955E-02
   77.00      0.8817E-02
   78.00      0.7768E-02
   79.00      0.6821E-02
   80.00      0.5985E-02
   81.00      0.5260E-02
   82.00      0.4640E-02
   83.00      0.4117E-02
   84.00      0.3679E-02
   85.00      0.3313E-02
   86.00      0.3004E-02
   87.00      0.2740E-02
   88.00      0.2509E-02
   89.00      0.2303E-02
   90.00      0.2113E-02
   91.00      0.1936E-02
   92.00      0.1767E-02
   93.00      0.1605E-02
   94.00      0.1449E-02
   95.00      0.1301E-02
   96.00      0.1160E-02
   97.00      0.1029E-02
   98.00      0.9070E-03
   99.00      0.7958E-03
   100.0      0.6954E-03
   101.0      0.6060E-03
   102.0      0.5274E-03
   103.0      0.4588E-03
   104.0      0.3997E-03
   105.0      0.3490E-03
   106.0      0.3057E-03
   107.0      0.2689E-03
   108.0      0.2375E-03
   109.0      0.2108E-03
   110.0      0.1880E-03
   111.0      0.1683E-03
   112.0      0.1514E-03
   113.0      0.1367E-03
   114.0      0.1239E-03
   115.0      0.1128E-03
   116.0      0.1031E-03
   117.0      0.9468E-04
   118.0      0.8739E-04
   119.0      0.8109E-04
   120.0      0.7565E-04
   121.0      0.7095E-04
   122.0      0.6685E-04
   123.0      0.6325E-04
   124.0      0.6001E-04
   125.0      0.5703E-04
   126.0      0.5420E-04
   127.0      0.5144E-04
   128.0      0.4869E-04
   129.0      0.4589E-04
   130.0      0.4301E-04
   131.0      0.4004E-04
   132.0      0.3699E-04
   133.0      0.3387E-04
   134.0      0.3070E-04
   135.0      0.2754E-04
   136.0      0.2442E-04
   137.0      0.2139E-04
   138.0      0.1848E-04
   139.0      0.1574E-04
   140.0      0.1320E-04
   141.0      0.1090E-04
   142.0      0.8849E-05
   143.0      0.7070E-05
   144.0      0.5570E-05
   145.0      0.4350E-05
   146.0      0.3405E-05
   147.0      0.2724E-05
   148.0      0.2290E-05
   149.0      0.2082E-05
   150.0      0.2074E-05
   151.0      0.2237E-05
   152.0      0.2540E-05
   153.0      0.2948E-05
   154.0      0.3429E-05
   155.0      0.3948E-05
   156.0      0.4475E-05
   157.0      0.4981E-05
   158.0      0.5441E-05
   159.0      0.5834E-05
   160.0      0.6144E-05
   161.0      0.6363E-05
   162.0      0.6486E-05
   163.0      0.6514E-05
   164.0      0.6455E-05
   165.0      0.6318E-05
   166.0      0.6117E-05
   167.0      0.5867E-05
   168.0      0.5585E-05
   169.0      0.5287E-05
   170.0      0.4987E-05
   171.0      0.4697E-05
   172.0      0.4429E-05
   173.0      0.4188E-05
   174.0      0.3980E-05
   175.0      0.3806E-05
   176.0      0.3667E-05
   177.0      0.3562E-05
   178.0      0.3489E-05
   179.0      0.3446E-05
   180.0      0.3432E-05
 END
