# 181 angles,  1 tensor ranks for 0=projectile
@subtitle   "p+O20 2nd ex with BG ;"                                                        
@legend ON
@legend x1 0.2
@legend y1 0.8
@g0 type LOGY
@yaxis ticklabel format power
@legend string   0 "Lab energy =   35.0000"
#legend string   0 "Partition=  1 Excit=  2 near/far= 1"
#  Theta       sigma       iT11        T20         T21         T22         Kyy for projectile
   0.000       6.193    
   1.000       6.246    
   2.000       6.383    
   3.000       6.551    
   4.000       6.686    
   5.000       6.739    
   6.000       6.689    
   7.000       6.545    
   8.000       6.336    
   9.000       6.094    
   10.00       5.847    
   11.00       5.610    
   12.00       5.386    
   13.00       5.177    
   14.00       4.985    
   15.00       4.813    
   16.00       4.666    
   17.00       4.546    
   18.00       4.454    
   19.00       4.387    
   20.00       4.341    
   21.00       4.310    
   22.00       4.288    
   23.00       4.272    
   24.00       4.256    
   25.00       4.236    
   26.00       4.207    
   27.00       4.166    
   28.00       4.110    
   29.00       4.037    
   30.00       3.944    
   31.00       3.831    
   32.00       3.698    
   33.00       3.546    
   34.00       3.379    
   35.00       3.197    
   36.00       3.005    
   37.00       2.804    
   38.00       2.599    
   39.00       2.392    
   40.00       2.188    
   41.00       1.989    
   42.00       1.798    
   43.00       1.619    
   44.00       1.453    
   45.00       1.302    
   46.00       1.167    
   47.00       1.049    
   48.00      0.9477    
   49.00      0.8636    
   50.00      0.7957    
   51.00      0.7432    
   52.00      0.7050    
   53.00      0.6797    
   54.00      0.6657    
   55.00      0.6612    
   56.00      0.6641    
   57.00      0.6726    
   58.00      0.6851    
   59.00      0.7001    
   60.00      0.7162    
   61.00      0.7321    
   62.00      0.7463    
   63.00      0.7577    
   64.00      0.7655    
   65.00      0.7690    
   66.00      0.7683    
   67.00      0.7629    
   68.00      0.7530    
   69.00      0.7385    
   70.00      0.7194    
   71.00      0.6961    
   72.00      0.6690    
   73.00      0.6388    
   74.00      0.6061    
   75.00      0.5714    
   76.00      0.5352    
   77.00      0.4981    
   78.00      0.4605    
   79.00      0.4230    
   80.00      0.3863    
   81.00      0.3506    
   82.00      0.3164    
   83.00      0.2839    
   84.00      0.2534    
   85.00      0.2251    
   86.00      0.1992    
   87.00      0.1756    
   88.00      0.1546    
   89.00      0.1359    
   90.00      0.1196    
   91.00      0.1056    
   92.00      0.9371E-01
   93.00      0.8387E-01
   94.00      0.7586E-01
   95.00      0.6951E-01
   96.00      0.6463E-01
   97.00      0.6102E-01
   98.00      0.5854E-01
   99.00      0.5698E-01
   100.0      0.5618E-01
   101.0      0.5596E-01
   102.0      0.5615E-01
   103.0      0.5662E-01
   104.0      0.5726E-01
   105.0      0.5797E-01
   106.0      0.5867E-01
   107.0      0.5926E-01
   108.0      0.5968E-01
   109.0      0.5988E-01
   110.0      0.5982E-01
   111.0      0.5951E-01
   112.0      0.5891E-01
   113.0      0.5804E-01
   114.0      0.5689E-01
   115.0      0.5549E-01
   116.0      0.5384E-01
   117.0      0.5198E-01
   118.0      0.4995E-01
   119.0      0.4777E-01
   120.0      0.4545E-01
   121.0      0.4305E-01
   122.0      0.4058E-01
   123.0      0.3808E-01
   124.0      0.3559E-01
   125.0      0.3312E-01
   126.0      0.3070E-01
   127.0      0.2835E-01
   128.0      0.2608E-01
   129.0      0.2392E-01
   130.0      0.2188E-01
   131.0      0.1997E-01
   132.0      0.1819E-01
   133.0      0.1655E-01
   134.0      0.1504E-01
   135.0      0.1367E-01
   136.0      0.1244E-01
   137.0      0.1134E-01
   138.0      0.1037E-01
   139.0      0.9519E-02
   140.0      0.8773E-02
   141.0      0.8135E-02
   142.0      0.7602E-02
   143.0      0.7168E-02
   144.0      0.6821E-02
   145.0      0.6546E-02
   146.0      0.6330E-02
   147.0      0.6170E-02
   148.0      0.6065E-02
   149.0      0.6015E-02
   150.0      0.6015E-02
   151.0      0.6057E-02
   152.0      0.6130E-02
   153.0      0.6229E-02
   154.0      0.6352E-02
   155.0      0.6499E-02
   156.0      0.6673E-02
   157.0      0.6871E-02
   158.0      0.7089E-02
   159.0      0.7322E-02
   160.0      0.7566E-02
   161.0      0.7821E-02
   162.0      0.8085E-02
   163.0      0.8359E-02
   164.0      0.8639E-02
   165.0      0.8923E-02
   166.0      0.9208E-02
   167.0      0.9491E-02
   168.0      0.9770E-02
   169.0      0.1004E-01
   170.0      0.1030E-01
   171.0      0.1055E-01
   172.0      0.1077E-01
   173.0      0.1098E-01
   174.0      0.1117E-01
   175.0      0.1134E-01
   176.0      0.1148E-01
   177.0      0.1159E-01
   178.0      0.1167E-01
   179.0      0.1171E-01
   180.0      0.1173E-01
 END
