# 181 angles,  1 tensor ranks for 0=projectile
@subtitle   "p+O20 2nd ex with BG ;"                                                        
@legend ON
@legend x1 0.2
@legend y1 0.8
@g0 type LOGY
@yaxis ticklabel format power
@legend string   0 "Lab energy =   35.0000"
#legend string   0 "Partition=  1 Excit=  1 near/far= 1"
#  Theta       sigma       iT11        T20         T21         T22         Kyy for projectile
  0.1000E-01  0.1288E+16
   1.000      0.1250E+08
   2.000      0.7229E+06
   3.000      0.1287E+06
   4.000      0.3673E+05
   5.000      0.1414E+05
   6.000       6992.    
   7.000       4328.    
   8.000       3198.    
   9.000       2652.    
   10.00       2342.    
   11.00       2131.    
   12.00       1961.    
   13.00       1807.    
   14.00       1661.    
   15.00       1517.    
   16.00       1377.    
   17.00       1239.    
   18.00       1107.    
   19.00       980.0    
   20.00       860.2    
   21.00       748.1    
   22.00       644.6    
   23.00       550.1    
   24.00       464.7    
   25.00       388.4    
   26.00       321.2    
   27.00       262.7    
   28.00       212.4    
   29.00       169.8    
   30.00       134.3    
   31.00       105.2    
   32.00       81.89    
   33.00       63.63    
   34.00       49.75    
   35.00       39.59    
   36.00       32.54    
   37.00       28.02    
   38.00       25.52    
   39.00       24.55    
   40.00       24.70    
   41.00       25.63    
   42.00       27.03    
   43.00       28.65    
   44.00       30.29    
   45.00       31.80    
   46.00       33.06    
   47.00       34.00    
   48.00       34.57    
   49.00       34.75    
   50.00       34.55    
   51.00       33.97    
   52.00       33.05    
   53.00       31.83    
   54.00       30.36    
   55.00       28.68    
   56.00       26.84    
   57.00       24.89    
   58.00       22.89    
   59.00       20.86    
   60.00       18.85    
   61.00       16.89    
   62.00       15.02    
   63.00       13.24    
   64.00       11.58    
   65.00       10.06    
   66.00       8.666    
   67.00       7.418    
   68.00       6.311    
   69.00       5.343    
   70.00       4.508    
   71.00       3.798    
   72.00       3.205    
   73.00       2.717    
   74.00       2.325    
   75.00       2.016    
   76.00       1.781    
   77.00       1.607    
   78.00       1.485    
   79.00       1.406    
   80.00       1.360    
   81.00       1.338    
   82.00       1.335    
   83.00       1.344    
   84.00       1.359    
   85.00       1.377    
   86.00       1.393    
   87.00       1.405    
   88.00       1.411    
   89.00       1.409    
   90.00       1.399    
   91.00       1.380    
   92.00       1.353    
   93.00       1.317    
   94.00       1.273    
   95.00       1.223    
   96.00       1.167    
   97.00       1.106    
   98.00       1.041    
   99.00      0.9729    
   100.0      0.9037    
   101.0      0.8338    
   102.0      0.7643    
   103.0      0.6959    
   104.0      0.6295    
   105.0      0.5656    
   106.0      0.5047    
   107.0      0.4474    
   108.0      0.3939    
   109.0      0.3445    
   110.0      0.2993    
   111.0      0.2584    
   112.0      0.2217    
   113.0      0.1892    
   114.0      0.1607    
   115.0      0.1361    
   116.0      0.1151    
   117.0      0.9760E-01
   118.0      0.8320E-01
   119.0      0.7166E-01
   120.0      0.6271E-01
   121.0      0.5605E-01
   122.0      0.5140E-01
   123.0      0.4848E-01
   124.0      0.4703E-01
   125.0      0.4680E-01
   126.0      0.4754E-01
   127.0      0.4903E-01
   128.0      0.5108E-01
   129.0      0.5349E-01
   130.0      0.5610E-01
   131.0      0.5877E-01
   132.0      0.6136E-01
   133.0      0.6378E-01
   134.0      0.6592E-01
   135.0      0.6773E-01
   136.0      0.6913E-01
   137.0      0.7009E-01
   138.0      0.7059E-01
   139.0      0.7060E-01
   140.0      0.7014E-01
   141.0      0.6919E-01
   142.0      0.6780E-01
   143.0      0.6598E-01
   144.0      0.6377E-01
   145.0      0.6121E-01
   146.0      0.5834E-01
   147.0      0.5523E-01
   148.0      0.5191E-01
   149.0      0.4845E-01
   150.0      0.4489E-01
   151.0      0.4130E-01
   152.0      0.3773E-01
   153.0      0.3422E-01
   154.0      0.3082E-01
   155.0      0.2758E-01
   156.0      0.2453E-01
   157.0      0.2171E-01
   158.0      0.1914E-01
   159.0      0.1684E-01
   160.0      0.1484E-01
   161.0      0.1312E-01
   162.0      0.1171E-01
   163.0      0.1058E-01
   164.0      0.9745E-02
   165.0      0.9172E-02
   166.0      0.8845E-02
   167.0      0.8740E-02
   168.0      0.8828E-02
   169.0      0.9079E-02
   170.0      0.9459E-02
   171.0      0.9936E-02
   172.0      0.1047E-01
   173.0      0.1104E-01
   174.0      0.1160E-01
   175.0      0.1213E-01
   176.0      0.1261E-01
   177.0      0.1300E-01
   178.0      0.1329E-01
   179.0      0.1347E-01
   180.0      0.1353E-01
 END
