# 181 angles,  1 tensor ranks for 0=projectile
@subtitle   "p+O20 1st ex with BG ;"                                                        
@legend ON
@legend x1 0.2
@legend y1 0.8
@g0 type LOGY
@yaxis ticklabel format power
@legend string   0 "Lab energy =   35.0000"
#legend string   0 "Partition=  1 Excit=  2 near/far= 1"
#  Theta       sigma       iT11        T20         T21         T22         Kyy for projectile
   0.000       8.437    
   1.000       8.470    
   2.000       8.547    
   3.000       8.618    
   4.000       8.621    
   5.000       8.515    
   6.000       8.295    
   7.000       7.992    
   8.000       7.648    
   9.000       7.298    
   10.00       6.963    
   11.00       6.647    
   12.00       6.354    
   13.00       6.086    
   14.00       5.849    
   15.00       5.646    
   16.00       5.481    
   17.00       5.350    
   18.00       5.252    
   19.00       5.182    
   20.00       5.140    
   21.00       5.120    
   22.00       5.114    
   23.00       5.112    
   24.00       5.105    
   25.00       5.086    
   26.00       5.052    
   27.00       5.003    
   28.00       4.935    
   29.00       4.846    
   30.00       4.729    
   31.00       4.583    
   32.00       4.409    
   33.00       4.211    
   34.00       3.995    
   35.00       3.765    
   36.00       3.523    
   37.00       3.272    
   38.00       3.016    
   39.00       2.758    
   40.00       2.506    
   41.00       2.264    
   42.00       2.035    
   43.00       1.823    
   44.00       1.628    
   45.00       1.452    
   46.00       1.297    
   47.00       1.164    
   48.00       1.053    
   49.00      0.9628    
   50.00      0.8922    
   51.00      0.8398    
   52.00      0.8040    
   53.00      0.7831    
   54.00      0.7748    
   55.00      0.7765    
   56.00      0.7855    
   57.00      0.7996    
   58.00      0.8168    
   59.00      0.8357    
   60.00      0.8548    
   61.00      0.8724    
   62.00      0.8866    
   63.00      0.8961    
   64.00      0.9001    
   65.00      0.8987    
   66.00      0.8918    
   67.00      0.8796    
   68.00      0.8619    
   69.00      0.8386    
   70.00      0.8100    
   71.00      0.7766    
   72.00      0.7395    
   73.00      0.6996    
   74.00      0.6575    
   75.00      0.6139    
   76.00      0.5693    
   77.00      0.5242    
   78.00      0.4793    
   79.00      0.4354    
   80.00      0.3932    
   81.00      0.3529    
   82.00      0.3150    
   83.00      0.2796    
   84.00      0.2469    
   85.00      0.2170    
   86.00      0.1901    
   87.00      0.1663    
   88.00      0.1455    
   89.00      0.1275    
   90.00      0.1122    
   91.00      0.9933E-01
   92.00      0.8885E-01
   93.00      0.8050E-01
   94.00      0.7405E-01
   95.00      0.6924E-01
   96.00      0.6583E-01
   97.00      0.6362E-01
   98.00      0.6238E-01
   99.00      0.6193E-01
   100.0      0.6205E-01
   101.0      0.6254E-01
   102.0      0.6324E-01
   103.0      0.6405E-01
   104.0      0.6486E-01
   105.0      0.6558E-01
   106.0      0.6611E-01
   107.0      0.6639E-01
   108.0      0.6635E-01
   109.0      0.6596E-01
   110.0      0.6525E-01
   111.0      0.6422E-01
   112.0      0.6288E-01
   113.0      0.6123E-01
   114.0      0.5929E-01
   115.0      0.5708E-01
   116.0      0.5465E-01
   117.0      0.5204E-01
   118.0      0.4930E-01
   119.0      0.4646E-01
   120.0      0.4355E-01
   121.0      0.4061E-01
   122.0      0.3768E-01
   123.0      0.3480E-01
   124.0      0.3199E-01
   125.0      0.2928E-01
   126.0      0.2667E-01
   127.0      0.2420E-01
   128.0      0.2187E-01
   129.0      0.1972E-01
   130.0      0.1775E-01
   131.0      0.1596E-01
   132.0      0.1432E-01
   133.0      0.1285E-01
   134.0      0.1153E-01
   135.0      0.1038E-01
   136.0      0.9402E-02
   137.0      0.8587E-02
   138.0      0.7908E-02
   139.0      0.7337E-02
   140.0      0.6860E-02
   141.0      0.6478E-02
   142.0      0.6196E-02
   143.0      0.6010E-02
   144.0      0.5903E-02
   145.0      0.5853E-02
   146.0      0.5840E-02
   147.0      0.5856E-02
   148.0      0.5903E-02
   149.0      0.5986E-02
   150.0      0.6100E-02
   151.0      0.6236E-02
   152.0      0.6383E-02
   153.0      0.6535E-02
   154.0      0.6691E-02
   155.0      0.6854E-02
   156.0      0.7026E-02
   157.0      0.7201E-02
   158.0      0.7378E-02
   159.0      0.7557E-02
   160.0      0.7741E-02
   161.0      0.7933E-02
   162.0      0.8133E-02
   163.0      0.8335E-02
   164.0      0.8529E-02
   165.0      0.8716E-02
   166.0      0.8902E-02
   167.0      0.9094E-02
   168.0      0.9294E-02
   169.0      0.9495E-02
   170.0      0.9686E-02
   171.0      0.9856E-02
   172.0      0.1000E-01
   173.0      0.1014E-01
   174.0      0.1027E-01
   175.0      0.1040E-01
   176.0      0.1050E-01
   177.0      0.1059E-01
   178.0      0.1065E-01
   179.0      0.1067E-01
   180.0      0.1068E-01
 END
