           2           1           1
    0.0-     1 1   1.836       0.000      0.6719E-01   1.768    
    1.0+     0 1   5.476      0.3523E-04  0.1880       5.288    
    1.0+     2 2   5.518      0.3523E-04  0.1972       5.320    
    1.0-     1 1   5.499       0.000      0.1999       5.299    
    2.0+     2 1   9.147       0.000      0.3060       8.841    
    2.0-     1 1   9.108      0.4316E-04  0.3032       8.805    
    2.0-     3 2   9.150      0.4316E-04  0.2550       8.895    
    3.0+     2 1   12.69      0.3331E-04  0.3680       12.32    
    3.0+     4 2   12.76      0.3331E-04  0.2553       12.50    
    3.0-     3 1   12.72       0.000      0.3105       12.41    
    4.0+     4 1   16.30       0.000      0.2878       16.01    
    4.0-     3 1   16.21      0.2236E-04  0.3387       15.88    
    4.0-     5 2   16.46      0.2236E-04  0.2580       16.20    
    5.0+     4 1   19.80      0.2073E-04  0.3277       19.47    
    5.0+     6 2   20.17      0.2073E-04  0.3041       19.87    
    5.0-     5 1   19.98       0.000      0.2900       19.69    
    6.0+     6 1   23.74       0.000      0.3679       23.37    
    6.0-     5 1   23.47      0.1627E-04  0.3603       23.11    
    6.0-     7 2   23.89      0.1627E-04  0.3612       23.52    
    7.0+     6 1   27.27      0.7926E-05  0.4693       26.80    
    7.0+     8 2   27.74      0.7926E-05  0.5568       27.18    
    7.0-     7 1   27.44       0.000      0.4510       26.98    
    8.0+     8 1   31.39       0.000      0.5407       30.85    
    8.0-     7 1   31.02      0.2990E-05  0.6054       30.41    
    8.0-     9 2   30.79      0.2990E-05   1.000       29.79    
    9.0+     8 1   34.81      0.9682E-06  0.6132       34.20    
    9.0+    10 2   31.44      0.9682E-06   1.423       30.02    
    9.0-     9 1   35.17       0.000      0.8852       34.28    
   10.0+    10 1   36.52       0.000       1.425       35.09    
   10.0-     9 1   39.11      0.2244E-06  0.7107       38.40    
   10.0-    11 2   28.59      0.2244E-06   1.435       27.15    
   11.0+    10 1   41.97      0.4954E-07   1.247       40.72    
   11.0+    12 2   22.89      0.4954E-07   1.140       21.75    
   11.0-    11 1   33.35       0.000       1.611       31.74    
   12.0+    12 1   26.37       0.000       1.287       25.09    
   12.0-    11 1   39.03      0.7982E-08   1.705       37.32    
   12.0-    13 2   16.48      0.7982E-08  0.7980       15.68    
   13.0+    12 1   30.57      0.5341E-09   1.487       29.08    
   13.0+    14 2   11.05      0.5341E-09  0.5083       10.54    
   13.0-    13 1   18.56       0.000      0.8616       17.70    
   14.0+    14 1   12.18       0.000      0.5456       11.64    
   14.0-    13 1   20.98      0.1586E-10  0.9371       20.04    
   14.0-    15 2   7.094      0.1586E-10  0.2841       6.810    
   15.0+    14 1   13.42      0.3012E-12  0.5754       12.85    
   15.0+    16 2   4.422      0.3012E-12  0.1383       4.284    
   15.0-    15 1   7.704       0.000      0.3083       7.396    
   16.0+    16 1   4.753       0.000      0.1499       4.603    
   16.0-    15 1   8.346      0.4620E-14  0.3320       8.014    
   16.0-    17 2   2.706      0.4620E-14  0.6071E-01   2.646    
   17.0+    16 1   5.094      0.6299E-16  0.1620       4.932    
   17.0+    18 2   1.639      0.6300E-16  0.2506E-01   1.614    
   17.0-    17 1   2.887       0.000      0.6528E-01   2.822    
   18.0+    18 1   1.739       0.000      0.2672E-01   1.712    
   18.0-    17 1   3.071      0.8194E-18  0.7003E-01   3.001    
   18.0-    19 2  0.9874      0.8201E-18  0.9988E-02  0.9775    
   19.0+    18 1   1.839      0.1064E-19  0.2843E-01   1.811    
   19.0+    20 2  0.5926      0.1064E-19  0.3904E-02  0.5887    
   19.0-    19 1   1.043       0.000      0.1058E-01   1.032    
   20.0+    20 1  0.6237       0.000      0.4116E-02  0.6195    
   20.0-    19 1   1.098      0.1377E-21  0.1119E-01   1.087    
   20.0-    21 2  0.3547      0.1403E-21  0.1508E-02  0.3532    
   21.0+    20 1  0.6548      0.1917E-23  0.4331E-02  0.6505    
   21.0+    22 2  0.2118      0.1887E-23  0.5775E-03  0.2112    
   21.0-    21 1  0.3722       0.000      0.1584E-02  0.3706    
   22.0+    22 1  0.2217       0.000      0.6049E-03  0.2211    
   22.0-    21 1  0.3898      0.3125E-25  0.1660E-02  0.3881    
   22.0-    23 2  0.1262      0.2595E-25  0.2199E-03  0.1260    
   23.0+    22 1  0.2317      0.2206E-26  0.6325E-03  0.2310    
   23.0+    24 2  0.7504E-01  0.3639E-27  0.8327E-04  0.7496E-01
   23.0-    23 1  0.1318       0.000      0.2298E-03  0.1316    
   24.0+    24 1  0.7824E-01   0.000      0.8684E-04  0.7815E-01
   24.0-    23 1  0.1375      0.5898E-26  0.2397E-03  0.1372    
   24.0-    25 2  0.4452E-01  0.5199E-29  0.3139E-04  0.4449E-01
   25.0+    24 1  0.8144E-01  0.9058E-27  0.9041E-04  0.8135E-01
   25.0+    26 2  0.2637E-01  0.9410E-31  0.1178E-04  0.2635E-01
   25.0-    25 1  0.4634E-01   0.000      0.3268E-04  0.4631E-01
   26.0+    26 1  0.2740E-01   0.000      0.1225E-04  0.2739E-01
   26.0-    25 1  0.4816E-01  0.6953E-28  0.3397E-04  0.4813E-01
   26.0-    27 2  0.1558E-01  0.8432E-33  0.4405E-05  0.1558E-01
   27.0+    26 1  0.2844E-01  0.1549E-27  0.1271E-04  0.2842E-01
   27.0+    28 2  0.9192E-02  0.3170E-33  0.1640E-05  0.9191E-02
   27.0-    27 1  0.1617E-01   0.000      0.4572E-05  0.1617E-01
   28.0+    28 1  0.9527E-02   0.000      0.1700E-05  0.9525E-02
   28.0-    27 1  0.1676E-01  0.1444E-26  0.4738E-05  0.1675E-01
   28.0-    29 2  0.5413E-02  0.1564E-34  0.6081E-06  0.5413E-02
   29.0+    28 1  0.9861E-02  0.9242E-27  0.1760E-05  0.9859E-02
   29.0+    30 2  0.3182E-02  0.1385E-34  0.2245E-06  0.3182E-02
   29.0-    29 1  0.5603E-02   0.000      0.6295E-06  0.5602E-02
   30.0+    30 1  0.3290E-02   0.000      0.2321E-06  0.3290E-02
   30.0-    29 1  0.5793E-02  0.3309E-27  0.6508E-06  0.5792E-02
   30.0-    31 2  0.1868E-02  0.9921E-34  0.8246E-07  0.1868E-02
   31.0+    30 1  0.3398E-02  0.5787E-27  0.2397E-06  0.3398E-02
   31.0+    32 2  0.1095E-02  0.4864E-35  0.3012E-07  0.1095E-02
   31.0-    31 1  0.1929E-02   0.000      0.8516E-07  0.1929E-02
   32.0+    32 1  0.1130E-02   0.000      0.3108E-07  0.1129E-02
   32.0-    31 1  0.1990E-02  0.1066E-27  0.8786E-07  0.1990E-02
   32.0-    33 2  0.6407E-03  0.9404E-37  0.1093E-07  0.6407E-03
   33.0+    32 1  0.1164E-02  0.1055E-27  0.3203E-07  0.1164E-02
   33.0+    34 2  0.3745E-03  0.1155E-34  0.3929E-08  0.3745E-03
   33.0-    33 1  0.6604E-03   0.000      0.1126E-07  0.6604E-03
   34.0+    34 1  0.3857E-03   0.000      0.4046E-08  0.3857E-03
   34.0-    33 1  0.6802E-03  0.3254E-28  0.1160E-07  0.6801E-03
   34.0-    35 2  0.2186E-03  0.2502E-35  0.1396E-08  0.2186E-03
   35.0+    34 1  0.3968E-03  0.6701E-30  0.4163E-08  0.3968E-03
   35.0+    36 2  0.1275E-03  0.7662E-35  0.4879E-09  0.1275E-03
   35.0-    35 1  0.2249E-03   0.000      0.1436E-08  0.2249E-03
   36.0+    36 1  0.1310E-03   0.000      0.5013E-09  0.1310E-03
   36.0-    35 1  0.2313E-03  0.6767E-28  0.1477E-08  0.2313E-03
   36.0-    37 2  0.7423E-04  0.3438E-35  0.1663E-09  0.7423E-04
   37.0+    36 1  0.1346E-03  0.3901E-28  0.5151E-09  0.1346E-03
   37.0+    38 2  0.4318E-04  0.1639E-36  0.5468E-10  0.4318E-04
   37.0-    37 1  0.7626E-04   0.000      0.1707E-09  0.7626E-04
   38.0+    38 1  0.4433E-04   0.000      0.5601E-10  0.4433E-04
   38.0-    37 1  0.7830E-04  0.7913E-28  0.1753E-09  0.7830E-04
   38.0-    39 2  0.2510E-04  0.1660E-35  0.1686E-10  0.2510E-04
   39.0+    38 1  0.4549E-04  0.2714E-28  0.5742E-10  0.4549E-04
   39.0+    40 2  0.1457E-04  0.9913E-37  0.4885E-11  0.1457E-04
   39.0-    39 1  0.2575E-04   0.000      0.1723E-10  0.2575E-04
   40.0+    40 1  0.1494E-04   0.000      0.4770E-11  0.1494E-04
   40.0-    39 1  0.2640E-04  0.3410E-28  0.1769E-10  0.2640E-04
   40.0-    41 2  0.8452E-05  0.5602E-37  0.1226E-11  0.8452E-05
   41.0+    40 1  0.1531E-04  0.2970E-28  0.4901E-11  0.1531E-04
   41.0+    42 2  0.4899E-05  0.1891E-36  0.1572E-12  0.4899E-05
   41.0-    41 1  0.8661E-05   0.000      0.1093E-11  0.8661E-05
   42.0+    42 1  0.5017E-05   0.000      0.1459E-12  0.5017E-05
   42.0-    41 1  0.8870E-05  0.4360E-31  0.1103E-11  0.8870E-05
   42.0-    43 2  0.2837E-05  0.1127E-36  0.1531E-12  0.2837E-05
   43.0+    42 1  0.5135E-05  0.1572E-29  0.2001E-12  0.5135E-05
   43.0+    44 2  0.1641E-05  0.3030E-37  0.3308E-12  0.1641E-05
   43.0-    43 1  0.2903E-05   0.000      0.4046E-13  0.2903E-05
   44.0+    44 1  0.1679E-05   0.000      0.1060E-12  0.1679E-05
   44.0-    43 1  0.2970E-05  0.7418E-30  0.5323E-13  0.2970E-05
   44.0-    45 2  0.9490E-06  0.5094E-37  0.2921E-12  0.9490E-06
   45.0+    44 1  0.1717E-05  0.7853E-29  0.7770E-13  0.1717E-05
   45.0+    46 2  0.5483E-06  0.6719E-37  0.6687E-12  0.5483E-06
   45.0-    45 1  0.9703E-06   0.000      0.1464E-12  0.9703E-06
   46.0+    46 1  0.5603E-06   0.000      0.3326E-12  0.5603E-06
   46.0-    45 1  0.9917E-06  0.1161E-28  0.1421E-12  0.9917E-06
   46.0-    47 2  0.3166E-06  0.5903E-37  0.5013E-12  0.3166E-06
   47.0+    46 1  0.5724E-06  0.4939E-29  0.1404E-12  0.5724E-06
   47.0+    48 2  0.1826E-06  0.5677E-38  0.8527E-12  0.1826E-06
   47.0-    47 1  0.3234E-06   0.000      0.7880E-12  0.3234E-06
   48.0+    48 1  0.1865E-06   0.000      0.1462E-12  0.1865E-06
   48.0-    47 1  0.3302E-06  0.8382E-29  0.4870E-12  0.3302E-06
   48.0-    49 2  0.1053E-06  0.1019E-37  0.1885E-12  0.1053E-06
   49.0+    48 1  0.1903E-06  0.4301E-29  0.1443E-11  0.1903E-06
   49.0+    50 2  0.6069E-07  0.2161E-37  0.9915E-13  0.6069E-07
   49.0-    49 1  0.1075E-06   0.000      0.1005E-11  0.1075E-06
   50.0+    50 1  0.6191E-07   0.000      0.1024E-12  0.6191E-07
   50.0-    49 1  0.1097E-06  0.1477E-28  0.7971E-12  0.1097E-06
   50.0-    51 2  0.3495E-07  0.1892E-37  0.1325E-12  0.3495E-07
