# 178 angles,  1 tensor ranks for 0=projectile
@subtitle   "p+O20 with CH89;"                                                              
@legend ON
@legend x1 0.2
@legend y1 0.8
@g0 type LOGY
@yaxis ticklabel format power
@legend string   0 "Lab energy =   35.0000"
#legend string   0 "Partition=  1 Excit=  1 near/far= 1"
#  Theta       sigma       iT11        T20         T21         T22         Kyy for projectile
   3.000      0.1321E+06
   4.000      0.3837E+05
   5.000      0.1498E+05
   6.000       7415.    
   7.000       4515.    
   8.000       3245.    
   9.000       2613.    
   10.00       2250.    
   11.00       2008.    
   12.00       1821.    
   13.00       1660.    
   14.00       1513.    
   15.00       1374.    
   16.00       1240.    
   17.00       1113.    
   18.00       991.1    
   19.00       876.0    
   20.00       768.2    
   21.00       668.3    
   22.00       576.7    
   23.00       493.6    
   24.00       419.3    
   25.00       353.5    
   26.00       296.2    
   27.00       246.9    
   28.00       205.2    
   29.00       170.6    
   30.00       142.4    
   31.00       120.1    
   32.00       102.9    
   33.00       90.11    
   34.00       81.19    
   35.00       75.44    
   36.00       72.27    
   37.00       71.12    
   38.00       71.49    
   39.00       72.93    
   40.00       75.03    
   41.00       77.47    
   42.00       79.96    
   43.00       82.28    
   44.00       84.25    
   45.00       85.75    
   46.00       86.68    
   47.00       87.00    
   48.00       86.68    
   49.00       85.75    
   50.00       84.22    
   51.00       82.15    
   52.00       79.60    
   53.00       76.64    
   54.00       73.34    
   55.00       69.77    
   56.00       66.01    
   57.00       62.13    
   58.00       58.20    
   59.00       54.28    
   60.00       50.42    
   61.00       46.67    
   62.00       43.07    
   63.00       39.65    
   64.00       36.43    
   65.00       33.43    
   66.00       30.66    
   67.00       28.13    
   68.00       25.83    
   69.00       23.75    
   70.00       21.90    
   71.00       20.25    
   72.00       18.80    
   73.00       17.52    
   74.00       16.41    
   75.00       15.45    
   76.00       14.61    
   77.00       13.89    
   78.00       13.26    
   79.00       12.72    
   80.00       12.25    
   81.00       11.83    
   82.00       11.45    
   83.00       11.11    
   84.00       10.80    
   85.00       10.51    
   86.00       10.23    
   87.00       9.952    
   88.00       9.683    
   89.00       9.414    
   90.00       9.145    
   91.00       8.872    
   92.00       8.596    
   93.00       8.316    
   94.00       8.032    
   95.00       7.745    
   96.00       7.454    
   97.00       7.162    
   98.00       6.869    
   99.00       6.575    
   100.0       6.283    
   101.0       5.993    
   102.0       5.707    
   103.0       5.426    
   104.0       5.150    
   105.0       4.881    
   106.0       4.620    
   107.0       4.368    
   108.0       4.126    
   109.0       3.894    
   110.0       3.673    
   111.0       3.464    
   112.0       3.268    
   113.0       3.084    
   114.0       2.914    
   115.0       2.757    
   116.0       2.613    
   117.0       2.483    
   118.0       2.366    
   119.0       2.263    
   120.0       2.172    
   121.0       2.093    
   122.0       2.025    
   123.0       1.968    
   124.0       1.921    
   125.0       1.883    
   126.0       1.852    
   127.0       1.828    
   128.0       1.810    
   129.0       1.795    
   130.0       1.784    
   131.0       1.775    
   132.0       1.766    
   133.0       1.758    
   134.0       1.748    
   135.0       1.736    
   136.0       1.722    
   137.0       1.704    
   138.0       1.683    
   139.0       1.659    
   140.0       1.631    
   141.0       1.599    
   142.0       1.565    
   143.0       1.529    
   144.0       1.491    
   145.0       1.452    
   146.0       1.414    
   147.0       1.378    
   148.0       1.345    
   149.0       1.316    
   150.0       1.293    
   151.0       1.276    
   152.0       1.267    
   153.0       1.268    
   154.0       1.278    
   155.0       1.299    
   156.0       1.332    
   157.0       1.377    
   158.0       1.434    
   159.0       1.504    
   160.0       1.585    
   161.0       1.677    
   162.0       1.780    
   163.0       1.893    
   164.0       2.013    
   165.0       2.141    
   166.0       2.273    
   167.0       2.409    
   168.0       2.545    
   169.0       2.681    
   170.0       2.815    
   171.0       2.943    
   172.0       3.064    
   173.0       3.176    
   174.0       3.277    
   175.0       3.366    
   176.0       3.441    
   177.0       3.501    
   178.0       3.544    
   179.0       3.570    
   180.0       3.579    
 END
