# 178 angles,  1 tensor ranks for 0=projectile
@subtitle   "20O + d Ex 6.5 as 1- from lit?;"                                               
@legend ON
@legend x1 0.2
@legend y1 0.8
@g0 type LOGY
@yaxis ticklabel format power
@xaxis label "Scattering angle (degrees)"
@yaxis label "Cross section (mb/sr)"
@legend string   0 "Partition=  1 Excit=  1 near/far= 1"
#legend string   0 "Lab energy =   70.0000"
@s0 linestyle   1
#  Theta       sigma       iT11        T20         T21         T22         Kyy for projectile
   3.000      0.2710E+05
   4.000      0.1161E+05
   5.000       8330.    
   6.000       6857.    
   7.000       5634.    
   8.000       4457.    
   9.000       3358.    
   10.00       2395.    
   11.00       1603.    
   12.00       994.6    
   13.00       562.2    
   14.00       282.8    
   15.00       126.1    
   16.00       59.39    
   17.00       51.97    
   18.00       77.60    
   19.00       116.1    
   20.00       153.4    
   21.00       181.3    
   22.00       196.1    
   23.00       197.8    
   24.00       188.4    
   25.00       171.1    
   26.00       149.3    
   27.00       126.1    
   28.00       103.9    
   29.00       84.42    
   30.00       68.47    
   31.00       56.25    
   32.00       47.46    
   33.00       41.54    
   34.00       37.74    
   35.00       35.36    
   36.00       33.74    
   37.00       32.39    
   38.00       30.97    
   39.00       29.28    
   40.00       27.26    
   41.00       24.94    
   42.00       22.41    
   43.00       19.79    
   44.00       17.20    
   45.00       14.74    
   46.00       12.50    
   47.00       10.53    
   48.00       8.856    
   49.00       7.470    
   50.00       6.351    
   51.00       5.464    
   52.00       4.769    
   53.00       4.222    
   54.00       3.784    
   55.00       3.423    
   56.00       3.111    
   57.00       2.830    
   58.00       2.568    
   59.00       2.317    
   60.00       2.076    
   61.00       1.845    
   62.00       1.627    
   63.00       1.424    
   64.00       1.238    
   65.00       1.073    
   66.00      0.9272    
   67.00      0.8021    
   68.00      0.6962    
   69.00      0.6078    
   70.00      0.5346    
   71.00      0.4741    
   72.00      0.4239    
   73.00      0.3817    
   74.00      0.3456    
   75.00      0.3139    
   76.00      0.2853    
   77.00      0.2590    
   78.00      0.2344    
   79.00      0.2112    
   80.00      0.1894    
   81.00      0.1689    
   82.00      0.1498    
   83.00      0.1323    
   84.00      0.1164    
   85.00      0.1021    
   86.00      0.8955E-01
   87.00      0.7861E-01
   88.00      0.6920E-01
   89.00      0.6117E-01
   90.00      0.5437E-01
   91.00      0.4863E-01
   92.00      0.4376E-01
   93.00      0.3960E-01
   94.00      0.3600E-01
   95.00      0.3283E-01
   96.00      0.2999E-01
   97.00      0.2739E-01
   98.00      0.2498E-01
   99.00      0.2271E-01
   100.0      0.2057E-01
   101.0      0.1855E-01
   102.0      0.1665E-01
   103.0      0.1486E-01
   104.0      0.1321E-01
   105.0      0.1168E-01
   106.0      0.1030E-01
   107.0      0.9057E-02
   108.0      0.7954E-02
   109.0      0.6985E-02
   110.0      0.6144E-02
   111.0      0.5421E-02
   112.0      0.4803E-02
   113.0      0.4277E-02
   114.0      0.3831E-02
   115.0      0.3452E-02
   116.0      0.3127E-02
   117.0      0.2846E-02
   118.0      0.2600E-02
   119.0      0.2381E-02
   120.0      0.2183E-02
   121.0      0.2000E-02
   122.0      0.1830E-02
   123.0      0.1670E-02
   124.0      0.1519E-02
   125.0      0.1376E-02
   126.0      0.1241E-02
   127.0      0.1115E-02
   128.0      0.9974E-03
   129.0      0.8889E-03
   130.0      0.7897E-03
   131.0      0.6998E-03
   132.0      0.6192E-03
   133.0      0.5478E-03
   134.0      0.4849E-03
   135.0      0.4302E-03
   136.0      0.3829E-03
   137.0      0.3422E-03
   138.0      0.3073E-03
   139.0      0.2776E-03
   140.0      0.2521E-03
   141.0      0.2302E-03
   142.0      0.2114E-03
   143.0      0.1950E-03
   144.0      0.1806E-03
   145.0      0.1678E-03
   146.0      0.1564E-03
   147.0      0.1460E-03
   148.0      0.1366E-03
   149.0      0.1280E-03
   150.0      0.1200E-03
   151.0      0.1126E-03
   152.0      0.1057E-03
   153.0      0.9908E-04
   154.0      0.9278E-04
   155.0      0.8672E-04
   156.0      0.8082E-04
   157.0      0.7507E-04
   158.0      0.6946E-04
   159.0      0.6399E-04
   160.0      0.5872E-04
   161.0      0.5372E-04
   162.0      0.4909E-04
   163.0      0.4493E-04
   164.0      0.4137E-04
   165.0      0.3852E-04
   166.0      0.3648E-04
   167.0      0.3532E-04
   168.0      0.3509E-04
   169.0      0.3577E-04
   170.0      0.3731E-04
   171.0      0.3961E-04
   172.0      0.4253E-04
   173.0      0.4587E-04
   174.0      0.4941E-04
   175.0      0.5294E-04
   176.0      0.5621E-04
   177.0      0.5901E-04
   178.0      0.6115E-04
   179.0      0.6250E-04
   180.0      0.6296E-04
 END
@legend string   1 "Partition=  1 Excit=  2 near/far= 1"
#legend string   0 "Lab energy =   70.0000"
@s1 linestyle   2
#  Theta       sigma       iT11        T20         T21         T22         Kyy for projectile
   3.000      0.2386    
   4.000      0.3652    
   5.000      0.4954    
   6.000      0.6066    
   7.000      0.6794    
   8.000      0.7024    
   9.000      0.6750    
   10.00      0.6056    
   11.00      0.5083    
   12.00      0.3983    
   13.00      0.2903    
   14.00      0.1962    
   15.00      0.1248    
   16.00      0.8079E-01
   17.00      0.6438E-01
   18.00      0.7167E-01
   19.00      0.9599E-01
   20.00      0.1296    
   21.00      0.1654    
   22.00      0.1973    
   23.00      0.2211    
   24.00      0.2344    
   25.00      0.2368    
   26.00      0.2293    
   27.00      0.2143    
   28.00      0.1947    
   29.00      0.1735    
   30.00      0.1530    
   31.00      0.1350    
   32.00      0.1208    
   33.00      0.1107    
   34.00      0.1046    
   35.00      0.1017    
   36.00      0.1009    
   37.00      0.1012    
   38.00      0.1016    
   39.00      0.1013    
   40.00      0.9977E-01
   41.00      0.9682E-01
   42.00      0.9234E-01
   43.00      0.8648E-01
   44.00      0.7956E-01
   45.00      0.7198E-01
   46.00      0.6419E-01
   47.00      0.5657E-01
   48.00      0.4943E-01
   49.00      0.4299E-01
   50.00      0.3740E-01
   51.00      0.3270E-01
   52.00      0.2887E-01
   53.00      0.2581E-01
   54.00      0.2338E-01
   55.00      0.2144E-01
   56.00      0.1984E-01
   57.00      0.1848E-01
   58.00      0.1724E-01
   59.00      0.1606E-01
   60.00      0.1488E-01
   61.00      0.1368E-01
   62.00      0.1246E-01
   63.00      0.1125E-01
   64.00      0.1004E-01
   65.00      0.8884E-02
   66.00      0.7789E-02
   67.00      0.6782E-02
   68.00      0.5881E-02
   69.00      0.5097E-02
   70.00      0.4428E-02
   71.00      0.3868E-02
   72.00      0.3404E-02
   73.00      0.3025E-02
   74.00      0.2717E-02
   75.00      0.2463E-02
   76.00      0.2250E-02
   77.00      0.2064E-02
   78.00      0.1897E-02
   79.00      0.1744E-02
   80.00      0.1601E-02
   81.00      0.1464E-02
   82.00      0.1330E-02
   83.00      0.1198E-02
   84.00      0.1070E-02
   85.00      0.9483E-03
   86.00      0.8362E-03
   87.00      0.7349E-03
   88.00      0.6446E-03
   89.00      0.5653E-03
   90.00      0.4968E-03
   91.00      0.4389E-03
   92.00      0.3907E-03
   93.00      0.3507E-03
   94.00      0.3171E-03
   95.00      0.2888E-03
   96.00      0.2649E-03
   97.00      0.2448E-03
   98.00      0.2276E-03
   99.00      0.2120E-03
   100.0      0.1970E-03
   101.0      0.1820E-03
   102.0      0.1671E-03
   103.0      0.1525E-03
   104.0      0.1382E-03
   105.0      0.1244E-03
   106.0      0.1112E-03
   107.0      0.9879E-04
   108.0      0.8743E-04
   109.0      0.7725E-04
   110.0      0.6817E-04
   111.0      0.6007E-04
   112.0      0.5288E-04
   113.0      0.4667E-04
   114.0      0.4148E-04
   115.0      0.3726E-04
   116.0      0.3386E-04
   117.0      0.3112E-04
   118.0      0.2890E-04
   119.0      0.2708E-04
   120.0      0.2554E-04
   121.0      0.2410E-04
   122.0      0.2262E-04
   123.0      0.2106E-04
   124.0      0.1953E-04
   125.0      0.1811E-04
   126.0      0.1685E-04
   127.0      0.1568E-04
   128.0      0.1449E-04
   129.0      0.1320E-04
   130.0      0.1187E-04
   131.0      0.1058E-04
   132.0      0.9370E-05
   133.0      0.8269E-05
   134.0      0.7294E-05
   135.0      0.6461E-05
   136.0      0.5780E-05
   137.0      0.5252E-05
   138.0      0.4827E-05
   139.0      0.4426E-05
   140.0      0.4013E-05
   141.0      0.3626E-05
   142.0      0.3321E-05
   143.0      0.3122E-05
   144.0      0.3020E-05
   145.0      0.2969E-05
   146.0      0.2906E-05
   147.0      0.2810E-05
   148.0      0.2697E-05
   149.0      0.2578E-05
   150.0      0.2441E-05
   151.0      0.2298E-05
   152.0      0.2176E-05
   153.0      0.2085E-05
   154.0      0.2027E-05
   155.0      0.1995E-05
   156.0      0.1950E-05
   157.0      0.1850E-05
   158.0      0.1706E-05
   159.0      0.1567E-05
   160.0      0.1455E-05
   161.0      0.1371E-05
   162.0      0.1320E-05
   163.0      0.1291E-05
   164.0      0.1257E-05
   165.0      0.1226E-05
   166.0      0.1222E-05
   167.0      0.1222E-05
   168.0      0.1196E-05
   169.0      0.1174E-05
   170.0      0.1191E-05
   171.0      0.1241E-05
   172.0      0.1317E-05
   173.0      0.1427E-05
   174.0      0.1530E-05
   175.0      0.1573E-05
   176.0      0.1588E-05
   177.0      0.1635E-05
   178.0      0.1685E-05
   179.0      0.1682E-05
   180.0      0.1665E-05
 END
