# 181 angles,  1 tensor ranks for 0=projectile
@subtitle   "p+O20 1st ex with BG ;"                                                        
@legend ON
@legend x1 0.2
@legend y1 0.8
@g0 type LOGY
@yaxis ticklabel format power
@legend string   0 "Lab energy =   35.0000"
#legend string   0 "Partition=  1 Excit=  2 near/far= 1"
#  Theta       sigma       iT11        T20         T21         T22         Kyy for projectile
   0.000      0.1896    
   1.000      0.1919    
   2.000      0.1986    
   3.000      0.2096    
   4.000      0.2242    
   5.000      0.2419    
   6.000      0.2621    
   7.000      0.2839    
   8.000      0.3070    
   9.000      0.3309    
   10.00      0.3556    
   11.00      0.3809    
   12.00      0.4066    
   13.00      0.4324    
   14.00      0.4580    
   15.00      0.4830    
   16.00      0.5073    
   17.00      0.5311    
   18.00      0.5543    
   19.00      0.5771    
   20.00      0.5996    
   21.00      0.6217    
   22.00      0.6434    
   23.00      0.6647    
   24.00      0.6855    
   25.00      0.7058    
   26.00      0.7256    
   27.00      0.7445    
   28.00      0.7624    
   29.00      0.7790    
   30.00      0.7939    
   31.00      0.8068    
   32.00      0.8173    
   33.00      0.8252    
   34.00      0.8302    
   35.00      0.8319    
   36.00      0.8302    
   37.00      0.8248    
   38.00      0.8157    
   39.00      0.8028    
   40.00      0.7862    
   41.00      0.7660    
   42.00      0.7424    
   43.00      0.7156    
   44.00      0.6861    
   45.00      0.6540    
   46.00      0.6200    
   47.00      0.5843    
   48.00      0.5476    
   49.00      0.5103    
   50.00      0.4728    
   51.00      0.4356    
   52.00      0.3992    
   53.00      0.3640    
   54.00      0.3302    
   55.00      0.2983    
   56.00      0.2685    
   57.00      0.2411    
   58.00      0.2160    
   59.00      0.1935    
   60.00      0.1736    
   61.00      0.1563    
   62.00      0.1416    
   63.00      0.1292    
   64.00      0.1192    
   65.00      0.1113    
   66.00      0.1053    
   67.00      0.1011    
   68.00      0.9836E-01
   69.00      0.9694E-01
   70.00      0.9660E-01
   71.00      0.9710E-01
   72.00      0.9823E-01
   73.00      0.9979E-01
   74.00      0.1016    
   75.00      0.1034    
   76.00      0.1052    
   77.00      0.1068    
   78.00      0.1080    
   79.00      0.1089    
   80.00      0.1093    
   81.00      0.1091    
   82.00      0.1084    
   83.00      0.1072    
   84.00      0.1054    
   85.00      0.1031    
   86.00      0.1003    
   87.00      0.9705E-01
   88.00      0.9338E-01
   89.00      0.8935E-01
   90.00      0.8503E-01
   91.00      0.8047E-01
   92.00      0.7574E-01
   93.00      0.7089E-01
   94.00      0.6598E-01
   95.00      0.6107E-01
   96.00      0.5621E-01
   97.00      0.5145E-01
   98.00      0.4683E-01
   99.00      0.4238E-01
   100.0      0.3813E-01
   101.0      0.3412E-01
   102.0      0.3035E-01
   103.0      0.2685E-01
   104.0      0.2363E-01
   105.0      0.2069E-01
   106.0      0.1802E-01
   107.0      0.1564E-01
   108.0      0.1352E-01
   109.0      0.1167E-01
   110.0      0.1006E-01
   111.0      0.8690E-02
   112.0      0.7538E-02
   113.0      0.6589E-02
   114.0      0.5825E-02
   115.0      0.5228E-02
   116.0      0.4779E-02
   117.0      0.4461E-02
   118.0      0.4256E-02
   119.0      0.4147E-02
   120.0      0.4119E-02
   121.0      0.4157E-02
   122.0      0.4247E-02
   123.0      0.4376E-02
   124.0      0.4530E-02
   125.0      0.4701E-02
   126.0      0.4879E-02
   127.0      0.5056E-02
   128.0      0.5226E-02
   129.0      0.5383E-02
   130.0      0.5521E-02
   131.0      0.5636E-02
   132.0      0.5725E-02
   133.0      0.5788E-02
   134.0      0.5822E-02
   135.0      0.5827E-02
   136.0      0.5804E-02
   137.0      0.5753E-02
   138.0      0.5674E-02
   139.0      0.5568E-02
   140.0      0.5438E-02
   141.0      0.5287E-02
   142.0      0.5115E-02
   143.0      0.4926E-02
   144.0      0.4722E-02
   145.0      0.4505E-02
   146.0      0.4277E-02
   147.0      0.4042E-02
   148.0      0.3801E-02
   149.0      0.3558E-02
   150.0      0.3314E-02
   151.0      0.3072E-02
   152.0      0.2834E-02
   153.0      0.2600E-02
   154.0      0.2373E-02
   155.0      0.2154E-02
   156.0      0.1945E-02
   157.0      0.1747E-02
   158.0      0.1559E-02
   159.0      0.1384E-02
   160.0      0.1220E-02
   161.0      0.1069E-02
   162.0      0.9305E-03
   163.0      0.8045E-03
   164.0      0.6908E-03
   165.0      0.5890E-03
   166.0      0.4985E-03
   167.0      0.4187E-03
   168.0      0.3489E-03
   169.0      0.2885E-03
   170.0      0.2368E-03
   171.0      0.1931E-03
   172.0      0.1566E-03
   173.0      0.1262E-03
   174.0      0.1014E-03
   175.0      0.8157E-04
   176.0      0.6620E-04
   177.0      0.5493E-04
   178.0      0.4734E-04
   179.0      0.4302E-04
   180.0      0.4163E-04
 END
