# Fusion cross sections for ELAB=  70.000, ECM=  63.596
     0.0   1.735       1.753      0.1853E-01
     1.0   15.62       15.78      0.1613    
     2.0   26.11       26.36      0.2432    
     3.0   36.73       37.02      0.2873    
     4.0   47.52       47.81      0.2903    
     5.0   58.53       58.79      0.2574    
     6.0   69.73       69.93      0.1999    
     7.0   81.28       81.41      0.1313    
     8.0   92.68       92.77      0.8791E-01
     9.0   101.4       101.6      0.1193    
    10.0   103.7       104.0      0.3415    
    11.0   96.00       96.80      0.8040    
    12.0   78.64       79.97       1.329    
    13.0   57.25       58.85       1.592    
    14.0   38.14       39.59       1.451    
    15.0   24.05       25.15       1.096    
    16.0   14.71       15.45      0.7414    
    17.0   8.845       9.317      0.4720    
    18.0   5.267       5.558      0.2908    
    19.0   3.117       3.293      0.1759    
    20.0   1.837       1.943      0.1054    
    21.0   1.079       1.142      0.6273E-01
    22.0  0.6323      0.6696      0.3723E-01
    23.0  0.3695      0.3916      0.2205E-01
    24.0  0.2155      0.2285      0.1304E-01
    25.0  0.1254      0.1331      0.7711E-02
    26.0  0.7279E-01  0.7735E-01  0.4557E-02
    27.0  0.4218E-01  0.4488E-01  0.2692E-02
    28.0  0.2440E-01  0.2599E-01  0.1590E-02
    29.0  0.1409E-01  0.1503E-01  0.9389E-03
    30.0  0.8126E-02  0.8680E-02  0.5544E-03
    31.0  0.4678E-02  0.5005E-02  0.3274E-03
    32.0  0.2689E-02  0.2882E-02  0.1933E-03
    33.0  0.1543E-02  0.1658E-02  0.1141E-03
    34.0  0.8848E-03  0.9522E-03  0.6737E-04
    35.0  0.5065E-03  0.5463E-03  0.3977E-04
    36.0  0.2896E-03  0.3131E-03  0.2348E-04
    37.0  0.1654E-03  0.1793E-03  0.1386E-04
    38.0  0.9436E-04  0.1025E-03  0.8184E-05
    39.0  0.5377E-04  0.5860E-04  0.4831E-05
    40.0  0.3061E-04  0.3346E-04  0.2852E-05
    41.0  0.1740E-04  0.1909E-04  0.1684E-05
    42.0  0.9886E-05  0.1088E-04  0.9938E-06
    43.0  0.5610E-05  0.6197E-05  0.5866E-06
    44.0  0.3180E-05  0.3527E-05  0.3463E-06
    45.0  0.1801E-05  0.2006E-05  0.2044E-06
    46.0  0.1019E-05  0.1140E-05  0.1207E-06
    47.0  0.5762E-06  0.6475E-06  0.7122E-07
    48.0  0.3255E-06  0.3675E-06  0.4204E-07
    49.0  0.1837E-06  0.2085E-06  0.2481E-07
    50.0  0.1035E-06  0.1182E-06  0.1465E-07
    51.0  0.5832E-07  0.6696E-07  0.8645E-08
    52.0  0.3282E-07  0.3792E-07  0.5103E-08
    53.0  0.1845E-07  0.2146E-07  0.3012E-08
    54.0  0.1036E-07  0.1214E-07  0.1778E-08
    55.0  0.5816E-08  0.6865E-08  0.1049E-08
    56.0  0.3261E-08  0.3880E-08  0.6192E-09
    57.0  0.1826E-08  0.2192E-08  0.3655E-09
    58.0  0.1023E-08  0.1238E-08  0.2157E-09
    59.0  0.5717E-09  0.6990E-09  0.1273E-09
    60.0  0.3191E-09  0.3943E-09  0.7515E-10
 &
