# 178 angles,  1 tensor ranks for 0=projectile
@subtitle   "p+O20 1st with BG ;"                                                           
@legend ON
@legend x1 0.2
@legend y1 0.8
@g0 type LOGY
@yaxis ticklabel format power
@legend string   0 "Lab energy =   43.2700"
#legend string   0 "Partition=  1 Excit=  1 near/far= 1"
#  Theta       sigma       iT11        T20         T21         T22         Kyy for projectile
   3.000      0.7965E+05
   4.000      0.2230E+05
   5.000       8707.    
   6.000       4612.    
   7.000       3170.    
   8.000       2588.    
   9.000       2305.    
   10.00       2126.    
   11.00       1981.    
   12.00       1843.    
   13.00       1704.    
   14.00       1562.    
   15.00       1418.    
   16.00       1276.    
   17.00       1136.    
   18.00       1002.    
   19.00       874.6    
   20.00       755.7    
   21.00       646.3    
   22.00       546.7    
   23.00       457.3    
   24.00       378.1    
   25.00       308.9    
   26.00       249.1    
   27.00       198.3    
   28.00       155.7    
   29.00       120.5    
   30.00       92.07    
   31.00       69.48    
   32.00       51.97    
   33.00       38.79    
   34.00       29.20    
   35.00       22.57    
   36.00       18.28    
   37.00       15.82    
   38.00       14.71    
   39.00       14.58    
   40.00       15.09    
   41.00       15.97    
   42.00       17.02    
   43.00       18.06    
   44.00       18.98    
   45.00       19.70    
   46.00       20.17    
   47.00       20.37    
   48.00       20.29    
   49.00       19.94    
   50.00       19.35    
   51.00       18.55    
   52.00       17.58    
   53.00       16.47    
   54.00       15.27    
   55.00       14.00    
   56.00       12.71    
   57.00       11.42    
   58.00       10.16    
   59.00       8.946    
   60.00       7.804    
   61.00       6.742    
   62.00       5.771    
   63.00       4.894    
   64.00       4.115    
   65.00       3.432    
   66.00       2.843    
   67.00       2.343    
   68.00       1.927    
   69.00       1.586    
   70.00       1.313    
   71.00       1.101    
   72.00      0.9406    
   73.00      0.8246    
   74.00      0.7453    
   75.00      0.6956    
   76.00      0.6692    
   77.00      0.6601    
   78.00      0.6633    
   79.00      0.6744    
   80.00      0.6895    
   81.00      0.7058    
   82.00      0.7208    
   83.00      0.7325    
   84.00      0.7398    
   85.00      0.7416    
   86.00      0.7376    
   87.00      0.7277    
   88.00      0.7119    
   89.00      0.6906    
   90.00      0.6644    
   91.00      0.6338    
   92.00      0.5997    
   93.00      0.5628    
   94.00      0.5238    
   95.00      0.4835    
   96.00      0.4427    
   97.00      0.4020    
   98.00      0.3620    
   99.00      0.3233    
   100.0      0.2862    
   101.0      0.2511    
   102.0      0.2184    
   103.0      0.1883    
   104.0      0.1608    
   105.0      0.1361    
   106.0      0.1141    
   107.0      0.9482E-01
   108.0      0.7818E-01
   109.0      0.6404E-01
   110.0      0.5224E-01
   111.0      0.4261E-01
   112.0      0.3495E-01
   113.0      0.2906E-01
   114.0      0.2474E-01
   115.0      0.2177E-01
   116.0      0.1995E-01
   117.0      0.1910E-01
   118.0      0.1903E-01
   119.0      0.1957E-01
   120.0      0.2057E-01
   121.0      0.2190E-01
   122.0      0.2342E-01
   123.0      0.2505E-01
   124.0      0.2668E-01
   125.0      0.2825E-01
   126.0      0.2970E-01
   127.0      0.3098E-01
   128.0      0.3205E-01
   129.0      0.3291E-01
   130.0      0.3352E-01
   131.0      0.3388E-01
   132.0      0.3401E-01
   133.0      0.3389E-01
   134.0      0.3354E-01
   135.0      0.3298E-01
   136.0      0.3221E-01
   137.0      0.3126E-01
   138.0      0.3015E-01
   139.0      0.2888E-01
   140.0      0.2750E-01
   141.0      0.2600E-01
   142.0      0.2441E-01
   143.0      0.2275E-01
   144.0      0.2105E-01
   145.0      0.1931E-01
   146.0      0.1755E-01
   147.0      0.1580E-01
   148.0      0.1408E-01
   149.0      0.1239E-01
   150.0      0.1077E-01
   151.0      0.9216E-02
   152.0      0.7759E-02
   153.0      0.6411E-02
   154.0      0.5188E-02
   155.0      0.4102E-02
   156.0      0.3167E-02
   157.0      0.2391E-02
   158.0      0.1784E-02
   159.0      0.1350E-02
   160.0      0.1091E-02
   161.0      0.1007E-02
   162.0      0.1095E-02
   163.0      0.1347E-02
   164.0      0.1752E-02
   165.0      0.2298E-02
   166.0      0.2968E-02
   167.0      0.3743E-02
   168.0      0.4601E-02
   169.0      0.5520E-02
   170.0      0.6473E-02
   171.0      0.7436E-02
   172.0      0.8384E-02
   173.0      0.9290E-02
   174.0      0.1013E-01
   175.0      0.1089E-01
   176.0      0.1153E-01
   177.0      0.1205E-01
   178.0      0.1244E-01
   179.0      0.1267E-01
   180.0      0.1275E-01
 END
