# 178 angles,  1 tensor ranks for 0=projectile
@subtitle   "p+O20 3- E. Khan reanalysis;"                                                  
@legend ON
@legend x1 0.2
@legend y1 0.8
@g0 type LOGY
@yaxis ticklabel format power
@legend string   0 "Lab energy =   43.2700"
#legend string   0 "Partition=  1 Excit=  2 near/far= 1"
#  Theta       sigma       iT11        T20         T21         T22         Kyy for projectile
   3.000       3.834    
   4.000       4.125    
   5.000       4.483    
   6.000       4.897    
   7.000       5.357    
   8.000       5.852    
   9.000       6.374    
   10.00       6.916    
   11.00       7.473    
   12.00       8.042    
   13.00       8.618    
   14.00       9.199    
   15.00       9.785    
   16.00       10.38    
   17.00       10.98    
   18.00       11.58    
   19.00       12.20    
   20.00       12.84    
   21.00       13.48    
   22.00       14.12    
   23.00       14.77    
   24.00       15.41    
   25.00       16.03    
   26.00       16.63    
   27.00       17.20    
   28.00       17.71    
   29.00       18.17    
   30.00       18.54    
   31.00       18.84    
   32.00       19.03    
   33.00       19.12    
   34.00       19.10    
   35.00       18.96    
   36.00       18.71    
   37.00       18.35    
   38.00       17.87    
   39.00       17.30    
   40.00       16.62    
   41.00       15.87    
   42.00       15.04    
   43.00       14.16    
   44.00       13.24    
   45.00       12.30    
   46.00       11.34    
   47.00       10.39    
   48.00       9.450    
   49.00       8.543    
   50.00       7.676    
   51.00       6.860    
   52.00       6.100    
   53.00       5.404    
   54.00       4.774    
   55.00       4.214    
   56.00       3.723    
   57.00       3.301    
   58.00       2.946    
   59.00       2.653    
   60.00       2.417    
   61.00       2.235    
   62.00       2.099    
   63.00       2.005    
   64.00       1.944    
   65.00       1.911    
   66.00       1.901    
   67.00       1.906    
   68.00       1.922    
   69.00       1.943    
   70.00       1.966    
   71.00       1.987    
   72.00       2.002    
   73.00       2.010    
   74.00       2.008    
   75.00       1.995    
   76.00       1.971    
   77.00       1.935    
   78.00       1.888    
   79.00       1.830    
   80.00       1.762    
   81.00       1.685    
   82.00       1.601    
   83.00       1.510    
   84.00       1.415    
   85.00       1.317    
   86.00       1.217    
   87.00       1.117    
   88.00       1.018    
   89.00      0.9212    
   90.00      0.8274    
   91.00      0.7379    
   92.00      0.6532    
   93.00      0.5739    
   94.00      0.5006    
   95.00      0.4334    
   96.00      0.3726    
   97.00      0.3182    
   98.00      0.2701    
   99.00      0.2281    
   100.0      0.1921    
   101.0      0.1616    
   102.0      0.1363    
   103.0      0.1157    
   104.0      0.9948E-01
   105.0      0.8712E-01
   106.0      0.7817E-01
   107.0      0.7216E-01
   108.0      0.6865E-01
   109.0      0.6720E-01
   110.0      0.6743E-01
   111.0      0.6895E-01
   112.0      0.7144E-01
   113.0      0.7458E-01
   114.0      0.7811E-01
   115.0      0.8179E-01
   116.0      0.8543E-01
   117.0      0.8886E-01
   118.0      0.9193E-01
   119.0      0.9456E-01
   120.0      0.9667E-01
   121.0      0.9821E-01
   122.0      0.9915E-01
   123.0      0.9947E-01
   124.0      0.9919E-01
   125.0      0.9832E-01
   126.0      0.9690E-01
   127.0      0.9496E-01
   128.0      0.9257E-01
   129.0      0.8976E-01
   130.0      0.8659E-01
   131.0      0.8313E-01
   132.0      0.7942E-01
   133.0      0.7552E-01
   134.0      0.7148E-01
   135.0      0.6736E-01
   136.0      0.6320E-01
   137.0      0.5904E-01
   138.0      0.5493E-01
   139.0      0.5090E-01
   140.0      0.4697E-01
   141.0      0.4318E-01
   142.0      0.3955E-01
   143.0      0.3609E-01
   144.0      0.3282E-01
   145.0      0.2975E-01
   146.0      0.2689E-01
   147.0      0.2424E-01
   148.0      0.2180E-01
   149.0      0.1958E-01
   150.0      0.1758E-01
   151.0      0.1578E-01
   152.0      0.1418E-01
   153.0      0.1279E-01
   154.0      0.1158E-01
   155.0      0.1055E-01
   156.0      0.9693E-02
   157.0      0.8995E-02
   158.0      0.8446E-02
   159.0      0.8035E-02
   160.0      0.7751E-02
   161.0      0.7581E-02
   162.0      0.7514E-02
   163.0      0.7537E-02
   164.0      0.7638E-02
   165.0      0.7805E-02
   166.0      0.8027E-02
   167.0      0.8291E-02
   168.0      0.8588E-02
   169.0      0.8905E-02
   170.0      0.9234E-02
   171.0      0.9563E-02
   172.0      0.9884E-02
   173.0      0.1019E-01
   174.0      0.1047E-01
   175.0      0.1071E-01
   176.0      0.1093E-01
   177.0      0.1110E-01
   178.0      0.1122E-01
   179.0      0.1130E-01
   180.0      0.1132E-01
 END
