# 178 angles,  1 tensor ranks for 0=projectile
@subtitle   "20O + d Ex 7.639 3-;"                                                          
@legend ON
@legend x1 0.2
@legend y1 0.8
@g0 type LOGY
@yaxis ticklabel format power
@legend string   0 "Lab energy =   70.0000"
#legend string   0 "Partition=  1 Excit=  2 near/far= 1"
#  Theta       sigma       iT11        T20         T21         T22         Kyy for projectile
   3.000       21.51    
   4.000       24.95    
   5.000       28.57    
   6.000       32.01    
   7.000       35.07    
   8.000       37.68    
   9.000       39.97    
   10.00       42.15    
   11.00       44.45    
   12.00       47.00    
   13.00       49.82    
   14.00       52.77    
   15.00       55.57    
   16.00       57.87    
   17.00       59.31    
   18.00       59.58    
   19.00       58.50    
   20.00       56.05    
   21.00       52.36    
   22.00       47.70    
   23.00       42.44    
   24.00       36.97    
   25.00       31.70    
   26.00       26.96    
   27.00       23.00    
   28.00       19.95    
   29.00       17.84    
   30.00       16.60    
   31.00       16.08    
   32.00       16.08    
   33.00       16.40    
   34.00       16.83    
   35.00       17.20    
   36.00       17.37    
   37.00       17.27    
   38.00       16.87    
   39.00       16.18    
   40.00       15.25    
   41.00       14.13    
   42.00       12.92    
   43.00       11.68    
   44.00       10.47    
   45.00       9.357    
   46.00       8.364    
   47.00       7.511    
   48.00       6.799    
   49.00       6.215    
   50.00       5.740    
   51.00       5.349    
   52.00       5.018    
   53.00       4.721    
   54.00       4.440    
   55.00       4.159    
   56.00       3.871    
   57.00       3.572    
   58.00       3.262    
   59.00       2.947    
   60.00       2.632    
   61.00       2.325    
   62.00       2.033    
   63.00       1.762    
   64.00       1.517    
   65.00       1.301    
   66.00       1.114    
   67.00      0.9564    
   68.00      0.8258    
   69.00      0.7194    
   70.00      0.6337    
   71.00      0.5648    
   72.00      0.5090    
   73.00      0.4630    
   74.00      0.4239    
   75.00      0.3894    
   76.00      0.3578    
   77.00      0.3279    
   78.00      0.2991    
   79.00      0.2711    
   80.00      0.2441    
   81.00      0.2181    
   82.00      0.1935    
   83.00      0.1706    
   84.00      0.1496    
   85.00      0.1308    
   86.00      0.1143    
   87.00      0.9992E-01
   88.00      0.8767E-01
   89.00      0.7735E-01
   90.00      0.6871E-01
   91.00      0.6153E-01
   92.00      0.5552E-01
   93.00      0.5045E-01
   94.00      0.4609E-01
   95.00      0.4225E-01
   96.00      0.3877E-01
   97.00      0.3556E-01
   98.00      0.3255E-01
   99.00      0.2968E-01
   100.0      0.2694E-01
   101.0      0.2434E-01
   102.0      0.2189E-01
   103.0      0.1960E-01
   104.0      0.1751E-01
   105.0      0.1562E-01
   106.0      0.1395E-01
   107.0      0.1248E-01
   108.0      0.1123E-01
   109.0      0.1017E-01
   110.0      0.9285E-02
   111.0      0.8555E-02
   112.0      0.7953E-02
   113.0      0.7453E-02
   114.0      0.7033E-02
   115.0      0.6670E-02
   116.0      0.6343E-02
   117.0      0.6033E-02
   118.0      0.5728E-02
   119.0      0.5418E-02
   120.0      0.5101E-02
   121.0      0.4774E-02
   122.0      0.4438E-02
   123.0      0.4096E-02
   124.0      0.3752E-02
   125.0      0.3412E-02
   126.0      0.3082E-02
   127.0      0.2764E-02
   128.0      0.2465E-02
   129.0      0.2186E-02
   130.0      0.1931E-02
   131.0      0.1703E-02
   132.0      0.1505E-02
   133.0      0.1335E-02
   134.0      0.1192E-02
   135.0      0.1075E-02
   136.0      0.9793E-03
   137.0      0.9038E-03
   138.0      0.8450E-03
   139.0      0.7993E-03
   140.0      0.7638E-03
   141.0      0.7361E-03
   142.0      0.7146E-03
   143.0      0.6980E-03
   144.0      0.6841E-03
   145.0      0.6704E-03
   146.0      0.6548E-03
   147.0      0.6361E-03
   148.0      0.6145E-03
   149.0      0.5910E-03
   150.0      0.5666E-03
   151.0      0.5417E-03
   152.0      0.5163E-03
   153.0      0.4902E-03
   154.0      0.4634E-03
   155.0      0.4363E-03
   156.0      0.4097E-03
   157.0      0.3838E-03
   158.0      0.3592E-03
   159.0      0.3361E-03
   160.0      0.3150E-03
   161.0      0.2962E-03
   162.0      0.2795E-03
   163.0      0.2647E-03
   164.0      0.2515E-03
   165.0      0.2395E-03
   166.0      0.2291E-03
   167.0      0.2202E-03
   168.0      0.2133E-03
   169.0      0.2081E-03
   170.0      0.2046E-03
   171.0      0.2025E-03
   172.0      0.2016E-03
   173.0      0.2018E-03
   174.0      0.2026E-03
   175.0      0.2036E-03
   176.0      0.2042E-03
   177.0      0.2040E-03
   178.0      0.2033E-03
   179.0      0.2026E-03
   180.0      0.2023E-03
 END
