# 178 angles,  1 tensor ranks for 0=projectile
@subtitle   "20O + d 3-?;"                                                                  
@legend ON
@legend x1 0.2
@legend y1 0.8
@g0 type LOGY
@yaxis ticklabel format power
@legend string   0 "Lab energy =   70.0000"
#legend string   0 "Partition=  1 Excit=  2 near/far= 1"
#  Theta       sigma       iT11        T20         T21         T22         Kyy for projectile
   3.000       1.474    
   4.000       1.777    
   5.000       2.090    
   6.000       2.381    
   7.000       2.632    
   8.000       2.842    
   9.000       3.022    
   10.00       3.193    
   11.00       3.377    
   12.00       3.587    
   13.00       3.824    
   14.00       4.075    
   15.00       4.317    
   16.00       4.519    
   17.00       4.648    
   18.00       4.680    
   19.00       4.599    
   20.00       4.403    
   21.00       4.105    
   22.00       3.728    
   23.00       3.303    
   24.00       2.865    
   25.00       2.446    
   26.00       2.074    
   27.00       1.768    
   28.00       1.539    
   29.00       1.386    
   30.00       1.302    
   31.00       1.275    
   32.00       1.286    
   33.00       1.319    
   34.00       1.357    
   35.00       1.385    
   36.00       1.395    
   37.00       1.381    
   38.00       1.341    
   39.00       1.278    
   40.00       1.196    
   41.00       1.101    
   42.00      0.9992    
   43.00      0.8970    
   44.00      0.7996    
   45.00      0.7107    
   46.00      0.6329    
   47.00      0.5669    
   48.00      0.5125    
   49.00      0.4685    
   50.00      0.4328    
   51.00      0.4035    
   52.00      0.3784    
   53.00      0.3557    
   54.00      0.3337    
   55.00      0.3116    
   56.00      0.2886    
   57.00      0.2648    
   58.00      0.2403    
   59.00      0.2155    
   60.00      0.1910    
   61.00      0.1674    
   62.00      0.1452    
   63.00      0.1249    
   64.00      0.1068    
   65.00      0.9106E-01
   66.00      0.7765E-01
   67.00      0.6650E-01
   68.00      0.5741E-01
   69.00      0.5009E-01
   70.00      0.4426E-01
   71.00      0.3960E-01
   72.00      0.3582E-01
   73.00      0.3268E-01
   74.00      0.2997E-01
   75.00      0.2753E-01
   76.00      0.2524E-01
   77.00      0.2305E-01
   78.00      0.2092E-01
   79.00      0.1885E-01
   80.00      0.1685E-01
   81.00      0.1495E-01
   82.00      0.1316E-01
   83.00      0.1152E-01
   84.00      0.1004E-01
   85.00      0.8729E-02
   86.00      0.7592E-02
   87.00      0.6621E-02
   88.00      0.5804E-02
   89.00      0.5124E-02
   90.00      0.4560E-02
   91.00      0.4093E-02
   92.00      0.3703E-02
   93.00      0.3371E-02
   94.00      0.3082E-02
   95.00      0.2822E-02
   96.00      0.2584E-02
   97.00      0.2361E-02
   98.00      0.2149E-02
   99.00      0.1947E-02
   100.0      0.1755E-02
   101.0      0.1573E-02
   102.0      0.1404E-02
   103.0      0.1248E-02
   104.0      0.1108E-02
   105.0      0.9834E-03
   106.0      0.8749E-03
   107.0      0.7821E-03
   108.0      0.7040E-03
   109.0      0.6395E-03
   110.0      0.5866E-03
   111.0      0.5434E-03
   112.0      0.5079E-03
   113.0      0.4783E-03
   114.0      0.4529E-03
   115.0      0.4302E-03
   116.0      0.4089E-03
   117.0      0.3880E-03
   118.0      0.3668E-03
   119.0      0.3449E-03
   120.0      0.3223E-03
   121.0      0.2990E-03
   122.0      0.2752E-03
   123.0      0.2513E-03
   124.0      0.2276E-03
   125.0      0.2046E-03
   126.0      0.1827E-03
   127.0      0.1620E-03
   128.0      0.1430E-03
   129.0      0.1256E-03
   130.0      0.1101E-03
   131.0      0.9661E-04
   132.0      0.8508E-04
   133.0      0.7543E-04
   134.0      0.6753E-04
   135.0      0.6119E-04
   136.0      0.5621E-04
   137.0      0.5239E-04
   138.0      0.4950E-04
   139.0      0.4732E-04
   140.0      0.4563E-04
   141.0      0.4428E-04
   142.0      0.4317E-04
   143.0      0.4221E-04
   144.0      0.4131E-04
   145.0      0.4035E-04
   146.0      0.3922E-04
   147.0      0.3789E-04
   148.0      0.3636E-04
   149.0      0.3470E-04
   150.0      0.3296E-04
   151.0      0.3118E-04
   152.0      0.2936E-04
   153.0      0.2752E-04
   154.0      0.2569E-04
   155.0      0.2392E-04
   156.0      0.2223E-04
   157.0      0.2064E-04
   158.0      0.1916E-04
   159.0      0.1781E-04
   160.0      0.1663E-04
   161.0      0.1561E-04
   162.0      0.1477E-04
   163.0      0.1409E-04
   164.0      0.1354E-04
   165.0      0.1311E-04
   166.0      0.1278E-04
   167.0      0.1257E-04
   168.0      0.1247E-04
   169.0      0.1247E-04
   170.0      0.1256E-04
   171.0      0.1271E-04
   172.0      0.1292E-04
   173.0      0.1317E-04
   174.0      0.1343E-04
   175.0      0.1368E-04
   176.0      0.1389E-04
   177.0      0.1403E-04
   178.0      0.1412E-04
   179.0      0.1416E-04
   180.0      0.1417E-04
 END
