# 178 angles,  1 tensor ranks for 0=projectile
@subtitle   "20O(d,t) @ 30AMeV Haixia (d) + Pang (t)"                                       
@legend ON
@legend x1 0.2
@legend y1 0.8
@g0 type LOGY
@yaxis ticklabel format power
@legend string   0 "Lab energy =   70.0000"
#legend string   0 "Partition=  2 Excit=  1 near/far= 1"
#  Theta       sigma       iT11        T20         T21         T22         Kyy for projectile
   3.000       16.61    
   4.000       11.90    
   5.000       7.530    
   6.000       4.115    
   7.000       1.939    
   8.000      0.9749    
   9.000      0.9525    
   10.00       1.483    
   11.00       2.180    
   12.00       2.750    
   13.00       3.030    
   14.00       2.989    
   15.00       2.691    
   16.00       2.252    
   17.00       1.793    
   18.00       1.411    
   19.00       1.163    
   20.00       1.061    
   21.00       1.085    
   22.00       1.193    
   23.00       1.337    
   24.00       1.472    
   25.00       1.566    
   26.00       1.601    
   27.00       1.572    
   28.00       1.487    
   29.00       1.358    
   30.00       1.203    
   31.00       1.036    
   32.00      0.8719    
   33.00      0.7205    
   34.00      0.5882    
   35.00      0.4778    
   36.00      0.3897    
   37.00      0.3223    
   38.00      0.2729    
   39.00      0.2384    
   40.00      0.2157    
   41.00      0.2018    
   42.00      0.1940    
   43.00      0.1899    
   44.00      0.1878    
   45.00      0.1862    
   46.00      0.1838    
   47.00      0.1800    
   48.00      0.1742    
   49.00      0.1665    
   50.00      0.1570    
   51.00      0.1460    
   52.00      0.1339    
   53.00      0.1215    
   54.00      0.1091    
   55.00      0.9731E-01
   56.00      0.8650E-01
   57.00      0.7690E-01
   58.00      0.6866E-01
   59.00      0.6176E-01
   60.00      0.5611E-01
   61.00      0.5151E-01
   62.00      0.4777E-01
   63.00      0.4463E-01
   64.00      0.4188E-01
   65.00      0.3935E-01
   66.00      0.3688E-01
   67.00      0.3439E-01
   68.00      0.3183E-01
   69.00      0.2921E-01
   70.00      0.2654E-01
   71.00      0.2388E-01
   72.00      0.2129E-01
   73.00      0.1881E-01
   74.00      0.1651E-01
   75.00      0.1441E-01
   76.00      0.1254E-01
   77.00      0.1092E-01
   78.00      0.9525E-02
   79.00      0.8351E-02
   80.00      0.7371E-02
   81.00      0.6556E-02
   82.00      0.5878E-02
   83.00      0.5305E-02
   84.00      0.4814E-02
   85.00      0.4382E-02
   86.00      0.3992E-02
   87.00      0.3631E-02
   88.00      0.3292E-02
   89.00      0.2970E-02
   90.00      0.2664E-02
   91.00      0.2372E-02
   92.00      0.2098E-02
   93.00      0.1841E-02
   94.00      0.1605E-02
   95.00      0.1391E-02
   96.00      0.1199E-02
   97.00      0.1029E-02
   98.00      0.8798E-03
   99.00      0.7513E-03
   100.0      0.6413E-03
   101.0      0.5479E-03
   102.0      0.4689E-03
   103.0      0.4023E-03
   104.0      0.3461E-03
   105.0      0.2985E-03
   106.0      0.2580E-03
   107.0      0.2232E-03
   108.0      0.1931E-03
   109.0      0.1669E-03
   110.0      0.1440E-03
   111.0      0.1239E-03
   112.0      0.1062E-03
   113.0      0.9082E-04
   114.0      0.7741E-04
   115.0      0.6585E-04
   116.0      0.5599E-04
   117.0      0.4767E-04
   118.0      0.4074E-04
   119.0      0.3504E-04
   120.0      0.3040E-04
   121.0      0.2668E-04
   122.0      0.2370E-04
   123.0      0.2132E-04
   124.0      0.1940E-04
   125.0      0.1784E-04
   126.0      0.1652E-04
   127.0      0.1537E-04
   128.0      0.1433E-04
   129.0      0.1336E-04
   130.0      0.1242E-04
   131.0      0.1151E-04
   132.0      0.1062E-04
   133.0      0.9752E-05
   134.0      0.8915E-05
   135.0      0.8120E-05
   136.0      0.7378E-05
   137.0      0.6698E-05
   138.0      0.6089E-05
   139.0      0.5556E-05
   140.0      0.5101E-05
   141.0      0.4724E-05
   142.0      0.4421E-05
   143.0      0.4187E-05
   144.0      0.4014E-05
   145.0      0.3894E-05
   146.0      0.3818E-05
   147.0      0.3775E-05
   148.0      0.3757E-05
   149.0      0.3753E-05
   150.0      0.3753E-05
   151.0      0.3751E-05
   152.0      0.3737E-05
   153.0      0.3707E-05
   154.0      0.3653E-05
   155.0      0.3573E-05
   156.0      0.3464E-05
   157.0      0.3325E-05
   158.0      0.3156E-05
   159.0      0.2960E-05
   160.0      0.2741E-05
   161.0      0.2504E-05
   162.0      0.2257E-05
   163.0      0.2006E-05
   164.0      0.1759E-05
   165.0      0.1526E-05
   166.0      0.1312E-05
   167.0      0.1125E-05
   168.0      0.9695E-06
   169.0      0.8489E-06
   170.0      0.7641E-06
   171.0      0.7143E-06
   172.0      0.6963E-06
   173.0      0.7052E-06
   174.0      0.7345E-06
   175.0      0.7772E-06
   176.0      0.8255E-06
   177.0      0.8722E-06
   178.0      0.9106E-06
   179.0      0.9357E-06
   180.0      0.9445E-06
 END
