# Fusion cross sections for ELAB=  70.000, ECM=  63.596
     0.0   1.735     -1
     1.0   10.41      1
     1.0   15.61     -1
     2.0   8.692      1
     2.0   26.09     -1
     3.0   24.46      1
     3.0   36.68     -1
     4.0   15.80      1
     4.0   47.42     -1
     5.0   38.95      1
     5.0   58.39     -1
     6.0   23.20      1
     6.0   69.55     -1
     7.0   54.09      1
     7.0   81.07     -1
     8.0   30.95      1
     8.0   92.48     -1
     9.0   66.35      1
     9.0   101.2     -1
    10.0   36.27      1
    10.0   103.6     -1
    11.0   63.40      1
    11.0   96.24     -1
    12.0   25.79      1
    12.0   79.31     -1
    13.0   40.06      1
    13.0   58.17     -1
    14.0   11.82      1
    14.0   39.00     -1
    15.0   17.31      1
    15.0   24.71     -1
    16.0   4.516      1
    16.0   15.15     -1
    17.0   6.415      1
    17.0   9.134     -1
    18.0   1.624      1
    18.0   5.452     -1
    19.0   2.270      1
    19.0   3.234     -1
    20.0  0.5701      1
    20.0   1.910     -1
    21.0  0.7889      1
    21.0   1.125     -1
    22.0  0.1972      1
    22.0  0.6603     -1
    23.0  0.2712      1
    23.0  0.3867     -1
    24.0  0.6752E-01  1
    24.0  0.2260     -1
    25.0  0.9237E-01  1
    25.0  0.1317     -1
    26.0  0.2291E-01  1
    26.0  0.7665E-01 -1
    27.0  0.3122E-01  1
    27.0  0.4452E-01 -1
    28.0  0.7710E-02  1
    28.0  0.2581E-01 -1
    29.0  0.1047E-01  1
    29.0  0.1494E-01 -1
    30.0  0.2578E-02  1
    30.0  0.8631E-02 -1
    31.0  0.3493E-02  1
    31.0  0.4980E-02 -1
    32.0  0.8568E-03  1
    32.0  0.2869E-02 -1
    33.0  0.1158E-02  1
    33.0  0.1651E-02 -1
    34.0  0.2832E-03  1
    34.0  0.9488E-03 -1
    35.0  0.3821E-03  1
    35.0  0.5446E-03 -1
    36.0  0.9320E-04  1
    36.0  0.3123E-03 -1
    37.0  0.1255E-03  1
    37.0  0.1789E-03 -1
    38.0  0.3053E-04  1
    38.0  0.1023E-03 -1
    39.0  0.4104E-04  1
    39.0  0.5850E-04 -1
    40.0  0.9966E-05  1
    40.0  0.3341E-04 -1
    41.0  0.1338E-04  1
    41.0  0.1906E-04 -1
    42.0  0.3242E-05  1
    42.0  0.1087E-04 -1
    43.0  0.4345E-05  1
    43.0  0.6191E-05 -1
    44.0  0.1051E-05  1
    44.0  0.3524E-05 -1
    45.0  0.1407E-05  1
    45.0  0.2005E-05 -1
    46.0  0.3398E-06  1
    46.0  0.1140E-05 -1
    47.0  0.4543E-06  1
    47.0  0.6473E-06 -1
    48.0  0.1095E-06  1
    48.0  0.3675E-06 -1
    49.0  0.1463E-06  1
    49.0  0.2085E-06 -1
    50.0  0.3523E-07  1
    50.0  0.1182E-06 -1
    51.0  0.4702E-07  1
    51.0  0.6698E-07 -1
    52.0  0.1131E-07  1
    52.0  0.3793E-07 -1
    53.0  0.1508E-07  1
    53.0  0.2147E-07 -1
    54.0  0.3620E-08  1
    54.0  0.1215E-07 -1
    55.0  0.4823E-08  1
    55.0  0.6870E-08 -1
    56.0  0.1156E-08  1
    56.0  0.3883E-08 -1
    57.0  0.1541E-08  1
    57.0  0.2195E-08 -1
    58.0  0.3687E-09  1
    58.0  0.1239E-08 -1
    59.0  0.4913E-09  1
    59.0  0.6995E-09 -1
    60.0  0.1178E-09  1
    60.0  0.3949E-09 -1
 &
