# 178 angles,  1 tensor ranks for 0=projectile
@subtitle   "20O + d Ex 7.639 3-;"                                                          
@legend ON
@legend x1 0.2
@legend y1 0.8
@g0 type LOGY
@yaxis ticklabel format power
@legend string   0 "Lab energy =   70.0000"
#legend string   0 "Partition=  1 Excit=  2 near/far= 1"
#  Theta       sigma       iT11        T20         T21         T22         Kyy for projectile
   3.000       5.029    
   4.000       5.819    
   5.000       6.668    
   6.000       7.487    
   7.000       8.217    
   8.000       8.839    
   9.000       9.380    
   10.00       9.890    
   11.00       10.42    
   12.00       11.02    
   13.00       11.68    
   14.00       12.38    
   15.00       13.05    
   16.00       13.60    
   17.00       13.95    
   18.00       14.03    
   19.00       13.78    
   20.00       13.21    
   21.00       12.34    
   22.00       11.25    
   23.00       10.00    
   24.00       8.713    
   25.00       7.467    
   26.00       6.346    
   27.00       5.407    
   28.00       4.684    
   29.00       4.185    
   30.00       3.891    
   31.00       3.769    
   32.00       3.772    
   33.00       3.850    
   34.00       3.954    
   35.00       4.042    
   36.00       4.085    
   37.00       4.063    
   38.00       3.970    
   39.00       3.807    
   40.00       3.587    
   41.00       3.324    
   42.00       3.036    
   43.00       2.742    
   44.00       2.457    
   45.00       2.194    
   46.00       1.959    
   47.00       1.758    
   48.00       1.590    
   49.00       1.453    
   50.00       1.342    
   51.00       1.251    
   52.00       1.174    
   53.00       1.105    
   54.00       1.039    
   55.00      0.9741    
   56.00      0.9069    
   57.00      0.8369    
   58.00      0.7644    
   59.00      0.6904    
   60.00      0.6164    
   61.00      0.5442    
   62.00      0.4756    
   63.00      0.4119    
   64.00      0.3542    
   65.00      0.3033    
   66.00      0.2595    
   67.00      0.2225    
   68.00      0.1919    
   69.00      0.1671    
   70.00      0.1471    
   71.00      0.1311    
   72.00      0.1182    
   73.00      0.1076    
   74.00      0.9861E-01
   75.00      0.9067E-01
   76.00      0.8337E-01
   77.00      0.7645E-01
   78.00      0.6976E-01
   79.00      0.6325E-01
   80.00      0.5693E-01
   81.00      0.5085E-01
   82.00      0.4509E-01
   83.00      0.3972E-01
   84.00      0.3480E-01
   85.00      0.3040E-01
   86.00      0.2652E-01
   87.00      0.2317E-01
   88.00      0.2032E-01
   89.00      0.1792E-01
   90.00      0.1592E-01
   91.00      0.1426E-01
   92.00      0.1288E-01
   93.00      0.1172E-01
   94.00      0.1073E-01
   95.00      0.9852E-02
   96.00      0.9058E-02
   97.00      0.8324E-02
   98.00      0.7630E-02
   99.00      0.6968E-02
   100.0      0.6331E-02
   101.0      0.5721E-02
   102.0      0.5143E-02
   103.0      0.4605E-02
   104.0      0.4112E-02
   105.0      0.3666E-02
   106.0      0.3269E-02
   107.0      0.2923E-02
   108.0      0.2626E-02
   109.0      0.2377E-02
   110.0      0.2171E-02
   111.0      0.2001E-02
   112.0      0.1862E-02
   113.0      0.1747E-02
   114.0      0.1653E-02
   115.0      0.1573E-02
   116.0      0.1501E-02
   117.0      0.1433E-02
   118.0      0.1365E-02
   119.0      0.1295E-02
   120.0      0.1223E-02
   121.0      0.1148E-02
   122.0      0.1069E-02
   123.0      0.9892E-03
   124.0      0.9079E-03
   125.0      0.8272E-03
   126.0      0.7483E-03
   127.0      0.6722E-03
   128.0      0.5997E-03
   129.0      0.5318E-03
   130.0      0.4693E-03
   131.0      0.4135E-03
   132.0      0.3649E-03
   133.0      0.3235E-03
   134.0      0.2889E-03
   135.0      0.2605E-03
   136.0      0.2376E-03
   137.0      0.2196E-03
   138.0      0.2056E-03
   139.0      0.1949E-03
   140.0      0.1864E-03
   141.0      0.1799E-03
   142.0      0.1751E-03
   143.0      0.1719E-03
   144.0      0.1695E-03
   145.0      0.1673E-03
   146.0      0.1642E-03
   147.0      0.1600E-03
   148.0      0.1547E-03
   149.0      0.1488E-03
   150.0      0.1429E-03
   151.0      0.1371E-03
   152.0      0.1312E-03
   153.0      0.1250E-03
   154.0      0.1184E-03
   155.0      0.1116E-03
   156.0      0.1048E-03
   157.0      0.9808E-04
   158.0      0.9164E-04
   159.0      0.8562E-04
   160.0      0.8018E-04
   161.0      0.7541E-04
   162.0      0.7128E-04
   163.0      0.6766E-04
   164.0      0.6441E-04
   165.0      0.6146E-04
   166.0      0.5886E-04
   167.0      0.5673E-04
   168.0      0.5515E-04
   169.0      0.5411E-04
   170.0      0.5353E-04
   171.0      0.5338E-04
   172.0      0.5362E-04
   173.0      0.5419E-04
   174.0      0.5494E-04
   175.0      0.5561E-04
   176.0      0.5595E-04
   177.0      0.5585E-04
   178.0      0.5544E-04
   179.0      0.5500E-04
   180.0      0.5482E-04
 END
