# 178 angles,  1 tensor ranks for 0=projectile
@subtitle   "20O + d inelastic scattering;"                                                 
@legend ON
@legend x1 0.2
@legend y1 0.8
@g0 type LOGY
@yaxis ticklabel format power
@legend string   0 "Lab energy =   70.0000"
#legend string   0 "Partition=  1 Excit=  1 near/far= 1"
#  Theta       sigma       iT11        T20         T21         T22         Kyy for projectile
   3.000      0.3023E+05
   4.000      0.1242E+05
   5.000       8313.    
   6.000       6577.    
   7.000       5334.    
   8.000       4232.    
   9.000       3233.    
   10.00       2357.    
   11.00       1626.    
   12.00       1048.    
   13.00       619.9    
   14.00       325.7    
   15.00       143.6    
   16.00       48.14    
   17.00       14.22    
   18.00       19.15    
   19.00       44.24    
   20.00       75.48    
   21.00       103.5    
   22.00       123.0    
   23.00       132.2    
   24.00       131.3    
   25.00       122.4    
   26.00       108.0    
   27.00       90.75    
   28.00       73.05    
   29.00       56.68    
   30.00       42.78    
   31.00       31.90    
   32.00       24.11    
   33.00       19.08    
   34.00       16.31    
   35.00       15.17    
   36.00       15.06    
   37.00       15.44    
   38.00       15.90    
   39.00       16.16    
   40.00       16.05    
   41.00       15.54    
   42.00       14.63    
   43.00       13.41    
   44.00       11.98    
   45.00       10.45    
   46.00       8.923    
   47.00       7.480    
   48.00       6.180    
   49.00       5.057    
   50.00       4.124    
   51.00       3.379    
   52.00       2.803    
   53.00       2.373    
   54.00       2.059    
   55.00       1.833    
   56.00       1.669    
   57.00       1.545    
   58.00       1.443    
   59.00       1.350    
   60.00       1.259    
   61.00       1.165    
   62.00       1.067    
   63.00      0.9649    
   64.00      0.8612    
   65.00      0.7584    
   66.00      0.6592    
   67.00      0.5660    
   68.00      0.4805    
   69.00      0.4043    
   70.00      0.3377    
   71.00      0.2810    
   72.00      0.2338    
   73.00      0.1952    
   74.00      0.1643    
   75.00      0.1398    
   76.00      0.1208    
   77.00      0.1060    
   78.00      0.9445E-01
   79.00      0.8529E-01
   80.00      0.7779E-01
   81.00      0.7139E-01
   82.00      0.6569E-01
   83.00      0.6039E-01
   84.00      0.5532E-01
   85.00      0.5039E-01
   86.00      0.4556E-01
   87.00      0.4086E-01
   88.00      0.3631E-01
   89.00      0.3198E-01
   90.00      0.2791E-01
   91.00      0.2415E-01
   92.00      0.2073E-01
   93.00      0.1768E-01
   94.00      0.1500E-01
   95.00      0.1269E-01
   96.00      0.1072E-01
   97.00      0.9085E-02
   98.00      0.7737E-02
   99.00      0.6646E-02
   100.0      0.5774E-02
   101.0      0.5086E-02
   102.0      0.4547E-02
   103.0      0.4125E-02
   104.0      0.3793E-02
   105.0      0.3527E-02
   106.0      0.3307E-02
   107.0      0.3119E-02
   108.0      0.2949E-02
   109.0      0.2791E-02
   110.0      0.2636E-02
   111.0      0.2483E-02
   112.0      0.2328E-02
   113.0      0.2171E-02
   114.0      0.2013E-02
   115.0      0.1855E-02
   116.0      0.1698E-02
   117.0      0.1544E-02
   118.0      0.1395E-02
   119.0      0.1251E-02
   120.0      0.1115E-02
   121.0      0.9876E-03
   122.0      0.8696E-03
   123.0      0.7618E-03
   124.0      0.6646E-03
   125.0      0.5782E-03
   126.0      0.5026E-03
   127.0      0.4374E-03
   128.0      0.3822E-03
   129.0      0.3365E-03
   130.0      0.2996E-03
   131.0      0.2705E-03
   132.0      0.2485E-03
   133.0      0.2325E-03
   134.0      0.2217E-03
   135.0      0.2151E-03
   136.0      0.2117E-03
   137.0      0.2107E-03
   138.0      0.2114E-03
   139.0      0.2128E-03
   140.0      0.2145E-03
   141.0      0.2158E-03
   142.0      0.2164E-03
   143.0      0.2160E-03
   144.0      0.2142E-03
   145.0      0.2109E-03
   146.0      0.2062E-03
   147.0      0.2001E-03
   148.0      0.1926E-03
   149.0      0.1841E-03
   150.0      0.1747E-03
   151.0      0.1646E-03
   152.0      0.1543E-03
   153.0      0.1439E-03
   154.0      0.1337E-03
   155.0      0.1241E-03
   156.0      0.1153E-03
   157.0      0.1074E-03
   158.0      0.1007E-03
   159.0      0.9535E-04
   160.0      0.9134E-04
   161.0      0.8873E-04
   162.0      0.8752E-04
   163.0      0.8764E-04
   164.0      0.8899E-04
   165.0      0.9144E-04
   166.0      0.9484E-04
   167.0      0.9902E-04
   168.0      0.1038E-03
   169.0      0.1090E-03
   170.0      0.1144E-03
   171.0      0.1198E-03
   172.0      0.1251E-03
   173.0      0.1301E-03
   174.0      0.1347E-03
   175.0      0.1388E-03
   176.0      0.1422E-03
   177.0      0.1450E-03
   178.0      0.1470E-03
   179.0      0.1482E-03
   180.0      0.1486E-03
 END
