# 178 angles,  1 tensor ranks for 0=projectile
@subtitle   "20O + d 3-?;"                                                                  
@legend ON
@legend x1 0.2
@legend y1 0.8
@g0 type LOGY
@yaxis ticklabel format power
@legend string   0 "Lab energy =   70.0000"
#legend string   0 "Partition=  1 Excit=  2 near/far= 1"
#  Theta       sigma       iT11        T20         T21         T22         Kyy for projectile
   3.000       2.514    
   4.000       3.041    
   5.000       3.585    
   6.000       4.090    
   7.000       4.526    
   8.000       4.889    
   9.000       5.203    
   10.00       5.502    
   11.00       5.823    
   12.00       6.189    
   13.00       6.601    
   14.00       7.037    
   15.00       7.457    
   16.00       7.806    
   17.00       8.030    
   18.00       8.085    
   19.00       7.943    
   20.00       7.602    
   21.00       7.083    
   22.00       6.428    
   23.00       5.689    
   24.00       4.928    
   25.00       4.200    
   26.00       3.554    
   27.00       3.024    
   28.00       2.626    
   29.00       2.361    
   30.00       2.217    
   31.00       2.171    
   32.00       2.192    
   33.00       2.251    
   34.00       2.318    
   35.00       2.369    
   36.00       2.389    
   37.00       2.366    
   38.00       2.299    
   39.00       2.191    
   40.00       2.050    
   41.00       1.887    
   42.00       1.711    
   43.00       1.535    
   44.00       1.367    
   45.00       1.214    
   46.00       1.081    
   47.00      0.9672    
   48.00      0.8740    
   49.00      0.7988    
   50.00      0.7382    
   51.00      0.6886    
   52.00      0.6462    
   53.00      0.6079    
   54.00      0.5709    
   55.00      0.5335    
   56.00      0.4947    
   57.00      0.4542    
   58.00      0.4124    
   59.00      0.3700    
   60.00      0.3280    
   61.00      0.2874    
   62.00      0.2493    
   63.00      0.2143    
   64.00      0.1831    
   65.00      0.1560    
   66.00      0.1329    
   67.00      0.1137    
   68.00      0.9805E-01
   69.00      0.8549E-01
   70.00      0.7550E-01
   71.00      0.6755E-01
   72.00      0.6112E-01
   73.00      0.5579E-01
   74.00      0.5120E-01
   75.00      0.4706E-01
   76.00      0.4320E-01
   77.00      0.3948E-01
   78.00      0.3586E-01
   79.00      0.3233E-01
   80.00      0.2891E-01
   81.00      0.2565E-01
   82.00      0.2258E-01
   83.00      0.1976E-01
   84.00      0.1721E-01
   85.00      0.1495E-01
   86.00      0.1299E-01
   87.00      0.1132E-01
   88.00      0.9915E-02
   89.00      0.8746E-02
   90.00      0.7780E-02
   91.00      0.6981E-02
   92.00      0.6316E-02
   93.00      0.5751E-02
   94.00      0.5261E-02
   95.00      0.4822E-02
   96.00      0.4419E-02
   97.00      0.4041E-02
   98.00      0.3682E-02
   99.00      0.3339E-02
   100.0      0.3011E-02
   101.0      0.2700E-02
   102.0      0.2410E-02
   103.0      0.2142E-02
   104.0      0.1900E-02
   105.0      0.1685E-02
   106.0      0.1497E-02
   107.0      0.1336E-02
   108.0      0.1201E-02
   109.0      0.1088E-02
   110.0      0.9966E-03
   111.0      0.9217E-03
   112.0      0.8605E-03
   113.0      0.8097E-03
   114.0      0.7663E-03
   115.0      0.7278E-03
   116.0      0.6919E-03
   117.0      0.6568E-03
   118.0      0.6213E-03
   119.0      0.5847E-03
   120.0      0.5468E-03
   121.0      0.5078E-03
   122.0      0.4679E-03
   123.0      0.4276E-03
   124.0      0.3876E-03
   125.0      0.3487E-03
   126.0      0.3114E-03
   127.0      0.2763E-03
   128.0      0.2438E-03
   129.0      0.2142E-03
   130.0      0.1878E-03
   131.0      0.1647E-03
   132.0      0.1449E-03
   133.0      0.1283E-03
   134.0      0.1147E-03
   135.0      0.1037E-03
   136.0      0.9508E-04
   137.0      0.8843E-04
   138.0      0.8340E-04
   139.0      0.7959E-04
   140.0      0.7666E-04
   141.0      0.7433E-04
   142.0      0.7241E-04
   143.0      0.7075E-04
   144.0      0.6918E-04
   145.0      0.6751E-04
   146.0      0.6560E-04
   147.0      0.6336E-04
   148.0      0.6082E-04
   149.0      0.5805E-04
   150.0      0.5514E-04
   151.0      0.5214E-04
   152.0      0.4907E-04
   153.0      0.4598E-04
   154.0      0.4292E-04
   155.0      0.3994E-04
   156.0      0.3710E-04
   157.0      0.3444E-04
   158.0      0.3198E-04
   159.0      0.2974E-04
   160.0      0.2776E-04
   161.0      0.2606E-04
   162.0      0.2464E-04
   163.0      0.2349E-04
   164.0      0.2256E-04
   165.0      0.2182E-04
   166.0      0.2127E-04
   167.0      0.2091E-04
   168.0      0.2073E-04
   169.0      0.2071E-04
   170.0      0.2083E-04
   171.0      0.2106E-04
   172.0      0.2137E-04
   173.0      0.2174E-04
   174.0      0.2214E-04
   175.0      0.2252E-04
   176.0      0.2285E-04
   177.0      0.2308E-04
   178.0      0.2323E-04
   179.0      0.2330E-04
   180.0      0.2332E-04
 END
