# 178 angles,  1 tensor ranks for 0=projectile
@subtitle   "20O + d 3-?;"                                                                  
@legend ON
@legend x1 0.2
@legend y1 0.8
@g0 type LOGY
@yaxis ticklabel format power
@legend string   0 "Lab energy =   70.0000"
#legend string   0 "Partition=  1 Excit=  2 near/far= 1"
#  Theta       sigma       iT11        T20         T21         T22         Kyy for projectile
   3.000       1.738    
   4.000       2.087    
   5.000       2.460    
   6.000       2.814    
   7.000       3.119    
   8.000       3.367    
   9.000       3.572    
   10.00       3.762    
   11.00       3.964    
   12.00       4.199    
   13.00       4.470    
   14.00       4.763    
   15.00       5.052    
   16.00       5.298    
   17.00       5.464    
   18.00       5.514    
   19.00       5.430    
   20.00       5.208    
   21.00       4.861    
   22.00       4.420    
   23.00       3.921    
   24.00       3.404    
   25.00       2.909    
   26.00       2.468    
   27.00       2.103    
   28.00       1.829    
   29.00       1.646    
   30.00       1.546    
   31.00       1.513    
   32.00       1.527    
   33.00       1.566    
   34.00       1.611    
   35.00       1.646    
   36.00       1.658    
   37.00       1.641    
   38.00       1.594    
   39.00       1.518    
   40.00       1.420    
   41.00       1.306    
   42.00       1.185    
   43.00       1.062    
   44.00      0.9459    
   45.00      0.8399    
   46.00      0.7472    
   47.00      0.6687    
   48.00      0.6041    
   49.00      0.5517    
   50.00      0.5094    
   51.00      0.4748    
   52.00      0.4452    
   53.00      0.4185    
   54.00      0.3926    
   55.00      0.3664    
   56.00      0.3393    
   57.00      0.3111    
   58.00      0.2821    
   59.00      0.2527    
   60.00      0.2237    
   61.00      0.1957    
   62.00      0.1695    
   63.00      0.1456    
   64.00      0.1242    
   65.00      0.1057    
   66.00      0.8996E-01
   67.00      0.7693E-01
   68.00      0.6635E-01
   69.00      0.5790E-01
   70.00      0.5119E-01
   71.00      0.4584E-01
   72.00      0.4152E-01
   73.00      0.3793E-01
   74.00      0.3483E-01
   75.00      0.3203E-01
   76.00      0.2940E-01
   77.00      0.2685E-01
   78.00      0.2435E-01
   79.00      0.2192E-01
   80.00      0.1958E-01
   81.00      0.1734E-01
   82.00      0.1525E-01
   83.00      0.1331E-01
   84.00      0.1157E-01
   85.00      0.1004E-01
   86.00      0.8718E-02
   87.00      0.7601E-02
   88.00      0.6667E-02
   89.00      0.5892E-02
   90.00      0.5254E-02
   91.00      0.4731E-02
   92.00      0.4298E-02
   93.00      0.3931E-02
   94.00      0.3609E-02
   95.00      0.3318E-02
   96.00      0.3048E-02
   97.00      0.2793E-02
   98.00      0.2551E-02
   99.00      0.2316E-02
   100.0      0.2090E-02
   101.0      0.1872E-02
   102.0      0.1667E-02
   103.0      0.1480E-02
   104.0      0.1311E-02
   105.0      0.1163E-02
   106.0      0.1033E-02
   107.0      0.9232E-03
   108.0      0.8318E-03
   109.0      0.7578E-03
   110.0      0.6986E-03
   111.0      0.6508E-03
   112.0      0.6119E-03
   113.0      0.5800E-03
   114.0      0.5537E-03
   115.0      0.5313E-03
   116.0      0.5104E-03
   117.0      0.4892E-03
   118.0      0.4662E-03
   119.0      0.4413E-03
   120.0      0.4149E-03
   121.0      0.3870E-03
   122.0      0.3580E-03
   123.0      0.3280E-03
   124.0      0.2978E-03
   125.0      0.2684E-03
   126.0      0.2404E-03
   127.0      0.2141E-03
   128.0      0.1894E-03
   129.0      0.1664E-03
   130.0      0.1454E-03
   131.0      0.1270E-03
   132.0      0.1116E-03
   133.0      0.9909E-04
   134.0      0.8906E-04
   135.0      0.8116E-04
   136.0      0.7514E-04
   137.0      0.7080E-04
   138.0      0.6776E-04
   139.0      0.6548E-04
   140.0      0.6352E-04
   141.0      0.6181E-04
   142.0      0.6056E-04
   143.0      0.5992E-04
   144.0      0.5975E-04
   145.0      0.5954E-04
   146.0      0.5873E-04
   147.0      0.5706E-04
   148.0      0.5474E-04
   149.0      0.5219E-04
   150.0      0.4972E-04
   151.0      0.4739E-04
   152.0      0.4509E-04
   153.0      0.4266E-04
   154.0      0.4008E-04
   155.0      0.3745E-04
   156.0      0.3488E-04
   157.0      0.3238E-04
   158.0      0.2998E-04
   159.0      0.2775E-04
   160.0      0.2582E-04
   161.0      0.2427E-04
   162.0      0.2313E-04
   163.0      0.2231E-04
   164.0      0.2167E-04
   165.0      0.2113E-04
   166.0      0.2075E-04
   167.0      0.2058E-04
   168.0      0.2064E-04
   169.0      0.2090E-04
   170.0      0.2133E-04
   171.0      0.2192E-04
   172.0      0.2269E-04
   173.0      0.2365E-04
   174.0      0.2468E-04
   175.0      0.2556E-04
   176.0      0.2609E-04
   177.0      0.2622E-04
   178.0      0.2605E-04
   179.0      0.2578E-04
   180.0      0.2566E-04
 END
