# 178 angles,  1 tensor ranks for 0=projectile
@subtitle   "p+O20 1st ex with BG ;"                                                        
@legend ON
@legend x1 0.2
@legend y1 0.8
@g0 type LOGY
@yaxis ticklabel format power
@legend string   0 "Lab energy =   35.0000"
#legend string   0 "Partition=  1 Excit=  1 near/far= 1"
#  Theta       sigma       iT11        T20         T21         T22         Kyy for projectile
   3.000      0.1287E+06
   4.000      0.3673E+05
   5.000      0.1414E+05
   6.000       6992.    
   7.000       4328.    
   8.000       3199.    
   9.000       2653.    
   10.00       2343.    
   11.00       2132.    
   12.00       1961.    
   13.00       1808.    
   14.00       1661.    
   15.00       1518.    
   16.00       1377.    
   17.00       1240.    
   18.00       1107.    
   19.00       980.7    
   20.00       860.9    
   21.00       748.8    
   22.00       645.3    
   23.00       550.7    
   24.00       465.3    
   25.00       389.0    
   26.00       321.8    
   27.00       263.2    
   28.00       212.9    
   29.00       170.3    
   30.00       134.7    
   31.00       105.6    
   32.00       82.24    
   33.00       63.94    
   34.00       50.01    
   35.00       39.81    
   36.00       32.72    
   37.00       28.17    
   38.00       25.62    
   39.00       24.62    
   40.00       24.75    
   41.00       25.65    
   42.00       27.02    
   43.00       28.62    
   44.00       30.24    
   45.00       31.73    
   46.00       32.98    
   47.00       33.91    
   48.00       34.47    
   49.00       34.65    
   50.00       34.44    
   51.00       33.86    
   52.00       32.94    
   53.00       31.72    
   54.00       30.25    
   55.00       28.58    
   56.00       26.74    
   57.00       24.80    
   58.00       22.80    
   59.00       20.78    
   60.00       18.78    
   61.00       16.83    
   62.00       14.96    
   63.00       13.19    
   64.00       11.54    
   65.00       10.01    
   66.00       8.629    
   67.00       7.386    
   68.00       6.283    
   69.00       5.319    
   70.00       4.487    
   71.00       3.780    
   72.00       3.189    
   73.00       2.703    
   74.00       2.313    
   75.00       2.005    
   76.00       1.771    
   77.00       1.598    
   78.00       1.477    
   79.00       1.398    
   80.00       1.351    
   81.00       1.330    
   82.00       1.327    
   83.00       1.335    
   84.00       1.350    
   85.00       1.367    
   86.00       1.383    
   87.00       1.395    
   88.00       1.400    
   89.00       1.398    
   90.00       1.388    
   91.00       1.369    
   92.00       1.342    
   93.00       1.306    
   94.00       1.262    
   95.00       1.212    
   96.00       1.156    
   97.00       1.095    
   98.00       1.030    
   99.00      0.9629    
   100.0      0.8941    
   101.0      0.8246    
   102.0      0.7556    
   103.0      0.6877    
   104.0      0.6218    
   105.0      0.5584    
   106.0      0.4981    
   107.0      0.4413    
   108.0      0.3884    
   109.0      0.3395    
   110.0      0.2948    
   111.0      0.2544    
   112.0      0.2182    
   113.0      0.1861    
   114.0      0.1581    
   115.0      0.1338    
   116.0      0.1132    
   117.0      0.9599E-01
   118.0      0.8185E-01
   119.0      0.7054E-01
   120.0      0.6177E-01
   121.0      0.5525E-01
   122.0      0.5071E-01
   123.0      0.4786E-01
   124.0      0.4645E-01
   125.0      0.4622E-01
   126.0      0.4694E-01
   127.0      0.4838E-01
   128.0      0.5035E-01
   129.0      0.5268E-01
   130.0      0.5518E-01
   131.0      0.5774E-01
   132.0      0.6021E-01
   133.0      0.6250E-01
   134.0      0.6452E-01
   135.0      0.6621E-01
   136.0      0.6750E-01
   137.0      0.6836E-01
   138.0      0.6877E-01
   139.0      0.6871E-01
   140.0      0.6819E-01
   141.0      0.6722E-01
   142.0      0.6580E-01
   143.0      0.6399E-01
   144.0      0.6180E-01
   145.0      0.5928E-01
   146.0      0.5647E-01
   147.0      0.5343E-01
   148.0      0.5020E-01
   149.0      0.4684E-01
   150.0      0.4340E-01
   151.0      0.3993E-01
   152.0      0.3648E-01
   153.0      0.3309E-01
   154.0      0.2982E-01
   155.0      0.2671E-01
   156.0      0.2377E-01
   157.0      0.2106E-01
   158.0      0.1859E-01
   159.0      0.1637E-01
   160.0      0.1444E-01
   161.0      0.1278E-01
   162.0      0.1141E-01
   163.0      0.1031E-01
   164.0      0.9477E-02
   165.0      0.8898E-02
   166.0      0.8553E-02
   167.0      0.8417E-02
   168.0      0.8463E-02
   169.0      0.8664E-02
   170.0      0.8988E-02
   171.0      0.9404E-02
   172.0      0.9880E-02
   173.0      0.1038E-01
   174.0      0.1089E-01
   175.0      0.1137E-01
   176.0      0.1179E-01
   177.0      0.1215E-01
   178.0      0.1241E-01
   179.0      0.1258E-01
   180.0      0.1263E-01
 END
