           2           1           1
    0.0-     1 1   1.753       0.000      0.8318E-02   1.745    
    1.0+     0 1   5.250       0.000      0.2191E-01   5.228    
    1.0+     2 2   5.274       0.000      0.2540E-01   5.248    
    1.0-     1 1   5.258       0.000      0.2341E-01   5.234    
    2.0+     2 1   8.782       0.000      0.3762E-01   8.744    
    2.0-     1 1   8.755       0.000      0.3308E-01   8.722    
    2.0-     3 2   8.821       0.000      0.4162E-01   8.779    
    3.0+     2 1   12.28       0.000      0.4044E-01   12.24    
    3.0+     4 2   12.41       0.000      0.5543E-01   12.36    
    3.0-     3 1   12.33       0.000      0.4966E-01   12.28    
    4.0+     4 1   15.93       0.000      0.5882E-01   15.87    
    4.0-     3 1   15.83       0.000      0.4429E-01   15.78    
    4.0-     5 2   16.05       0.000      0.6491E-01   15.98    
    5.0+     4 1   19.43       0.000      0.4496E-01   19.38    
    5.0+     6 2   19.78       0.000      0.6888E-01   19.71    
    5.0-     5 1   19.57       0.000      0.6410E-01   19.51    
    6.0+     6 1   23.32       0.000      0.6469E-01   23.26    
    6.0-     5 1   23.07       0.000      0.4306E-01   23.03    
    6.0-     7 2   23.53       0.000      0.6740E-01   23.46    
    7.0+     6 1   26.83       0.000      0.3890E-01   26.79    
    7.0+     8 2   27.48       0.000      0.5643E-01   27.43    
    7.0-     7 1   27.09       0.000      0.6147E-01   27.03    
    8.0+     8 1   31.04       0.000      0.4974E-01   30.99    
    8.0-     7 1   30.64       0.000      0.3399E-01   30.61    
    8.0-     9 2   31.09       0.000      0.7020E-01   31.02    
    9.0+     8 1   34.54       0.000      0.2589E-01   34.51    
    9.0+    10 2   32.06       0.000      0.1378       31.92    
    9.0-     9 1   34.97       0.000      0.5227E-01   34.92    
   10.0+    10 1   36.40       0.000      0.9724E-01   36.30    
   10.0-     9 1   38.75       0.000      0.2261E-01   38.72    
   10.0-    11 2   28.91       0.000      0.1998       28.71    
   11.0+    10 1   40.91       0.000      0.3958E-01   40.87    
   11.0+    12 2   22.84       0.000      0.1993       22.64    
   11.0-    11 1   33.06       0.000      0.1436       32.91    
   12.0+    12 1   26.04       0.000      0.1452       25.90    
   12.0-    11 1   37.66       0.000      0.6172E-01   37.60    
   12.0-    13 2   16.27       0.000      0.1529       16.11    
   13.0+    12 1   29.69       0.000      0.6646E-01   29.63    
   13.0+    14 2   10.80       0.000      0.9934E-01   10.70    
   13.0-    13 1   18.35       0.000      0.1121       18.24    
   14.0+    14 1   12.02       0.000      0.7279E-01   11.95    
   14.0-    13 1   20.72       0.000      0.5402E-01   20.66    
   14.0-    15 2   6.857       0.000      0.5828E-01   6.799    
   15.0+    14 1   13.38       0.000      0.3633E-01   13.34    
   15.0+    16 2   4.239       0.000      0.3213E-01   4.206    
   15.0-    15 1   7.535       0.000      0.4256E-01   7.493    
   16.0+    16 1   4.606       0.000      0.2337E-01   4.582    
   16.0-    15 1   8.270       0.000      0.2171E-01   8.248    
   16.0-    17 2   2.576       0.000      0.1705E-01   2.559    
   17.0+    16 1   4.995       0.000      0.1210E-01   4.983    
   17.0+    18 2   1.548       0.000      0.8841E-02   1.540    
   17.0-    17 1   2.773       0.000      0.1235E-01   2.761    
   18.0+    18 1   1.655       0.000      0.6377E-02   1.648    
   18.0-    17 1   2.979       0.000      0.6456E-02   2.973    
   18.0-    19 2  0.9238       0.000      0.4518E-02  0.9193    
   19.0+    18 1   1.764       0.000      0.3347E-02   1.761    
   19.0+    20 2  0.5480       0.000      0.2288E-02  0.5457    
   19.0-    19 1  0.9811       0.000      0.3243E-02  0.9779    
   20.0+    20 1  0.5792       0.000      0.1633E-02  0.5776    
   20.0-    19 1   1.040       0.000      0.1701E-02   1.038    
   20.0-    21 2  0.3236       0.000      0.1152E-02  0.3225    
   21.0+    20 1  0.6109       0.000      0.8538E-03  0.6101    
   21.0+    22 2  0.1905       0.000      0.5778E-03  0.1899    
   21.0-    21 1  0.3407       0.000      0.8180E-03  0.3399    
   22.0+    22 1  0.1998       0.000      0.4082E-03  0.1994    
   22.0-    21 1  0.3580       0.000      0.4251E-03  0.3576    
   22.0-    23 2  0.1117       0.000      0.2892E-03  0.1114    
   23.0+    22 1  0.2093       0.000      0.2106E-03  0.2091    
   23.0+    24 2  0.6537E-01   0.000      0.1445E-03  0.6522E-01
   23.0-    23 1  0.1169       0.000      0.2033E-03  0.1167    
   24.0+    24 1  0.6824E-01   0.000      0.1011E-03  0.6813E-01
   24.0-    23 1  0.1221       0.000      0.1041E-03  0.1220    
   24.0-    25 2  0.3815E-01   0.000      0.7218E-04  0.3808E-01
   25.0+    24 1  0.7112E-01   0.000      0.5137E-04  0.7106E-01
   25.0+    26 2  0.2221E-01   0.000      0.3603E-04  0.2218E-01
   25.0-    25 1  0.3974E-01   0.000      0.5028E-04  0.3969E-01
   26.0+    26 1  0.2310E-01   0.000      0.2500E-04  0.2307E-01
   26.0-    25 1  0.4134E-01   0.000      0.2534E-04  0.4131E-01
   26.0-    27 2  0.1291E-01   0.000      0.1798E-04  0.1289E-01
   27.0+    26 1  0.2399E-01   0.000      0.1250E-04  0.2397E-01
   27.0+    28 2  0.7488E-02   0.000      0.8970E-05  0.7479E-02
   27.0-    27 1  0.1340E-01   0.000      0.1243E-04  0.1339E-01
   28.0+    28 1  0.7762E-02   0.000      0.6177E-05  0.7756E-02
   28.0-    27 1  0.1390E-01   0.000      0.6171E-05  0.1389E-01
   28.0-    29 2  0.4336E-02   0.000      0.4475E-05  0.4331E-02
   29.0+    28 1  0.8037E-02   0.000      0.3047E-05  0.8034E-02
   29.0+    30 2  0.2506E-02   0.000      0.2233E-05  0.2504E-02
   29.0-    29 1  0.4489E-02   0.000      0.3072E-05  0.4486E-02
   30.0+    30 1  0.2592E-02   0.000      0.1528E-05  0.2590E-02
   30.0-    29 1  0.4642E-02   0.000      0.1506E-05  0.4640E-02
   30.0-    31 2  0.1447E-02   0.000      0.1114E-05  0.1446E-02
   31.0+    30 1  0.2677E-02   0.000      0.7445E-06  0.2676E-02
   31.0+    32 2  0.8338E-03   0.000      0.5560E-06  0.8333E-03
   31.0-    31 1  0.1494E-02   0.000      0.7602E-06  0.1493E-02
   32.0+    32 1  0.8604E-03   0.000      0.3783E-06  0.8600E-03
   32.0-    31 1  0.1542E-02   0.000      0.3683E-06  0.1541E-02
   32.0-    33 2  0.4800E-03   0.000      0.2774E-06  0.4797E-03
   33.0+    32 1  0.8869E-03   0.000      0.1823E-06  0.8867E-03
   33.0+    34 2  0.2759E-03   0.000      0.1385E-06  0.2758E-03
   33.0-    33 1  0.4948E-03   0.000      0.1883E-06  0.4946E-03
   34.0+    34 1  0.2842E-03   0.000      0.9377E-07  0.2841E-03
   34.0-    33 1  0.5095E-03   0.000      0.9030E-07  0.5095E-03
   34.0-    35 2  0.1584E-03   0.000      0.6912E-07  0.1584E-03
   35.0+    34 1  0.2924E-03   0.000      0.4475E-07  0.2924E-03
   35.0+    36 2  0.9087E-04   0.000      0.3450E-07  0.9084E-04
   35.0-    35 1  0.1630E-03   0.000      0.4670E-07  0.1630E-03
   36.0+    36 1  0.9343E-04   0.000      0.2326E-07  0.9341E-04
   36.0-    35 1  0.1676E-03   0.000      0.2218E-07  0.1676E-03
   36.0-    37 2  0.5206E-04   0.000      0.1722E-07  0.5205E-04
   37.0+    36 1  0.9599E-04   0.000      0.1100E-07  0.9598E-04
   37.0+    38 2  0.2980E-04   0.000      0.8600E-08  0.2979E-04
   37.0-    37 1  0.5349E-04   0.000      0.1159E-07  0.5348E-04
   38.0+    38 1  0.3059E-04   0.000      0.5776E-08  0.3059E-04
   38.0-    37 1  0.5492E-04   0.000      0.5461E-08  0.5491E-04
   38.0-    39 2  0.1704E-04   0.000      0.4294E-08  0.1703E-04
   39.0+    38 1  0.3139E-04   0.000      0.2711E-08  0.3139E-04
   39.0+    40 2  0.9734E-05   0.000      0.2144E-08  0.9731E-05
   39.0-    39 1  0.1748E-04   0.000      0.2879E-08  0.1748E-04
   40.0+    40 1  0.9980E-05   0.000      0.1435E-08  0.9979E-05
   40.0-    39 1  0.1792E-04   0.000      0.1346E-08  0.1792E-04
   40.0-    41 2  0.5556E-05   0.000      0.1071E-08  0.5554E-05
   41.0+    40 1  0.1023E-04   0.000      0.6688E-09  0.1023E-04
   41.0+    42 2  0.3168E-05   0.000      0.5349E-09  0.3168E-05
   41.0-    41 1  0.5693E-05   0.000      0.7156E-09  0.5692E-05
   42.0+    42 1  0.3245E-05   0.000      0.3569E-09  0.3244E-05
   42.0-    41 1  0.5830E-05   0.000      0.3324E-09  0.5830E-05
   42.0-    43 2  0.1805E-05   0.000      0.2672E-09  0.1805E-05
   43.0+    42 1  0.3321E-05   0.000      0.1652E-09  0.3321E-05
   43.0+    44 2  0.1028E-05   0.000      0.1334E-09  0.1028E-05
   43.0-    43 1  0.1848E-05   0.000      0.1780E-09  0.1848E-05
   44.0+    44 1  0.1052E-05   0.000      0.8878E-10  0.1051E-05
   44.0-    43 1  0.1890E-05   0.000      0.8217E-10  0.1890E-05
   44.0-    45 2  0.5849E-06   0.000      0.6665E-10  0.5848E-06
   45.0+    44 1  0.1075E-05   0.000      0.4087E-10  0.1075E-05
   45.0+    46 2  0.3325E-06   0.000      0.3329E-10  0.3325E-06
   45.0-    45 1  0.5980E-06   0.000      0.4429E-10  0.5980E-06
   46.0+    46 1  0.3399E-06   0.000      0.2209E-10  0.3398E-06
   46.0-    45 1  0.6112E-06   0.000      0.2033E-10  0.6111E-06
   46.0-    47 2  0.1889E-06   0.000      0.1663E-10  0.1889E-06
   47.0+    46 1  0.3472E-06   0.000      0.1012E-10  0.3471E-06
   47.0+    48 2  0.1073E-06   0.000      0.8309E-11  0.1073E-06
   47.0-    47 1  0.1930E-06   0.000      0.1102E-10  0.1930E-06
   48.0+    48 1  0.1095E-06   0.000      0.5501E-11  0.1095E-06
   48.0-    47 1  0.1971E-06   0.000      0.5035E-11  0.1971E-06
   48.0-    49 2  0.6088E-07   0.000      0.4151E-11  0.6087E-07
   49.0+    48 1  0.1118E-06   0.000      0.2506E-11  0.1118E-06
   49.0+    50 2  0.3453E-07   0.000      0.2074E-11  0.3452E-07
   49.0-    49 1  0.6214E-07   0.000      0.2745E-11  0.6213E-07
   50.0+    50 1  0.3522E-07   0.000      0.1370E-11  0.3522E-07
   50.0-    49 1  0.6339E-07   0.000      0.1248E-11  0.6339E-07
   50.0-    51 2  0.1957E-07   0.000      0.1036E-11  0.1957E-07
   51.0+    50 1  0.3592E-07   0.000      0.6215E-12  0.3592E-07
   51.0+    52 2  0.1109E-07   0.000      0.5177E-12  0.1108E-07
   51.0-    51 1  0.1996E-07   0.000      0.6838E-12  0.1996E-07
   52.0+    52 1  0.1130E-07   0.000      0.3413E-12  0.1130E-07
   52.0-    51 1  0.2034E-07   0.000      0.3095E-12  0.2034E-07
   52.0-    53 2  0.6276E-08   0.000      0.2587E-12  0.6276E-08
   53.0+    52 1  0.1152E-07   0.000      0.1542E-12  0.1151E-07
   53.0+    54 2  0.3552E-08   0.000      0.1293E-12  0.3552E-08
   53.0-    53 1  0.6397E-08   0.000      0.1704E-12  0.6396E-08
   54.0+    54 1  0.3617E-08   0.000      0.8506E-13  0.3617E-08
   54.0-    53 1  0.6515E-08   0.000      0.7681E-13  0.6515E-08
   54.0-    55 2  0.2008E-08   0.000      0.6458E-13  0.2008E-08
   55.0+    54 1  0.3684E-08   0.000      0.3827E-13  0.3684E-08
   55.0+    56 2  0.1135E-08   0.000      0.3227E-13  0.1135E-08
   55.0-    55 1  0.2046E-08   0.000      0.4246E-13  0.2046E-08
   56.0+    56 1  0.1156E-08   0.000      0.2120E-13  0.1156E-08
   56.0-    55 1  0.2083E-08   0.000      0.1907E-13  0.2083E-08
   56.0-    57 2  0.6418E-09   0.000      0.1613E-13  0.6418E-09
   57.0+    56 1  0.1177E-08   0.000      0.9505E-14  0.1177E-08
   57.0+    58 2  0.3625E-09   0.000      0.8059E-14  0.3625E-09
   57.0-    57 1  0.6527E-09   0.000      0.1059E-13  0.6526E-09
   58.0+    58 1  0.3683E-09   0.000      0.5286E-14  0.3683E-09
   58.0-    57 1  0.6652E-09   0.000      0.4738E-14  0.6652E-09
   58.0-    59 2  0.2046E-09   0.000      0.4028E-14  0.2046E-09
   59.0+    58 1  0.3750E-09   0.000      0.2362E-14  0.3750E-09
   59.0+    60 2  0.1158E-09   0.000      0.2013E-14  0.1158E-09
   59.0-    59 1  0.2081E-09   0.000      0.2640E-14  0.2081E-09
   60.0+    60 1  0.1180E-09   0.000      0.1318E-14  0.1180E-09
   60.0-    59 1  0.2111E-09   0.000      0.1178E-14  0.2111E-09
   60.0-    61 2  0.6519E-10   0.000      0.1006E-14  0.6519E-10
