# 178 angles,  1 tensor ranks for 0=projectile
@subtitle   "p+O20 1st with BG ;"                                                           
@legend ON
@legend x1 0.2
@legend y1 0.8
@g0 type LOGY
@yaxis ticklabel format power
@legend string   0 "Lab energy =   43.2700"
#legend string   0 "Partition=  1 Excit=  1 near/far= 1"
#  Theta       sigma       iT11        T20         T21         T22         Kyy for projectile
   3.000      0.7813E+05
   4.000      0.2157E+05
   5.000       8350.    
   6.000       4446.    
   7.000       3114.    
   8.000       2596.    
   9.000       2352.    
   10.00       2196.    
   11.00       2063.    
   12.00       1930.    
   13.00       1791.    
   14.00       1646.    
   15.00       1498.    
   16.00       1349.    
   17.00       1203.    
   18.00       1062.    
   19.00       927.7    
   20.00       802.3    
   21.00       686.7    
   22.00       581.6    
   23.00       487.4    
   24.00       404.1    
   25.00       331.3    
   26.00       268.6    
   27.00       215.5    
   28.00       171.1    
   29.00       134.7    
   30.00       105.3    
   31.00       82.09    
   32.00       64.22    
   33.00       50.85    
   34.00       41.21    
   35.00       34.58    
   36.00       30.33    
   37.00       27.89    
   38.00       26.77    
   39.00       26.55    
   40.00       26.90    
   41.00       27.54    
   42.00       28.26    
   43.00       28.90    
   44.00       29.34    
   45.00       29.52    
   46.00       29.39    
   47.00       28.95    
   48.00       28.21    
   49.00       27.19    
   50.00       25.93    
   51.00       24.46    
   52.00       22.85    
   53.00       21.13    
   54.00       19.35    
   55.00       17.56    
   56.00       15.78    
   57.00       14.06    
   58.00       12.41    
   59.00       10.87    
   60.00       9.436    
   61.00       8.130    
   62.00       6.955    
   63.00       5.912    
   64.00       4.999    
   65.00       4.211    
   66.00       3.542    
   67.00       2.982    
   68.00       2.521    
   69.00       2.149    
   70.00       1.854    
   71.00       1.626    
   72.00       1.455    
   73.00       1.329    
   74.00       1.240    
   75.00       1.181    
   76.00       1.142    
   77.00       1.119    
   78.00       1.105    
   79.00       1.096    
   80.00       1.089    
   81.00       1.081    
   82.00       1.070    
   83.00       1.054    
   84.00       1.032    
   85.00       1.005    
   86.00      0.9718    
   87.00      0.9335    
   88.00      0.8904    
   89.00      0.8433    
   90.00      0.7930    
   91.00      0.7403    
   92.00      0.6862    
   93.00      0.6315    
   94.00      0.5771    
   95.00      0.5237    
   96.00      0.4720    
   97.00      0.4225    
   98.00      0.3757    
   99.00      0.3318    
   100.0      0.2913    
   101.0      0.2542    
   102.0      0.2206    
   103.0      0.1906    
   104.0      0.1640    
   105.0      0.1407    
   106.0      0.1207    
   107.0      0.1036    
   108.0      0.8923E-01
   109.0      0.7739E-01
   110.0      0.6779E-01
   111.0      0.6018E-01
   112.0      0.5430E-01
   113.0      0.4989E-01
   114.0      0.4673E-01
   115.0      0.4458E-01
   116.0      0.4325E-01
   117.0      0.4255E-01
   118.0      0.4231E-01
   119.0      0.4239E-01
   120.0      0.4266E-01
   121.0      0.4302E-01
   122.0      0.4338E-01
   123.0      0.4367E-01
   124.0      0.4384E-01
   125.0      0.4385E-01
   126.0      0.4367E-01
   127.0      0.4329E-01
   128.0      0.4270E-01
   129.0      0.4189E-01
   130.0      0.4089E-01
   131.0      0.3970E-01
   132.0      0.3834E-01
   133.0      0.3683E-01
   134.0      0.3519E-01
   135.0      0.3344E-01
   136.0      0.3160E-01
   137.0      0.2970E-01
   138.0      0.2775E-01
   139.0      0.2579E-01
   140.0      0.2382E-01
   141.0      0.2187E-01
   142.0      0.1996E-01
   143.0      0.1809E-01
   144.0      0.1628E-01
   145.0      0.1455E-01
   146.0      0.1291E-01
   147.0      0.1136E-01
   148.0      0.9921E-02
   149.0      0.8596E-02
   150.0      0.7392E-02
   151.0      0.6317E-02
   152.0      0.5373E-02
   153.0      0.4566E-02
   154.0      0.3897E-02
   155.0      0.3367E-02
   156.0      0.2977E-02
   157.0      0.2725E-02
   158.0      0.2608E-02
   159.0      0.2622E-02
   160.0      0.2762E-02
   161.0      0.3019E-02
   162.0      0.3386E-02
   163.0      0.3852E-02
   164.0      0.4405E-02
   165.0      0.5033E-02
   166.0      0.5723E-02
   167.0      0.6459E-02
   168.0      0.7226E-02
   169.0      0.8008E-02
   170.0      0.8790E-02
   171.0      0.9556E-02
   172.0      0.1029E-01
   173.0      0.1098E-01
   174.0      0.1160E-01
   175.0      0.1216E-01
   176.0      0.1263E-01
   177.0      0.1300E-01
   178.0      0.1327E-01
   179.0      0.1344E-01
   180.0      0.1350E-01
 END
