# 178 angles,  1 tensor ranks for 0=projectile
@subtitle   "p+O20 1st with BG ;"                                                           
@legend ON
@legend x1 0.2
@legend y1 0.8
@g0 type LOGY
@yaxis ticklabel format power
@legend string   0 "Lab energy =   43.0000"
#legend string   0 "Partition=  1 Excit=  2 near/far= 1"
#  Theta       sigma       iT11        T20         T21         T22         Kyy for projectile
   3.000       16.88    
   4.000       16.67    
   5.000       16.29    
   6.000       15.75    
   7.000       15.10    
   8.000       14.42    
   9.000       13.76    
   10.00       13.15    
   11.00       12.62    
   12.00       12.18    
   13.00       11.83    
   14.00       11.59    
   15.00       11.46    
   16.00       11.42    
   17.00       11.46    
   18.00       11.56    
   19.00       11.71    
   20.00       11.89    
   21.00       12.09    
   22.00       12.27    
   23.00       12.42    
   24.00       12.50    
   25.00       12.51    
   26.00       12.43    
   27.00       12.27    
   28.00       12.03    
   29.00       11.70    
   30.00       11.28    
   31.00       10.78    
   32.00       10.21    
   33.00       9.586    
   34.00       8.924    
   35.00       8.242    
   36.00       7.553    
   37.00       6.866    
   38.00       6.194    
   39.00       5.550    
   40.00       4.945    
   41.00       4.388    
   42.00       3.886    
   43.00       3.442    
   44.00       3.055    
   45.00       2.726    
   46.00       2.455    
   47.00       2.238    
   48.00       2.070    
   49.00       1.946    
   50.00       1.860    
   51.00       1.805    
   52.00       1.776    
   53.00       1.767    
   54.00       1.773    
   55.00       1.786    
   56.00       1.801    
   57.00       1.814    
   58.00       1.822    
   59.00       1.823    
   60.00       1.816    
   61.00       1.799    
   62.00       1.770    
   63.00       1.728    
   64.00       1.675    
   65.00       1.611    
   66.00       1.538    
   67.00       1.458    
   68.00       1.373    
   69.00       1.282    
   70.00       1.188    
   71.00       1.093    
   72.00      0.9975    
   73.00      0.9042    
   74.00      0.8142    
   75.00      0.7284    
   76.00      0.6473    
   77.00      0.5717    
   78.00      0.5021    
   79.00      0.4391    
   80.00      0.3827    
   81.00      0.3331    
   82.00      0.2899    
   83.00      0.2527    
   84.00      0.2214    
   85.00      0.1954    
   86.00      0.1744    
   87.00      0.1578    
   88.00      0.1449    
   89.00      0.1353    
   90.00      0.1283    
   91.00      0.1236    
   92.00      0.1207    
   93.00      0.1192    
   94.00      0.1185    
   95.00      0.1183    
   96.00      0.1183    
   97.00      0.1184    
   98.00      0.1184    
   99.00      0.1180    
   100.0      0.1172    
   101.0      0.1158    
   102.0      0.1138    
   103.0      0.1112    
   104.0      0.1081    
   105.0      0.1045    
   106.0      0.1004    
   107.0      0.9587E-01
   108.0      0.9098E-01
   109.0      0.8581E-01
   110.0      0.8046E-01
   111.0      0.7501E-01
   112.0      0.6953E-01
   113.0      0.6407E-01
   114.0      0.5870E-01
   115.0      0.5347E-01
   116.0      0.4844E-01
   117.0      0.4367E-01
   118.0      0.3917E-01
   119.0      0.3496E-01
   120.0      0.3106E-01
   121.0      0.2750E-01
   122.0      0.2428E-01
   123.0      0.2142E-01
   124.0      0.1889E-01
   125.0      0.1666E-01
   126.0      0.1472E-01
   127.0      0.1306E-01
   128.0      0.1168E-01
   129.0      0.1057E-01
   130.0      0.9693E-02
   131.0      0.9018E-02
   132.0      0.8501E-02
   133.0      0.8119E-02
   134.0      0.7865E-02
   135.0      0.7734E-02
   136.0      0.7713E-02
   137.0      0.7772E-02
   138.0      0.7877E-02
   139.0      0.8002E-02
   140.0      0.8133E-02
   141.0      0.8272E-02
   142.0      0.8419E-02
   143.0      0.8566E-02
   144.0      0.8697E-02
   145.0      0.8795E-02
   146.0      0.8853E-02
   147.0      0.8869E-02
   148.0      0.8849E-02
   149.0      0.8796E-02
   150.0      0.8710E-02
   151.0      0.8587E-02
   152.0      0.8428E-02
   153.0      0.8239E-02
   154.0      0.8024E-02
   155.0      0.7789E-02
   156.0      0.7535E-02
   157.0      0.7261E-02
   158.0      0.6972E-02
   159.0      0.6676E-02
   160.0      0.6383E-02
   161.0      0.6098E-02
   162.0      0.5822E-02
   163.0      0.5552E-02
   164.0      0.5284E-02
   165.0      0.5023E-02
   166.0      0.4778E-02
   167.0      0.4556E-02
   168.0      0.4361E-02
   169.0      0.4187E-02
   170.0      0.4030E-02
   171.0      0.3884E-02
   172.0      0.3748E-02
   173.0      0.3630E-02
   174.0      0.3534E-02
   175.0      0.3460E-02
   176.0      0.3405E-02
   177.0      0.3365E-02
   178.0      0.3335E-02
   179.0      0.3314E-02
   180.0      0.3307E-02
 END
