# 181 angles,  1 tensor ranks for 0=projectile
@subtitle   "p+O20 2nd ex with BG ;"                                                        
@legend ON
@legend x1 0.2
@legend y1 0.8
@g0 type LOGY
@yaxis ticklabel format power
@legend string   0 "Lab energy =   35.0000"
#legend string   0 "Partition=  1 Excit=  1 near/far= 1"
#  Theta       sigma       iT11        T20         T21         T22         Kyy for projectile
  0.1000E-01  0.1288E+16
   1.000      0.1250E+08
   2.000      0.7231E+06
   3.000      0.1288E+06
   4.000      0.3676E+05
   5.000      0.1415E+05
   6.000       7000.    
   7.000       4331.    
   8.000       3199.    
   9.000       2651.    
   10.00       2340.    
   11.00       2128.    
   12.00       1958.    
   13.00       1804.    
   14.00       1657.    
   15.00       1514.    
   16.00       1374.    
   17.00       1237.    
   18.00       1104.    
   19.00       977.8    
   20.00       858.2    
   21.00       746.4    
   22.00       643.1    
   23.00       548.8    
   24.00       463.5    
   25.00       387.5    
   26.00       320.4    
   27.00       261.9    
   28.00       211.7    
   29.00       169.2    
   30.00       133.7    
   31.00       104.7    
   32.00       81.38    
   33.00       63.13    
   34.00       49.24    
   35.00       39.07    
   36.00       32.01    
   37.00       27.48    
   38.00       24.96    
   39.00       23.98    
   40.00       24.12    
   41.00       25.04    
   42.00       26.44    
   43.00       28.06    
   44.00       29.71    
   45.00       31.22    
   46.00       32.50    
   47.00       33.46    
   48.00       34.06    
   49.00       34.26    
   50.00       34.08    
   51.00       33.54    
   52.00       32.65    
   53.00       31.46    
   54.00       30.02    
   55.00       28.37    
   56.00       26.56    
   57.00       24.65    
   58.00       22.67    
   59.00       20.67    
   60.00       18.68    
   61.00       16.75    
   62.00       14.89    
   63.00       13.13    
   64.00       11.49    
   65.00       9.978    
   66.00       8.600    
   67.00       7.362    
   68.00       6.263    
   69.00       5.301    
   70.00       4.471    
   71.00       3.765    
   72.00       3.174    
   73.00       2.689    
   74.00       2.297    
   75.00       1.990    
   76.00       1.754    
   77.00       1.581    
   78.00       1.459    
   79.00       1.380    
   80.00       1.333    
   81.00       1.312    
   82.00       1.309    
   83.00       1.318    
   84.00       1.333    
   85.00       1.351    
   86.00       1.368    
   87.00       1.381    
   88.00       1.388    
   89.00       1.388    
   90.00       1.379    
   91.00       1.362    
   92.00       1.336    
   93.00       1.301    
   94.00       1.259    
   95.00       1.211    
   96.00       1.156    
   97.00       1.096    
   98.00       1.032    
   99.00      0.9661    
   100.0      0.8981    
   101.0      0.8293    
   102.0      0.7608    
   103.0      0.6933    
   104.0      0.6276    
   105.0      0.5644    
   106.0      0.5041    
   107.0      0.4472    
   108.0      0.3940    
   109.0      0.3449    
   110.0      0.2998    
   111.0      0.2590    
   112.0      0.2223    
   113.0      0.1898    
   114.0      0.1612    
   115.0      0.1365    
   116.0      0.1154    
   117.0      0.9765E-01
   118.0      0.8305E-01
   119.0      0.7131E-01
   120.0      0.6214E-01
   121.0      0.5528E-01
   122.0      0.5044E-01
   123.0      0.4734E-01
   124.0      0.4572E-01
   125.0      0.4534E-01
   126.0      0.4596E-01
   127.0      0.4735E-01
   128.0      0.4931E-01
   129.0      0.5167E-01
   130.0      0.5425E-01
   131.0      0.5691E-01
   132.0      0.5952E-01
   133.0      0.6198E-01
   134.0      0.6418E-01
   135.0      0.6605E-01
   136.0      0.6755E-01
   137.0      0.6861E-01
   138.0      0.6922E-01
   139.0      0.6935E-01
   140.0      0.6901E-01
   141.0      0.6819E-01
   142.0      0.6693E-01
   143.0      0.6523E-01
   144.0      0.6314E-01
   145.0      0.6070E-01
   146.0      0.5795E-01
   147.0      0.5494E-01
   148.0      0.5171E-01
   149.0      0.4834E-01
   150.0      0.4486E-01
   151.0      0.4133E-01
   152.0      0.3781E-01
   153.0      0.3434E-01
   154.0      0.3098E-01
   155.0      0.2776E-01
   156.0      0.2473E-01
   157.0      0.2191E-01
   158.0      0.1934E-01
   159.0      0.1704E-01
   160.0      0.1502E-01
   161.0      0.1329E-01
   162.0      0.1185E-01
   163.0      0.1070E-01
   164.0      0.9836E-02
   165.0      0.9236E-02
   166.0      0.8882E-02
   167.0      0.8749E-02
   168.0      0.8811E-02
   169.0      0.9037E-02
   170.0      0.9394E-02
   171.0      0.9848E-02
   172.0      0.1037E-01
   173.0      0.1092E-01
   174.0      0.1146E-01
   175.0      0.1198E-01
   176.0      0.1244E-01
   177.0      0.1283E-01
   178.0      0.1312E-01
   179.0      0.1329E-01
   180.0      0.1335E-01
 END
