# 178 angles,  1 tensor ranks for 0=projectile
@subtitle   "p+O20 with CH89;"                                                              
@legend ON
@legend x1 0.2
@legend y1 0.8
@g0 type LOGY
@yaxis ticklabel format power
@legend string   0 "Lab energy =   35.0000"
#legend string   0 "Partition=  1 Excit=  1 near/far= 1"
#  Theta       sigma       iT11        T20         T21         T22         Kyy for projectile
   3.000      0.1335E+06
   4.000      0.3910E+05
   5.000      0.1541E+05
   6.000       7667.    
   7.000       4654.    
   8.000       3308.    
   9.000       2622.    
   10.00       2219.    
   11.00       1947.    
   12.00       1737.    
   13.00       1559.    
   14.00       1398.    
   15.00       1250.    
   16.00       1110.    
   17.00       977.9    
   18.00       854.1    
   19.00       738.7    
   20.00       632.0    
   21.00       534.6    
   22.00       446.6    
   23.00       368.0    
   24.00       298.8    
   25.00       238.7    
   26.00       187.3    
   27.00       144.2    
   28.00       108.7    
   29.00       80.14    
   30.00       57.85    
   31.00       41.08    
   32.00       29.08    
   33.00       21.12    
   34.00       16.53    
   35.00       14.63    
   36.00       14.83    
   37.00       16.57    
   38.00       19.39    
   39.00       22.85    
   40.00       26.61    
   41.00       30.37    
   42.00       33.90    
   43.00       37.04    
   44.00       39.64    
   45.00       41.64    
   46.00       43.00    
   47.00       43.70    
   48.00       43.77    
   49.00       43.26    
   50.00       42.21    
   51.00       40.70    
   52.00       38.80    
   53.00       36.59    
   54.00       34.16    
   55.00       31.57    
   56.00       28.89    
   57.00       26.20    
   58.00       23.55    
   59.00       20.98    
   60.00       18.53    
   61.00       16.24    
   62.00       14.13    
   63.00       12.22    
   64.00       10.51    
   65.00       9.005    
   66.00       7.702    
   67.00       6.595    
   68.00       5.671    
   69.00       4.918    
   70.00       4.319    
   71.00       3.856    
   72.00       3.514    
   73.00       3.272    
   74.00       3.115    
   75.00       3.026    
   76.00       2.988    
   77.00       2.989    
   78.00       3.016    
   79.00       3.057    
   80.00       3.104    
   81.00       3.148    
   82.00       3.184    
   83.00       3.206    
   84.00       3.212    
   85.00       3.199    
   86.00       3.167    
   87.00       3.115    
   88.00       3.043    
   89.00       2.954    
   90.00       2.848    
   91.00       2.728    
   92.00       2.597    
   93.00       2.456    
   94.00       2.309    
   95.00       2.157    
   96.00       2.003    
   97.00       1.850    
   98.00       1.699    
   99.00       1.552    
   100.0       1.411    
   101.0       1.276    
   102.0       1.149    
   103.0       1.031    
   104.0      0.9221    
   105.0      0.8226    
   106.0      0.7328    
   107.0      0.6525    
   108.0      0.5816    
   109.0      0.5197    
   110.0      0.4665    
   111.0      0.4214    
   112.0      0.3839    
   113.0      0.3533    
   114.0      0.3291    
   115.0      0.3104    
   116.0      0.2967    
   117.0      0.2874    
   118.0      0.2818    
   119.0      0.2793    
   120.0      0.2794    
   121.0      0.2815    
   122.0      0.2852    
   123.0      0.2899    
   124.0      0.2953    
   125.0      0.3010    
   126.0      0.3066    
   127.0      0.3119    
   128.0      0.3167    
   129.0      0.3206    
   130.0      0.3235    
   131.0      0.3252    
   132.0      0.3257    
   133.0      0.3247    
   134.0      0.3223    
   135.0      0.3184    
   136.0      0.3130    
   137.0      0.3062    
   138.0      0.2978    
   139.0      0.2882    
   140.0      0.2772    
   141.0      0.2652    
   142.0      0.2521    
   143.0      0.2383    
   144.0      0.2238    
   145.0      0.2089    
   146.0      0.1938    
   147.0      0.1787    
   148.0      0.1639    
   149.0      0.1497    
   150.0      0.1361    
   151.0      0.1235    
   152.0      0.1121    
   153.0      0.1021    
   154.0      0.9366E-01
   155.0      0.8692E-01
   156.0      0.8201E-01
   157.0      0.7903E-01
   158.0      0.7805E-01
   159.0      0.7907E-01
   160.0      0.8208E-01
   161.0      0.8703E-01
   162.0      0.9383E-01
   163.0      0.1023    
   164.0      0.1124    
   165.0      0.1238    
   166.0      0.1363    
   167.0      0.1497    
   168.0      0.1637    
   169.0      0.1781    
   170.0      0.1924    
   171.0      0.2065    
   172.0      0.2200    
   173.0      0.2327    
   174.0      0.2443    
   175.0      0.2546    
   176.0      0.2633    
   177.0      0.2702    
   178.0      0.2753    
   179.0      0.2784    
   180.0      0.2795    
 END
