# 178 angles,  1 tensor ranks for 0=projectile
@subtitle   "p+O20 3- E. Khan reanalysis;"                                                  
@legend ON
@legend x1 0.2
@legend y1 0.8
@g0 type LOGY
@yaxis ticklabel format power
@legend string   0 "Lab energy =   43.2700"
#legend string   0 "Partition=  1 Excit=  2 near/far= 1"
#  Theta       sigma       iT11        T20         T21         T22         Kyy for projectile
   3.000       2.183    
   4.000       2.357    
   5.000       2.572    
   6.000       2.819    
   7.000       3.094    
   8.000       3.389    
   9.000       3.699    
   10.00       4.022    
   11.00       4.353    
   12.00       4.691    
   13.00       5.033    
   14.00       5.378    
   15.00       5.725    
   16.00       6.075    
   17.00       6.428    
   18.00       6.786    
   19.00       7.150    
   20.00       7.520    
   21.00       7.894    
   22.00       8.271    
   23.00       8.649    
   24.00       9.022    
   25.00       9.386    
   26.00       9.736    
   27.00       10.06    
   28.00       10.36    
   29.00       10.63    
   30.00       10.85    
   31.00       11.02    
   32.00       11.14    
   33.00       11.19    
   34.00       11.18    
   35.00       11.11    
   36.00       10.97    
   37.00       10.76    
   38.00       10.49    
   39.00       10.16    
   40.00       9.771    
   41.00       9.337    
   42.00       8.862    
   43.00       8.355    
   44.00       7.823    
   45.00       7.276    
   46.00       6.721    
   47.00       6.168    
   48.00       5.624    
   49.00       5.096    
   50.00       4.590    
   51.00       4.113    
   52.00       3.668    
   53.00       3.259    
   54.00       2.888    
   55.00       2.557    
   56.00       2.266    
   57.00       2.014    
   58.00       1.800    
   59.00       1.622    
   60.00       1.478    
   61.00       1.365    
   62.00       1.278    
   63.00       1.216    
   64.00       1.174    
   65.00       1.148    
   66.00       1.136    
   67.00       1.133    
   68.00       1.137    
   69.00       1.145    
   70.00       1.154    
   71.00       1.162    
   72.00       1.168    
   73.00       1.170    
   74.00       1.167    
   75.00       1.158    
   76.00       1.142    
   77.00       1.121    
   78.00       1.093    
   79.00       1.059    
   80.00       1.020    
   81.00      0.9754    
   82.00      0.9270    
   83.00      0.8751    
   84.00      0.8206    
   85.00      0.7644    
   86.00      0.7072    
   87.00      0.6498    
   88.00      0.5930    
   89.00      0.5374    
   90.00      0.4836    
   91.00      0.4322    
   92.00      0.3835    
   93.00      0.3378    
   94.00      0.2955    
   95.00      0.2567    
   96.00      0.2215    
   97.00      0.1899    
   98.00      0.1619    
   99.00      0.1374    
   100.0      0.1162    
   101.0      0.9825E-01
   102.0      0.8321E-01
   103.0      0.7091E-01
   104.0      0.6109E-01
   105.0      0.5349E-01
   106.0      0.4785E-01
   107.0      0.4392E-01
   108.0      0.4144E-01
   109.0      0.4017E-01
   110.0      0.3988E-01
   111.0      0.4037E-01
   112.0      0.4143E-01
   113.0      0.4291E-01
   114.0      0.4464E-01
   115.0      0.4649E-01
   116.0      0.4834E-01
   117.0      0.5010E-01
   118.0      0.5170E-01
   119.0      0.5307E-01
   120.0      0.5416E-01
   121.0      0.5496E-01
   122.0      0.5543E-01
   123.0      0.5558E-01
   124.0      0.5539E-01
   125.0      0.5489E-01
   126.0      0.5408E-01
   127.0      0.5299E-01
   128.0      0.5165E-01
   129.0      0.5008E-01
   130.0      0.4832E-01
   131.0      0.4639E-01
   132.0      0.4432E-01
   133.0      0.4214E-01
   134.0      0.3989E-01
   135.0      0.3759E-01
   136.0      0.3527E-01
   137.0      0.3294E-01
   138.0      0.3064E-01
   139.0      0.2838E-01
   140.0      0.2618E-01
   141.0      0.2405E-01
   142.0      0.2201E-01
   143.0      0.2006E-01
   144.0      0.1822E-01
   145.0      0.1649E-01
   146.0      0.1487E-01
   147.0      0.1337E-01
   148.0      0.1199E-01
   149.0      0.1074E-01
   150.0      0.9600E-02
   151.0      0.8581E-02
   152.0      0.7677E-02
   153.0      0.6885E-02
   154.0      0.6202E-02
   155.0      0.5623E-02
   156.0      0.5140E-02
   157.0      0.4751E-02
   158.0      0.4447E-02
   159.0      0.4224E-02
   160.0      0.4074E-02
   161.0      0.3992E-02
   162.0      0.3971E-02
   163.0      0.4002E-02
   164.0      0.4080E-02
   165.0      0.4196E-02
   166.0      0.4345E-02
   167.0      0.4518E-02
   168.0      0.4711E-02
   169.0      0.4916E-02
   170.0      0.5126E-02
   171.0      0.5337E-02
   172.0      0.5542E-02
   173.0      0.5735E-02
   174.0      0.5912E-02
   175.0      0.6070E-02
   176.0      0.6204E-02
   177.0      0.6312E-02
   178.0      0.6391E-02
   179.0      0.6439E-02
   180.0      0.6456E-02
 END
