# 178 angles,  1 tensor ranks for 0=projectile
@subtitle   "20O + d inelastic scattering;"                                                 
@legend ON
@legend x1 0.2
@legend y1 0.8
@g0 type LOGY
@yaxis ticklabel format power
@legend string   0 "Lab energy =   70.0000"
#legend string   0 "Partition=  1 Excit=  2 near/far= 1"
#  Theta       sigma       iT11        T20         T21         T22         Kyy for projectile
   3.000       21.70    
   4.000       19.69    
   5.000       18.96    
   6.000       20.43    
   7.000       24.64    
   8.000       31.47    
   9.000       40.18    
   10.00       49.60    
   11.00       58.46    
   12.00       65.60    
   13.00       70.12    
   14.00       71.50    
   15.00       69.55    
   16.00       64.54    
   17.00       57.09    
   18.00       48.15    
   19.00       38.78    
   20.00       29.96    
   21.00       22.46    
   22.00       16.76    
   23.00       13.05    
   24.00       11.23    
   25.00       11.04    
   26.00       12.04    
   27.00       13.73    
   28.00       15.62    
   29.00       17.30    
   30.00       18.48    
   31.00       19.01    
   32.00       18.83    
   33.00       18.02    
   34.00       16.68    
   35.00       15.01    
   36.00       13.17    
   37.00       11.35    
   38.00       9.675    
   39.00       8.242    
   40.00       7.097    
   41.00       6.243    
   42.00       5.656    
   43.00       5.287    
   44.00       5.074    
   45.00       4.952    
   46.00       4.864    
   47.00       4.764    
   48.00       4.623    
   49.00       4.426    
   50.00       4.169    
   51.00       3.859    
   52.00       3.508    
   53.00       3.134    
   54.00       2.755    
   55.00       2.389    
   56.00       2.050    
   57.00       1.746    
   58.00       1.484    
   59.00       1.264    
   60.00       1.085    
   61.00      0.9423    
   62.00      0.8306    
   63.00      0.7432    
   64.00      0.6740    
   65.00      0.6172    
   66.00      0.5686    
   67.00      0.5247    
   68.00      0.4832    
   69.00      0.4427    
   70.00      0.4025    
   71.00      0.3628    
   72.00      0.3240    
   73.00      0.2867    
   74.00      0.2516    
   75.00      0.2192    
   76.00      0.1898    
   77.00      0.1638    
   78.00      0.1412    
   79.00      0.1217    
   80.00      0.1052    
   81.00      0.9132E-01
   82.00      0.7972E-01
   83.00      0.7005E-01
   84.00      0.6193E-01
   85.00      0.5503E-01
   86.00      0.4906E-01
   87.00      0.4383E-01
   88.00      0.3920E-01
   89.00      0.3510E-01
   90.00      0.3143E-01
   91.00      0.2812E-01
   92.00      0.2512E-01
   93.00      0.2241E-01
   94.00      0.1999E-01
   95.00      0.1786E-01
   96.00      0.1599E-01
   97.00      0.1434E-01
   98.00      0.1287E-01
   99.00      0.1155E-01
   100.0      0.1039E-01
   101.0      0.9367E-02
   102.0      0.8466E-02
   103.0      0.7649E-02
   104.0      0.6888E-02
   105.0      0.6169E-02
   106.0      0.5496E-02
   107.0      0.4878E-02
   108.0      0.4317E-02
   109.0      0.3809E-02
   110.0      0.3344E-02
   111.0      0.2922E-02
   112.0      0.2546E-02
   113.0      0.2221E-02
   114.0      0.1950E-02
   115.0      0.1727E-02
   116.0      0.1543E-02
   117.0      0.1393E-02
   118.0      0.1273E-02
   119.0      0.1184E-02
   120.0      0.1123E-02
   121.0      0.1084E-02
   122.0      0.1058E-02
   123.0      0.1034E-02
   124.0      0.1008E-02
   125.0      0.9808E-03
   126.0      0.9545E-03
   127.0      0.9300E-03
   128.0      0.9043E-03
   129.0      0.8728E-03
   130.0      0.8319E-03
   131.0      0.7824E-03
   132.0      0.7298E-03
   133.0      0.6792E-03
   134.0      0.6318E-03
   135.0      0.5854E-03
   136.0      0.5376E-03
   137.0      0.4879E-03
   138.0      0.4395E-03
   139.0      0.3969E-03
   140.0      0.3621E-03
   141.0      0.3329E-03
   142.0      0.3061E-03
   143.0      0.2809E-03
   144.0      0.2586E-03
   145.0      0.2414E-03
   146.0      0.2303E-03
   147.0      0.2229E-03
   148.0      0.2150E-03
   149.0      0.2053E-03
   150.0      0.1966E-03
   151.0      0.1922E-03
   152.0      0.1931E-03
   153.0      0.1969E-03
   154.0      0.1987E-03
   155.0      0.1946E-03
   156.0      0.1856E-03
   157.0      0.1774E-03
   158.0      0.1746E-03
   159.0      0.1769E-03
   160.0      0.1806E-03
   161.0      0.1808E-03
   162.0      0.1743E-03
   163.0      0.1628E-03
   164.0      0.1520E-03
   165.0      0.1461E-03
   166.0      0.1446E-03
   167.0      0.1442E-03
   168.0      0.1413E-03
   169.0      0.1336E-03
   170.0      0.1217E-03
   171.0      0.1101E-03
   172.0      0.1026E-03
   173.0      0.9963E-04
   174.0      0.9932E-04
   175.0      0.9920E-04
   176.0      0.9628E-04
   177.0      0.8938E-04
   178.0      0.8142E-04
   179.0      0.7631E-04
   180.0      0.7482E-04
 END
