# 178 angles,  1 tensor ranks for 0=projectile
@subtitle   "p+O20 with CH89;"                                                              
@legend ON
@legend x1 0.2
@legend y1 0.8
@g0 type LOGY
@yaxis ticklabel format power
@legend string   0 "Lab energy =   35.0000"
#legend string   0 "Partition=  1 Excit=  1 near/far= 1"
#  Theta       sigma       iT11        T20         T21         T22         Kyy for projectile
   3.000      0.1303E+06
   4.000      0.3657E+05
   5.000      0.1341E+05
   6.000       6065.    
   7.000       3350.    
   8.000       2237.    
   9.000       1739.    
   10.00       1493.    
   11.00       1353.    
   12.00       1258.    
   13.00       1180.    
   14.00       1107.    
   15.00       1035.    
   16.00       962.6    
   17.00       888.9    
   18.00       814.9    
   19.00       741.5    
   20.00       669.6    
   21.00       600.0    
   22.00       533.5    
   23.00       470.6    
   24.00       411.8    
   25.00       357.3    
   26.00       307.3    
   27.00       262.0    
   28.00       221.3    
   29.00       185.0    
   30.00       153.0    
   31.00       125.2    
   32.00       101.1    
   33.00       80.62    
   34.00       63.37    
   35.00       49.03    
   36.00       37.30    
   37.00       27.86    
   38.00       20.42    
   39.00       14.69    
   40.00       10.41    
   41.00       7.323    
   42.00       5.221    
   43.00       3.904    
   44.00       3.197    
   45.00       2.949    
   46.00       3.032    
   47.00       3.338    
   48.00       3.777    
   49.00       4.279    
   50.00       4.788    
   51.00       5.263    
   52.00       5.672    
   53.00       5.998    
   54.00       6.229    
   55.00       6.360    
   56.00       6.393    
   57.00       6.333    
   58.00       6.189    
   59.00       5.972    
   60.00       5.693    
   61.00       5.364    
   62.00       4.998    
   63.00       4.607    
   64.00       4.202    
   65.00       3.792    
   66.00       3.386    
   67.00       2.991    
   68.00       2.615    
   69.00       2.261    
   70.00       1.933    
   71.00       1.634    
   72.00       1.365    
   73.00       1.126    
   74.00      0.9179    
   75.00      0.7393    
   76.00      0.5886    
   77.00      0.4643    
   78.00      0.3640    
   79.00      0.2856    
   80.00      0.2265    
   81.00      0.1843    
   82.00      0.1565    
   83.00      0.1409    
   84.00      0.1351    
   85.00      0.1372    
   86.00      0.1451    
   87.00      0.1573    
   88.00      0.1721    
   89.00      0.1884    
   90.00      0.2050    
   91.00      0.2210    
   92.00      0.2358    
   93.00      0.2487    
   94.00      0.2594    
   95.00      0.2676    
   96.00      0.2731    
   97.00      0.2759    
   98.00      0.2761    
   99.00      0.2738    
   100.0      0.2691    
   101.0      0.2623    
   102.0      0.2536    
   103.0      0.2432    
   104.0      0.2314    
   105.0      0.2186    
   106.0      0.2049    
   107.0      0.1906    
   108.0      0.1760    
   109.0      0.1613    
   110.0      0.1467    
   111.0      0.1324    
   112.0      0.1185    
   113.0      0.1051    
   114.0      0.9243E-01
   115.0      0.8050E-01
   116.0      0.6941E-01
   117.0      0.5918E-01
   118.0      0.4985E-01
   119.0      0.4143E-01
   120.0      0.3391E-01
   121.0      0.2729E-01
   122.0      0.2154E-01
   123.0      0.1661E-01
   124.0      0.1247E-01
   125.0      0.9073E-02
   126.0      0.6357E-02
   127.0      0.4270E-02
   128.0      0.2754E-02
   129.0      0.1750E-02
   130.0      0.1202E-02
   131.0      0.1051E-02
   132.0      0.1244E-02
   133.0      0.1727E-02
   134.0      0.2451E-02
   135.0      0.3369E-02
   136.0      0.4439E-02
   137.0      0.5622E-02
   138.0      0.6882E-02
   139.0      0.8188E-02
   140.0      0.9512E-02
   141.0      0.1083E-01
   142.0      0.1212E-01
   143.0      0.1337E-01
   144.0      0.1455E-01
   145.0      0.1567E-01
   146.0      0.1671E-01
   147.0      0.1767E-01
   148.0      0.1853E-01
   149.0      0.1931E-01
   150.0      0.2000E-01
   151.0      0.2060E-01
   152.0      0.2111E-01
   153.0      0.2154E-01
   154.0      0.2189E-01
   155.0      0.2217E-01
   156.0      0.2238E-01
   157.0      0.2253E-01
   158.0      0.2263E-01
   159.0      0.2268E-01
   160.0      0.2268E-01
   161.0      0.2265E-01
   162.0      0.2259E-01
   163.0      0.2250E-01
   164.0      0.2239E-01
   165.0      0.2226E-01
   166.0      0.2213E-01
   167.0      0.2199E-01
   168.0      0.2185E-01
   169.0      0.2170E-01
   170.0      0.2156E-01
   171.0      0.2143E-01
   172.0      0.2130E-01
   173.0      0.2119E-01
   174.0      0.2109E-01
   175.0      0.2100E-01
   176.0      0.2092E-01
   177.0      0.2087E-01
   178.0      0.2082E-01
   179.0      0.2080E-01
   180.0      0.2079E-01
 END
