           2           1           1
    0.0-     1 1   1.770       0.000      0.1533E-01   1.755    
    1.0+     0 1   5.290      0.1308E-05  0.4138E-01   5.248    
    1.0+     2 2   5.328      0.1308E-05  0.4966E-01   5.279    
    1.0-     1 1   5.305       0.000      0.4586E-01   5.259    
    2.0+     2 1   8.860       0.000      0.7827E-01   8.782    
    2.0-     1 1   8.821      0.1635E-05  0.7052E-01   8.751    
    2.0-     3 2   8.906      0.1635E-05  0.7051E-01   8.836    
    3.0+     2 1   12.36      0.1256E-05  0.9799E-01   12.27    
    3.0+     4 2   12.52      0.1256E-05  0.7688E-01   12.44    
    3.0-     3 1   12.43       0.000      0.8901E-01   12.34    
    4.0+     4 1   16.03       0.000      0.8715E-01   15.94    
    4.0-     3 1   15.91      0.7011E-06  0.1007       15.81    
    4.0-     5 2   16.20      0.7011E-06  0.7730E-01   16.12    
    5.0+     4 1   19.50      0.5080E-06  0.9553E-01   19.40    
    5.0+     6 2   19.93      0.5080E-06  0.8293E-01   19.85    
    5.0-     5 1   19.69       0.000      0.8260E-01   19.60    
    6.0+     6 1   23.42       0.000      0.9127E-01   23.33    
    6.0-     5 1   23.12      0.4201E-06  0.9153E-01   23.03    
    6.0-     7 2   23.67      0.4201E-06  0.8860E-01   23.58    
    7.0+     6 1   26.83      0.2208E-06  0.1049       26.73    
    7.0+     8 2   27.38      0.2208E-06  0.1271       27.26    
    7.0-     7 1   27.15       0.000      0.1025       27.05    
    8.0+     8 1   31.03       0.000      0.1222       30.91    
    8.0-     7 1   30.59      0.8592E-07  0.1297       30.46    
    8.0-     9 2   30.35      0.8592E-07  0.2174       30.13    
    9.0+     8 1   34.40      0.3323E-07  0.1362       34.26    
    9.0+    10 2   31.01      0.3323E-07  0.3042       30.71    
    9.0-     9 1   34.73       0.000      0.1982       34.53    
   10.0+    10 1   36.13       0.000      0.3074       35.82    
   10.0-     9 1   38.68      0.8600E-08  0.1652       38.51    
   10.0-    11 2   28.20      0.8600E-08  0.3065       27.90    
   11.0+    10 1   41.65      0.1363E-08  0.2791       41.38    
   11.0+    12 2   22.60      0.1363E-08  0.2357       22.36    
   11.0-    11 1   32.98       0.000      0.3417       32.64    
   12.0+    12 1   26.04       0.000      0.2704       25.77    
   12.0-    11 1   38.78      0.1836E-09  0.3597       38.42    
   12.0-    13 2   16.27      0.1836E-09  0.1530       16.11    
   13.0+    12 1   30.21      0.1543E-10  0.3099       29.90    
   13.0+    14 2   10.88      0.1543E-10  0.8978E-01   10.79    
   13.0-    13 1   18.33       0.000      0.1702       18.16    
   14.0+    14 1   12.01       0.000      0.9716E-01   11.91    
   14.0-    13 1   20.71      0.6166E-12  0.1925       20.52    
   14.0-    15 2   6.955      0.6166E-12  0.4851E-01   6.906    
   15.0+    14 1   13.24      0.1412E-13  0.1045       13.14    
   15.0+    16 2   4.333      0.1412E-13  0.2397E-01   4.309    
   15.0-    15 1   7.558       0.000      0.5231E-01   7.506    
   16.0+    16 1   4.658       0.000      0.2584E-01   4.632    
   16.0-    15 1   8.195      0.2400E-15  0.5591E-01   8.139    
   16.0-    17 2   2.660      0.2400E-15  0.1093E-01   2.649    
   17.0+    16 1   4.993      0.3547E-17  0.2774E-01   4.965    
   17.0+    18 2   1.617      0.3547E-17  0.4701E-02   1.613    
   17.0-    17 1   2.837       0.000      0.1172E-01   2.825    
   18.0+    18 1   1.715       0.000      0.5009E-02   1.710    
   18.0-    17 1   3.017      0.4960E-19  0.1254E-01   3.004    
   18.0-    19 2  0.9777      0.4959E-19  0.1950E-02  0.9758    
   19.0+    18 1   1.814      0.6856E-21  0.5326E-02   1.809    
   19.0+    20 2  0.5885      0.6850E-21  0.7910E-03  0.5877    
   19.0-    19 1   1.032       0.000      0.2066E-02   1.030    
   20.0+    20 1  0.6193       0.000      0.8341E-03  0.6185    
   20.0-    19 1   1.088      0.9562E-23  0.2184E-02   1.085    
   20.0-    21 2  0.3530      0.9531E-23  0.3164E-03  0.3527    
   21.0+    20 1  0.6503      0.1377E-24  0.8777E-03  0.6494    
   21.0+    22 2  0.2111      0.1345E-24  0.1253E-03  0.2110    
   21.0-    21 1  0.3705       0.000      0.3324E-03  0.3701    
   22.0+    22 1  0.2210       0.000      0.1313E-03  0.2209    
   22.0-    21 1  0.3879      0.1804E-26  0.3485E-03  0.3876    
   22.0-    23 2  0.1259      0.1927E-26  0.4928E-04  0.1259    
   23.0+    22 1  0.2309      0.8715E-28  0.1373E-03  0.2308    
   23.0+    24 2  0.7493E-01  0.2800E-28  0.1926E-04  0.7492E-01
   23.0-    23 1  0.1316       0.000      0.5151E-04  0.1315    
   24.0+    24 1  0.7813E-01   0.000      0.2008E-04  0.7811E-01
   24.0-    23 1  0.1372      0.5303E-30  0.5373E-04  0.1371    
   24.0-    25 2  0.4448E-01  0.4123E-30  0.7480E-05  0.4448E-01
   25.0+    24 1  0.8133E-01  0.1173E-28  0.2091E-04  0.8131E-01
   25.0+    26 2  0.2635E-01  0.6197E-32  0.2887E-05  0.2635E-01
   25.0-    25 1  0.4630E-01   0.000      0.7787E-05  0.4629E-01
   26.0+    26 1  0.2738E-01   0.000      0.3001E-05  0.2738E-01
   26.0-    25 1  0.4812E-01  0.3479E-28  0.8094E-05  0.4811E-01
   26.0-    27 2  0.1558E-01  0.1192E-33  0.1106E-05  0.1558E-01
   27.0+    26 1  0.2842E-01  0.1477E-28  0.3114E-05  0.2842E-01
   27.0+    28 2  0.9190E-02  0.9308E-36  0.4203E-06  0.9190E-02
   27.0-    27 1  0.1616E-01   0.000      0.1148E-05  0.1616E-01
   28.0+    28 1  0.9524E-02   0.000      0.4356E-06  0.9524E-02
   28.0-    27 1  0.1675E-01  0.8312E-30  0.1190E-05  0.1675E-01
   28.0-    29 2  0.5412E-02  0.2323E-35  0.1579E-06  0.5412E-02
   29.0+    28 1  0.9859E-02  0.4489E-28  0.4509E-06  0.9858E-02
   29.0+    30 2  0.3182E-02  0.1368E-35  0.5841E-07  0.3182E-02
   29.0-    29 1  0.5602E-02   0.000      0.1634E-06  0.5602E-02
   30.0+    30 1  0.3290E-02   0.000      0.6039E-07  0.3290E-02
   30.0-    29 1  0.5792E-02  0.1082E-28  0.1690E-06  0.5792E-02
   30.0-    31 2  0.1868E-02  0.3737E-35  0.2114E-07  0.1868E-02
   31.0+    30 1  0.3398E-02  0.1023E-29  0.6237E-07  0.3398E-02
   31.0+    32 2  0.1095E-02  0.6416E-37  0.7411E-08  0.1095E-02
   31.0-    31 1  0.1929E-02   0.000      0.2184E-07  0.1929E-02
   32.0+    32 1  0.1129E-02   0.000      0.7646E-08  0.1129E-02
   32.0-    31 1  0.1990E-02  0.1463E-29  0.2253E-07  0.1990E-02
   32.0-    33 2  0.6407E-03  0.5323E-38  0.2469E-08  0.6407E-03
   33.0+    32 1  0.1164E-02  0.8342E-30  0.7881E-08  0.1164E-02
   33.0+    34 2  0.3745E-03  0.2502E-37  0.7568E-09  0.3745E-03
   33.0-    33 1  0.6604E-03   0.000      0.2545E-08  0.6604E-03
   34.0+    34 1  0.3857E-03   0.000      0.7795E-09  0.3857E-03
   34.0-    33 1  0.6801E-03  0.8884E-30  0.2621E-08  0.6801E-03
   34.0-    35 2  0.2186E-03  0.3622E-37  0.1999E-09  0.2186E-03
   35.0+    34 1  0.3968E-03  0.1368E-29  0.8020E-09  0.3968E-03
   35.0+    36 2  0.1275E-03  0.1966E-36  0.3971E-10  0.1275E-03
   35.0-    35 1  0.2249E-03   0.000      0.2057E-09  0.2249E-03
   36.0+    36 1  0.1310E-03   0.000      0.4082E-10  0.1310E-03
   36.0-    35 1  0.2313E-03  0.2359E-29  0.2115E-09  0.2313E-03
   36.0-    37 2  0.7423E-04  0.9343E-38  0.5951E-11  0.7423E-04
   37.0+    36 1  0.1346E-03  0.1826E-29  0.4194E-10  0.1346E-03
   37.0+    38 2  0.4318E-04  0.1207E-36  0.6746E-11  0.4318E-04
   37.0-    37 1  0.7626E-04   0.000      0.6110E-11  0.7626E-04
   38.0+    38 1  0.4433E-04   0.000      0.6924E-11  0.4433E-04
   38.0-    37 1  0.7830E-04  0.1048E-29  0.6270E-11  0.7830E-04
   38.0-    39 2  0.2510E-04  0.5642E-37  0.1329E-10  0.2510E-04
   39.0+    38 1  0.4549E-04  0.4915E-30  0.7104E-11  0.4549E-04
   39.0+    40 2  0.1457E-04  0.4810E-37  0.1810E-10  0.1457E-04
   39.0-    39 1  0.2575E-04   0.000      0.1364E-10  0.2575E-04
   40.0+    40 1  0.1494E-04   0.000      0.1856E-10  0.1494E-04
   40.0-    39 1  0.2640E-04  0.4476E-30  0.1399E-10  0.2640E-04
   40.0-    41 2  0.8452E-05  0.2797E-37  0.2023E-10  0.8452E-05
   41.0+    40 1  0.1531E-04  0.2054E-31  0.1902E-10  0.1531E-04
   41.0+    42 2  0.4899E-05  0.3263E-38  0.2035E-10  0.4899E-05
   41.0-    41 1  0.8661E-05   0.000      0.2073E-10  0.8661E-05
   42.0+    42 1  0.5017E-05   0.000      0.2084E-10  0.5017E-05
   42.0-    41 1  0.8870E-05  0.6258E-30  0.2123E-10  0.8870E-05
   42.0-    43 2  0.2837E-05  0.1184E-37  0.1929E-10  0.2837E-05
   43.0+    42 1  0.5135E-05  0.1483E-29  0.2133E-10  0.5135E-05
   43.0+    44 2  0.1641E-05  0.3017E-38  0.1766E-10  0.1641E-05
   43.0-    43 1  0.2904E-05   0.000      0.1975E-10  0.2903E-05
   44.0+    44 1  0.1679E-05   0.000      0.1807E-10  0.1679E-05
   44.0-    43 1  0.2970E-05  0.2681E-30  0.2020E-10  0.2970E-05
   44.0-    45 2  0.9490E-06  0.2408E-37  0.1582E-10  0.9490E-06
   45.0+    44 1  0.1717E-05  0.6218E-31  0.1847E-10  0.1717E-05
   45.0+    46 2  0.5483E-06  0.3299E-39  0.1400E-10  0.5483E-06
   45.0-    45 1  0.9704E-06   0.000      0.1618E-10  0.9703E-06
   46.0+    46 1  0.5604E-06   0.000      0.1430E-10  0.5604E-06
   46.0-    45 1  0.9917E-06  0.7407E-30  0.1653E-10  0.9917E-06
   46.0-    47 2  0.3166E-06  0.2641E-38  0.1229E-10  0.3166E-06
   47.0+    46 1  0.5724E-06  0.5436E-30  0.1461E-10  0.5724E-06
   47.0+    48 2  0.1827E-06  0.1600E-38  0.1074E-10  0.1826E-06
   47.0-    47 1  0.3234E-06   0.000      0.1255E-10  0.3234E-06
   48.0+    48 1  0.1865E-06   0.000      0.1097E-10  0.1865E-06
   48.0-    47 1  0.3302E-06  0.1327E-30  0.1282E-10  0.3302E-06
   48.0-    49 2  0.1053E-06  0.8522E-41  0.9370E-11  0.1053E-06
   49.0+    48 1  0.1904E-06  0.4055E-30  0.1119E-10  0.1903E-06
   49.0+    50 2  0.6070E-07  0.2725E-40  0.8163E-11  0.6069E-07
   49.0-    49 1  0.1075E-06   0.000      0.9562E-11  0.1075E-06
   50.0+    50 1  0.6192E-07   0.000      0.8328E-11  0.6191E-07
   50.0-    49 1  0.1097E-06  0.1973E-30  0.9756E-11  0.1097E-06
   50.0-    51 2  0.3495E-07  0.5931E-40  0.7113E-11  0.3495E-07
