           4           1           1
    0.0-     1 1   1.754       0.000      0.1168E-01  0.4667E-03  0.7440E-02   1.734    
    1.0+     0 1   5.247       0.000      0.3845E-01  0.2383E-02  0.2057E-01   5.185    
    1.0+     2 2   5.278       0.000      0.3067E-01  0.1144E-02  0.2206E-01   5.224    
    1.0-     1 1   5.257       0.000      0.3683E-01  0.1866E-02  0.2146E-01   5.197    
    2.0+     2 1   8.781       0.000      0.5672E-01  0.3210E-02  0.3447E-01   8.687    
    2.0-     1 1   8.748       0.000      0.6710E-01  0.5161E-02  0.3177E-01   8.644    
    2.0-     3 2   8.836       0.000      0.4233E-01  0.1400E-02  0.3491E-01   8.757    
    3.0+     2 1   12.26       0.000      0.9007E-01  0.8823E-02  0.3974E-01   12.12    
    3.0+     4 2   12.44       0.000      0.4634E-01  0.1338E-02  0.4449E-01   12.35    
    3.0-     3 1   12.34       0.000      0.6988E-01  0.4436E-02  0.4559E-01   12.22    
    4.0+     4 1   15.93       0.000      0.7536E-01  0.5539E-02  0.5419E-01   15.80    
    4.0-     3 1   15.80       0.000      0.1053      0.1380E-01  0.4447E-01   15.64    
    4.0-     5 2   16.11       0.000      0.4341E-01  0.1095E-02  0.4925E-01   16.02    
    5.0+     4 1   19.38       0.000      0.1105      0.2027E-01  0.4594E-01   19.21    
    5.0+     6 2   19.85       0.000      0.3601E-01  0.7858E-03  0.4919E-01   19.76    
    5.0-     5 1   19.58       0.000      0.7286E-01  0.6570E-02  0.5947E-01   19.44    
    6.0+     6 1   23.31       0.000      0.6364E-01  0.7363E-02  0.6107E-01   23.18    
    6.0-     5 1   23.00       0.000      0.1044      0.2848E-01  0.4453E-01   22.82    
    6.0-     7 2   23.59       0.000      0.2819E-01  0.6467E-03  0.4727E-01   23.51    
    7.0+     6 1   26.70       0.000      0.8742E-01  0.3741E-01  0.4059E-01   26.54    
    7.0+     8 2   27.27       0.000      0.2326E-01  0.7277E-03  0.4965E-01   27.20    
    7.0-     7 1   27.06       0.000      0.5051E-01  0.8311E-02  0.5954E-01   26.95    
    8.0+     8 1   30.92       0.000      0.3455E-01  0.8853E-02  0.5269E-01   30.83    
    8.0-     7 1   30.46       0.000      0.6496E-01  0.4622E-01  0.3580E-01   30.32    
    8.0-     9 2   30.22       0.000      0.2672E-01  0.1656E-02  0.8438E-01   30.11    
    9.0+     8 1   34.28       0.000      0.3926E-01  0.5136E-01  0.2837E-01   34.16    
    9.0+    10 2   30.92       0.000      0.3249E-01  0.4213E-02  0.1669       30.72    
    9.0-     9 1   34.60       0.000      0.2660E-01  0.1102E-01  0.6194E-01   34.50    
   10.0+    10 1   36.04       0.000      0.2951E-01  0.2920E-01  0.1152       35.86    
   10.0-     9 1   38.54       0.000      0.2022E-01  0.4563E-01  0.2339E-01   38.45    
   10.0-    11 2   28.15       0.000      0.3449E-01  0.6102E-02  0.2404       27.87    
   11.0+    10 1   41.56       0.000      0.2060E-01  0.6943E-01  0.4159E-01   41.43    
   11.0+    12 2   22.57       0.000      0.4864E-01  0.5230E-02  0.2442       22.27    
   11.0-    11 1   32.94       0.000      0.3677E-01  0.6498E-01  0.1725       32.66    
   12.0+    12 1   26.01       0.000      0.5853E-01  0.8775E-01  0.1782       25.69    
   12.0-    11 1   38.76       0.000      0.3755E-01  0.1527      0.7272E-01   38.50    
   12.0-    13 2   16.25       0.000      0.6909E-01  0.4383E-02  0.1915       15.99    
   13.0+    12 1   30.20       0.000      0.7109E-01  0.2079      0.8189E-01   29.84    
   13.0+    14 2   10.87       0.000      0.7259E-01  0.4759E-02  0.1268       10.67    
   13.0-    13 1   18.32       0.000      0.8170E-01  0.8167E-01  0.1396       18.02    
   14.0+    14 1   12.00       0.000      0.8261E-01  0.6044E-01  0.9184E-01   11.77    
   14.0-    13 1   20.70       0.000      0.9720E-01  0.1876      0.6691E-01   20.35    
   14.0-    15 2   6.953       0.000      0.5861E-01  0.4722E-02  0.7574E-01   6.814    
   15.0+    14 1   13.24       0.000      0.9415E-01  0.1326      0.4501E-01   12.97    
   15.0+    16 2   4.334       0.000      0.3985E-01  0.3780E-02  0.4254E-01   4.247    
   15.0-    15 1   7.557       0.000      0.6484E-01  0.3906E-01  0.5448E-01   7.399    
   16.0+    16 1   4.658       0.000      0.4328E-01  0.2324E-01  0.3044E-01   4.561    
   16.0-    15 1   8.195       0.000      0.7166E-01  0.8180E-01  0.2707E-01   8.014    
   16.0-    17 2   2.661       0.000      0.2440E-01  0.2563E-02  0.2305E-01   2.611    
   17.0+    16 1   4.994       0.000      0.4690E-01  0.4680E-01  0.1528E-01   4.885    
   17.0+    18 2   1.620       0.000      0.1402E-01  0.1562E-02  0.1222E-01   1.592    
   17.0-    17 1   2.838       0.000      0.2618E-01  0.1312E-01  0.1643E-01   2.783    
   18.0+    18 1   1.718       0.000      0.1492E-01  0.7170E-02  0.8678E-02   1.687    
   18.0-    17 1   3.019       0.000      0.2802E-01  0.2567E-01  0.8298E-02   2.957    
   18.0-    19 2  0.9799       0.000      0.7752E-02  0.8913E-03  0.6403E-02  0.9648    
   19.0+    18 1   1.817       0.000      0.1584E-01  0.1374E-01  0.4396E-02   1.783    
   19.0+    20 2  0.5902       0.000      0.4185E-02  0.4881E-03  0.3329E-02  0.5822    
   19.0-    19 1   1.035       0.000      0.8204E-02  0.3836E-02  0.4527E-02   1.018    
   20.0+    20 1  0.6212       0.000      0.4410E-02  0.2025E-02  0.2343E-02  0.6124    
   20.0-    19 1   1.090       0.000      0.8661E-02  0.7251E-02  0.2291E-02   1.072    
   20.0-    21 2  0.3543       0.000      0.2225E-02  0.2607E-03  0.1723E-02  0.3501    
   21.0+    20 1  0.6522       0.000      0.4637E-02  0.3793E-02  0.1182E-02  0.6426    
   21.0+    22 2  0.2120       0.000      0.1172E-02  0.1371E-03  0.8896E-03  0.2098    
   21.0-    21 1  0.3718       0.000      0.2337E-02  0.1060E-02  0.1207E-02  0.3672    
   22.0+    22 1  0.2220       0.000      0.1228E-02  0.5520E-03  0.6206E-03  0.2196    
   22.0-    21 1  0.3893       0.000      0.2450E-02  0.1973E-02  0.6053E-03  0.3843    
   22.0-    23 2  0.1265       0.000      0.6135E-03  0.7136E-04  0.4586E-03  0.1254    
   23.0+    22 1  0.2319       0.000      0.1283E-02  0.1023E-02  0.3090E-03  0.2293    
   23.0+    24 2  0.7532E-01   0.000      0.3198E-03  0.3693E-04  0.2362E-03  0.7473E-01
   23.0-    23 1  0.1322       0.000      0.6411E-03  0.2865E-03  0.3185E-03  0.1309    
   24.0+    24 1  0.7853E-01   0.000      0.3335E-03  0.1483E-03  0.1634E-03  0.7789E-01
   24.0-    23 1  0.1378       0.000      0.6687E-03  0.5293E-03  0.1574E-03  0.1365    
   24.0-    25 2  0.4473E-01   0.000      0.1663E-03  0.1904E-04  0.1216E-03  0.4442E-01
   25.0+    24 1  0.8175E-01   0.000      0.3473E-03  0.2735E-03  0.8012E-04  0.8105E-01
   25.0+    26 2  0.2651E-01   0.000      0.8630E-04  0.9792E-05  0.6260E-04  0.2635E-01
   25.0-    25 1  0.4656E-01   0.000      0.1731E-03  0.7670E-04  0.8377E-04  0.4622E-01
   26.0+    26 1  0.2755E-01   0.000      0.8970E-04  0.3963E-04  0.4296E-04  0.2737E-01
   26.0-    25 1  0.4839E-01   0.000      0.1799E-03  0.1412E-03  0.4078E-04  0.4803E-01
   26.0-    27 2  0.1567E-01   0.000      0.4474E-04  0.5030E-05  0.3223E-04  0.1559E-01
   27.0+    26 1  0.2859E-01   0.000      0.9309E-04  0.7287E-04  0.2076E-04  0.2840E-01
   27.0+    28 2  0.9250E-02   0.000      0.2317E-04  0.2583E-05  0.1659E-04  0.9208E-02
   27.0-    27 1  0.1627E-01   0.000      0.4643E-04  0.2046E-04  0.2203E-04  0.1618E-01
   28.0+    28 1  0.9587E-02   0.000      0.2401E-04  0.1056E-04  0.1130E-04  0.9541E-02
   28.0-    27 1  0.1686E-01   0.000      0.4812E-04  0.3759E-04  0.1057E-04  0.1676E-01
   28.0-    29 2  0.5450E-02   0.000      0.1199E-04  0.1325E-05  0.8540E-05  0.5428E-02
   29.0+    28 1  0.9923E-02   0.000      0.2486E-04  0.1939E-04  0.5388E-05  0.9874E-02
   29.0+    30 2  0.3205E-02   0.000      0.6204E-05  0.6802E-06  0.4397E-05  0.3194E-02
   29.0-    29 1  0.5641E-02   0.000      0.1241E-04  0.5451E-05  0.5801E-05  0.5617E-02
   30.0+    30 1  0.3314E-02   0.000      0.6414E-05  0.2812E-05  0.2978E-05  0.3301E-02
   30.0-    29 1  0.5832E-02   0.000      0.1283E-04  0.9998E-05  0.2748E-05  0.5807E-02
   30.0-    31 2  0.1882E-02   0.000      0.3209E-05  0.3490E-06  0.2264E-05  0.1876E-02
   31.0+    30 1  0.3422E-02   0.000      0.6625E-05  0.5155E-05  0.1402E-05  0.3409E-02
   31.0+    32 2  0.1103E-02   0.000      0.1659E-05  0.1791E-06  0.1166E-05  0.1100E-02
   31.0-    31 1  0.1944E-02   0.000      0.3314E-05  0.1451E-05  0.1529E-05  0.1937E-02
   32.0+    32 1  0.1138E-02   0.000      0.1712E-05  0.7485E-06  0.7854E-06  0.1135E-02
   32.0-    31 1  0.2005E-02   0.000      0.3419E-05  0.2658E-05  0.7159E-06  0.1998E-02
   32.0-    33 2  0.6459E-03   0.000      0.8577E-06  0.9193E-07  0.6005E-06  0.6444E-03
   33.0+    32 1  0.1173E-02   0.000      0.1764E-05  0.1371E-05  0.3657E-06  0.1170E-02
   33.0+    34 2  0.3776E-03   0.000      0.4434E-06  0.4720E-07  0.3093E-06  0.3768E-03
   33.0-    33 1  0.6658E-03   0.000      0.8841E-06  0.3862E-06  0.4035E-06  0.6641E-03
   34.0+    34 1  0.3889E-03   0.000      0.4566E-06  0.1992E-06  0.2074E-06  0.3880E-03
   34.0-    33 1  0.6857E-03   0.000      0.9105E-06  0.7069E-06  0.1870E-06  0.6839E-03
   34.0-    35 2  0.2205E-03   0.000      0.2292E-06  0.2424E-07  0.1593E-06  0.2201E-03
   35.0+    34 1  0.4002E-03   0.000      0.4699E-06  0.3645E-06  0.9562E-07  0.3993E-03
   35.0+    36 2  0.1286E-03   0.000      0.1185E-06  0.1245E-07  0.8208E-07  0.1284E-03
   35.0-    35 1  0.2269E-03   0.000      0.2358E-06  0.1028E-06  0.1066E-06  0.2265E-03
   36.0+    36 1  0.1322E-03   0.000      0.1218E-06  0.5302E-07  0.5480E-07  0.1320E-03
   36.0-    35 1  0.2333E-03   0.000      0.2425E-06  0.1880E-06  0.4893E-07  0.2328E-03
   36.0-    37 2  0.7492E-04   0.000      0.6123E-07  0.6396E-08  0.4229E-07  0.7481E-04
   37.0+    36 1  0.1359E-03   0.000      0.1251E-06  0.9695E-07  0.2505E-07  0.1356E-03
   37.0+    38 2  0.4360E-04   0.000      0.3164E-07  0.3286E-08  0.2179E-07  0.4354E-04
   37.0-    37 1  0.7697E-04   0.000      0.6291E-07  0.2735E-07  0.2818E-07  0.7685E-04
   38.0+    38 1  0.4476E-04   0.000      0.3249E-07  0.1411E-07  0.1449E-07  0.4470E-04
   38.0-    37 1  0.7903E-04   0.000      0.6459E-07  0.5000E-07  0.1283E-07  0.7890E-04
   38.0-    39 2  0.2535E-04   0.000      0.1635E-07  0.1689E-08  0.1123E-07  0.2532E-04
   39.0+    38 1  0.4592E-04   0.000      0.3333E-07  0.2578E-07  0.6574E-08  0.4586E-04
   39.0+    40 2  0.1472E-04   0.000      0.8448E-08  0.8680E-09  0.5789E-08  0.1471E-04
   39.0-    39 1  0.2600E-04   0.000      0.1678E-07  0.7280E-08  0.7457E-08  0.2597E-04
   40.0+    40 1  0.1509E-04   0.000      0.8661E-08  0.3756E-08  0.3837E-08  0.1508E-04
   40.0-    39 1  0.2666E-04   0.000      0.1720E-07  0.1330E-07  0.3369E-08  0.2663E-04
   40.0-    41 2  0.8541E-05   0.000      0.4364E-08  0.4462E-09  0.2984E-08  0.8534E-05
   41.0+    40 1  0.1547E-04   0.000      0.8875E-08  0.6859E-08  0.1728E-08  0.1545E-04
   41.0+    42 2  0.4952E-05   0.000      0.2254E-08  0.2295E-09  0.1538E-08  0.4948E-05
   41.0-    41 1  0.8752E-05   0.000      0.4471E-08  0.1938E-08  0.1975E-08  0.8744E-05
   42.0+    42 1  0.5071E-05   0.000      0.2308E-08  0.1000E-08  0.1016E-08  0.5067E-05
   42.0-    41 1  0.8963E-05   0.000      0.4579E-08  0.3538E-08  0.8862E-09  0.8954E-05
   42.0-    43 2  0.2868E-05   0.000      0.1164E-08  0.1181E-09  0.7929E-09  0.2866E-05
   43.0+    42 1  0.5190E-05   0.000      0.2362E-08  0.1825E-08  0.4547E-09  0.5186E-05
   43.0+    44 2  0.1660E-05   0.000      0.6012E-09  0.6074E-10  0.4087E-09  0.1659E-05
   43.0-    43 1  0.2936E-05   0.000      0.1191E-08  0.5160E-09  0.5232E-09  0.2934E-05
   44.0+    44 1  0.1698E-05   0.000      0.6151E-09  0.2663E-09  0.2693E-09  0.1697E-05
   44.0-    43 1  0.3003E-05   0.000      0.1219E-08  0.9415E-09  0.2334E-09  0.3001E-05
   44.0-    45 2  0.9602E-06   0.000      0.3106E-09  0.3125E-10  0.2107E-09  0.9596E-06
   45.0+    44 1  0.1737E-05   0.000      0.6289E-09  0.4857E-09  0.1198E-09  0.1735E-05
   45.0+    46 2  0.5549E-06   0.000      0.1604E-09  0.1608E-10  0.1086E-09  0.5546E-06
   45.0-    45 1  0.9817E-06   0.000      0.3176E-09  0.1374E-09  0.1387E-09  0.9812E-06
   46.0+    46 1  0.5671E-06   0.000      0.1640E-09  0.7088E-10  0.7141E-10  0.5668E-06
   46.0-    45 1  0.1003E-05   0.000      0.3245E-09  0.2505E-09  0.6152E-10  0.1003E-05
   46.0-    47 2  0.3205E-06   0.000      0.8287E-10  0.8271E-11  0.5601E-10  0.3203E-06
   47.0+    46 1  0.5793E-06   0.000      0.1675E-09  0.1292E-09  0.3159E-10  0.5790E-06
   47.0+    48 2  0.1850E-06   0.000      0.4281E-10  0.4255E-11  0.2888E-10  0.1849E-06
   47.0-    47 1  0.3274E-06   0.000      0.8466E-10  0.3657E-10  0.3677E-10  0.3272E-06
   48.0+    48 1  0.1889E-06   0.000      0.4371E-10  0.1887E-10  0.1894E-10  0.1888E-06
   48.0-    47 1  0.3343E-06   0.000      0.8644E-10  0.6666E-10  0.1623E-10  0.3341E-06
   48.0-    49 2  0.1067E-06   0.000      0.2211E-10  0.2190E-11  0.1489E-10  0.1066E-06
   49.0+    48 1  0.1927E-06   0.000      0.4461E-10  0.3438E-10  0.8337E-11  0.1927E-06
   49.0+    50 2  0.6149E-07   0.000      0.1142E-10  0.1127E-11  0.7679E-11  0.6147E-07
   49.0-    49 1  0.1089E-06   0.000      0.2256E-10  0.9735E-11  0.9755E-11  0.1088E-06
   50.0+    50 1  0.6273E-07   0.000      0.1165E-10  0.5024E-11  0.5025E-11  0.6271E-07
   50.0-    49 1  0.1111E-06   0.000      0.2302E-10  0.1774E-10  0.4284E-11  0.1110E-06
   50.0-    51 2  0.3542E-07   0.000      0.5896E-11  0.5805E-12  0.3960E-11  0.3541E-07
   51.0+    50 1  0.6398E-07   0.000      0.1188E-10  0.9153E-11  0.2202E-11  0.6395E-07
   51.0+    52 2  0.2040E-07   0.000      0.3045E-11  0.2989E-12  0.2042E-11  0.2039E-07
   51.0-    51 1  0.3613E-07   0.000      0.6013E-11  0.2593E-11  0.2588E-11  0.3611E-07
   52.0+    52 1  0.2079E-07   0.000      0.3104E-11  0.1338E-11  0.1333E-11  0.2079E-07
   52.0-    51 1  0.3683E-07   0.000      0.6129E-11  0.4722E-11  0.1132E-11  0.3682E-07
   52.0-    53 2  0.1174E-07   0.000      0.1572E-11  0.1539E-12  0.1053E-11  0.1173E-07
   53.0+    52 1  0.2119E-07   0.000      0.3163E-11  0.2436E-11  0.5820E-12  0.2118E-07
   53.0+    54 2  0.6750E-08   0.000      0.8119E-12  0.7927E-13  0.5430E-12  0.6748E-08
   53.0-    53 1  0.1196E-07   0.000      0.1602E-11  0.6903E-12  0.6870E-12  0.1196E-07
   54.0+    54 1  0.6876E-08   0.000      0.8270E-12  0.3562E-12  0.3540E-12  0.6875E-08
   54.0-    53 1  0.1218E-07   0.000      0.1632E-11  0.1257E-11  0.2993E-12  0.1218E-07
   54.0-    55 2  0.3879E-08   0.000      0.4193E-12  0.4081E-13  0.2800E-12  0.3878E-08
   55.0+    54 1  0.7003E-08   0.000      0.8422E-12  0.6484E-12  0.1539E-12  0.7001E-08
   55.0+    56 2  0.2230E-08   0.000      0.2165E-12  0.2102E-13  0.1444E-12  0.2230E-08
   55.0-    55 1  0.3951E-08   0.000      0.4269E-12  0.1838E-12  0.1824E-12  0.3950E-08
   56.0+    56 1  0.2270E-08   0.000      0.2204E-12  0.9483E-13  0.9399E-13  0.2269E-08
   56.0-    55 1  0.4022E-08   0.000      0.4346E-12  0.3345E-12  0.7915E-13  0.4021E-08
   56.0-    57 2  0.1280E-08   0.000      0.1118E-12  0.1082E-13  0.7449E-13  0.1280E-08
   57.0+    56 1  0.2309E-08   0.000      0.2243E-12  0.1726E-12  0.4071E-13  0.2309E-08
   57.0+    58 2  0.7344E-09   0.000      0.5773E-13  0.5574E-14  0.3842E-13  0.7343E-09
   57.0-    57 1  0.1303E-08   0.000      0.1138E-12  0.4893E-13  0.4844E-13  0.1303E-08
   58.0+    58 1  0.7481E-09   0.000      0.5873E-13  0.2525E-13  0.2496E-13  0.7480E-09
   58.0-    57 1  0.1325E-08   0.000      0.1158E-12  0.8904E-13  0.2095E-13  0.1325E-08
   58.0-    59 2  0.4215E-09   0.000      0.2981E-13  0.2871E-14  0.1982E-13  0.4214E-09
   59.0+    58 1  0.7599E-09   0.000      0.5973E-13  0.4594E-13  0.1078E-13  0.7598E-09
   59.0+    60 2  0.2414E-09   0.000      0.1539E-13  0.1479E-14  0.1022E-13  0.2414E-09
   59.0-    59 1  0.4289E-09   0.000      0.3031E-13  0.1303E-13  0.1287E-13  0.4289E-09
   60.0+    60 1  0.2461E-09   0.000      0.1565E-13  0.6723E-14  0.6632E-14  0.2461E-09
   60.0-    59 1  0.4362E-09   0.000      0.3082E-13  0.2370E-13  0.5546E-14  0.4361E-09
   60.0-    61 2  0.1386E-09   0.000      0.7945E-14  0.7620E-15  0.5273E-14  0.1386E-09
