# 178 angles,  1 tensor ranks for 0=projectile
@subtitle   "20O(d,t) @ 30AMeV Daeh (d) + Pang (t)"                                         
@legend ON
@legend x1 0.2
@legend y1 0.8
@g0 type LOGY
@yaxis ticklabel format power
@legend string   0 "Lab energy =   70.0000"
#legend string   0 "Partition=  2 Excit=  3 near/far= 1"
#  Theta       sigma       iT11        T20         T21         T22         Kyy for projectile
   3.000       9.313    
   4.000       9.049    
   5.000       8.723    
   6.000       8.328    
   7.000       7.853    
   8.000       7.283    
   9.000       6.612    
   10.00       5.850    
   11.00       5.021    
   12.00       4.166    
   13.00       3.333    
   14.00       2.570    
   15.00       1.917    
   16.00       1.399    
   17.00       1.025    
   18.00      0.7861    
   19.00      0.6628    
   20.00      0.6273    
   21.00      0.6501    
   22.00      0.7043    
   23.00      0.7686    
   24.00      0.8289    
   25.00      0.8781    
   26.00      0.9147    
   27.00      0.9413    
   28.00      0.9622    
   29.00      0.9817    
   30.00       1.003    
   31.00       1.028    
   32.00       1.055    
   33.00       1.083    
   34.00       1.109    
   35.00       1.128    
   36.00       1.139    
   37.00       1.139    
   38.00       1.127    
   39.00       1.103    
   40.00       1.068    
   41.00       1.023    
   42.00      0.9716    
   43.00      0.9155    
   44.00      0.8571    
   45.00      0.7982    
   46.00      0.7405    
   47.00      0.6851    
   48.00      0.6326    
   49.00      0.5833    
   50.00      0.5372    
   51.00      0.4941    
   52.00      0.4537    
   53.00      0.4158    
   54.00      0.3800    
   55.00      0.3463    
   56.00      0.3145    
   57.00      0.2846    
   58.00      0.2565    
   59.00      0.2303    
   60.00      0.2061    
   61.00      0.1838    
   62.00      0.1634    
   63.00      0.1450    
   64.00      0.1285    
   65.00      0.1137    
   66.00      0.1006    
   67.00      0.8897E-01
   68.00      0.7868E-01
   69.00      0.6959E-01
   70.00      0.6156E-01
   71.00      0.5445E-01
   72.00      0.4814E-01
   73.00      0.4254E-01
   74.00      0.3755E-01
   75.00      0.3310E-01
   76.00      0.2913E-01
   77.00      0.2560E-01
   78.00      0.2246E-01
   79.00      0.1967E-01
   80.00      0.1720E-01
   81.00      0.1503E-01
   82.00      0.1312E-01
   83.00      0.1145E-01
   84.00      0.9993E-02
   85.00      0.8726E-02
   86.00      0.7626E-02
   87.00      0.6671E-02
   88.00      0.5843E-02
   89.00      0.5124E-02
   90.00      0.4498E-02
   91.00      0.3952E-02
   92.00      0.3475E-02
   93.00      0.3056E-02
   94.00      0.2688E-02
   95.00      0.2364E-02
   96.00      0.2078E-02
   97.00      0.1825E-02
   98.00      0.1603E-02
   99.00      0.1408E-02
   100.0      0.1236E-02
   101.0      0.1085E-02
   102.0      0.9531E-03
   103.0      0.8380E-03
   104.0      0.7378E-03
   105.0      0.6506E-03
   106.0      0.5748E-03
   107.0      0.5089E-03
   108.0      0.4514E-03
   109.0      0.4013E-03
   110.0      0.3575E-03
   111.0      0.3189E-03
   112.0      0.2849E-03
   113.0      0.2548E-03
   114.0      0.2281E-03
   115.0      0.2042E-03
   116.0      0.1829E-03
   117.0      0.1639E-03
   118.0      0.1468E-03
   119.0      0.1315E-03
   120.0      0.1179E-03
   121.0      0.1056E-03
   122.0      0.9475E-04
   123.0      0.8506E-04
   124.0      0.7644E-04
   125.0      0.6878E-04
   126.0      0.6199E-04
   127.0      0.5596E-04
   128.0      0.5060E-04
   129.0      0.4584E-04
   130.0      0.4158E-04
   131.0      0.3777E-04
   132.0      0.3434E-04
   133.0      0.3124E-04
   134.0      0.2842E-04
   135.0      0.2585E-04
   136.0      0.2350E-04
   137.0      0.2134E-04
   138.0      0.1934E-04
   139.0      0.1750E-04
   140.0      0.1579E-04
   141.0      0.1422E-04
   142.0      0.1278E-04
   143.0      0.1145E-04
   144.0      0.1023E-04
   145.0      0.9133E-05
   146.0      0.8140E-05
   147.0      0.7252E-05
   148.0      0.6468E-05
   149.0      0.5782E-05
   150.0      0.5192E-05
   151.0      0.4691E-05
   152.0      0.4276E-05
   153.0      0.3938E-05
   154.0      0.3671E-05
   155.0      0.3467E-05
   156.0      0.3317E-05
   157.0      0.3211E-05
   158.0      0.3141E-05
   159.0      0.3097E-05
   160.0      0.3070E-05
   161.0      0.3051E-05
   162.0      0.3033E-05
   163.0      0.3007E-05
   164.0      0.2970E-05
   165.0      0.2916E-05
   166.0      0.2842E-05
   167.0      0.2747E-05
   168.0      0.2631E-05
   169.0      0.2497E-05
   170.0      0.2346E-05
   171.0      0.2184E-05
   172.0      0.2015E-05
   173.0      0.1845E-05
   174.0      0.1681E-05
   175.0      0.1529E-05
   176.0      0.1395E-05
   177.0      0.1285E-05
   178.0      0.1203E-05
   179.0      0.1152E-05
   180.0      0.1135E-05
 END
