# 181 angles,  1 tensor ranks for 0=projectile
@subtitle   "p+O20 1st ex with BG ;"                                                        
@legend ON
@legend x1 0.2
@legend y1 0.8
@g0 type LOGY
@yaxis ticklabel format power
@legend string   0 "Lab energy =   35.0000"
#legend string   0 "Partition=  1 Excit=  1 near/far= 1"
#  Theta       sigma       iT11        T20         T21         T22         Kyy for projectile
  0.1000E-01  0.1288E+16
   1.000      0.1250E+08
   2.000      0.7234E+06
   3.000      0.1289E+06
   4.000      0.3682E+05
   5.000      0.1418E+05
   6.000       7010.    
   7.000       4332.    
   8.000       3194.    
   9.000       2643.    
   10.00       2331.    
   11.00       2118.    
   12.00       1946.    
   13.00       1793.    
   14.00       1646.    
   15.00       1503.    
   16.00       1363.    
   17.00       1227.    
   18.00       1095.    
   19.00       969.4    
   20.00       850.5    
   21.00       739.4    
   22.00       636.8    
   23.00       543.0    
   24.00       458.4    
   25.00       383.0    
   26.00       316.4    
   27.00       258.5    
   28.00       208.8    
   29.00       166.7    
   30.00       131.7    
   31.00       103.1    
   32.00       80.12    
   33.00       62.19    
   34.00       48.60    
   35.00       38.71    
   36.00       31.89    
   37.00       27.57    
   38.00       25.24    
   39.00       24.43    
   40.00       24.72    
   41.00       25.77    
   42.00       27.27    
   43.00       28.98    
   44.00       30.70    
   45.00       32.28    
   46.00       33.60    
   47.00       34.59    
   48.00       35.20    
   49.00       35.42    
   50.00       35.23    
   51.00       34.67    
   52.00       33.76    
   53.00       32.54    
   54.00       31.06    
   55.00       29.36    
   56.00       27.51    
   57.00       25.54    
   58.00       23.50    
   59.00       21.44    
   60.00       19.39    
   61.00       17.39    
   62.00       15.47    
   63.00       13.65    
   64.00       11.94    
   65.00       10.36    
   66.00       8.927    
   67.00       7.631    
   68.00       6.478    
   69.00       5.466    
   70.00       4.588    
   71.00       3.839    
   72.00       3.208    
   73.00       2.686    
   74.00       2.263    
   75.00       1.927    
   76.00       1.668    
   77.00       1.474    
   78.00       1.335    
   79.00       1.241    
   80.00       1.184    
   81.00       1.155    
   82.00       1.147    
   83.00       1.153    
   84.00       1.168    
   85.00       1.188    
   86.00       1.207    
   87.00       1.224    
   88.00       1.237    
   89.00       1.243    
   90.00       1.241    
   91.00       1.231    
   92.00       1.213    
   93.00       1.187    
   94.00       1.153    
   95.00       1.112    
   96.00       1.065    
   97.00       1.013    
   98.00      0.9565    
   99.00      0.8971    
   100.0      0.8356    
   101.0      0.7729    
   102.0      0.7100    
   103.0      0.6477    
   104.0      0.5867    
   105.0      0.5277    
   106.0      0.4713    
   107.0      0.4179    
   108.0      0.3678    
   109.0      0.3214    
   110.0      0.2787    
   111.0      0.2400    
   112.0      0.2051    
   113.0      0.1742    
   114.0      0.1470    
   115.0      0.1234    
   116.0      0.1033    
   117.0      0.8647E-01
   118.0      0.7261E-01
   119.0      0.6148E-01
   120.0      0.5284E-01
   121.0      0.4641E-01
   122.0      0.4192E-01
   123.0      0.3912E-01
   124.0      0.3774E-01
   125.0      0.3754E-01
   126.0      0.3830E-01
   127.0      0.3979E-01
   128.0      0.4184E-01
   129.0      0.4425E-01
   130.0      0.4687E-01
   131.0      0.4956E-01
   132.0      0.5219E-01
   133.0      0.5467E-01
   134.0      0.5691E-01
   135.0      0.5884E-01
   136.0      0.6041E-01
   137.0      0.6158E-01
   138.0      0.6233E-01
   139.0      0.6264E-01
   140.0      0.6251E-01
   141.0      0.6197E-01
   142.0      0.6101E-01
   143.0      0.5968E-01
   144.0      0.5800E-01
   145.0      0.5601E-01
   146.0      0.5374E-01
   147.0      0.5125E-01
   148.0      0.4858E-01
   149.0      0.4577E-01
   150.0      0.4287E-01
   151.0      0.3993E-01
   152.0      0.3697E-01
   153.0      0.3406E-01
   154.0      0.3121E-01
   155.0      0.2846E-01
   156.0      0.2585E-01
   157.0      0.2339E-01
   158.0      0.2111E-01
   159.0      0.1902E-01
   160.0      0.1713E-01
   161.0      0.1546E-01
   162.0      0.1399E-01
   163.0      0.1273E-01
   164.0      0.1168E-01
   165.0      0.1081E-01
   166.0      0.1013E-01
   167.0      0.9620E-02
   168.0      0.9254E-02
   169.0      0.9018E-02
   170.0      0.8893E-02
   171.0      0.8858E-02
   172.0      0.8892E-02
   173.0      0.8976E-02
   174.0      0.9092E-02
   175.0      0.9222E-02
   176.0      0.9350E-02
   177.0      0.9464E-02
   178.0      0.9553E-02
   179.0      0.9610E-02
   180.0      0.9629E-02
 END
