# 178 angles,  1 tensor ranks for 0=projectile
@subtitle   "p+O20 with CH89;"                                                              
@legend ON
@legend x1 0.2
@legend y1 0.8
@g0 type LOGY
@yaxis ticklabel format power
@legend string   0 "Lab energy =   35.0000"
#legend string   0 "Partition=  1 Excit=  1 near/far= 1"
#  Theta       sigma       iT11        T20         T21         T22         Kyy for projectile
   3.000      0.1324E+06
   4.000      0.3849E+05
   5.000      0.1502E+05
   6.000       7409.    
   7.000       4482.    
   8.000       3196.    
   9.000       2554.    
   10.00       2187.    
   11.00       1943.    
   12.00       1757.    
   13.00       1598.    
   14.00       1454.    
   15.00       1318.    
   16.00       1189.    
   17.00       1065.    
   18.00       946.8    
   19.00       834.9    
   20.00       729.7    
   21.00       631.9    
   22.00       541.9    
   23.00       459.8    
   24.00       385.8    
   25.00       319.8    
   26.00       261.6    
   27.00       211.0    
   28.00       167.5    
   29.00       130.7    
   30.00       100.0    
   31.00       74.92    
   32.00       54.80    
   33.00       39.07    
   34.00       27.16    
   35.00       18.49    
   36.00       12.54    
   37.00       8.816    
   38.00       6.862    
   39.00       6.274    
   40.00       6.694    
   41.00       7.812    
   42.00       9.365    
   43.00       11.14    
   44.00       12.95    
   45.00       14.67    
   46.00       16.20    
   47.00       17.47    
   48.00       18.43    
   49.00       19.07    
   50.00       19.37    
   51.00       19.37    
   52.00       19.07    
   53.00       18.51    
   54.00       17.73    
   55.00       16.77    
   56.00       15.66    
   57.00       14.46    
   58.00       13.19    
   59.00       11.90    
   60.00       10.60    
   61.00       9.342    
   62.00       8.132    
   63.00       6.991    
   64.00       5.935    
   65.00       4.972    
   66.00       4.107    
   67.00       3.345    
   68.00       2.683    
   69.00       2.121    
   70.00       1.651    
   71.00       1.270    
   72.00      0.9680    
   73.00      0.7380    
   74.00      0.5712    
   75.00      0.4589    
   76.00      0.3924    
   77.00      0.3635    
   78.00      0.3644    
   79.00      0.3879    
   80.00      0.4275    
   81.00      0.4776    
   82.00      0.5331    
   83.00      0.5899    
   84.00      0.6445    
   85.00      0.6943    
   86.00      0.7371    
   87.00      0.7717    
   88.00      0.7970    
   89.00      0.8126    
   90.00      0.8185    
   91.00      0.8150    
   92.00      0.8026    
   93.00      0.7823    
   94.00      0.7547    
   95.00      0.7211    
   96.00      0.6824    
   97.00      0.6398    
   98.00      0.5943    
   99.00      0.5469    
   100.0      0.4987    
   101.0      0.4504    
   102.0      0.4029    
   103.0      0.3569    
   104.0      0.3128    
   105.0      0.2713    
   106.0      0.2326    
   107.0      0.1970    
   108.0      0.1648    
   109.0      0.1359    
   110.0      0.1106    
   111.0      0.8862E-01
   112.0      0.6996E-01
   113.0      0.5448E-01
   114.0      0.4198E-01
   115.0      0.3226E-01
   116.0      0.2507E-01
   117.0      0.2018E-01
   118.0      0.1733E-01
   119.0      0.1625E-01
   120.0      0.1669E-01
   121.0      0.1840E-01
   122.0      0.2115E-01
   123.0      0.2469E-01
   124.0      0.2882E-01
   125.0      0.3335E-01
   126.0      0.3810E-01
   127.0      0.4292E-01
   128.0      0.4765E-01
   129.0      0.5219E-01
   130.0      0.5643E-01
   131.0      0.6029E-01
   132.0      0.6370E-01
   133.0      0.6662E-01
   134.0      0.6900E-01
   135.0      0.7082E-01
   136.0      0.7208E-01
   137.0      0.7277E-01
   138.0      0.7292E-01
   139.0      0.7253E-01
   140.0      0.7163E-01
   141.0      0.7027E-01
   142.0      0.6848E-01
   143.0      0.6631E-01
   144.0      0.6379E-01
   145.0      0.6099E-01
   146.0      0.5795E-01
   147.0      0.5471E-01
   148.0      0.5134E-01
   149.0      0.4787E-01
   150.0      0.4437E-01
   151.0      0.4086E-01
   152.0      0.3740E-01
   153.0      0.3401E-01
   154.0      0.3075E-01
   155.0      0.2762E-01
   156.0      0.2467E-01
   157.0      0.2192E-01
   158.0      0.1937E-01
   159.0      0.1705E-01
   160.0      0.1496E-01
   161.0      0.1310E-01
   162.0      0.1148E-01
   163.0      0.1008E-01
   164.0      0.8909E-02
   165.0      0.7947E-02
   166.0      0.7180E-02
   167.0      0.6592E-02
   168.0      0.6164E-02
   169.0      0.5876E-02
   170.0      0.5707E-02
   171.0      0.5636E-02
   172.0      0.5640E-02
   173.0      0.5700E-02
   174.0      0.5797E-02
   175.0      0.5911E-02
   176.0      0.6027E-02
   177.0      0.6133E-02
   178.0      0.6216E-02
   179.0      0.6269E-02
   180.0      0.6287E-02
 END
