# 178 angles,  1 tensor ranks for 0=projectile
@subtitle   "p+O20 with CH89;"                                                              
@legend ON
@legend x1 0.2
@legend y1 0.8
@g0 type LOGY
@yaxis ticklabel format power
@legend string   0 "Lab energy =   35.0000"
#legend string   0 "Partition=  1 Excit=  1 near/far= 1"
#  Theta       sigma       iT11        T20         T21         T22         Kyy for projectile
   3.000      0.1307E+06
   4.000      0.3726E+05
   5.000      0.1408E+05
   6.000       6673.    
   7.000       3894.    
   8.000       2720.    
   9.000       2166.    
   10.00       1870.    
   11.00       1686.    
   12.00       1549.    
   13.00       1434.    
   14.00       1327.    
   15.00       1224.    
   16.00       1123.    
   17.00       1023.    
   18.00       925.5    
   19.00       831.0    
   20.00       740.3    
   21.00       654.2    
   22.00       573.3    
   23.00       498.1    
   24.00       428.8    
   25.00       365.6    
   26.00       308.7    
   27.00       257.8    
   28.00       212.9    
   29.00       173.7    
   30.00       139.8    
   31.00       110.9    
   32.00       86.63    
   33.00       66.51    
   34.00       50.12    
   35.00       37.02    
   36.00       26.78    
   37.00       19.01    
   38.00       13.32    
   39.00       9.358    
   40.00       6.793    
   41.00       5.339    
   42.00       4.739    
   43.00       4.768    
   44.00       5.237    
   45.00       5.984    
   46.00       6.878    
   47.00       7.816    
   48.00       8.716    
   49.00       9.519    
   50.00       10.18    
   51.00       10.68    
   52.00       11.01    
   53.00       11.16    
   54.00       11.13    
   55.00       10.95    
   56.00       10.63    
   57.00       10.19    
   58.00       9.645    
   59.00       9.026    
   60.00       8.352    
   61.00       7.642    
   62.00       6.917    
   63.00       6.192    
   64.00       5.483    
   65.00       4.801    
   66.00       4.156    
   67.00       3.555    
   68.00       3.005    
   69.00       2.508    
   70.00       2.066    
   71.00       1.679    
   72.00       1.347    
   73.00       1.065    
   74.00      0.8325    
   75.00      0.6444    
   76.00      0.4969    
   77.00      0.3855    
   78.00      0.3057    
   79.00      0.2529    
   80.00      0.2227    
   81.00      0.2110    
   82.00      0.2139    
   83.00      0.2278    
   84.00      0.2494    
   85.00      0.2761    
   86.00      0.3053    
   87.00      0.3350    
   88.00      0.3636    
   89.00      0.3897    
   90.00      0.4123    
   91.00      0.4307    
   92.00      0.4444    
   93.00      0.4532    
   94.00      0.4571    
   95.00      0.4562    
   96.00      0.4507    
   97.00      0.4410    
   98.00      0.4276    
   99.00      0.4109    
   100.0      0.3914    
   101.0      0.3696    
   102.0      0.3461    
   103.0      0.3214    
   104.0      0.2960    
   105.0      0.2703    
   106.0      0.2446    
   107.0      0.2195    
   108.0      0.1951    
   109.0      0.1718    
   110.0      0.1497    
   111.0      0.1291    
   112.0      0.1101    
   113.0      0.9266E-01
   114.0      0.7696E-01
   115.0      0.6299E-01
   116.0      0.5072E-01
   117.0      0.4013E-01
   118.0      0.3114E-01
   119.0      0.2368E-01
   120.0      0.1765E-01
   121.0      0.1295E-01
   122.0      0.9471E-02
   123.0      0.7089E-02
   124.0      0.5686E-02
   125.0      0.5141E-02
   126.0      0.5335E-02
   127.0      0.6153E-02
   128.0      0.7484E-02
   129.0      0.9224E-02
   130.0      0.1128E-01
   131.0      0.1355E-01
   132.0      0.1597E-01
   133.0      0.1845E-01
   134.0      0.2093E-01
   135.0      0.2336E-01
   136.0      0.2569E-01
   137.0      0.2788E-01
   138.0      0.2990E-01
   139.0      0.3171E-01
   140.0      0.3331E-01
   141.0      0.3468E-01
   142.0      0.3582E-01
   143.0      0.3671E-01
   144.0      0.3737E-01
   145.0      0.3781E-01
   146.0      0.3802E-01
   147.0      0.3804E-01
   148.0      0.3786E-01
   149.0      0.3751E-01
   150.0      0.3700E-01
   151.0      0.3636E-01
   152.0      0.3560E-01
   153.0      0.3474E-01
   154.0      0.3381E-01
   155.0      0.3281E-01
   156.0      0.3177E-01
   157.0      0.3071E-01
   158.0      0.2963E-01
   159.0      0.2855E-01
   160.0      0.2749E-01
   161.0      0.2646E-01
   162.0      0.2546E-01
   163.0      0.2450E-01
   164.0      0.2359E-01
   165.0      0.2273E-01
   166.0      0.2194E-01
   167.0      0.2120E-01
   168.0      0.2052E-01
   169.0      0.1990E-01
   170.0      0.1935E-01
   171.0      0.1886E-01
   172.0      0.1842E-01
   173.0      0.1804E-01
   174.0      0.1772E-01
   175.0      0.1745E-01
   176.0      0.1724E-01
   177.0      0.1707E-01
   178.0      0.1695E-01
   179.0      0.1688E-01
   180.0      0.1686E-01
 END
