# 178 angles,  1 tensor ranks for 0=projectile
@subtitle   "20O + d 2+2 inelastic;"                                                        
@legend ON
@legend x1 0.2
@legend y1 0.8
@g0 type LOGY
@yaxis ticklabel format power
@legend string   0 "Lab energy =   70.0000"
#legend string   0 "Partition=  1 Excit=  2 near/far= 1"
#  Theta       sigma       iT11        T20         T21         T22         Kyy for projectile
   3.000       10.55    
   4.000       9.656    
   5.000       9.032    
   6.000       9.017    
   7.000       9.826    
   8.000       11.44    
   9.000       13.62    
   10.00       15.99    
   11.00       18.16    
   12.00       19.82    
   13.00       20.78    
   14.00       20.89    
   15.00       20.15    
   16.00       18.60    
   17.00       16.44    
   18.00       13.93    
   19.00       11.36    
   20.00       8.996    
   21.00       7.020    
   22.00       5.533    
   23.00       4.558    
   24.00       4.061    
   25.00       3.958    
   26.00       4.135    
   27.00       4.466    
   28.00       4.832    
   29.00       5.138    
   30.00       5.324    
   31.00       5.359    
   32.00       5.240    
   33.00       4.983    
   34.00       4.619    
   35.00       4.189    
   36.00       3.737    
   37.00       3.299    
   38.00       2.903    
   39.00       2.565    
   40.00       2.292    
   41.00       2.083    
   42.00       1.931    
   43.00       1.825    
   44.00       1.748    
   45.00       1.687    
   46.00       1.627    
   47.00       1.561    
   48.00       1.483    
   49.00       1.392    
   50.00       1.289    
   51.00       1.176    
   52.00       1.057    
   53.00      0.9358    
   54.00      0.8183    
   55.00      0.7083    
   56.00      0.6085    
   57.00      0.5208    
   58.00      0.4460    
   59.00      0.3839    
   60.00      0.3338    
   61.00      0.2942    
   62.00      0.2630    
   63.00      0.2382    
   64.00      0.2182    
   65.00      0.2012    
   66.00      0.1862    
   67.00      0.1721    
   68.00      0.1583    
   69.00      0.1446    
   70.00      0.1310    
   71.00      0.1176    
   72.00      0.1047    
   73.00      0.9233E-01
   74.00      0.8072E-01
   75.00      0.7006E-01
   76.00      0.6057E-01
   77.00      0.5235E-01
   78.00      0.4539E-01
   79.00      0.3955E-01
   80.00      0.3467E-01
   81.00      0.3065E-01
   82.00      0.2739E-01
   83.00      0.2475E-01
   84.00      0.2256E-01
   85.00      0.2066E-01
   86.00      0.1891E-01
   87.00      0.1728E-01
   88.00      0.1578E-01
   89.00      0.1438E-01
   90.00      0.1306E-01
   91.00      0.1178E-01
   92.00      0.1053E-01
   93.00      0.9354E-02
   94.00      0.8281E-02
   95.00      0.7330E-02
   96.00      0.6493E-02
   97.00      0.5754E-02
   98.00      0.5107E-02
   99.00      0.4561E-02
   100.0      0.4121E-02
   101.0      0.3773E-02
   102.0      0.3491E-02
   103.0      0.3250E-02
   104.0      0.3038E-02
   105.0      0.2856E-02
   106.0      0.2699E-02
   107.0      0.2557E-02
   108.0      0.2417E-02
   109.0      0.2270E-02
   110.0      0.2119E-02
   111.0      0.1970E-02
   112.0      0.1824E-02
   113.0      0.1677E-02
   114.0      0.1527E-02
   115.0      0.1378E-02
   116.0      0.1239E-02
   117.0      0.1114E-02
   118.0      0.1001E-02
   119.0      0.8930E-03
   120.0      0.7858E-03
   121.0      0.6857E-03
   122.0      0.6030E-03
   123.0      0.5416E-03
   124.0      0.4956E-03
   125.0      0.4545E-03
   126.0      0.4115E-03
   127.0      0.3684E-03
   128.0      0.3325E-03
   129.0      0.3085E-03
   130.0      0.2936E-03
   131.0      0.2809E-03
   132.0      0.2671E-03
   133.0      0.2537E-03
   134.0      0.2443E-03
   135.0      0.2399E-03
   136.0      0.2372E-03
   137.0      0.2310E-03
   138.0      0.2200E-03
   139.0      0.2087E-03
   140.0      0.2026E-03
   141.0      0.2027E-03
   142.0      0.2050E-03
   143.0      0.2046E-03
   144.0      0.1991E-03
   145.0      0.1900E-03
   146.0      0.1819E-03
   147.0      0.1768E-03
   148.0      0.1730E-03
   149.0      0.1681E-03
   150.0      0.1621E-03
   151.0      0.1564E-03
   152.0      0.1519E-03
   153.0      0.1486E-03
   154.0      0.1445E-03
   155.0      0.1372E-03
   156.0      0.1276E-03
   157.0      0.1192E-03
   158.0      0.1145E-03
   159.0      0.1129E-03
   160.0      0.1122E-03
   161.0      0.1103E-03
   162.0      0.1062E-03
   163.0      0.1010E-03
   164.0      0.9730E-04
   165.0      0.9625E-04
   166.0      0.9632E-04
   167.0      0.9652E-04
   168.0      0.9724E-04
   169.0      0.9844E-04
   170.0      0.9973E-04
   171.0      0.1015E-03
   172.0      0.1038E-03
   173.0      0.1057E-03
   174.0      0.1076E-03
   175.0      0.1105E-03
   176.0      0.1141E-03
   177.0      0.1169E-03
   178.0      0.1195E-03
   179.0      0.1224E-03
   180.0      0.1239E-03
 END
