# 178 angles,  1 tensor ranks for 0=projectile
@subtitle   "20O + d 2+2 inelastic;"                                                        
@legend ON
@legend x1 0.2
@legend y1 0.8
@g0 type LOGY
@yaxis ticklabel format power
@legend string   0 "Lab energy =   70.0000"
#legend string   0 "Partition=  1 Excit=  2 near/far= 1"
#  Theta       sigma       iT11        T20         T21         T22         Kyy for projectile
   3.000       9.211    
   4.000       8.423    
   5.000       7.851    
   6.000       7.799    
   7.000       8.463    
   8.000       9.834    
   9.000       11.70    
   10.00       13.73    
   11.00       15.60    
   12.00       17.03    
   13.00       17.86    
   14.00       17.97    
   15.00       17.34    
   16.00       16.03    
   17.00       14.18    
   18.00       12.02    
   19.00       9.809    
   20.00       7.772    
   21.00       6.069    
   22.00       4.786    
   23.00       3.943    
   24.00       3.510    
   25.00       3.416    
   26.00       3.564    
   27.00       3.845    
   28.00       4.156    
   29.00       4.416    
   30.00       4.573    
   31.00       4.601    
   32.00       4.497    
   33.00       4.275    
   34.00       3.961    
   35.00       3.592    
   36.00       3.203    
   37.00       2.827    
   38.00       2.488    
   39.00       2.198    
   40.00       1.964    
   41.00       1.786    
   42.00       1.657    
   43.00       1.567    
   44.00       1.502    
   45.00       1.451    
   46.00       1.400    
   47.00       1.344    
   48.00       1.277    
   49.00       1.199    
   50.00       1.111    
   51.00       1.014    
   52.00      0.9107    
   53.00      0.8065    
   54.00      0.7052    
   55.00      0.6104    
   56.00      0.5244    
   57.00      0.4487    
   58.00      0.3842    
   59.00      0.3307    
   60.00      0.2876    
   61.00      0.2534    
   62.00      0.2266    
   63.00      0.2054    
   64.00      0.1881    
   65.00      0.1735    
   66.00      0.1606    
   67.00      0.1484    
   68.00      0.1366    
   69.00      0.1247    
   70.00      0.1130    
   71.00      0.1014    
   72.00      0.9028E-01
   73.00      0.7961E-01
   74.00      0.6958E-01
   75.00      0.6037E-01
   76.00      0.5218E-01
   77.00      0.4509E-01
   78.00      0.3909E-01
   79.00      0.3406E-01
   80.00      0.2986E-01
   81.00      0.2640E-01
   82.00      0.2359E-01
   83.00      0.2133E-01
   84.00      0.1946E-01
   85.00      0.1783E-01
   86.00      0.1632E-01
   87.00      0.1492E-01
   88.00      0.1362E-01
   89.00      0.1242E-01
   90.00      0.1128E-01
   91.00      0.1018E-01
   92.00      0.9099E-02
   93.00      0.8077E-02
   94.00      0.7147E-02
   95.00      0.6325E-02
   96.00      0.5601E-02
   97.00      0.4961E-02
   98.00      0.4402E-02
   99.00      0.3930E-02
   100.0      0.3550E-02
   101.0      0.3252E-02
   102.0      0.3009E-02
   103.0      0.2802E-02
   104.0      0.2619E-02
   105.0      0.2462E-02
   106.0      0.2327E-02
   107.0      0.2205E-02
   108.0      0.2084E-02
   109.0      0.1956E-02
   110.0      0.1825E-02
   111.0      0.1695E-02
   112.0      0.1569E-02
   113.0      0.1441E-02
   114.0      0.1311E-02
   115.0      0.1181E-02
   116.0      0.1060E-02
   117.0      0.9526E-03
   118.0      0.8556E-03
   119.0      0.7624E-03
   120.0      0.6698E-03
   121.0      0.5833E-03
   122.0      0.5123E-03
   123.0      0.4605E-03
   124.0      0.4224E-03
   125.0      0.3882E-03
   126.0      0.3519E-03
   127.0      0.3149E-03
   128.0      0.2841E-03
   129.0      0.2640E-03
   130.0      0.2519E-03
   131.0      0.2414E-03
   132.0      0.2294E-03
   133.0      0.2176E-03
   134.0      0.2092E-03
   135.0      0.2052E-03
   136.0      0.2026E-03
   137.0      0.1966E-03
   138.0      0.1860E-03
   139.0      0.1752E-03
   140.0      0.1692E-03
   141.0      0.1688E-03
   142.0      0.1706E-03
   143.0      0.1700E-03
   144.0      0.1645E-03
   145.0      0.1560E-03
   146.0      0.1483E-03
   147.0      0.1437E-03
   148.0      0.1404E-03
   149.0      0.1362E-03
   150.0      0.1310E-03
   151.0      0.1261E-03
   152.0      0.1224E-03
   153.0      0.1198E-03
   154.0      0.1164E-03
   155.0      0.1102E-03
   156.0      0.1017E-03
   157.0      0.9444E-04
   158.0      0.9057E-04
   159.0      0.8945E-04
   160.0      0.8908E-04
   161.0      0.8762E-04
   162.0      0.8398E-04
   163.0      0.7919E-04
   164.0      0.7587E-04
   165.0      0.7493E-04
   166.0      0.7493E-04
   167.0      0.7496E-04
   168.0      0.7546E-04
   169.0      0.7643E-04
   170.0      0.7748E-04
   171.0      0.7897E-04
   172.0      0.8094E-04
   173.0      0.8253E-04
   174.0      0.8400E-04
   175.0      0.8653E-04
   176.0      0.8976E-04
   177.0      0.9247E-04
   178.0      0.9513E-04
   179.0      0.9824E-04
   180.0      0.9983E-04
 END
