# 178 angles,  1 tensor ranks for 0=projectile
@subtitle   "20O + d inelastic scattering;"                                                 
@legend ON
@legend x1 0.2
@legend y1 0.8
@g0 type LOGY
@yaxis ticklabel format power
@legend string   0 "Lab energy =   70.0000"
#legend string   0 "Partition=  1 Excit=  2 near/far= 1"
#  Theta       sigma       iT11        T20         T21         T22         Kyy for projectile
   3.000       17.54    
   4.000       15.87    
   5.000       15.03    
   6.000       15.72    
   7.000       18.34    
   8.000       22.86    
   9.000       28.75    
   10.00       35.20    
   11.00       41.31    
   12.00       46.27    
   13.00       49.48    
   14.00       50.54    
   15.00       49.32    
   16.00       45.96    
   17.00       40.88    
   18.00       34.72    
   19.00       28.21    
   20.00       22.06    
   21.00       16.79    
   22.00       12.75    
   23.00       10.07    
   24.00       8.706    
   25.00       8.463    
   26.00       9.053    
   27.00       10.13    
   28.00       11.37    
   29.00       12.47    
   30.00       13.24    
   31.00       13.56    
   32.00       13.41    
   33.00       12.82    
   34.00       11.87    
   35.00       10.70    
   36.00       9.412    
   37.00       8.141    
   38.00       6.977    
   39.00       5.984    
   40.00       5.191    
   41.00       4.604    
   42.00       4.203    
   43.00       3.953    
   44.00       3.810    
   45.00       3.728    
   46.00       3.665    
   47.00       3.590    
   48.00       3.483    
   49.00       3.333    
   50.00       3.138    
   51.00       2.903    
   52.00       2.638    
   53.00       2.355    
   54.00       2.069    
   55.00       1.793    
   56.00       1.537    
   57.00       1.308    
   58.00       1.110    
   59.00      0.9447    
   60.00      0.8099    
   61.00      0.7031    
   62.00      0.6198    
   63.00      0.5551    
   64.00      0.5041    
   65.00      0.4627    
   66.00      0.4274    
   67.00      0.3957    
   68.00      0.3656    
   69.00      0.3360    
   70.00      0.3064    
   71.00      0.2769    
   72.00      0.2477    
   73.00      0.2195    
   74.00      0.1926    
   75.00      0.1677    
   76.00      0.1449    
   77.00      0.1246    
   78.00      0.1069    
   79.00      0.9168E-01
   80.00      0.7875E-01
   81.00      0.6792E-01
   82.00      0.5893E-01
   83.00      0.5152E-01
   84.00      0.4540E-01
   85.00      0.4028E-01
   86.00      0.3594E-01
   87.00      0.3220E-01
   88.00      0.2895E-01
   89.00      0.2611E-01
   90.00      0.2358E-01
   91.00      0.2131E-01
   92.00      0.1923E-01
   93.00      0.1733E-01
   94.00      0.1562E-01
   95.00      0.1408E-01
   96.00      0.1271E-01
   97.00      0.1147E-01
   98.00      0.1033E-01
   99.00      0.9300E-02
   100.0      0.8368E-02
   101.0      0.7539E-02
   102.0      0.6798E-02
   103.0      0.6123E-02
   104.0      0.5491E-02
   105.0      0.4896E-02
   106.0      0.4342E-02
   107.0      0.3841E-02
   108.0      0.3393E-02
   109.0      0.2994E-02
   110.0      0.2635E-02
   111.0      0.2311E-02
   112.0      0.2025E-02
   113.0      0.1783E-02
   114.0      0.1584E-02
   115.0      0.1425E-02
   116.0      0.1296E-02
   117.0      0.1191E-02
   118.0      0.1108E-02
   119.0      0.1046E-02
   120.0      0.1004E-02
   121.0      0.9776E-03
   122.0      0.9593E-03
   123.0      0.9407E-03
   124.0      0.9178E-03
   125.0      0.8920E-03
   126.0      0.8665E-03
   127.0      0.8422E-03
   128.0      0.8168E-03
   129.0      0.7861E-03
   130.0      0.7470E-03
   131.0      0.7008E-03
   132.0      0.6526E-03
   133.0      0.6071E-03
   134.0      0.5650E-03
   135.0      0.5241E-03
   136.0      0.4819E-03
   137.0      0.4383E-03
   138.0      0.3959E-03
   139.0      0.3592E-03
   140.0      0.3297E-03
   141.0      0.3048E-03
   142.0      0.2817E-03
   143.0      0.2596E-03
   144.0      0.2399E-03
   145.0      0.2249E-03
   146.0      0.2155E-03
   147.0      0.2093E-03
   148.0      0.2024E-03
   149.0      0.1934E-03
   150.0      0.1851E-03
   151.0      0.1807E-03
   152.0      0.1815E-03
   153.0      0.1850E-03
   154.0      0.1870E-03
   155.0      0.1835E-03
   156.0      0.1754E-03
   157.0      0.1680E-03
   158.0      0.1656E-03
   159.0      0.1681E-03
   160.0      0.1722E-03
   161.0      0.1732E-03
   162.0      0.1680E-03
   163.0      0.1580E-03
   164.0      0.1485E-03
   165.0      0.1436E-03
   166.0      0.1427E-03
   167.0      0.1429E-03
   168.0      0.1408E-03
   169.0      0.1342E-03
   170.0      0.1234E-03
   171.0      0.1127E-03
   172.0      0.1059E-03
   173.0      0.1033E-03
   174.0      0.1034E-03
   175.0      0.1036E-03
   176.0      0.1011E-03
   177.0      0.9459E-04
   178.0      0.8691E-04
   179.0      0.8197E-04
   180.0      0.8053E-04
 END
