# 178 angles,  1 tensor ranks for 0=projectile
@subtitle   "20O + d inelastic scattering;"                                                 
@legend ON
@legend x1 0.2
@legend y1 0.8
@g0 type LOGY
@yaxis ticklabel format power
@legend string   0 "Lab energy =   70.0000"
#legend string   0 "Partition=  1 Excit=  1 near/far= 1"
#  Theta       sigma       iT11        T20         T21         T22         Kyy for projectile
   3.000      0.3011E+05
   4.000      0.1239E+05
   5.000       8311.    
   6.000       6587.    
   7.000       5345.    
   8.000       4241.    
   9.000       3238.    
   10.00       2358.    
   11.00       1623.    
   12.00       1044.    
   13.00       614.9    
   14.00       321.0    
   15.00       140.0    
   16.00       46.13    
   17.00       14.03    
   18.00       20.71    
   19.00       47.32    
   20.00       79.71    
   21.00       108.5    
   22.00       128.3    
   23.00       137.4    
   24.00       136.3    
   25.00       126.9    
   26.00       111.9    
   27.00       94.06    
   28.00       75.82    
   29.00       59.00    
   30.00       44.75    
   31.00       33.63    
   32.00       25.69    
   33.00       20.59    
   34.00       17.79    
   35.00       16.64    
   36.00       16.51    
   37.00       16.87    
   38.00       17.29    
   39.00       17.48    
   40.00       17.28    
   41.00       16.65    
   42.00       15.61    
   43.00       14.26    
   44.00       12.70    
   45.00       11.05    
   46.00       9.416    
   47.00       7.880    
   48.00       6.503    
   49.00       5.320    
   50.00       4.341    
   51.00       3.562    
   52.00       2.962    
   53.00       2.514    
   54.00       2.187    
   55.00       1.950    
   56.00       1.777    
   57.00       1.643    
   58.00       1.532    
   59.00       1.429    
   60.00       1.328    
   61.00       1.223    
   62.00       1.114    
   63.00       1.003    
   64.00      0.8906    
   65.00      0.7803    
   66.00      0.6749    
   67.00      0.5768    
   68.00      0.4878    
   69.00      0.4090    
   70.00      0.3409    
   71.00      0.2833    
   72.00      0.2357    
   73.00      0.1971    
   74.00      0.1663    
   75.00      0.1421    
   76.00      0.1232    
   77.00      0.1084    
   78.00      0.9680E-01
   79.00      0.8745E-01
   80.00      0.7966E-01
   81.00      0.7289E-01
   82.00      0.6677E-01
   83.00      0.6105E-01
   84.00      0.5557E-01
   85.00      0.5027E-01
   86.00      0.4513E-01
   87.00      0.4018E-01
   88.00      0.3547E-01
   89.00      0.3103E-01
   90.00      0.2692E-01
   91.00      0.2317E-01
   92.00      0.1981E-01
   93.00      0.1684E-01
   94.00      0.1426E-01
   95.00      0.1205E-01
   96.00      0.1019E-01
   97.00      0.8643E-02
   98.00      0.7379E-02
   99.00      0.6357E-02
   100.0      0.5539E-02
   101.0      0.4889E-02
   102.0      0.4375E-02
   103.0      0.3966E-02
   104.0      0.3637E-02
   105.0      0.3368E-02
   106.0      0.3141E-02
   107.0      0.2943E-02
   108.0      0.2764E-02
   109.0      0.2596E-02
   110.0      0.2434E-02
   111.0      0.2276E-02
   112.0      0.2120E-02
   113.0      0.1965E-02
   114.0      0.1812E-02
   115.0      0.1662E-02
   116.0      0.1516E-02
   117.0      0.1374E-02
   118.0      0.1238E-02
   119.0      0.1108E-02
   120.0      0.9872E-03
   121.0      0.8746E-03
   122.0      0.7710E-03
   123.0      0.6768E-03
   124.0      0.5922E-03
   125.0      0.5172E-03
   126.0      0.4515E-03
   127.0      0.3948E-03
   128.0      0.3467E-03
   129.0      0.3065E-03
   130.0      0.2737E-03
   131.0      0.2474E-03
   132.0      0.2270E-03
   133.0      0.2116E-03
   134.0      0.2005E-03
   135.0      0.1928E-03
   136.0      0.1879E-03
   137.0      0.1850E-03
   138.0      0.1834E-03
   139.0      0.1826E-03
   140.0      0.1820E-03
   141.0      0.1814E-03
   142.0      0.1802E-03
   143.0      0.1783E-03
   144.0      0.1754E-03
   145.0      0.1716E-03
   146.0      0.1667E-03
   147.0      0.1608E-03
   148.0      0.1541E-03
   149.0      0.1465E-03
   150.0      0.1384E-03
   151.0      0.1300E-03
   152.0      0.1214E-03
   153.0      0.1129E-03
   154.0      0.1047E-03
   155.0      0.9704E-04
   156.0      0.9006E-04
   157.0      0.8395E-04
   158.0      0.7881E-04
   159.0      0.7473E-04
   160.0      0.7177E-04
   161.0      0.6994E-04
   162.0      0.6920E-04
   163.0      0.6950E-04
   164.0      0.7074E-04
   165.0      0.7283E-04
   166.0      0.7562E-04
   167.0      0.7898E-04
   168.0      0.8277E-04
   169.0      0.8682E-04
   170.0      0.9100E-04
   171.0      0.9517E-04
   172.0      0.9921E-04
   173.0      0.1030E-03
   174.0      0.1065E-03
   175.0      0.1095E-03
   176.0      0.1121E-03
   177.0      0.1142E-03
   178.0      0.1157E-03
   179.0      0.1166E-03
   180.0      0.1169E-03
 END
