# 178 angles,  1 tensor ranks for 0=projectile
@subtitle   "20O + d inelastic scattering;"                                                 
@legend ON
@legend x1 0.2
@legend y1 0.8
@g0 type LOGY
@yaxis ticklabel format power
@legend string   0 "Lab energy =   70.0000"
#legend string   0 "Partition=  1 Excit=  1 near/far= 1"
#  Theta       sigma       iT11        T20         T21         T22         Kyy for projectile
   3.000      0.3047E+05
   4.000      0.1249E+05
   5.000       8318.    
   6.000       6561.    
   7.000       5313.    
   8.000       4216.    
   9.000       3224.    
   10.00       2355.    
   11.00       1630.    
   12.00       1056.    
   13.00       629.0    
   14.00       334.4    
   15.00       150.3    
   16.00       51.98    
   17.00       14.78    
   18.00       16.49    
   19.00       38.81    
   20.00       67.94    
   21.00       94.60    
   22.00       113.5    
   23.00       122.7    
   24.00       122.4    
   25.00       114.4    
   26.00       101.0    
   27.00       84.88    
   28.00       68.16    
   29.00       52.60    
   30.00       39.32    
   31.00       28.88    
   32.00       21.35    
   33.00       16.46    
   34.00       13.74    
   35.00       12.62    
   36.00       12.52    
   37.00       12.93    
   38.00       13.47    
   39.00       13.85    
   40.00       13.91    
   41.00       13.60    
   42.00       12.91    
   43.00       11.92    
   44.00       10.72    
   45.00       9.408    
   46.00       8.071    
   47.00       6.790    
   48.00       5.622    
   49.00       4.603    
   50.00       3.749    
   51.00       3.061    
   52.00       2.527    
   53.00       2.127    
   54.00       1.836    
   55.00       1.628    
   56.00       1.482    
   57.00       1.374    
   58.00       1.290    
   59.00       1.216    
   60.00       1.145    
   61.00       1.070    
   62.00      0.9904    
   63.00      0.9056    
   64.00      0.8172    
   65.00      0.7274    
   66.00      0.6386    
   67.00      0.5533    
   68.00      0.4736    
   69.00      0.4010    
   70.00      0.3365    
   71.00      0.2806    
   72.00      0.2333    
   73.00      0.1942    
   74.00      0.1626    
   75.00      0.1375    
   76.00      0.1179    
   77.00      0.1029    
   78.00      0.9137E-01
   79.00      0.8254E-01
   80.00      0.7560E-01
   81.00      0.6994E-01
   82.00      0.6505E-01
   83.00      0.6058E-01
   84.00      0.5629E-01
   85.00      0.5204E-01
   86.00      0.4777E-01
   87.00      0.4347E-01
   88.00      0.3917E-01
   89.00      0.3494E-01
   90.00      0.3085E-01
   91.00      0.2695E-01
   92.00      0.2333E-01
   93.00      0.2002E-01
   94.00      0.1705E-01
   95.00      0.1444E-01
   96.00      0.1220E-01
   97.00      0.1030E-01
   98.00      0.8734E-02
   99.00      0.7463E-02
   100.0      0.6452E-02
   101.0      0.5664E-02
   102.0      0.5059E-02
   103.0      0.4602E-02
   104.0      0.4257E-02
   105.0      0.3995E-02
   106.0      0.3791E-02
   107.0      0.3623E-02
   108.0      0.3476E-02
   109.0      0.3336E-02
   110.0      0.3195E-02
   111.0      0.3048E-02
   112.0      0.2892E-02
   113.0      0.2726E-02
   114.0      0.2551E-02
   115.0      0.2369E-02
   116.0      0.2183E-02
   117.0      0.1994E-02
   118.0      0.1808E-02
   119.0      0.1625E-02
   120.0      0.1449E-02
   121.0      0.1283E-02
   122.0      0.1127E-02
   123.0      0.9841E-03
   124.0      0.8545E-03
   125.0      0.7390E-03
   126.0      0.6380E-03
   127.0      0.5512E-03
   128.0      0.4784E-03
   129.0      0.4188E-03
   130.0      0.3715E-03
   131.0      0.3354E-03
   132.0      0.3093E-03
   133.0      0.2918E-03
   134.0      0.2817E-03
   135.0      0.2774E-03
   136.0      0.2777E-03
   137.0      0.2813E-03
   138.0      0.2870E-03
   139.0      0.2936E-03
   140.0      0.3003E-03
   141.0      0.3062E-03
   142.0      0.3106E-03
   143.0      0.3132E-03
   144.0      0.3134E-03
   145.0      0.3112E-03
   146.0      0.3064E-03
   147.0      0.2993E-03
   148.0      0.2898E-03
   149.0      0.2784E-03
   150.0      0.2654E-03
   151.0      0.2511E-03
   152.0      0.2361E-03
   153.0      0.2207E-03
   154.0      0.2056E-03
   155.0      0.1909E-03
   156.0      0.1773E-03
   157.0      0.1649E-03
   158.0      0.1542E-03
   159.0      0.1453E-03
   160.0      0.1384E-03
   161.0      0.1335E-03
   162.0      0.1307E-03
   163.0      0.1298E-03
   164.0      0.1309E-03
   165.0      0.1337E-03
   166.0      0.1380E-03
   167.0      0.1435E-03
   168.0      0.1501E-03
   169.0      0.1573E-03
   170.0      0.1650E-03
   171.0      0.1728E-03
   172.0      0.1806E-03
   173.0      0.1880E-03
   174.0      0.1948E-03
   175.0      0.2009E-03
   176.0      0.2062E-03
   177.0      0.2103E-03
   178.0      0.2134E-03
   179.0      0.2153E-03
   180.0      0.2159E-03
 END
