# 178 angles,  1 tensor ranks for 0=projectile
@subtitle   "p+O20 1st with BG ;"                                                           
@legend ON
@legend x1 0.2
@legend y1 0.8
@g0 type LOGY
@yaxis ticklabel format power
@legend string   0 "Lab energy =   43.2700"
#legend string   0 "Partition=  1 Excit=  2 near/far= 1"
#  Theta       sigma       iT11        T20         T21         T22         Kyy for projectile
   3.000       51.54    
   4.000       50.47    
   5.000       48.97    
   6.000       47.14    
   7.000       45.13    
   8.000       43.12    
   9.000       41.25    
   10.00       39.64    
   11.00       38.33    
   12.00       37.39    
   13.00       36.86    
   14.00       36.74    
   15.00       37.03    
   16.00       37.68    
   17.00       38.61    
   18.00       39.76    
   19.00       41.04    
   20.00       42.39    
   21.00       43.73    
   22.00       44.95    
   23.00       45.96    
   24.00       46.69    
   25.00       47.06    
   26.00       47.06    
   27.00       46.68    
   28.00       45.92    
   29.00       44.79    
   30.00       43.29    
   31.00       41.45    
   32.00       39.32    
   33.00       36.97    
   34.00       34.47    
   35.00       31.87    
   36.00       29.23    
   37.00       26.60    
   38.00       24.04    
   39.00       21.59    
   40.00       19.29    
   41.00       17.17    
   42.00       15.26    
   43.00       13.57    
   44.00       12.10    
   45.00       10.85    
   46.00       9.814    
   47.00       8.978    
   48.00       8.325    
   49.00       7.832    
   50.00       7.475    
   51.00       7.232    
   52.00       7.080    
   53.00       6.997    
   54.00       6.961    
   55.00       6.951    
   56.00       6.947    
   57.00       6.936    
   58.00       6.907    
   59.00       6.852    
   60.00       6.765    
   61.00       6.642    
   62.00       6.480    
   63.00       6.279    
   64.00       6.041    
   65.00       5.770    
   66.00       5.473    
   67.00       5.154    
   68.00       4.820    
   69.00       4.474    
   70.00       4.123    
   71.00       3.772    
   72.00       3.427    
   73.00       3.094    
   74.00       2.775    
   75.00       2.475    
   76.00       2.194    
   77.00       1.935    
   78.00       1.700    
   79.00       1.488    
   80.00       1.301    
   81.00       1.137    
   82.00      0.9954    
   83.00      0.8747    
   84.00      0.7732    
   85.00      0.6895    
   86.00      0.6216    
   87.00      0.5677    
   88.00      0.5256    
   89.00      0.4934    
   90.00      0.4694    
   91.00      0.4518    
   92.00      0.4393    
   93.00      0.4305    
   94.00      0.4240    
   95.00      0.4188    
   96.00      0.4140    
   97.00      0.4091    
   98.00      0.4036    
   99.00      0.3970    
   100.0      0.3891    
   101.0      0.3797    
   102.0      0.3687    
   103.0      0.3562    
   104.0      0.3424    
   105.0      0.3274    
   106.0      0.3115    
   107.0      0.2947    
   108.0      0.2774    
   109.0      0.2596    
   110.0      0.2418    
   111.0      0.2241    
   112.0      0.2068    
   113.0      0.1899    
   114.0      0.1737    
   115.0      0.1582    
   116.0      0.1435    
   117.0      0.1298    
   118.0      0.1171    
   119.0      0.1054    
   120.0      0.9477E-01
   121.0      0.8513E-01
   122.0      0.7651E-01
   123.0      0.6889E-01
   124.0      0.6219E-01
   125.0      0.5632E-01
   126.0      0.5122E-01
   127.0      0.4685E-01
   128.0      0.4317E-01
   129.0      0.4013E-01
   130.0      0.3766E-01
   131.0      0.3564E-01
   132.0      0.3400E-01
   133.0      0.3266E-01
   134.0      0.3159E-01
   135.0      0.3079E-01
   136.0      0.3021E-01
   137.0      0.2980E-01
   138.0      0.2949E-01
   139.0      0.2922E-01
   140.0      0.2896E-01
   141.0      0.2871E-01
   142.0      0.2847E-01
   143.0      0.2823E-01
   144.0      0.2796E-01
   145.0      0.2762E-01
   146.0      0.2721E-01
   147.0      0.2671E-01
   148.0      0.2615E-01
   149.0      0.2553E-01
   150.0      0.2484E-01
   151.0      0.2407E-01
   152.0      0.2324E-01
   153.0      0.2236E-01
   154.0      0.2143E-01
   155.0      0.2046E-01
   156.0      0.1946E-01
   157.0      0.1844E-01
   158.0      0.1739E-01
   159.0      0.1633E-01
   160.0      0.1529E-01
   161.0      0.1429E-01
   162.0      0.1331E-01
   163.0      0.1237E-01
   164.0      0.1146E-01
   165.0      0.1058E-01
   166.0      0.9756E-02
   167.0      0.8997E-02
   168.0      0.8310E-02
   169.0      0.7691E-02
   170.0      0.7133E-02
   171.0      0.6626E-02
   172.0      0.6171E-02
   173.0      0.5773E-02
   174.0      0.5439E-02
   175.0      0.5168E-02
   176.0      0.4955E-02
   177.0      0.4795E-02
   178.0      0.4682E-02
   179.0      0.4613E-02
   180.0      0.4589E-02
 END
