# 181 angles,  1 tensor ranks for 0=projectile
@subtitle   "p+O20 2nd ex with BG ;"                                                        
@legend ON
@legend x1 0.2
@legend y1 0.8
@g0 type LOGY
@yaxis ticklabel format power
@legend string   0 "Lab energy =   35.0000"
#legend string   0 "Partition=  1 Excit=  1 near/far= 1"
#  Theta       sigma       iT11        T20         T21         T22         Kyy for projectile
  0.1000E-01  0.1288E+16
   1.000      0.1251E+08
   2.000      0.7260E+06
   3.000      0.1300E+06
   4.000      0.3735E+05
   5.000      0.1446E+05
   6.000       7153.    
   7.000       4399.    
   8.000       3215.    
   9.000       2636.    
   10.00       2306.    
   11.00       2083.    
   12.00       1906.    
   13.00       1750.    
   14.00       1604.    
   15.00       1463.    
   16.00       1325.    
   17.00       1192.    
   18.00       1064.    
   19.00       941.5    
   20.00       826.1    
   21.00       718.3    
   22.00       618.7    
   23.00       527.7    
   24.00       445.4    
   25.00       371.9    
   26.00       307.0    
   27.00       250.3    
   28.00       201.4    
   29.00       159.9    
   30.00       125.2    
   31.00       96.64    
   32.00       73.57    
   33.00       55.37    
   34.00       41.41    
   35.00       31.06    
   36.00       23.76    
   37.00       18.96    
   38.00       16.17    
   39.00       14.94    
   40.00       14.88    
   41.00       15.66    
   42.00       16.97    
   43.00       18.59    
   44.00       20.31    
   45.00       21.98    
   46.00       23.48    
   47.00       24.73    
   48.00       25.67    
   49.00       26.28    
   50.00       26.55    
   51.00       26.47    
   52.00       26.09    
   53.00       25.41    
   54.00       24.48    
   55.00       23.34    
   56.00       22.04    
   57.00       20.60    
   58.00       19.08    
   59.00       17.50    
   60.00       15.91    
   61.00       14.34    
   62.00       12.81    
   63.00       11.34    
   64.00       9.950    
   65.00       8.657    
   66.00       7.468    
   67.00       6.388    
   68.00       5.421    
   69.00       4.566    
   70.00       3.821    
   71.00       3.181    
   72.00       2.640    
   73.00       2.191    
   74.00       1.826    
   75.00       1.536    
   76.00       1.313    
   77.00       1.147    
   78.00       1.031    
   79.00      0.9551    
   80.00      0.9130    
   81.00      0.8971    
   82.00      0.9011    
   83.00      0.9191    
   84.00      0.9462    
   85.00      0.9781    
   86.00       1.011    
   87.00       1.043    
   88.00       1.070    
   89.00       1.092    
   90.00       1.106    
   91.00       1.113    
   92.00       1.112    
   93.00       1.103    
   94.00       1.085    
   95.00       1.060    
   96.00       1.029    
   97.00      0.9908    
   98.00      0.9477    
   99.00      0.9002    
   100.0      0.8493    
   101.0      0.7957    
   102.0      0.7405    
   103.0      0.6845    
   104.0      0.6284    
   105.0      0.5729    
   106.0      0.5186    
   107.0      0.4662    
   108.0      0.4159    
   109.0      0.3683    
   110.0      0.3237    
   111.0      0.2821    
   112.0      0.2439    
   113.0      0.2091    
   114.0      0.1776    
   115.0      0.1496    
   116.0      0.1249    
   117.0      0.1034    
   118.0      0.8499E-01
   119.0      0.6950E-01
   120.0      0.5675E-01
   121.0      0.4652E-01
   122.0      0.3861E-01
   123.0      0.3281E-01
   124.0      0.2888E-01
   125.0      0.2661E-01
   126.0      0.2578E-01
   127.0      0.2618E-01
   128.0      0.2760E-01
   129.0      0.2984E-01
   130.0      0.3271E-01
   131.0      0.3606E-01
   132.0      0.3970E-01
   133.0      0.4350E-01
   134.0      0.4732E-01
   135.0      0.5104E-01
   136.0      0.5455E-01
   137.0      0.5777E-01
   138.0      0.6060E-01
   139.0      0.6300E-01
   140.0      0.6492E-01
   141.0      0.6631E-01
   142.0      0.6716E-01
   143.0      0.6746E-01
   144.0      0.6722E-01
   145.0      0.6644E-01
   146.0      0.6515E-01
   147.0      0.6340E-01
   148.0      0.6121E-01
   149.0      0.5865E-01
   150.0      0.5577E-01
   151.0      0.5263E-01
   152.0      0.4929E-01
   153.0      0.4582E-01
   154.0      0.4228E-01
   155.0      0.3873E-01
   156.0      0.3524E-01
   157.0      0.3187E-01
   158.0      0.2865E-01
   159.0      0.2565E-01
   160.0      0.2289E-01
   161.0      0.2041E-01
   162.0      0.1823E-01
   163.0      0.1636E-01
   164.0      0.1480E-01
   165.0      0.1357E-01
   166.0      0.1263E-01
   167.0      0.1198E-01
   168.0      0.1159E-01
   169.0      0.1142E-01
   170.0      0.1146E-01
   171.0      0.1165E-01
   172.0      0.1196E-01
   173.0      0.1235E-01
   174.0      0.1278E-01
   175.0      0.1322E-01
   176.0      0.1362E-01
   177.0      0.1397E-01
   178.0      0.1423E-01
   179.0      0.1440E-01
   180.0      0.1445E-01
 END
