# 178 angles,  1 tensor ranks for 0=projectile
@subtitle   "20O(d,t) @ 30AMeV Haixia (d) + Pang (t)"                                       
@legend ON
@legend x1 0.2
@legend y1 0.8
@g0 type LOGY
@yaxis ticklabel format power
@legend string   0 "Lab energy =   70.0000"
#legend string   0 "Partition=  2 Excit=  3 near/far= 1"
#  Theta       sigma       iT11        T20         T21         T22         Kyy for projectile
   3.000       4.560    
   4.000       4.488    
   5.000       4.444    
   6.000       4.428    
   7.000       4.424    
   8.000       4.400    
   9.000       4.317    
   10.00       4.144    
   11.00       3.862    
   12.00       3.476    
   13.00       3.008    
   14.00       2.494    
   15.00       1.978    
   16.00       1.503    
   17.00       1.099    
   18.00      0.7854    
   19.00      0.5677    
   20.00      0.4375    
   21.00      0.3785    
   22.00      0.3700    
   23.00      0.3914    
   24.00      0.4255    
   25.00      0.4601    
   26.00      0.4889    
   27.00      0.5102    
   28.00      0.5261    
   29.00      0.5406    
   30.00      0.5579    
   31.00      0.5813    
   32.00      0.6123    
   33.00      0.6506    
   34.00      0.6941    
   35.00      0.7396    
   36.00      0.7832    
   37.00      0.8214    
   38.00      0.8510    
   39.00      0.8700    
   40.00      0.8773    
   41.00      0.8730    
   42.00      0.8583    
   43.00      0.8347    
   44.00      0.8044    
   45.00      0.7695    
   46.00      0.7318    
   47.00      0.6932    
   48.00      0.6549    
   49.00      0.6176    
   50.00      0.5818    
   51.00      0.5477    
   52.00      0.5151    
   53.00      0.4839    
   54.00      0.4538    
   55.00      0.4245    
   56.00      0.3960    
   57.00      0.3681    
   58.00      0.3409    
   59.00      0.3144    
   60.00      0.2888    
   61.00      0.2642    
   62.00      0.2408    
   63.00      0.2188    
   64.00      0.1983    
   65.00      0.1794    
   66.00      0.1620    
   67.00      0.1462    
   68.00      0.1318    
   69.00      0.1189    
   70.00      0.1073    
   71.00      0.9679E-01
   72.00      0.8736E-01
   73.00      0.7884E-01
   74.00      0.7113E-01
   75.00      0.6414E-01
   76.00      0.5778E-01
   77.00      0.5199E-01
   78.00      0.4672E-01
   79.00      0.4190E-01
   80.00      0.3752E-01
   81.00      0.3353E-01
   82.00      0.2992E-01
   83.00      0.2666E-01
   84.00      0.2372E-01
   85.00      0.2108E-01
   86.00      0.1873E-01
   87.00      0.1663E-01
   88.00      0.1477E-01
   89.00      0.1312E-01
   90.00      0.1166E-01
   91.00      0.1036E-01
   92.00      0.9222E-02
   93.00      0.8211E-02
   94.00      0.7315E-02
   95.00      0.6519E-02
   96.00      0.5811E-02
   97.00      0.5180E-02
   98.00      0.4615E-02
   99.00      0.4110E-02
   100.0      0.3658E-02
   101.0      0.3253E-02
   102.0      0.2889E-02
   103.0      0.2564E-02
   104.0      0.2273E-02
   105.0      0.2013E-02
   106.0      0.1782E-02
   107.0      0.1576E-02
   108.0      0.1393E-02
   109.0      0.1232E-02
   110.0      0.1090E-02
   111.0      0.9642E-03
   112.0      0.8538E-03
   113.0      0.7567E-03
   114.0      0.6714E-03
   115.0      0.5965E-03
   116.0      0.5307E-03
   117.0      0.4727E-03
   118.0      0.4216E-03
   119.0      0.3764E-03
   120.0      0.3364E-03
   121.0      0.3008E-03
   122.0      0.2692E-03
   123.0      0.2411E-03
   124.0      0.2159E-03
   125.0      0.1933E-03
   126.0      0.1732E-03
   127.0      0.1551E-03
   128.0      0.1389E-03
   129.0      0.1244E-03
   130.0      0.1114E-03
   131.0      0.9976E-04
   132.0      0.8938E-04
   133.0      0.8013E-04
   134.0      0.7189E-04
   135.0      0.6457E-04
   136.0      0.5807E-04
   137.0      0.5231E-04
   138.0      0.4720E-04
   139.0      0.4269E-04
   140.0      0.3869E-04
   141.0      0.3516E-04
   142.0      0.3205E-04
   143.0      0.2930E-04
   144.0      0.2687E-04
   145.0      0.2472E-04
   146.0      0.2283E-04
   147.0      0.2115E-04
   148.0      0.1967E-04
   149.0      0.1835E-04
   150.0      0.1718E-04
   151.0      0.1613E-04
   152.0      0.1518E-04
   153.0      0.1433E-04
   154.0      0.1354E-04
   155.0      0.1282E-04
   156.0      0.1215E-04
   157.0      0.1152E-04
   158.0      0.1093E-04
   159.0      0.1036E-04
   160.0      0.9827E-05
   161.0      0.9316E-05
   162.0      0.8830E-05
   163.0      0.8372E-05
   164.0      0.7942E-05
   165.0      0.7544E-05
   166.0      0.7178E-05
   167.0      0.6847E-05
   168.0      0.6553E-05
   169.0      0.6296E-05
   170.0      0.6076E-05
   171.0      0.5891E-05
   172.0      0.5741E-05
   173.0      0.5620E-05
   174.0      0.5527E-05
   175.0      0.5458E-05
   176.0      0.5408E-05
   177.0      0.5373E-05
   178.0      0.5351E-05
   179.0      0.5339E-05
   180.0      0.5335E-05
 END
