           4           1           1
    0.0-     1 1   1.753       0.000      0.1774E-01  0.2518E-02  0.9947E-02   1.723    
    1.0+     0 1   5.248       0.000      0.5493E-01  0.1058E-01  0.2487E-01   5.158    
    1.0+     2 2   5.272       0.000      0.4752E-01  0.6496E-02  0.3083E-01   5.187    
    1.0-     1 1   5.256       0.000      0.5366E-01  0.8960E-02  0.2728E-01   5.166    
    2.0+     2 1   8.779       0.000      0.8042E-01  0.1471E-01  0.4358E-01   8.641    
    2.0-     1 1   8.752       0.000      0.9042E-01  0.2033E-01  0.3635E-01   8.605    
    2.0-     3 2   8.819       0.000      0.6656E-01  0.8752E-02  0.5088E-01   8.692    
    3.0+     2 1   12.28       0.000      0.1137      0.3087E-01  0.4297E-01   12.09    
    3.0+     4 2   12.41       0.000      0.7386E-01  0.9506E-02  0.6783E-01   12.26    
    3.0-     3 1   12.33       0.000      0.9507E-01  0.1942E-01  0.5694E-01   12.16    
    4.0+     4 1   15.93       0.000      0.9695E-01  0.2283E-01  0.6653E-01   15.74    
    4.0-     3 1   15.82       0.000      0.1228      0.4171E-01  0.4540E-01   15.61    
    4.0-     5 2   16.05       0.000      0.6977E-01  0.9107E-02  0.7858E-01   15.89    
    5.0+     4 1   19.43       0.000      0.1175      0.5161E-01  0.4451E-01   19.21    
    5.0+     6 2   19.78       0.000      0.5769E-01  0.7764E-02  0.8195E-01   19.63    
    5.0-     5 1   19.57       0.000      0.8688E-01  0.2484E-01  0.7092E-01   19.39    
    6.0+     6 1   23.32       0.000      0.6860E-01  0.2481E-01  0.6964E-01   23.16    
    6.0-     5 1   23.07       0.000      0.1000      0.5966E-01  0.4113E-01   22.87    
    6.0-     7 2   23.53       0.000      0.4159E-01  0.6155E-02  0.7710E-01   23.40    
    7.0+     6 1   26.83       0.000      0.7470E-01  0.6336E-01  0.3589E-01   26.65    
    7.0+     8 2   27.48       0.000      0.2379E-01  0.4071E-02  0.6061E-01   27.39    
    7.0-     7 1   27.09       0.000      0.4779E-01  0.2365E-01  0.6348E-01   26.96    
    8.0+     8 1   31.04       0.000      0.2573E-01  0.1951E-01  0.4765E-01   30.94    
    8.0-     7 1   30.64       0.000      0.4950E-01  0.6341E-01  0.3031E-01   30.49    
    8.0-     9 2   31.10       0.000      0.1870E-01  0.3242E-02  0.7574E-01   31.00    
    9.0+     8 1   34.54       0.000      0.2516E-01  0.5565E-01  0.2156E-01   34.44    
    9.0+    10 2   32.07       0.000      0.2514E-01  0.5247E-02  0.1371       31.90    
    9.0-     9 1   34.97       0.000      0.1698E-01  0.1727E-01  0.5079E-01   34.89    
   10.0+    10 1   36.41       0.000      0.2455E-01  0.3699E-01  0.9237E-01   36.26    
   10.0-     9 1   38.75       0.000      0.1364E-01  0.4432E-01  0.1921E-01   38.67    
   10.0-    11 2   28.93       0.000      0.4790E-01  0.6490E-02  0.1752       28.70    
   11.0+    10 1   40.92       0.000      0.2257E-01  0.8027E-01  0.3630E-01   40.78    
   11.0+    12 2   22.86       0.000      0.8906E-01  0.6964E-02  0.1565       22.61    
   11.0-    11 1   33.08       0.000      0.5491E-01  0.6837E-01  0.1245       32.83    
   12.0+    12 1   26.07       0.000      0.1050      0.7850E-01  0.1159       25.77    
   12.0-    11 1   37.69       0.000      0.6243E-01  0.1521      0.5650E-01   37.42    
   12.0-    13 2   16.29       0.000      0.1100      0.9154E-02  0.1100       16.06    
   13.0+    12 1   29.72       0.000      0.1237      0.1753      0.5992E-01   29.36    
   13.0+    14 2   10.81       0.000      0.9485E-01  0.1030E-01  0.6640E-01   10.64    
   13.0-    13 1   18.38       0.000      0.1275      0.6499E-01  0.8348E-01   18.10    
   14.0+    14 1   12.04       0.000      0.1076      0.4423E-01  0.5107E-01   11.83    
   14.0-    13 1   20.74       0.000      0.1478      0.1386      0.4714E-01   20.41    
   14.0-    15 2   6.866       0.000      0.6478E-01  0.8663E-02  0.3654E-01   6.756    
   15.0+    14 1   13.39       0.000      0.1219      0.8746E-01  0.3053E-01   13.15    
   15.0+    16 2   4.244       0.000      0.3848E-01  0.5853E-02  0.1903E-01   4.181    
   15.0-    15 1   7.545       0.000      0.7208E-01  0.2658E-01  0.2839E-01   7.418    
   16.0+    16 1   4.612       0.000      0.4218E-01  0.1471E-01  0.1491E-01   4.540    
   16.0-    15 1   8.281       0.000      0.8013E-01  0.4874E-01  0.1774E-01   8.134    
   16.0-    17 2   2.580       0.000      0.2107E-01  0.3449E-02  0.9586E-02   2.546    
   17.0+    16 1   5.002       0.000      0.4617E-01  0.2541E-01  0.9664E-02   4.921    
   17.0+    18 2   1.551       0.000      0.1100E-01  0.1873E-02  0.4733E-02   1.533    
   17.0-    17 1   2.777       0.000      0.2283E-01  0.7714E-02  0.7554E-02   2.739    
   18.0+    18 1   1.657       0.000      0.1180E-01  0.3912E-02  0.3738E-02   1.637    
   18.0-    17 1   2.983       0.000      0.2469E-01  0.1278E-01  0.5020E-02   2.941    
   18.0-    19 2  0.9251       0.000      0.5574E-02  0.9688E-03  0.2308E-02  0.9163    
   19.0+    18 1   1.767       0.000      0.1265E-01  0.6299E-02  0.2519E-02   1.745    
   19.0+    20 2  0.5488       0.000      0.2775E-02  0.4865E-03  0.1117E-02  0.5444    
   19.0-    19 1  0.9826       0.000      0.5941E-02  0.1943E-02  0.1822E-02  0.9729    
   20.0+    20 1  0.5801       0.000      0.2941E-02  0.9526E-03  0.8794E-03  0.5753    
   20.0-    19 1   1.041       0.000      0.6318E-02  0.3071E-02  0.1234E-02   1.031    
   20.0-    21 2  0.3241       0.000      0.1366E-02  0.2399E-03  0.5384E-03  0.3220    
   21.0+    20 1  0.6118       0.000      0.3110E-02  0.1488E-02  0.5956E-03  0.6066    
   21.0+    22 2  0.1907       0.000      0.6678E-03  0.1170E-03  0.2588E-03  0.1897    
   21.0-    21 1  0.3412       0.000      0.1441E-02  0.4634E-03  0.4222E-03  0.3389    
   22.0+    22 1  0.2001       0.000      0.7017E-03  0.2244E-03  0.2020E-03  0.1990    
   22.0-    21 1  0.3585       0.000      0.1517E-02  0.7183E-03  0.2849E-03  0.3560    
   22.0-    23 2  0.1119       0.000      0.3249E-03  0.5669E-04  0.1242E-03  0.1114    
   23.0+    22 1  0.2096       0.000      0.7360E-03  0.3460E-03  0.1356E-03  0.2084    
   23.0+    24 2  0.6547E-01   0.000      0.1576E-03  0.2734E-04  0.5957E-04  0.6522E-01
   23.0-    23 1  0.1171       0.000      0.3403E-03  0.1083E-03  0.9649E-04  0.1165    
   24.0+    24 1  0.6834E-01   0.000      0.1646E-03  0.5218E-04  0.4605E-04  0.6808E-01
   24.0-    23 1  0.1223       0.000      0.3559E-03  0.1665E-03  0.6435E-04  0.1217    
   24.0-    25 2  0.3821E-01   0.000      0.7628E-04  0.1315E-04  0.2855E-04  0.3809E-01
   25.0+    24 1  0.7123E-01   0.000      0.1717E-03  0.8003E-04  0.3050E-04  0.7094E-01
   25.0+    26 2  0.2225E-01   0.000      0.3687E-04  0.6316E-05  0.1368E-04  0.2219E-01
   25.0-    25 1  0.3980E-01   0.000      0.7951E-04  0.2511E-04  0.2197E-04  0.3968E-01
   26.0+    26 1  0.2314E-01   0.000      0.3835E-04  0.1208E-04  0.1049E-04  0.2307E-01
   26.0-    25 1  0.4140E-01   0.000      0.8275E-04  0.3846E-04  0.1446E-04  0.4127E-01
   26.0-    27 2  0.1293E-01   0.000      0.1780E-04  0.3031E-05  0.6558E-05  0.1290E-01
   27.0+    26 1  0.2402E-01   0.000      0.3984E-04  0.1848E-04  0.6852E-05  0.2396E-01
   27.0+    28 2  0.7500E-02   0.000      0.8591E-05  0.1453E-05  0.3143E-05  0.7486E-02
   27.0-    27 1  0.1342E-01   0.000      0.1849E-04  0.5807E-05  0.5004E-05  0.1339E-01
   28.0+    28 1  0.7775E-02   0.000      0.8908E-05  0.2791E-05  0.2389E-05  0.7760E-02
   28.0-    27 1  0.1392E-01   0.000      0.1917E-04  0.8880E-05  0.3249E-05  0.1389E-01
   28.0-    29 2  0.4342E-02   0.000      0.4144E-05  0.6968E-06  0.1507E-05  0.4336E-02
   29.0+    28 1  0.8050E-02   0.000      0.9225E-05  0.4267E-05  0.1542E-05  0.8035E-02
   29.0+    30 2  0.2510E-02   0.000      0.1998E-05  0.3340E-06  0.7223E-06  0.2507E-02
   29.0-    29 1  0.4496E-02   0.000      0.4291E-05  0.1341E-05  0.1141E-05  0.4489E-02
   30.0+    30 1  0.2596E-02   0.000      0.2066E-05  0.6445E-06  0.5452E-06  0.2593E-02
   30.0-    29 1  0.4649E-02   0.000      0.4438E-05  0.2050E-05  0.7321E-06  0.4642E-02
   30.0-    31 2  0.1449E-02   0.000      0.9632E-06  0.1601E-06  0.3464E-06  0.1448E-02
   31.0+    30 1  0.2681E-02   0.000      0.2135E-05  0.9850E-06  0.3478E-06  0.2678E-02
   31.0+    32 2  0.8352E-03   0.000      0.4642E-06  0.7677E-07  0.1661E-06  0.8345E-03
   31.0-    31 1  0.1497E-02   0.000      0.9949E-06  0.3097E-06  0.2606E-06  0.1495E-02
   32.0+    32 1  0.8618E-03   0.000      0.4790E-06  0.1488E-06  0.1246E-06  0.8610E-03
   32.0-    31 1  0.1544E-02   0.000      0.1027E-05  0.4733E-06  0.1654E-06  0.1543E-02
   32.0-    33 2  0.4807E-03   0.000      0.2237E-06  0.3681E-07  0.7967E-07  0.4804E-03
   33.0+    32 1  0.8883E-03   0.000      0.4938E-06  0.2274E-06  0.7869E-07  0.8875E-03
   33.0+    34 2  0.2764E-03   0.000      0.1078E-06  0.1765E-07  0.3822E-07  0.2762E-03
   33.0-    33 1  0.4956E-03   0.000      0.2306E-06  0.7152E-07  0.5959E-07  0.4952E-03
   34.0+    34 1  0.2846E-03   0.000      0.1110E-06  0.3437E-07  0.2851E-07  0.2845E-03
   34.0-    33 1  0.5104E-03   0.000      0.2375E-06  0.1093E-06  0.3746E-07  0.5100E-03
   34.0-    35 2  0.1587E-03   0.000      0.5192E-07  0.8465E-08  0.1834E-07  0.1586E-03
   35.0+    34 1  0.2929E-03   0.000      0.1142E-06  0.5253E-07  0.1785E-07  0.2927E-03
   35.0+    36 2  0.9102E-04   0.000      0.2501E-07  0.4060E-08  0.8800E-08  0.9098E-04
   35.0-    35 1  0.1633E-03   0.000      0.5342E-07  0.1652E-07  0.1365E-07  0.1632E-03
   36.0+    36 1  0.9358E-04   0.000      0.2571E-07  0.7940E-08  0.6533E-08  0.9354E-04
   36.0-    35 1  0.1679E-03   0.000      0.5493E-07  0.2524E-07  0.8505E-08  0.1678E-03
   36.0-    37 2  0.5215E-04   0.000      0.1205E-07  0.1948E-08  0.4224E-08  0.5213E-04
   37.0+    36 1  0.9615E-04   0.000      0.2642E-07  0.1213E-07  0.4056E-08  0.9611E-04
   37.0+    38 2  0.2985E-04   0.000      0.5802E-08  0.9345E-09  0.2027E-08  0.2984E-04
   37.0-    37 1  0.5358E-04   0.000      0.1238E-07  0.3816E-08  0.3128E-08  0.5356E-04
   38.0+    38 1  0.3064E-04   0.000      0.5956E-08  0.1834E-08  0.1498E-08  0.3063E-04
   38.0-    37 1  0.5501E-04   0.000      0.1271E-07  0.5832E-08  0.1935E-08  0.5499E-04
   38.0-    39 2  0.1707E-04   0.000      0.2794E-08  0.4484E-09  0.9732E-09  0.1706E-04
   39.0+    38 1  0.3144E-04   0.000      0.6111E-08  0.2803E-08  0.9234E-09  0.3143E-04
   39.0+    40 2  0.9750E-05   0.000      0.1346E-08  0.2152E-09  0.4672E-09  0.9748E-05
   39.0-    39 1  0.1751E-04   0.000      0.2867E-08  0.8818E-09  0.7178E-09  0.1751E-04
   40.0+    40 1  0.9996E-05   0.000      0.1380E-08  0.4239E-09  0.3440E-09  0.9994E-05
   40.0-    39 1  0.1795E-04   0.000      0.2939E-08  0.1348E-08  0.4409E-09  0.1795E-04
   40.0-    41 2  0.5565E-05   0.000      0.6480E-09  0.1033E-09  0.2244E-09  0.5564E-05
   41.0+    40 1  0.1024E-04   0.000      0.1414E-08  0.6478E-09  0.2106E-09  0.1024E-04
   41.0+    42 2  0.3173E-05   0.000      0.3120E-09  0.4958E-10  0.1077E-09  0.3173E-05
   41.0-    41 1  0.5702E-05   0.000      0.6640E-09  0.2038E-09  0.1649E-09  0.5701E-05
   42.0+    42 1  0.3250E-05   0.000      0.3195E-09  0.9797E-10  0.7903E-10  0.3249E-05
   42.0-    41 1  0.5840E-05   0.000      0.6800E-09  0.3115E-09  0.1006E-09  0.5838E-05
   42.0-    43 2  0.1808E-05   0.000      0.1502E-09  0.2380E-10  0.5174E-10  0.1808E-05
   43.0+    42 1  0.3326E-05   0.000      0.3271E-09  0.1497E-09  0.4810E-10  0.3326E-05
   43.0+    44 2  0.1030E-05   0.000      0.7233E-10  0.1143E-10  0.2485E-10  0.1030E-05
   43.0-    43 1  0.1851E-05   0.000      0.1538E-09  0.4710E-10  0.3789E-10  0.1851E-05
   44.0+    44 1  0.1053E-05   0.000      0.7399E-10  0.2264E-10  0.1817E-10  0.1053E-05
   44.0-    43 1  0.1893E-05   0.000      0.1573E-09  0.7199E-10  0.2299E-10  0.1893E-05
   44.0-    45 2  0.5858E-06   0.000      0.3482E-10  0.5486E-11  0.1193E-10  0.5858E-06
   45.0+    44 1  0.1077E-05   0.000      0.7566E-10  0.3461E-10  0.1100E-10  0.1077E-05
   45.0+    46 2  0.3331E-06   0.000      0.1677E-10  0.2634E-11  0.5732E-11  0.3331E-06
   45.0-    45 1  0.5990E-06   0.000      0.3561E-10  0.1089E-10  0.8713E-11  0.5990E-06
   46.0+    46 1  0.3404E-06   0.000      0.1713E-10  0.5234E-11  0.4179E-11  0.3404E-06
   46.0-    45 1  0.6122E-06   0.000      0.3639E-10  0.1664E-10  0.5260E-11  0.6121E-06
   46.0-    47 2  0.1893E-06   0.000      0.8071E-11  0.1265E-11  0.2753E-11  0.1892E-06
   47.0+    46 1  0.3477E-06   0.000      0.1750E-10  0.8000E-11  0.2517E-11  0.3477E-06
   47.0+    48 2  0.1075E-06   0.000      0.3885E-11  0.6075E-12  0.1323E-11  0.1075E-06
   47.0-    47 1  0.1933E-06   0.000      0.8245E-11  0.2517E-11  0.2005E-11  0.1933E-06
   48.0+    48 1  0.1097E-06   0.000      0.3967E-11  0.1210E-11  0.9618E-12  0.1097E-06
   48.0-    47 1  0.1974E-06   0.000      0.8418E-11  0.3846E-11  0.1204E-11  0.1974E-06
   48.0-    49 2  0.6098E-07   0.000      0.1870E-11  0.2918E-12  0.6355E-12  0.6098E-07
   49.0+    48 1  0.1120E-06   0.000      0.4049E-11  0.1849E-11  0.5765E-12  0.1120E-06
   49.0+    50 2  0.3458E-07   0.000      0.9003E-12  0.1401E-12  0.3053E-12  0.3458E-07
   49.0-    49 1  0.6224E-07   0.000      0.1909E-11  0.5818E-12  0.4615E-12  0.6224E-07
   50.0+    50 1  0.3528E-07   0.000      0.9185E-12  0.2797E-12  0.2214E-12  0.3528E-07
   50.0-    49 1  0.6350E-07   0.000      0.1948E-11  0.8892E-12  0.2760E-12  0.6349E-07
   50.0-    51 2  0.1960E-07   0.000      0.4334E-12  0.6731E-13  0.1467E-12  0.1960E-07
   51.0+    50 1  0.3598E-07   0.000      0.9367E-12  0.4276E-12  0.1322E-12  0.3598E-07
   51.0+    52 2  0.1110E-07   0.000      0.2086E-12  0.3233E-13  0.7049E-13  0.1110E-07
   51.0-    51 1  0.1999E-07   0.000      0.4420E-12  0.1345E-12  0.1063E-12  0.1999E-07
   52.0+    52 1  0.1132E-07   0.000      0.2127E-12  0.6468E-13  0.5101E-13  0.1132E-07
   52.0-    51 1  0.2038E-07   0.000      0.4506E-12  0.2056E-12  0.6330E-13  0.2038E-07
   52.0-    53 2  0.6287E-08   0.000      0.1004E-12  0.1553E-13  0.3387E-13  0.6286E-08
   53.0+    52 1  0.1154E-07   0.000      0.2167E-12  0.9886E-13  0.3032E-13  0.1154E-07
   53.0+    54 2  0.3558E-08   0.000      0.4833E-13  0.7460E-14  0.1628E-13  0.3558E-08
   53.0-    53 1  0.6406E-08   0.000      0.1023E-12  0.3110E-13  0.2448E-13  0.6406E-08
   54.0+    54 1  0.3624E-08   0.000      0.4924E-13  0.1495E-13  0.1175E-13  0.3624E-08
   54.0-    53 1  0.6526E-08   0.000      0.1042E-12  0.4754E-13  0.1453E-13  0.6526E-08
   54.0-    55 2  0.2012E-08   0.000      0.2326E-13  0.3584E-14  0.7821E-14  0.2012E-08
   55.0+    54 1  0.3691E-08   0.000      0.5014E-13  0.2286E-13  0.6962E-14  0.3691E-08
   55.0+    56 2  0.1138E-08   0.000      0.1120E-13  0.1722E-14  0.3759E-14  0.1138E-08
   55.0-    55 1  0.2049E-08   0.000      0.2369E-13  0.7191E-14  0.5642E-14  0.2049E-08
   56.0+    56 1  0.1158E-08   0.000      0.1140E-13  0.3458E-14  0.2709E-14  0.1158E-08
   56.0-    55 1  0.2086E-08   0.000      0.2412E-13  0.1099E-13  0.3336E-14  0.2086E-08
   56.0-    57 2  0.6432E-09   0.000      0.5389E-14  0.8273E-15  0.1806E-14  0.6432E-09
   57.0+    56 1  0.1179E-08   0.000      0.1160E-13  0.5286E-14  0.1599E-14  0.1179E-08
   57.0+    58 2  0.3630E-09   0.000      0.2594E-14  0.3975E-15  0.8681E-15  0.3630E-09
   57.0-    57 1  0.6548E-09   0.000      0.5485E-14  0.1663E-14  0.1301E-14  0.6548E-09
   58.0+    58 1  0.3692E-09   0.000      0.2639E-14  0.7997E-15  0.6245E-15  0.3692E-09
   58.0-    57 1  0.6655E-09   0.000      0.5580E-14  0.2542E-14  0.7665E-15  0.6655E-09
   58.0-    59 2  0.2052E-09   0.000      0.1248E-14  0.1910E-15  0.4172E-15  0.2052E-09
   59.0+    58 1  0.3759E-09   0.000      0.2684E-14  0.1222E-14  0.3675E-15  0.3759E-09
   59.0+    60 2  0.1156E-09   0.000      0.6009E-15  0.9179E-16  0.2005E-15  0.1156E-09
   59.0-    59 1  0.2084E-09   0.000      0.1270E-14  0.3846E-15  0.2999E-15  0.2084E-09
   60.0+    60 1  0.1179E-09   0.000      0.6110E-15  0.1850E-15  0.1440E-15  0.1179E-09
   60.0-    59 1  0.2123E-09   0.000      0.1291E-14  0.5878E-15  0.1762E-15  0.2123E-09
   60.0-    61 2  0.6499E-10   0.000      0.2892E-15  0.4411E-16  0.9639E-16  0.6499E-10
