# Fusion cross sections for ELAB=  70.000, ECM=  63.596
     0.0   1.723       1.753      0.3011E-01
     1.0   15.52       15.78      0.2643    
     2.0   25.95       26.36      0.4108    
     3.0   36.51       37.02      0.5088    
     4.0   47.25       47.81      0.5523    
     5.0   58.24       58.79      0.5424    
     6.0   69.44       69.93      0.4877    
     7.0   81.01       81.41      0.3967    
     8.0   92.44       92.77      0.3336    
     9.0   101.2       101.6      0.3552    
    10.0   103.6       104.0      0.4612    
    11.0   96.16       96.80      0.6401    
    12.0   79.17       79.97      0.8001    
    13.0   58.04       58.85      0.8067    
    14.0   38.95       39.59      0.6464    
    15.0   24.72       25.15      0.4304    
    16.0   15.20       15.45      0.2525    
    17.0   9.180       9.317      0.1369    
    18.0   5.487       5.558      0.7079E-01
    19.0   3.258       3.293      0.3555E-01
    20.0   1.925       1.943      0.1754E-01
    21.0   1.134       1.142      0.8564E-02
    22.0  0.6654      0.6696      0.4154E-02
    23.0  0.3896      0.3916      0.2007E-02
    24.0  0.2275      0.2285      0.9675E-03
    25.0  0.1326      0.1331      0.4657E-03
    26.0  0.7712E-01  0.7735E-01  0.2240E-03
    27.0  0.4477E-01  0.4488E-01  0.1077E-03
    28.0  0.2594E-01  0.2599E-01  0.5174E-04
    29.0  0.1501E-01  0.1503E-01  0.2486E-04
    30.0  0.8668E-02  0.8680E-02  0.1195E-04
    31.0  0.4999E-02  0.5005E-02  0.5740E-05
    32.0  0.2879E-02  0.2882E-02  0.2758E-05
    33.0  0.1656E-02  0.1658E-02  0.1325E-05
    34.0  0.9515E-03  0.9522E-03  0.6368E-06
    35.0  0.5460E-03  0.5463E-03  0.3060E-06
    36.0  0.3130E-03  0.3131E-03  0.1471E-06
    37.0  0.1792E-03  0.1793E-03  0.7069E-07
    38.0  0.1025E-03  0.1025E-03  0.3398E-07
    39.0  0.5859E-04  0.5860E-04  0.1633E-07
    40.0  0.3345E-04  0.3346E-04  0.7851E-08
    41.0  0.1908E-04  0.1909E-04  0.3774E-08
    42.0  0.1088E-04  0.1088E-04  0.1814E-08
    43.0  0.6196E-05  0.6197E-05  0.8722E-09
    44.0  0.3526E-05  0.3527E-05  0.4193E-09
    45.0  0.2006E-05  0.2006E-05  0.2016E-09
    46.0  0.1140E-05  0.1140E-05  0.9692E-10
    47.0  0.6474E-06  0.6475E-06  0.4660E-10
    48.0  0.3675E-06  0.3675E-06  0.2241E-10
    49.0  0.2085E-06  0.2085E-06  0.1077E-10
    50.0  0.1182E-06  0.1182E-06  0.5180E-11
    51.0  0.6696E-07  0.6696E-07  0.2491E-11
    52.0  0.3792E-07  0.3792E-07  0.1198E-11
    53.0  0.2146E-07  0.2146E-07  0.5759E-12
    54.0  0.1214E-07  0.1214E-07  0.2769E-12
    55.0  0.6865E-08  0.6865E-08  0.1332E-12
    56.0  0.3880E-08  0.3880E-08  0.6403E-13
    57.0  0.2192E-08  0.2192E-08  0.3079E-13
    58.0  0.1238E-08  0.1238E-08  0.1481E-13
    59.0  0.6990E-09  0.6990E-09  0.7121E-14
    60.0  0.3945E-09  0.3945E-09  0.3425E-14
 &
