# 178 angles,  1 tensor ranks for 0=projectile
@subtitle   "p+O20 1.with BG ;"                                                             
@legend ON
@legend x1 0.2
@legend y1 0.8
@g0 type LOGY
@yaxis ticklabel format power
@legend string   0 "Lab energy =   43.0000"
#legend string   0 "Partition=  1 Excit=  2 near/far= 1"
#  Theta       sigma       iT11        T20         T21         T22         Kyy for projectile
   3.000       6.817    
   4.000       6.651    
   5.000       6.450    
   6.000       6.220    
   7.000       5.971    
   8.000       5.713    
   9.000       5.455    
   10.00       5.207    
   11.00       4.978    
   12.00       4.777    
   13.00       4.610    
   14.00       4.481    
   15.00       4.392    
   16.00       4.341    
   17.00       4.327    
   18.00       4.342    
   19.00       4.380    
   20.00       4.432    
   21.00       4.488    
   22.00       4.539    
   23.00       4.576    
   24.00       4.592    
   25.00       4.580    
   26.00       4.538    
   27.00       4.461    
   28.00       4.351    
   29.00       4.208    
   30.00       4.035    
   31.00       3.836    
   32.00       3.616    
   33.00       3.379    
   34.00       3.131    
   35.00       2.876    
   36.00       2.620    
   37.00       2.366    
   38.00       2.121    
   39.00       1.886    
   40.00       1.666    
   41.00       1.464    
   42.00       1.281    
   43.00       1.119    
   44.00      0.9791    
   45.00      0.8619    
   46.00      0.7667    
   47.00      0.6926    
   48.00      0.6380    
   49.00      0.6007    
   50.00      0.5784    
   51.00      0.5684    
   52.00      0.5681    
   53.00      0.5747    
   54.00      0.5857    
   55.00      0.5988    
   56.00      0.6122    
   57.00      0.6242    
   58.00      0.6336    
   59.00      0.6396    
   60.00      0.6415    
   61.00      0.6391    
   62.00      0.6321    
   63.00      0.6206    
   64.00      0.6049    
   65.00      0.5851    
   66.00      0.5617    
   67.00      0.5350    
   68.00      0.5055    
   69.00      0.4737    
   70.00      0.4403    
   71.00      0.4058    
   72.00      0.3707    
   73.00      0.3359    
   74.00      0.3017    
   75.00      0.2687    
   76.00      0.2375    
   77.00      0.2083    
   78.00      0.1816    
   79.00      0.1573    
   80.00      0.1358    
   81.00      0.1168    
   82.00      0.1005    
   83.00      0.8654E-01
   84.00      0.7487E-01
   85.00      0.6528E-01
   86.00      0.5755E-01
   87.00      0.5147E-01
   88.00      0.4685E-01
   89.00      0.4350E-01
   90.00      0.4123E-01
   91.00      0.3987E-01
   92.00      0.3926E-01
   93.00      0.3924E-01
   94.00      0.3965E-01
   95.00      0.4034E-01
   96.00      0.4117E-01
   97.00      0.4202E-01
   98.00      0.4277E-01
   99.00      0.4333E-01
   100.0      0.4363E-01
   101.0      0.4363E-01
   102.0      0.4329E-01
   103.0      0.4262E-01
   104.0      0.4163E-01
   105.0      0.4036E-01
   106.0      0.3886E-01
   107.0      0.3716E-01
   108.0      0.3531E-01
   109.0      0.3336E-01
   110.0      0.3133E-01
   111.0      0.2926E-01
   112.0      0.2717E-01
   113.0      0.2508E-01
   114.0      0.2300E-01
   115.0      0.2095E-01
   116.0      0.1895E-01
   117.0      0.1701E-01
   118.0      0.1515E-01
   119.0      0.1339E-01
   120.0      0.1175E-01
   121.0      0.1025E-01
   122.0      0.8885E-02
   123.0      0.7679E-02
   124.0      0.6631E-02
   125.0      0.5738E-02
   126.0      0.4992E-02
   127.0      0.4380E-02
   128.0      0.3886E-02
   129.0      0.3491E-02
   130.0      0.3179E-02
   131.0      0.2934E-02
   132.0      0.2745E-02
   133.0      0.2603E-02
   134.0      0.2505E-02
   135.0      0.2448E-02
   136.0      0.2431E-02
   137.0      0.2454E-02
   138.0      0.2515E-02
   139.0      0.2610E-02
   140.0      0.2733E-02
   141.0      0.2875E-02
   142.0      0.3029E-02
   143.0      0.3185E-02
   144.0      0.3332E-02
   145.0      0.3464E-02
   146.0      0.3571E-02
   147.0      0.3648E-02
   148.0      0.3691E-02
   149.0      0.3700E-02
   150.0      0.3675E-02
   151.0      0.3621E-02
   152.0      0.3545E-02
   153.0      0.3452E-02
   154.0      0.3352E-02
   155.0      0.3251E-02
   156.0      0.3153E-02
   157.0      0.3060E-02
   158.0      0.2973E-02
   159.0      0.2890E-02
   160.0      0.2811E-02
   161.0      0.2733E-02
   162.0      0.2657E-02
   163.0      0.2581E-02
   164.0      0.2507E-02
   165.0      0.2436E-02
   166.0      0.2369E-02
   167.0      0.2306E-02
   168.0      0.2246E-02
   169.0      0.2189E-02
   170.0      0.2134E-02
   171.0      0.2080E-02
   172.0      0.2028E-02
   173.0      0.1978E-02
   174.0      0.1934E-02
   175.0      0.1895E-02
   176.0      0.1863E-02
   177.0      0.1839E-02
   178.0      0.1822E-02
   179.0      0.1813E-02
   180.0      0.1809E-02
 END
