# 181 angles,  1 tensor ranks for 0=projectile
@subtitle   "p+O20 2nd ex with BG ;"                                                        
@legend ON
@legend x1 0.2
@legend y1 0.8
@g0 type LOGY
@yaxis ticklabel format power
@legend string   0 "Lab energy =   35.0000"
#legend string   0 "Partition=  1 Excit=  1 near/far= 1"
#  Theta       sigma       iT11        T20         T21         T22         Kyy for projectile
  0.1000E-01  0.1288E+16
   1.000      0.1252E+08
   2.000      0.7270E+06
   3.000      0.1304E+06
   4.000      0.3754E+05
   5.000      0.1456E+05
   6.000       7206.    
   7.000       4424.    
   8.000       3224.    
   9.000       2634.    
   10.00       2297.    
   11.00       2070.    
   12.00       1892.    
   13.00       1735.    
   14.00       1589.    
   15.00       1448.    
   16.00       1311.    
   17.00       1179.    
   18.00       1052.    
   19.00       931.0    
   20.00       816.8    
   21.00       710.2    
   22.00       611.7    
   23.00       521.7    
   24.00       440.3    
   25.00       367.6    
   26.00       303.2    
   27.00       247.1    
   28.00       198.7    
   29.00       157.5    
   30.00       123.0    
   31.00       94.53    
   32.00       71.53    
   33.00       53.35    
   34.00       39.36    
   35.00       28.96    
   36.00       21.59    
   37.00       16.70    
   38.00       13.83    
   39.00       12.52    
   40.00       12.40    
   41.00       13.13    
   42.00       14.42    
   43.00       16.03    
   44.00       17.76    
   45.00       19.47    
   46.00       21.03    
   47.00       22.35    
   48.00       23.39    
   49.00       24.11    
   50.00       24.50    
   51.00       24.55    
   52.00       24.30    
   53.00       23.76    
   54.00       22.98    
   55.00       21.98    
   56.00       20.80    
   57.00       19.50    
   58.00       18.09    
   59.00       16.64    
   60.00       15.15    
   61.00       13.68    
   62.00       12.23    
   63.00       10.84    
   64.00       9.519    
   65.00       8.285    
   66.00       7.146    
   67.00       6.109    
   68.00       5.177    
   69.00       4.350    
   70.00       3.628    
   71.00       3.007    
   72.00       2.480    
   73.00       2.042    
   74.00       1.685    
   75.00       1.402    
   76.00       1.184    
   77.00       1.022    
   78.00      0.9098    
   79.00      0.8380    
   80.00      0.7995    
   81.00      0.7876    
   82.00      0.7960    
   83.00      0.8190    
   84.00      0.8516    
   85.00      0.8895    
   86.00      0.9292    
   87.00      0.9675    
   88.00       1.002    
   89.00       1.031    
   90.00       1.054    
   91.00       1.068    
   92.00       1.075    
   93.00       1.072    
   94.00       1.062    
   95.00       1.044    
   96.00       1.018    
   97.00      0.9857    
   98.00      0.9476    
   99.00      0.9044    
   100.0      0.8572    
   101.0      0.8068    
   102.0      0.7541    
   103.0      0.6999    
   104.0      0.6451    
   105.0      0.5904    
   106.0      0.5364    
   107.0      0.4838    
   108.0      0.4331    
   109.0      0.3847    
   110.0      0.3389    
   111.0      0.2960    
   112.0      0.2563    
   113.0      0.2198    
   114.0      0.1867    
   115.0      0.1569    
   116.0      0.1306    
   117.0      0.1074    
   118.0      0.8751E-01
   119.0      0.7062E-01
   120.0      0.5660E-01
   121.0      0.4527E-01
   122.0      0.3644E-01
   123.0      0.2989E-01
   124.0      0.2541E-01
   125.0      0.2277E-01
   126.0      0.2175E-01
   127.0      0.2214E-01
   128.0      0.2371E-01
   129.0      0.2626E-01
   130.0      0.2959E-01
   131.0      0.3351E-01
   132.0      0.3784E-01
   133.0      0.4241E-01
   134.0      0.4706E-01
   135.0      0.5166E-01
   136.0      0.5608E-01
   137.0      0.6021E-01
   138.0      0.6396E-01
   139.0      0.6723E-01
   140.0      0.6998E-01
   141.0      0.7215E-01
   142.0      0.7370E-01
   143.0      0.7462E-01
   144.0      0.7491E-01
   145.0      0.7456E-01
   146.0      0.7361E-01
   147.0      0.7209E-01
   148.0      0.7003E-01
   149.0      0.6750E-01
   150.0      0.6456E-01
   151.0      0.6127E-01
   152.0      0.5770E-01
   153.0      0.5392E-01
   154.0      0.5002E-01
   155.0      0.4607E-01
   156.0      0.4213E-01
   157.0      0.3828E-01
   158.0      0.3458E-01
   159.0      0.3109E-01
   160.0      0.2784E-01
   161.0      0.2489E-01
   162.0      0.2227E-01
   163.0      0.1998E-01
   164.0      0.1805E-01
   165.0      0.1647E-01
   166.0      0.1524E-01
   167.0      0.1434E-01
   168.0      0.1373E-01
   169.0      0.1340E-01
   170.0      0.1329E-01
   171.0      0.1338E-01
   172.0      0.1362E-01
   173.0      0.1396E-01
   174.0      0.1436E-01
   175.0      0.1478E-01
   176.0      0.1518E-01
   177.0      0.1553E-01
   178.0      0.1580E-01
   179.0      0.1597E-01
   180.0      0.1602E-01
 END
