# 178 angles,  1 tensor ranks for 0=projectile
@subtitle   "p+O20 1.with BG ;"                                                             
@legend ON
@legend x1 0.2
@legend y1 0.8
@g0 type LOGY
@yaxis ticklabel format power
@legend string   0 "Lab energy =   43.0000"
#legend string   0 "Partition=  1 Excit=  2 near/far= 1"
#  Theta       sigma       iT11        T20         T21         T22         Kyy for projectile
   3.000       6.275    
   4.000       6.123    
   5.000       5.938    
   6.000       5.726    
   7.000       5.497    
   8.000       5.258    
   9.000       5.020    
   10.00       4.790    
   11.00       4.578    
   12.00       4.392    
   13.00       4.236    
   14.00       4.115    
   15.00       4.030    
   16.00       3.982    
   17.00       3.967    
   18.00       3.979    
   19.00       4.013    
   20.00       4.059    
   21.00       4.110    
   22.00       4.157    
   23.00       4.190    
   24.00       4.205    
   25.00       4.194    
   26.00       4.154    
   27.00       4.083    
   28.00       3.982    
   29.00       3.850    
   30.00       3.692    
   31.00       3.509    
   32.00       3.307    
   33.00       3.090    
   34.00       2.863    
   35.00       2.629    
   36.00       2.395    
   37.00       2.163    
   38.00       1.938    
   39.00       1.723    
   40.00       1.522    
   41.00       1.336    
   42.00       1.169    
   43.00       1.021    
   44.00      0.8930    
   45.00      0.7858    
   46.00      0.6988    
   47.00      0.6312    
   48.00      0.5814    
   49.00      0.5476    
   50.00      0.5275    
   51.00      0.5188    
   52.00      0.5188    
   53.00      0.5251    
   54.00      0.5355    
   55.00      0.5478    
   56.00      0.5602    
   57.00      0.5714    
   58.00      0.5802    
   59.00      0.5857    
   60.00      0.5875    
   61.00      0.5853    
   62.00      0.5789    
   63.00      0.5685    
   64.00      0.5541    
   65.00      0.5360    
   66.00      0.5145    
   67.00      0.4901    
   68.00      0.4631    
   69.00      0.4340    
   70.00      0.4034    
   71.00      0.3717    
   72.00      0.3396    
   73.00      0.3076    
   74.00      0.2762    
   75.00      0.2460    
   76.00      0.2174    
   77.00      0.1906    
   78.00      0.1661    
   79.00      0.1439    
   80.00      0.1241    
   81.00      0.1067    
   82.00      0.9177E-01
   83.00      0.7903E-01
   84.00      0.6837E-01
   85.00      0.5960E-01
   86.00      0.5254E-01
   87.00      0.4699E-01
   88.00      0.4278E-01
   89.00      0.3973E-01
   90.00      0.3767E-01
   91.00      0.3645E-01
   92.00      0.3591E-01
   93.00      0.3591E-01
   94.00      0.3631E-01
   95.00      0.3696E-01
   96.00      0.3775E-01
   97.00      0.3855E-01
   98.00      0.3926E-01
   99.00      0.3979E-01
   100.0      0.4008E-01
   101.0      0.4008E-01
   102.0      0.3977E-01
   103.0      0.3915E-01
   104.0      0.3824E-01
   105.0      0.3707E-01
   106.0      0.3568E-01
   107.0      0.3412E-01
   108.0      0.3241E-01
   109.0      0.3062E-01
   110.0      0.2875E-01
   111.0      0.2685E-01
   112.0      0.2493E-01
   113.0      0.2301E-01
   114.0      0.2110E-01
   115.0      0.1922E-01
   116.0      0.1737E-01
   117.0      0.1559E-01
   118.0      0.1388E-01
   119.0      0.1227E-01
   120.0      0.1076E-01
   121.0      0.9372E-02
   122.0      0.8122E-02
   123.0      0.7015E-02
   124.0      0.6053E-02
   125.0      0.5236E-02
   126.0      0.4555E-02
   127.0      0.3997E-02
   128.0      0.3547E-02
   129.0      0.3189E-02
   130.0      0.2906E-02
   131.0      0.2684E-02
   132.0      0.2511E-02
   133.0      0.2382E-02
   134.0      0.2292E-02
   135.0      0.2240E-02
   136.0      0.2225E-02
   137.0      0.2247E-02
   138.0      0.2304E-02
   139.0      0.2393E-02
   140.0      0.2507E-02
   141.0      0.2641E-02
   142.0      0.2785E-02
   143.0      0.2930E-02
   144.0      0.3069E-02
   145.0      0.3191E-02
   146.0      0.3292E-02
   147.0      0.3364E-02
   148.0      0.3404E-02
   149.0      0.3412E-02
   150.0      0.3388E-02
   151.0      0.3337E-02
   152.0      0.3265E-02
   153.0      0.3179E-02
   154.0      0.3086E-02
   155.0      0.2991E-02
   156.0      0.2900E-02
   157.0      0.2815E-02
   158.0      0.2735E-02
   159.0      0.2660E-02
   160.0      0.2588E-02
   161.0      0.2517E-02
   162.0      0.2447E-02
   163.0      0.2377E-02
   164.0      0.2310E-02
   165.0      0.2245E-02
   166.0      0.2184E-02
   167.0      0.2126E-02
   168.0      0.2072E-02
   169.0      0.2020E-02
   170.0      0.1969E-02
   171.0      0.1919E-02
   172.0      0.1871E-02
   173.0      0.1826E-02
   174.0      0.1784E-02
   175.0      0.1747E-02
   176.0      0.1718E-02
   177.0      0.1695E-02
   178.0      0.1679E-02
   179.0      0.1670E-02
   180.0      0.1667E-02
 END
