# 178 angles,  1 tensor ranks for 0=projectile
@subtitle   "20O + d 3-?;"                                                                  
@legend ON
@legend x1 0.2
@legend y1 0.8
@g0 type LOGY
@yaxis ticklabel format power
@legend string   0 "Lab energy =   70.0000"
#legend string   0 "Partition=  1 Excit=  2 near/far= 1"
#  Theta       sigma       iT11        T20         T21         T22         Kyy for projectile
   3.000      0.9881    
   4.000       1.186    
   5.000       1.401    
   6.000       1.607    
   7.000       1.784    
   8.000       1.927    
   9.000       2.043    
   10.00       2.149    
   11.00       2.262    
   12.00       2.394    
   13.00       2.547    
   14.00       2.715    
   15.00       2.880    
   16.00       3.024    
   17.00       3.121    
   18.00       3.153    
   19.00       3.106    
   20.00       2.980    
   21.00       2.783    
   22.00       2.530    
   23.00       2.244    
   24.00       1.948    
   25.00       1.664    
   26.00       1.410    
   27.00       1.200    
   28.00       1.043    
   29.00      0.9373    
   30.00      0.8798    
   31.00      0.8609    
   32.00      0.8691    
   33.00      0.8922    
   34.00      0.9187    
   35.00      0.9391    
   36.00      0.9465    
   37.00      0.9372    
   38.00      0.9102    
   39.00      0.8671    
   40.00      0.8109    
   41.00      0.7456    
   42.00      0.6757    
   43.00      0.6055    
   44.00      0.5386    
   45.00      0.4778    
   46.00      0.4247    
   47.00      0.3798    
   48.00      0.3429    
   49.00      0.3131    
   50.00      0.2891    
   51.00      0.2695    
   52.00      0.2528    
   53.00      0.2377    
   54.00      0.2231    
   55.00      0.2083    
   56.00      0.1930    
   57.00      0.1769    
   58.00      0.1604    
   59.00      0.1437    
   60.00      0.1271    
   61.00      0.1112    
   62.00      0.9619E-01
   63.00      0.8251E-01
   64.00      0.7034E-01
   65.00      0.5977E-01
   66.00      0.5081E-01
   67.00      0.4340E-01
   68.00      0.3741E-01
   69.00      0.3263E-01
   70.00      0.2885E-01
   71.00      0.2584E-01
   72.00      0.2342E-01
   73.00      0.2141E-01
   74.00      0.1969E-01
   75.00      0.1812E-01
   76.00      0.1665E-01
   77.00      0.1521E-01
   78.00      0.1380E-01
   79.00      0.1242E-01
   80.00      0.1109E-01
   81.00      0.9817E-02
   82.00      0.8624E-02
   83.00      0.7523E-02
   84.00      0.6530E-02
   85.00      0.5657E-02
   86.00      0.4908E-02
   87.00      0.4276E-02
   88.00      0.3750E-02
   89.00      0.3315E-02
   90.00      0.2958E-02
   91.00      0.2667E-02
   92.00      0.2428E-02
   93.00      0.2226E-02
   94.00      0.2048E-02
   95.00      0.1887E-02
   96.00      0.1736E-02
   97.00      0.1594E-02
   98.00      0.1458E-02
   99.00      0.1326E-02
   100.0      0.1197E-02
   101.0      0.1072E-02
   102.0      0.9543E-03
   103.0      0.8462E-03
   104.0      0.7493E-03
   105.0      0.6636E-03
   106.0      0.5891E-03
   107.0      0.5257E-03
   108.0      0.4734E-03
   109.0      0.4315E-03
   110.0      0.3982E-03
   111.0      0.3716E-03
   112.0      0.3500E-03
   113.0      0.3325E-03
   114.0      0.3185E-03
   115.0      0.3068E-03
   116.0      0.2961E-03
   117.0      0.2850E-03
   118.0      0.2725E-03
   119.0      0.2587E-03
   120.0      0.2439E-03
   121.0      0.2281E-03
   122.0      0.2114E-03
   123.0      0.1940E-03
   124.0      0.1764E-03
   125.0      0.1592E-03
   126.0      0.1428E-03
   127.0      0.1274E-03
   128.0      0.1128E-03
   129.0      0.9909E-04
   130.0      0.8649E-04
   131.0      0.7546E-04
   132.0      0.6625E-04
   133.0      0.5882E-04
   134.0      0.5291E-04
   135.0      0.4829E-04
   136.0      0.4480E-04
   137.0      0.4234E-04
   138.0      0.4068E-04
   139.0      0.3943E-04
   140.0      0.3832E-04
   141.0      0.3732E-04
   142.0      0.3662E-04
   143.0      0.3638E-04
   144.0      0.3649E-04
   145.0      0.3659E-04
   146.0      0.3625E-04
   147.0      0.3529E-04
   148.0      0.3385E-04
   149.0      0.3227E-04
   150.0      0.3078E-04
   151.0      0.2941E-04
   152.0      0.2808E-04
   153.0      0.2665E-04
   154.0      0.2509E-04
   155.0      0.2347E-04
   156.0      0.2187E-04
   157.0      0.2031E-04
   158.0      0.1880E-04
   159.0      0.1740E-04
   160.0      0.1620E-04
   161.0      0.1525E-04
   162.0      0.1456E-04
   163.0      0.1408E-04
   164.0      0.1371E-04
   165.0      0.1341E-04
   166.0      0.1321E-04
   167.0      0.1315E-04
   168.0      0.1324E-04
   169.0      0.1344E-04
   170.0      0.1375E-04
   171.0      0.1418E-04
   172.0      0.1474E-04
   173.0      0.1545E-04
   174.0      0.1623E-04
   175.0      0.1688E-04
   176.0      0.1726E-04
   177.0      0.1731E-04
   178.0      0.1713E-04
   179.0      0.1689E-04
   180.0      0.1678E-04
 END
