# 178 angles,  1 tensor ranks for 0=projectile
@subtitle   "p+O20 with CH89;"                                                              
@legend ON
@legend x1 0.2
@legend y1 0.8
@g0 type LOGY
@yaxis ticklabel format power
@legend string   0 "Lab energy =   35.0000"
#legend string   0 "Partition=  1 Excit=  1 near/far= 1"
#  Theta       sigma       iT11        T20         T21         T22         Kyy for projectile
   3.000      0.1321E+06
   4.000      0.3837E+05
   5.000      0.1498E+05
   6.000       7410.    
   7.000       4507.    
   8.000       3234.    
   9.000       2600.    
   10.00       2236.    
   11.00       1993.    
   12.00       1806.    
   13.00       1646.    
   14.00       1499.    
   15.00       1360.    
   16.00       1227.    
   17.00       1100.    
   18.00       978.5    
   19.00       863.3    
   20.00       755.1    
   21.00       654.5    
   22.00       561.8    
   23.00       477.5    
   24.00       401.5    
   25.00       333.9    
   26.00       274.4    
   27.00       222.9    
   28.00       178.7    
   29.00       141.5    
   30.00       110.7    
   31.00       85.74    
   32.00       65.92    
   33.00       50.65    
   34.00       39.31    
   35.00       31.30    
   36.00       26.06    
   37.00       23.07    
   38.00       21.83    
   39.00       21.92    
   40.00       22.96    
   41.00       24.62    
   42.00       26.62    
   43.00       28.73    
   44.00       30.77    
   45.00       32.60    
   46.00       34.12    
   47.00       35.25    
   48.00       35.97    
   49.00       36.25    
   50.00       36.11    
   51.00       35.56    
   52.00       34.64    
   53.00       33.41    
   54.00       31.90    
   55.00       30.16    
   56.00       28.26    
   57.00       26.25    
   58.00       24.16    
   59.00       22.06    
   60.00       19.97    
   61.00       17.94    
   62.00       15.99    
   63.00       14.15    
   64.00       12.43    
   65.00       10.85    
   66.00       9.414    
   67.00       8.128    
   68.00       6.990    
   69.00       5.999    
   70.00       5.147    
   71.00       4.427    
   72.00       3.828    
   73.00       3.340    
   74.00       2.952    
   75.00       2.650    
   76.00       2.424    
   77.00       2.261    
   78.00       2.150    
   79.00       2.082    
   80.00       2.046    
   81.00       2.033    
   82.00       2.037    
   83.00       2.050    
   84.00       2.068    
   85.00       2.085    
   86.00       2.097    
   87.00       2.103    
   88.00       2.099    
   89.00       2.085    
   90.00       2.060    
   91.00       2.024    
   92.00       1.977    
   93.00       1.920    
   94.00       1.853    
   95.00       1.778    
   96.00       1.696    
   97.00       1.609    
   98.00       1.517    
   99.00       1.423    
   100.0       1.327    
   101.0       1.230    
   102.0       1.135    
   103.0       1.041    
   104.0      0.9510    
   105.0      0.8642    
   106.0      0.7818    
   107.0      0.7043    
   108.0      0.6322    
   109.0      0.5656    
   110.0      0.5049    
   111.0      0.4500    
   112.0      0.4010    
   113.0      0.3577    
   114.0      0.3200    
   115.0      0.2876    
   116.0      0.2603    
   117.0      0.2377    
   118.0      0.2195    
   119.0      0.2052    
   120.0      0.1946    
   121.0      0.1871    
   122.0      0.1824    
   123.0      0.1800    
   124.0      0.1797    
   125.0      0.1809    
   126.0      0.1833    
   127.0      0.1866    
   128.0      0.1905    
   129.0      0.1947    
   130.0      0.1989    
   131.0      0.2028    
   132.0      0.2063    
   133.0      0.2092    
   134.0      0.2113    
   135.0      0.2126    
   136.0      0.2129    
   137.0      0.2122    
   138.0      0.2104    
   139.0      0.2076    
   140.0      0.2039    
   141.0      0.1992    
   142.0      0.1936    
   143.0      0.1872    
   144.0      0.1802    
   145.0      0.1727    
   146.0      0.1647    
   147.0      0.1566    
   148.0      0.1483    
   149.0      0.1401    
   150.0      0.1322    
   151.0      0.1246    
   152.0      0.1175    
   153.0      0.1110    
   154.0      0.1054    
   155.0      0.1006    
   156.0      0.9671E-01
   157.0      0.9388E-01
   158.0      0.9210E-01
   159.0      0.9141E-01
   160.0      0.9180E-01
   161.0      0.9325E-01
   162.0      0.9572E-01
   163.0      0.9914E-01
   164.0      0.1034    
   165.0      0.1085    
   166.0      0.1142    
   167.0      0.1204    
   168.0      0.1270    
   169.0      0.1338    
   170.0      0.1407    
   171.0      0.1475    
   172.0      0.1541    
   173.0      0.1603    
   174.0      0.1660    
   175.0      0.1710    
   176.0      0.1753    
   177.0      0.1788    
   178.0      0.1813    
   179.0      0.1828    
   180.0      0.1833    
 END
