           4           1           1
    0.0-     1 1   1.754       0.000      0.1128E-01  0.3890E-03  0.7202E-02   1.735    
    1.0+     0 1   5.247       0.000      0.3726E-01  0.2026E-02  0.2010E-01   5.187    
    1.0+     2 2   5.278       0.000      0.2966E-01  0.9560E-03  0.2131E-01   5.226    
    1.0-     1 1   5.257       0.000      0.3569E-01  0.1576E-02  0.2088E-01   5.199    
    2.0+     2 1   8.781       0.000      0.5520E-01  0.2745E-02  0.3361E-01   8.690    
    2.0-     1 1   8.748       0.000      0.6540E-01  0.4461E-02  0.3124E-01   8.647    
    2.0-     3 2   8.836       0.000      0.4105E-01  0.1175E-02  0.3369E-01   8.760    
    3.0+     2 1   12.26       0.000      0.8841E-01  0.7761E-02  0.3935E-01   12.13    
    3.0+     4 2   12.44       0.000      0.4515E-01  0.1132E-02  0.4297E-01   12.35    
    3.0-     3 1   12.34       0.000      0.6845E-01  0.3852E-02  0.4458E-01   12.22    
    4.0+     4 1   15.93       0.000      0.7443E-01  0.4898E-02  0.5322E-01   15.80    
    4.0-     3 1   15.80       0.000      0.1043      0.1239E-01  0.4435E-01   15.64    
    4.0-     5 2   16.11       0.000      0.4256E-01  0.9385E-03  0.4772E-01   16.02    
    5.0+     4 1   19.38       0.000      0.1106      0.1859E-01  0.4615E-01   19.21    
    5.0+     6 2   19.85       0.000      0.3561E-01  0.6861E-03  0.4796E-01   19.77    
    5.0-     5 1   19.58       0.000      0.7270E-01  0.5936E-02  0.5874E-01   19.44    
    6.0+     6 1   23.31       0.000      0.6424E-01  0.6801E-02  0.6075E-01   23.18    
    6.0-     5 1   23.00       0.000      0.1058      0.2670E-01  0.4505E-01   22.82    
    6.0-     7 2   23.59       0.000      0.2825E-01  0.5888E-03  0.4664E-01   23.51    
    7.0+     6 1   26.70       0.000      0.8986E-01  0.3577E-01  0.4132E-01   26.54    
    7.0+     8 2   27.27       0.000      0.2372E-01  0.6988E-03  0.4980E-01   27.20    
    7.0-     7 1   27.06       0.000      0.5172E-01  0.7879E-02  0.5980E-01   26.94    
    8.0+     8 1   30.92       0.000      0.3592E-01  0.8585E-02  0.5339E-01   30.83    
    8.0-     7 1   30.46       0.000      0.6786E-01  0.4502E-01  0.3665E-01   30.31    
    8.0-     9 2   30.22       0.000      0.2790E-01  0.1684E-02  0.8687E-01   30.11    
    9.0+     8 1   34.28       0.000      0.4176E-01  0.5084E-01  0.2915E-01   34.16    
    9.0+    10 2   30.92       0.000      0.3452E-01  0.4411E-02  0.1754       30.71    
    9.0-     9 1   34.60       0.000      0.2811E-01  0.1098E-01  0.6372E-01   34.49    
   10.0+    10 1   36.04       0.000      0.3154E-01  0.3002E-01  0.1209       35.86    
   10.0-     9 1   38.54       0.000      0.2186E-01  0.4561E-01  0.2408E-01   38.45    
   10.0-    11 2   28.15       0.000      0.3625E-01  0.6488E-02  0.2557       27.85    
   11.0+    10 1   41.56       0.000      0.2223E-01  0.7096E-01  0.4359E-01   41.42    
   11.0+    12 2   22.57       0.000      0.5004E-01  0.5574E-02  0.2618       22.25    
   11.0-    11 1   32.94       0.000      0.3852E-01  0.6774E-01  0.1834       32.65    
   12.0+    12 1   26.01       0.000      0.6012E-01  0.9217E-01  0.1909       25.67    
   12.0-    11 1   38.76       0.000      0.3908E-01  0.1588      0.7720E-01   38.48    
   12.0-    13 2   16.25       0.000      0.7132E-01  0.4604E-02  0.2063       15.97    
   13.0+    12 1   30.20       0.000      0.7288E-01  0.2182      0.8758E-01   29.82    
   13.0+    14 2   10.87       0.000      0.7558E-01  0.4975E-02  0.1372       10.65    
   13.0-    13 1   18.32       0.000      0.8433E-01  0.8619E-01  0.1503       18.00    
   14.0+    14 1   12.00       0.000      0.8602E-01  0.6400E-01  0.9930E-01   11.75    
   14.0-    13 1   20.70       0.000      0.1003      0.1981      0.7194E-01   20.33    
   14.0-    15 2   6.953       0.000      0.6143E-01  0.4962E-02  0.8214E-01   6.804    
   15.0+    14 1   13.24       0.000      0.9805E-01  0.1405      0.4858E-01   12.95    
   15.0+    16 2   4.334       0.000      0.4196E-01  0.3993E-02  0.4622E-01   4.241    
   15.0-    15 1   7.557       0.000      0.6797E-01  0.4147E-01  0.5907E-01   7.389    
   16.0+    16 1   4.658       0.000      0.4557E-01  0.2472E-01  0.3307E-01   4.555    
   16.0-    15 1   8.195       0.000      0.7512E-01  0.8691E-01  0.2930E-01   8.004    
   16.0-    17 2   2.661       0.000      0.2576E-01  0.2718E-02  0.2507E-01   2.608    
   17.0+    16 1   4.994       0.000      0.4939E-01  0.4981E-01  0.1657E-01   4.878    
   17.0+    18 2   1.620       0.000      0.1483E-01  0.1661E-02  0.1331E-01   1.590    
   17.0-    17 1   2.838       0.000      0.2765E-01  0.1398E-01  0.1786E-01   2.779    
   18.0+    18 1   1.718       0.000      0.1579E-01  0.7642E-02  0.9446E-02   1.685    
   18.0-    17 1   3.019       0.000      0.2960E-01  0.2735E-01  0.9015E-02   2.953    
   18.0-    19 2  0.9799       0.000      0.8212E-02  0.9490E-03  0.6975E-02  0.9637    
   19.0+    18 1   1.817       0.000      0.1677E-01  0.1465E-01  0.4782E-02   1.781    
   19.0+    20 2  0.5902       0.000      0.4437E-02  0.5203E-03  0.3628E-02  0.5817    
   19.0-    19 1   1.035       0.000      0.8691E-02  0.4091E-02  0.4931E-02   1.017    
   20.0+    20 1  0.6212       0.000      0.4675E-02  0.2160E-02  0.2553E-02  0.6118    
   20.0-    19 1   1.090       0.000      0.9176E-02  0.7735E-02  0.2494E-02   1.071    
   20.0-    21 2  0.3543       0.000      0.2361E-02  0.2780E-03  0.1878E-02  0.3498    
   21.0+    20 1  0.6522       0.000      0.4916E-02  0.4047E-02  0.1287E-02  0.6419    
   21.0+    22 2  0.2120       0.000      0.1244E-02  0.1462E-03  0.9697E-03  0.2097    
   21.0-    21 1  0.3718       0.000      0.2479E-02  0.1131E-02  0.1316E-02  0.3669    
   22.0+    22 1  0.2220       0.000      0.1303E-02  0.5892E-03  0.6764E-03  0.2194    
   22.0-    21 1  0.3893       0.000      0.2598E-02  0.2106E-02  0.6596E-03  0.3840    
   22.0-    23 2  0.1265       0.000      0.6511E-03  0.7615E-04  0.4999E-03  0.1253    
   23.0+    22 1  0.2319       0.000      0.1362E-02  0.1092E-02  0.3368E-03  0.2291    
   23.0+    24 2  0.7532E-01   0.000      0.3395E-03  0.3941E-04  0.2575E-03  0.7468E-01
   23.0-    23 1  0.1322       0.000      0.6804E-03  0.3058E-03  0.3472E-03  0.1308    
   24.0+    24 1  0.7853E-01   0.000      0.3540E-03  0.1583E-03  0.1781E-03  0.7784E-01
   24.0-    23 1  0.1378       0.000      0.7097E-03  0.5650E-03  0.1716E-03  0.1364    
   24.0-    25 2  0.4473E-01   0.000      0.1765E-03  0.2032E-04  0.1326E-03  0.4440E-01
   25.0+    24 1  0.8175E-01   0.000      0.3686E-03  0.2919E-03  0.8734E-04  0.8100E-01
   25.0+    26 2  0.2651E-01   0.000      0.9161E-04  0.1045E-04  0.6826E-04  0.2633E-01
   25.0-    25 1  0.4656E-01   0.000      0.1837E-03  0.8188E-04  0.9133E-04  0.4620E-01
   26.0+    26 1  0.2755E-01   0.000      0.9521E-04  0.4230E-04  0.4684E-04  0.2736E-01
   26.0-    25 1  0.4839E-01   0.000      0.1910E-03  0.1507E-03  0.4446E-04  0.4800E-01
   26.0-    27 2  0.1567E-01   0.000      0.4749E-04  0.5370E-05  0.3514E-04  0.1559E-01
   27.0+    26 1  0.2859E-01   0.000      0.9881E-04  0.7778E-04  0.2263E-04  0.2839E-01
   27.0+    28 2  0.9250E-02   0.000      0.2460E-04  0.2757E-05  0.1809E-04  0.9205E-02
   27.0-    27 1  0.1627E-01   0.000      0.4928E-04  0.2184E-04  0.2402E-04  0.1617E-01
   28.0+    28 1  0.9587E-02   0.000      0.2549E-04  0.1127E-04  0.1232E-04  0.9538E-02
   28.0-    27 1  0.1686E-01   0.000      0.5108E-04  0.4012E-04  0.1153E-04  0.1675E-01
   28.0-    29 2  0.5450E-02   0.000      0.1273E-04  0.1415E-05  0.9311E-05  0.5426E-02
   29.0+    28 1  0.9923E-02   0.000      0.2639E-04  0.2069E-04  0.5874E-05  0.9870E-02
   29.0+    30 2  0.3205E-02   0.000      0.6587E-05  0.7259E-06  0.4794E-05  0.3193E-02
   29.0-    29 1  0.5641E-02   0.000      0.1318E-04  0.5818E-05  0.6325E-05  0.5616E-02
   30.0+    30 1  0.3314E-02   0.000      0.6811E-05  0.3002E-05  0.3247E-05  0.3301E-02
   30.0-    29 1  0.5832E-02   0.000      0.1363E-04  0.1067E-04  0.2996E-05  0.5805E-02
   30.0-    31 2  0.1882E-02   0.000      0.3407E-05  0.3725E-06  0.2468E-05  0.1876E-02
   31.0+    30 1  0.3422E-02   0.000      0.7034E-05  0.5504E-05  0.1529E-05  0.3408E-02
   31.0+    32 2  0.1103E-02   0.000      0.1762E-05  0.1912E-06  0.1271E-05  0.1100E-02
   31.0-    31 1  0.1944E-02   0.000      0.3519E-05  0.1549E-05  0.1667E-05  0.1937E-02
   32.0+    32 1  0.1138E-02   0.000      0.1818E-05  0.7991E-06  0.8563E-06  0.1135E-02
   32.0-    31 1  0.2005E-02   0.000      0.3631E-05  0.2838E-05  0.7805E-06  0.1998E-02
   32.0-    33 2  0.6459E-03   0.000      0.9107E-06  0.9815E-07  0.6547E-06  0.6442E-03
   33.0+    32 1  0.1173E-02   0.000      0.1874E-05  0.1463E-05  0.3988E-06  0.1170E-02
   33.0+    34 2  0.3776E-03   0.000      0.4708E-06  0.5039E-07  0.3372E-06  0.3768E-03
   33.0-    33 1  0.6658E-03   0.000      0.9388E-06  0.4123E-06  0.4399E-06  0.6640E-03
   34.0+    34 1  0.3889E-03   0.000      0.4848E-06  0.2127E-06  0.2261E-06  0.3880E-03
   34.0-    33 1  0.6857E-03   0.000      0.9668E-06  0.7547E-06  0.2038E-06  0.6837E-03
   34.0-    35 2  0.2205E-03   0.000      0.2433E-06  0.2588E-07  0.1737E-06  0.2201E-03
   35.0+    34 1  0.4002E-03   0.000      0.4989E-06  0.3892E-06  0.1043E-06  0.3992E-03
   35.0+    36 2  0.1286E-03   0.000      0.1258E-06  0.1329E-07  0.8950E-07  0.1284E-03
   35.0-    35 1  0.2269E-03   0.000      0.2504E-06  0.1097E-06  0.1162E-06  0.2264E-03
   36.0+    36 1  0.1322E-03   0.000      0.1293E-06  0.5660E-07  0.5975E-07  0.1320E-03
   36.0-    35 1  0.2333E-03   0.000      0.2574E-06  0.2007E-06  0.5335E-07  0.2328E-03
   36.0-    37 2  0.7492E-04   0.000      0.6499E-07  0.6828E-08  0.4611E-07  0.7480E-04
   37.0+    36 1  0.1359E-03   0.000      0.1328E-06  0.1035E-06  0.2731E-07  0.1356E-03
   37.0+    38 2  0.4360E-04   0.000      0.3358E-07  0.3508E-08  0.2376E-07  0.4354E-04
   37.0-    37 1  0.7697E-04   0.000      0.6677E-07  0.2920E-07  0.3073E-07  0.7685E-04
   38.0+    38 1  0.4476E-04   0.000      0.3447E-07  0.1506E-07  0.1580E-07  0.4470E-04
   38.0-    37 1  0.7903E-04   0.000      0.6855E-07  0.5337E-07  0.1399E-07  0.7889E-04
   38.0-    39 2  0.2535E-04   0.000      0.1735E-07  0.1803E-08  0.1225E-07  0.2531E-04
   39.0+    38 1  0.4592E-04   0.000      0.3537E-07  0.2753E-07  0.7167E-08  0.4585E-04
   39.0+    40 2  0.1472E-04   0.000      0.8962E-08  0.9266E-09  0.6311E-08  0.1470E-04
   39.0-    39 1  0.2600E-04   0.000      0.1780E-07  0.7772E-08  0.8130E-08  0.2597E-04
   40.0+    40 1  0.1509E-04   0.000      0.9189E-08  0.4010E-08  0.4183E-08  0.1508E-04
   40.0-    39 1  0.2666E-04   0.000      0.1825E-07  0.1420E-07  0.3674E-08  0.2663E-04
   40.0-    41 2  0.8541E-05   0.000      0.4630E-08  0.4764E-09  0.3253E-08  0.8533E-05
   41.0+    40 1  0.1547E-04   0.000      0.9416E-08  0.7323E-08  0.1884E-08  0.1545E-04
   41.0+    42 2  0.4952E-05   0.000      0.2392E-08  0.2451E-09  0.1677E-08  0.4947E-05
   41.0-    41 1  0.8752E-05   0.000      0.4744E-08  0.2069E-08  0.2153E-08  0.8743E-05
   42.0+    42 1  0.5071E-05   0.000      0.2450E-08  0.1068E-08  0.1108E-08  0.5067E-05
   42.0-    41 1  0.8963E-05   0.000      0.4858E-08  0.3778E-08  0.9662E-09  0.8954E-05
   42.0-    43 2  0.2868E-05   0.000      0.1236E-08  0.1261E-09  0.8645E-09  0.2866E-05
   43.0+    42 1  0.5190E-05   0.000      0.2507E-08  0.1949E-08  0.4958E-09  0.5185E-05
   43.0+    44 2  0.1660E-05   0.000      0.6385E-09  0.6486E-10  0.4457E-09  0.1659E-05
   43.0-    43 1  0.2936E-05   0.000      0.1265E-08  0.5509E-09  0.5704E-09  0.2933E-05
   44.0+    44 1  0.1698E-05   0.000      0.6532E-09  0.2843E-09  0.2937E-09  0.1697E-05
   44.0-    43 1  0.3003E-05   0.000      0.1294E-08  0.1005E-08  0.2545E-09  0.3001E-05
   44.0-    45 2  0.9602E-06   0.000      0.3298E-09  0.3336E-10  0.2297E-09  0.9596E-06
   45.0+    44 1  0.1737E-05   0.000      0.6678E-09  0.5185E-09  0.1306E-09  0.1735E-05
   45.0+    46 2  0.5549E-06   0.000      0.1703E-09  0.1716E-10  0.1184E-09  0.5546E-06
   45.0-    45 1  0.9817E-06   0.000      0.3372E-09  0.1467E-09  0.1512E-09  0.9811E-06
   46.0+    46 1  0.5671E-06   0.000      0.1741E-09  0.7566E-10  0.7785E-10  0.5668E-06
   46.0-    45 1  0.1003E-05   0.000      0.3446E-09  0.2674E-09  0.6707E-10  0.1003E-05
   46.0-    47 2  0.3205E-06   0.000      0.8797E-10  0.8829E-11  0.6107E-10  0.3203E-06
   47.0+    46 1  0.5793E-06   0.000      0.1778E-09  0.1379E-09  0.3444E-10  0.5790E-06
   47.0+    48 2  0.1850E-06   0.000      0.4543E-10  0.4543E-11  0.3149E-10  0.1849E-06
   47.0-    47 1  0.3274E-06   0.000      0.8987E-10  0.3904E-10  0.4009E-10  0.3272E-06
   48.0+    48 1  0.1889E-06   0.000      0.4639E-10  0.2014E-10  0.2065E-10  0.1888E-06
   48.0-    47 1  0.3343E-06   0.000      0.9176E-10  0.7116E-10  0.1769E-10  0.3341E-06
   48.0-    49 2  0.1067E-06   0.000      0.2347E-10  0.2338E-11  0.1624E-10  0.1066E-06
   49.0+    48 1  0.1927E-06   0.000      0.4735E-10  0.3671E-10  0.9090E-11  0.1927E-06
   49.0+    50 2  0.6149E-07   0.000      0.1212E-10  0.1204E-11  0.8372E-11  0.6147E-07
   49.0-    49 1  0.1089E-06   0.000      0.2395E-10  0.1039E-10  0.1064E-10  0.1088E-06
   50.0+    50 1  0.6273E-07   0.000      0.1236E-10  0.5363E-11  0.5478E-11  0.6271E-07
   50.0-    49 1  0.1111E-06   0.000      0.2443E-10  0.1894E-10  0.4671E-11  0.1110E-06
   50.0-    51 2  0.3542E-07   0.000      0.6259E-11  0.6196E-12  0.4317E-11  0.3541E-07
   51.0+    50 1  0.6398E-07   0.000      0.1261E-10  0.9771E-11  0.2401E-11  0.6395E-07
   51.0+    52 2  0.2040E-07   0.000      0.3233E-11  0.3190E-12  0.2226E-11  0.2039E-07
   51.0-    51 1  0.3613E-07   0.000      0.6383E-11  0.2767E-11  0.2822E-11  0.3611E-07
   52.0+    52 1  0.2079E-07   0.000      0.3295E-11  0.1428E-11  0.1454E-11  0.2078E-07
   52.0-    51 1  0.3683E-07   0.000      0.6507E-11  0.5041E-11  0.1234E-11  0.3681E-07
   52.0-    53 2  0.1174E-07   0.000      0.1669E-11  0.1643E-12  0.1148E-11  0.1173E-07
   53.0+    52 1  0.2119E-07   0.000      0.3358E-11  0.2601E-11  0.6345E-12  0.2118E-07
   53.0+    54 2  0.6750E-08   0.000      0.8619E-12  0.8459E-13  0.5920E-12  0.6748E-08
   53.0-    53 1  0.1196E-07   0.000      0.1701E-11  0.7369E-12  0.7491E-12  0.1196E-07
   54.0+    54 1  0.6876E-08   0.000      0.8780E-12  0.3803E-12  0.3859E-12  0.6875E-08
   54.0-    53 1  0.1218E-07   0.000      0.1733E-11  0.1342E-11  0.3263E-12  0.1218E-07
   54.0-    55 2  0.3879E-08   0.000      0.4450E-12  0.4356E-13  0.3053E-12  0.3878E-08
   55.0+    54 1  0.7003E-08   0.000      0.8941E-12  0.6923E-12  0.1678E-12  0.7001E-08
   55.0+    56 2  0.2230E-08   0.000      0.2298E-12  0.2244E-13  0.1575E-12  0.2230E-08
   55.0-    55 1  0.3951E-08   0.000      0.4532E-12  0.1962E-12  0.1989E-12  0.3950E-08
   56.0+    56 1  0.2270E-08   0.000      0.2339E-12  0.1013E-12  0.1025E-12  0.2269E-08
   56.0-    55 1  0.4022E-08   0.000      0.4613E-12  0.3572E-12  0.8630E-13  0.4021E-08
   56.0-    57 2  0.1280E-08   0.000      0.1186E-12  0.1156E-13  0.8121E-13  0.1280E-08
   57.0+    56 1  0.2309E-08   0.000      0.2380E-12  0.1843E-12  0.4439E-13  0.2309E-08
   57.0+    58 2  0.7344E-09   0.000      0.6127E-13  0.5953E-14  0.4189E-13  0.7343E-09
   57.0-    57 1  0.1303E-08   0.000      0.1207E-12  0.5225E-13  0.5281E-13  0.1303E-08
   58.0+    58 1  0.7481E-09   0.000      0.6234E-13  0.2696E-13  0.2722E-13  0.7480E-09
   58.0-    57 1  0.1325E-08   0.000      0.1228E-12  0.9507E-13  0.2284E-13  0.1325E-08
   58.0-    59 2  0.4215E-09   0.000      0.3164E-13  0.3066E-14  0.2161E-13  0.4214E-09
   59.0+    58 1  0.7599E-09   0.000      0.6340E-13  0.4905E-13  0.1175E-13  0.7598E-09
   59.0+    60 2  0.2414E-09   0.000      0.1634E-13  0.1579E-14  0.1114E-13  0.2414E-09
   59.0-    59 1  0.4289E-09   0.000      0.3218E-13  0.1391E-13  0.1403E-13  0.4289E-09
   60.0+    60 1  0.2461E-09   0.000      0.1662E-13  0.7178E-14  0.7231E-14  0.2461E-09
   60.0-    59 1  0.4362E-09   0.000      0.3272E-13  0.2530E-13  0.6046E-14  0.4361E-09
   60.0-    61 2  0.1386E-09   0.000      0.8438E-14  0.8135E-15  0.5749E-14  0.1386E-09
