# 178 angles,  1 tensor ranks for 0=projectile
@subtitle   "20O(d,t) @ 30AMeV Daeh (d) + Pang (t)"                                         
@legend ON
@legend x1 0.2
@legend y1 0.8
@g0 type LOGY
@yaxis ticklabel format power
@xaxis label "Scattering angle (degrees)"
@yaxis label "Cross section (mb/sr)"
@legend string   0 "Partition=  1 Excit=  1 near/far= 1"
#legend string   0 "Lab energy =   70.0000"
@s0 linestyle   1
#  Theta       sigma       iT11        T20         T21         T22         Kyy for projectile
   3.000      0.2708E+05
   4.000      0.1161E+05
   5.000       8340.    
   6.000       6868.    
   7.000       5642.    
   8.000       4463.    
   9.000       3362.    
   10.00       2396.    
   11.00       1603.    
   12.00       993.9    
   13.00       561.4    
   14.00       282.2    
   15.00       125.8    
   16.00       59.57    
   17.00       52.50    
   18.00       78.38    
   19.00       117.0    
   20.00       154.3    
   21.00       182.1    
   22.00       196.8    
   23.00       198.4    
   24.00       188.8    
   25.00       171.4    
   26.00       149.5    
   27.00       126.2    
   28.00       104.0    
   29.00       84.51    
   30.00       68.57    
   31.00       56.37    
   32.00       47.61    
   33.00       41.70    
   34.00       37.92    
   35.00       35.54    
   36.00       33.92    
   37.00       32.56    
   38.00       31.12    
   39.00       29.41    
   40.00       27.37    
   41.00       25.03    
   42.00       22.48    
   43.00       19.84    
   44.00       17.24    
   45.00       14.77    
   46.00       12.53    
   47.00       10.55    
   48.00       8.876    
   49.00       7.489    
   50.00       6.370    
   51.00       5.484    
   52.00       4.788    
   53.00       4.240    
   54.00       3.802    
   55.00       3.440    
   56.00       3.126    
   57.00       2.844    
   58.00       2.579    
   59.00       2.327    
   60.00       2.084    
   61.00       1.852    
   62.00       1.632    
   63.00       1.428    
   64.00       1.242    
   65.00       1.076    
   66.00      0.9297    
   67.00      0.8044    
   68.00      0.6984    
   69.00      0.6098    
   70.00      0.5365    
   71.00      0.4760    
   72.00      0.4257    
   73.00      0.3835    
   74.00      0.3472    
   75.00      0.3154    
   76.00      0.2866    
   77.00      0.2602    
   78.00      0.2354    
   79.00      0.2121    
   80.00      0.1901    
   81.00      0.1695    
   82.00      0.1503    
   83.00      0.1327    
   84.00      0.1167    
   85.00      0.1024    
   86.00      0.8977E-01
   87.00      0.7881E-01
   88.00      0.6938E-01
   89.00      0.6135E-01
   90.00      0.5455E-01
   91.00      0.4880E-01
   92.00      0.4393E-01
   93.00      0.3977E-01
   94.00      0.3616E-01
   95.00      0.3298E-01
   96.00      0.3013E-01
   97.00      0.2752E-01
   98.00      0.2509E-01
   99.00      0.2281E-01
   100.0      0.2066E-01
   101.0      0.1862E-01
   102.0      0.1670E-01
   103.0      0.1491E-01
   104.0      0.1324E-01
   105.0      0.1171E-01
   106.0      0.1032E-01
   107.0      0.9072E-02
   108.0      0.7966E-02
   109.0      0.6996E-02
   110.0      0.6154E-02
   111.0      0.5430E-02
   112.0      0.4812E-02
   113.0      0.4287E-02
   114.0      0.3842E-02
   115.0      0.3463E-02
   116.0      0.3139E-02
   117.0      0.2859E-02
   118.0      0.2613E-02
   119.0      0.2394E-02
   120.0      0.2194E-02
   121.0      0.2011E-02
   122.0      0.1840E-02
   123.0      0.1678E-02
   124.0      0.1526E-02
   125.0      0.1382E-02
   126.0      0.1246E-02
   127.0      0.1119E-02
   128.0      0.9998E-03
   129.0      0.8902E-03
   130.0      0.7899E-03
   131.0      0.6992E-03
   132.0      0.6179E-03
   133.0      0.5459E-03
   134.0      0.4826E-03
   135.0      0.4275E-03
   136.0      0.3800E-03
   137.0      0.3392E-03
   138.0      0.3044E-03
   139.0      0.2748E-03
   140.0      0.2495E-03
   141.0      0.2279E-03
   142.0      0.2094E-03
   143.0      0.1933E-03
   144.0      0.1793E-03
   145.0      0.1669E-03
   146.0      0.1559E-03
   147.0      0.1460E-03
   148.0      0.1369E-03
   149.0      0.1286E-03
   150.0      0.1209E-03
   151.0      0.1137E-03
   152.0      0.1069E-03
   153.0      0.1005E-03
   154.0      0.9422E-04
   155.0      0.8815E-04
   156.0      0.8219E-04
   157.0      0.7633E-04
   158.0      0.7055E-04
   159.0      0.6489E-04
   160.0      0.5940E-04
   161.0      0.5415E-04
   162.0      0.4927E-04
   163.0      0.4486E-04
   164.0      0.4107E-04
   165.0      0.3801E-04
   166.0      0.3579E-04
   167.0      0.3449E-04
   168.0      0.3416E-04
   169.0      0.3479E-04
   170.0      0.3632E-04
   171.0      0.3865E-04
   172.0      0.4162E-04
   173.0      0.4504E-04
   174.0      0.4869E-04
   175.0      0.5232E-04
   176.0      0.5570E-04
   177.0      0.5860E-04
   178.0      0.6081E-04
   179.0      0.6221E-04
   180.0      0.6268E-04
 END
@legend string   1 "Partition=  2 Excit=  1 near/far= 1"
#legend string   0 "Lab energy =   70.0000"
@s1 linestyle   2
#  Theta       sigma       iT11        T20         T21         T22         Kyy for projectile
   3.000       21.42    
   4.000       15.36    
   5.000       9.674    
   6.000       5.148    
   7.000       2.198    
   8.000      0.8405    
   9.000      0.7731    
   10.00       1.517    
   11.00       2.570    
   12.00       3.518    
   13.00       4.110    
   14.00       4.259    
   15.00       4.016    
   16.00       3.513    
   17.00       2.910    
   18.00       2.347    
   19.00       1.920    
   20.00       1.670    
   21.00       1.589    
   22.00       1.636    
   23.00       1.754    
   24.00       1.885    
   25.00       1.982    
   26.00       2.017    
   27.00       1.976    
   28.00       1.865    
   29.00       1.698    
   30.00       1.494    
   31.00       1.275    
   32.00       1.059    
   33.00      0.8603    
   34.00      0.6874    
   35.00      0.5441    
   36.00      0.4305    
   37.00      0.3438    
   38.00      0.2799    
   39.00      0.2340    
   40.00      0.2017    
   41.00      0.1791    
   42.00      0.1634    
   43.00      0.1521    
   44.00      0.1437    
   45.00      0.1369    
   46.00      0.1311    
   47.00      0.1256    
   48.00      0.1201    
   49.00      0.1143    
   50.00      0.1081    
   51.00      0.1013    
   52.00      0.9407E-01
   53.00      0.8651E-01
   54.00      0.7880E-01
   55.00      0.7117E-01
   56.00      0.6384E-01
   57.00      0.5702E-01
   58.00      0.5086E-01
   59.00      0.4547E-01
   60.00      0.4087E-01
   61.00      0.3704E-01
   62.00      0.3390E-01
   63.00      0.3133E-01
   64.00      0.2919E-01
   65.00      0.2736E-01
   66.00      0.2572E-01
   67.00      0.2415E-01
   68.00      0.2259E-01
   69.00      0.2099E-01
   70.00      0.1936E-01
   71.00      0.1768E-01
   72.00      0.1599E-01
   73.00      0.1432E-01
   74.00      0.1271E-01
   75.00      0.1120E-01
   76.00      0.9812E-02
   77.00      0.8567E-02
   78.00      0.7476E-02
   79.00      0.6539E-02
   80.00      0.5750E-02
   81.00      0.5093E-02
   82.00      0.4550E-02
   83.00      0.4103E-02
   84.00      0.3730E-02
   85.00      0.3414E-02
   86.00      0.3138E-02
   87.00      0.2889E-02
   88.00      0.2657E-02
   89.00      0.2437E-02
   90.00      0.2225E-02
   91.00      0.2020E-02
   92.00      0.1821E-02
   93.00      0.1630E-02
   94.00      0.1449E-02
   95.00      0.1280E-02
   96.00      0.1125E-02
   97.00      0.9838E-03
   98.00      0.8579E-03
   99.00      0.7471E-03
   100.0      0.6508E-03
   101.0      0.5681E-03
   102.0      0.4976E-03
   103.0      0.4379E-03
   104.0      0.3874E-03
   105.0      0.3448E-03
   106.0      0.3085E-03
   107.0      0.2774E-03
   108.0      0.2505E-03
   109.0      0.2269E-03
   110.0      0.2061E-03
   111.0      0.1876E-03
   112.0      0.1710E-03
   113.0      0.1561E-03
   114.0      0.1428E-03
   115.0      0.1309E-03
   116.0      0.1203E-03
   117.0      0.1110E-03
   118.0      0.1028E-03
   119.0      0.9560E-04
   120.0      0.8927E-04
   121.0      0.8366E-04
   122.0      0.7863E-04
   123.0      0.7403E-04
   124.0      0.6972E-04
   125.0      0.6560E-04
   126.0      0.6157E-04
   127.0      0.5755E-04
   128.0      0.5350E-04
   129.0      0.4940E-04
   130.0      0.4525E-04
   131.0      0.4107E-04
   132.0      0.3691E-04
   133.0      0.3280E-04
   134.0      0.2880E-04
   135.0      0.2497E-04
   136.0      0.2136E-04
   137.0      0.1801E-04
   138.0      0.1496E-04
   139.0      0.1224E-04
   140.0      0.9858E-05
   141.0      0.7832E-05
   142.0      0.6155E-05
   143.0      0.4818E-05
   144.0      0.3801E-05
   145.0      0.3081E-05
   146.0      0.2632E-05
   147.0      0.2422E-05
   148.0      0.2419E-05
   149.0      0.2589E-05
   150.0      0.2899E-05
   151.0      0.3315E-05
   152.0      0.3804E-05
   153.0      0.4333E-05
   154.0      0.4872E-05
   155.0      0.5393E-05
   156.0      0.5870E-05
   157.0      0.6281E-05
   158.0      0.6607E-05
   159.0      0.6835E-05
   160.0      0.6955E-05
   161.0      0.6963E-05
   162.0      0.6861E-05
   163.0      0.6654E-05
   164.0      0.6352E-05
   165.0      0.5971E-05
   166.0      0.5526E-05
   167.0      0.5037E-05
   168.0      0.4522E-05
   169.0      0.4000E-05
   170.0      0.3489E-05
   171.0      0.3001E-05
   172.0      0.2551E-05
   173.0      0.2147E-05
   174.0      0.1794E-05
   175.0      0.1496E-05
   176.0      0.1254E-05
   177.0      0.1069E-05
   178.0      0.9376E-06
   179.0      0.8597E-06
   180.0      0.8339E-06
 END
@legend string   2 "Partition=  2 Excit=  2 near/far= 1"
#legend string   0 "Lab energy =   70.0000"
@s2 linestyle   3
#  Theta       sigma       iT11        T20         T21         T22         Kyy for projectile
   3.000       7.808    
   4.000       7.800    
   5.000       7.535    
   6.000       6.959    
   7.000       6.091    
   8.000       5.019    
   9.000       3.871    
   10.00       2.779    
   11.00       1.854    
   12.00       1.160    
   13.00      0.7118    
   14.00      0.4821    
   15.00      0.4152    
   16.00      0.4456    
   17.00      0.5131    
   18.00      0.5729    
   19.00      0.5997    
   20.00      0.5866    
   21.00      0.5406    
   22.00      0.4765    
   23.00      0.4108    
   24.00      0.3576    
   25.00      0.3255    
   26.00      0.3171    
   27.00      0.3298    
   28.00      0.3574    
   29.00      0.3924    
   30.00      0.4273    
   31.00      0.4562    
   32.00      0.4755    
   33.00      0.4838    
   34.00      0.4820    
   35.00      0.4720    
   36.00      0.4567    
   37.00      0.4388    
   38.00      0.4208    
   39.00      0.4042    
   40.00      0.3897    
   41.00      0.3775    
   42.00      0.3670    
   43.00      0.3573    
   44.00      0.3475    
   45.00      0.3368    
   46.00      0.3247    
   47.00      0.3107    
   48.00      0.2950    
   49.00      0.2778    
   50.00      0.2597    
   51.00      0.2410    
   52.00      0.2225    
   53.00      0.2045    
   54.00      0.1876    
   55.00      0.1719    
   56.00      0.1575    
   57.00      0.1446    
   58.00      0.1329    
   59.00      0.1224    
   60.00      0.1129    
   61.00      0.1043    
   62.00      0.9628E-01
   63.00      0.8880E-01
   64.00      0.8175E-01
   65.00      0.7506E-01
   66.00      0.6872E-01
   67.00      0.6271E-01
   68.00      0.5704E-01
   69.00      0.5173E-01
   70.00      0.4680E-01
   71.00      0.4227E-01
   72.00      0.3813E-01
   73.00      0.3438E-01
   74.00      0.3101E-01
   75.00      0.2799E-01
   76.00      0.2530E-01
   77.00      0.2290E-01
   78.00      0.2076E-01
   79.00      0.1884E-01
   80.00      0.1711E-01
   81.00      0.1554E-01
   82.00      0.1412E-01
   83.00      0.1282E-01
   84.00      0.1162E-01
   85.00      0.1052E-01
   86.00      0.9503E-02
   87.00      0.8570E-02
   88.00      0.7713E-02
   89.00      0.6929E-02
   90.00      0.6215E-02
   91.00      0.5568E-02
   92.00      0.4984E-02
   93.00      0.4460E-02
   94.00      0.3991E-02
   95.00      0.3573E-02
   96.00      0.3202E-02
   97.00      0.2872E-02
   98.00      0.2580E-02
   99.00      0.2320E-02
   100.0      0.2089E-02
   101.0      0.1883E-02
   102.0      0.1699E-02
   103.0      0.1534E-02
   104.0      0.1385E-02
   105.0      0.1251E-02
   106.0      0.1130E-02
   107.0      0.1020E-02
   108.0      0.9204E-03
   109.0      0.8299E-03
   110.0      0.7478E-03
   111.0      0.6735E-03
   112.0      0.6062E-03
   113.0      0.5455E-03
   114.0      0.4907E-03
   115.0      0.4414E-03
   116.0      0.3970E-03
   117.0      0.3572E-03
   118.0      0.3214E-03
   119.0      0.2892E-03
   120.0      0.2603E-03
   121.0      0.2343E-03
   122.0      0.2109E-03
   123.0      0.1898E-03
   124.0      0.1708E-03
   125.0      0.1536E-03
   126.0      0.1380E-03
   127.0      0.1240E-03
   128.0      0.1113E-03
   129.0      0.9980E-04
   130.0      0.8946E-04
   131.0      0.8017E-04
   132.0      0.7183E-04
   133.0      0.6437E-04
   134.0      0.5772E-04
   135.0      0.5180E-04
   136.0      0.4655E-04
   137.0      0.4191E-04
   138.0      0.3781E-04
   139.0      0.3418E-04
   140.0      0.3099E-04
   141.0      0.2817E-04
   142.0      0.2567E-04
   143.0      0.2345E-04
   144.0      0.2147E-04
   145.0      0.1970E-04
   146.0      0.1810E-04
   147.0      0.1666E-04
   148.0      0.1533E-04
   149.0      0.1412E-04
   150.0      0.1299E-04
   151.0      0.1195E-04
   152.0      0.1098E-04
   153.0      0.1006E-04
   154.0      0.9212E-05
   155.0      0.8416E-05
   156.0      0.7676E-05
   157.0      0.6992E-05
   158.0      0.6365E-05
   159.0      0.5797E-05
   160.0      0.5291E-05
   161.0      0.4848E-05
   162.0      0.4469E-05
   163.0      0.4154E-05
   164.0      0.3902E-05
   165.0      0.3712E-05
   166.0      0.3579E-05
   167.0      0.3499E-05
   168.0      0.3465E-05
   169.0      0.3471E-05
   170.0      0.3510E-05
   171.0      0.3574E-05
   172.0      0.3654E-05
   173.0      0.3745E-05
   174.0      0.3838E-05
   175.0      0.3927E-05
   176.0      0.4008E-05
   177.0      0.4075E-05
   178.0      0.4126E-05
   179.0      0.4158E-05
   180.0      0.4168E-05
 END
@legend string   3 "Partition=  2 Excit=  3 near/far= 1"
#legend string   0 "Lab energy =   70.0000"
@s3 linestyle   4
#  Theta       sigma       iT11        T20         T21         T22         Kyy for projectile
   3.000       9.817    
   4.000       9.545    
   5.000       9.210    
   6.000       8.805    
   7.000       8.314    
   8.000       7.722    
   9.000       7.022    
   10.00       6.221    
   11.00       5.346    
   12.00       4.441    
   13.00       3.556    
   14.00       2.745    
   15.00       2.050    
   16.00       1.498    
   17.00       1.100    
   18.00      0.8466    
   19.00      0.7162    
   20.00      0.6791    
   21.00      0.7035    
   22.00      0.7603    
   23.00      0.8265    
   24.00      0.8872    
   25.00      0.9349    
   26.00      0.9685    
   27.00      0.9909    
   28.00       1.007    
   29.00       1.022    
   30.00       1.040    
   31.00       1.061    
   32.00       1.087    
   33.00       1.114    
   34.00       1.139    
   35.00       1.158    
   36.00       1.169    
   37.00       1.169    
   38.00       1.156    
   39.00       1.131    
   40.00       1.094    
   41.00       1.048    
   42.00      0.9945    
   43.00      0.9363    
   44.00      0.8757    
   45.00      0.8150    
   46.00      0.7555    
   47.00      0.6986    
   48.00      0.6448    
   49.00      0.5945    
   50.00      0.5475    
   51.00      0.5036    
   52.00      0.4626    
   53.00      0.4240    
   54.00      0.3877    
   55.00      0.3534    
   56.00      0.3211    
   57.00      0.2906    
   58.00      0.2619    
   59.00      0.2352    
   60.00      0.2104    
   61.00      0.1877    
   62.00      0.1669    
   63.00      0.1481    
   64.00      0.1312    
   65.00      0.1161    
   66.00      0.1028    
   67.00      0.9089E-01
   68.00      0.8041E-01
   69.00      0.7116E-01
   70.00      0.6298E-01
   71.00      0.5573E-01
   72.00      0.4931E-01
   73.00      0.4359E-01
   74.00      0.3849E-01
   75.00      0.3395E-01
   76.00      0.2989E-01
   77.00      0.2628E-01
   78.00      0.2306E-01
   79.00      0.2020E-01
   80.00      0.1767E-01
   81.00      0.1544E-01
   82.00      0.1348E-01
   83.00      0.1177E-01
   84.00      0.1027E-01
   85.00      0.8972E-02
   86.00      0.7844E-02
   87.00      0.6866E-02
   88.00      0.6017E-02
   89.00      0.5279E-02
   90.00      0.4637E-02
   91.00      0.4077E-02
   92.00      0.3586E-02
   93.00      0.3155E-02
   94.00      0.2776E-02
   95.00      0.2442E-02
   96.00      0.2147E-02
   97.00      0.1887E-02
   98.00      0.1657E-02
   99.00      0.1455E-02
   100.0      0.1277E-02
   101.0      0.1122E-02
   102.0      0.9854E-03
   103.0      0.8665E-03
   104.0      0.7630E-03
   105.0      0.6730E-03
   106.0      0.5947E-03
   107.0      0.5267E-03
   108.0      0.4675E-03
   109.0      0.4158E-03
   110.0      0.3705E-03
   111.0      0.3307E-03
   112.0      0.2955E-03
   113.0      0.2644E-03
   114.0      0.2366E-03
   115.0      0.2119E-03
   116.0      0.1898E-03
   117.0      0.1699E-03
   118.0      0.1522E-03
   119.0      0.1363E-03
   120.0      0.1220E-03
   121.0      0.1093E-03
   122.0      0.9795E-04
   123.0      0.8786E-04
   124.0      0.7890E-04
   125.0      0.7095E-04
   126.0      0.6390E-04
   127.0      0.5766E-04
   128.0      0.5212E-04
   129.0      0.4719E-04
   130.0      0.4280E-04
   131.0      0.3887E-04
   132.0      0.3534E-04
   133.0      0.3215E-04
   134.0      0.2925E-04
   135.0      0.2661E-04
   136.0      0.2419E-04
   137.0      0.2196E-04
   138.0      0.1990E-04
   139.0      0.1800E-04
   140.0      0.1625E-04
   141.0      0.1463E-04
   142.0      0.1314E-04
   143.0      0.1177E-04
   144.0      0.1052E-04
   145.0      0.9381E-05
   146.0      0.8357E-05
   147.0      0.7443E-05
   148.0      0.6635E-05
   149.0      0.5929E-05
   150.0      0.5321E-05
   151.0      0.4806E-05
   152.0      0.4378E-05
   153.0      0.4030E-05
   154.0      0.3755E-05
   155.0      0.3543E-05
   156.0      0.3387E-05
   157.0      0.3276E-05
   158.0      0.3201E-05
   159.0      0.3152E-05
   160.0      0.3120E-05
   161.0      0.3097E-05
   162.0      0.3074E-05
   163.0      0.3044E-05
   164.0      0.3001E-05
   165.0      0.2942E-05
   166.0      0.2862E-05
   167.0      0.2762E-05
   168.0      0.2640E-05
   169.0      0.2500E-05
   170.0      0.2343E-05
   171.0      0.2175E-05
   172.0      0.2000E-05
   173.0      0.1826E-05
   174.0      0.1657E-05
   175.0      0.1501E-05
   176.0      0.1363E-05
   177.0      0.1250E-05
   178.0      0.1165E-05
   179.0      0.1113E-05
   180.0      0.1096E-05
 END
