# 178 angles,  1 tensor ranks for 0=projectile
@subtitle   "20O + d 2+2 inelastic;"                                                        
@legend ON
@legend x1 0.2
@legend y1 0.8
@g0 type LOGY
@yaxis ticklabel format power
@legend string   0 "Lab energy =   70.0000"
#legend string   0 "Partition=  1 Excit=  2 near/far= 1"
#  Theta       sigma       iT11        T20         T21         T22         Kyy for projectile
   3.000       18.22    
   4.000       16.78    
   5.000       15.95    
   6.000       16.28    
   7.000       18.08    
   8.000       21.28    
   9.000       25.44    
   10.00       29.88    
   11.00       33.92    
   12.00       37.00    
   13.00       38.69    
   14.00       38.80    
   15.00       37.28    
   16.00       34.30    
   17.00       30.21    
   18.00       25.50    
   19.00       20.72    
   20.00       16.34    
   21.00       12.70    
   22.00       9.973    
   23.00       8.211    
   24.00       7.341    
   25.00       7.204    
   26.00       7.586    
   27.00       8.247    
   28.00       8.969    
   29.00       9.577    
   30.00       9.954    
   31.00       10.04    
   32.00       9.840    
   33.00       9.373    
   34.00       8.702    
   35.00       7.905    
   36.00       7.061    
   37.00       6.239    
   38.00       5.492    
   39.00       4.850    
   40.00       4.328    
   41.00       3.924    
   42.00       3.627    
   43.00       3.414    
   44.00       3.258    
   45.00       3.132    
   46.00       3.012    
   47.00       2.882    
   48.00       2.734    
   49.00       2.563    
   50.00       2.371    
   51.00       2.162    
   52.00       1.942    
   53.00       1.720    
   54.00       1.504    
   55.00       1.302    
   56.00       1.119    
   57.00      0.9582    
   58.00      0.8207    
   59.00      0.7065    
   60.00      0.6142    
   61.00      0.5408    
   62.00      0.4830    
   63.00      0.4370    
   64.00      0.3997    
   65.00      0.3682    
   66.00      0.3404    
   67.00      0.3144    
   68.00      0.2892    
   69.00      0.2643    
   70.00      0.2395    
   71.00      0.2152    
   72.00      0.1917    
   73.00      0.1692    
   74.00      0.1481    
   75.00      0.1287    
   76.00      0.1115    
   77.00      0.9643E-01
   78.00      0.8363E-01
   79.00      0.7286E-01
   80.00      0.6386E-01
   81.00      0.5642E-01
   82.00      0.5033E-01
   83.00      0.4537E-01
   84.00      0.4124E-01
   85.00      0.3766E-01
   86.00      0.3443E-01
   87.00      0.3145E-01
   88.00      0.2869E-01
   89.00      0.2612E-01
   90.00      0.2370E-01
   91.00      0.2138E-01
   92.00      0.1913E-01
   93.00      0.1702E-01
   94.00      0.1509E-01
   95.00      0.1338E-01
   96.00      0.1187E-01
   97.00      0.1054E-01
   98.00      0.9371E-02
   99.00      0.8383E-02
   100.0      0.7577E-02
   101.0      0.6933E-02
   102.0      0.6408E-02
   103.0      0.5964E-02
   104.0      0.5579E-02
   105.0      0.5247E-02
   106.0      0.4959E-02
   107.0      0.4700E-02
   108.0      0.4447E-02
   109.0      0.4188E-02
   110.0      0.3924E-02
   111.0      0.3661E-02
   112.0      0.3403E-02
   113.0      0.3143E-02
   114.0      0.2879E-02
   115.0      0.2618E-02
   116.0      0.2371E-02
   117.0      0.2145E-02
   118.0      0.1936E-02
   119.0      0.1735E-02
   120.0      0.1538E-02
   121.0      0.1355E-02
   122.0      0.1199E-02
   123.0      0.1075E-02
   124.0      0.9772E-03
   125.0      0.8901E-03
   126.0      0.8043E-03
   127.0      0.7219E-03
   128.0      0.6529E-03
   129.0      0.6035E-03
   130.0      0.5703E-03
   131.0      0.5442E-03
   132.0      0.5196E-03
   133.0      0.4982E-03
   134.0      0.4845E-03
   135.0      0.4794E-03
   136.0      0.4781E-03
   137.0      0.4735E-03
   138.0      0.4634E-03
   139.0      0.4534E-03
   140.0      0.4502E-03
   141.0      0.4550E-03
   142.0      0.4626E-03
   143.0      0.4662E-03
   144.0      0.4621E-03
   145.0      0.4526E-03
   146.0      0.4431E-03
   147.0      0.4363E-03
   148.0      0.4301E-03
   149.0      0.4215E-03
   150.0      0.4107E-03
   151.0      0.3999E-03
   152.0      0.3907E-03
   153.0      0.3829E-03
   154.0      0.3735E-03
   155.0      0.3596E-03
   156.0      0.3426E-03
   157.0      0.3273E-03
   158.0      0.3175E-03
   159.0      0.3127E-03
   160.0      0.3100E-03
   161.0      0.3062E-03
   162.0      0.2998E-03
   163.0      0.2923E-03
   164.0      0.2873E-03
   165.0      0.2863E-03
   166.0      0.2877E-03
   167.0      0.2899E-03
   168.0      0.2929E-03
   169.0      0.2964E-03
   170.0      0.3000E-03
   171.0      0.3040E-03
   172.0      0.3089E-03
   173.0      0.3138E-03
   174.0      0.3191E-03
   175.0      0.3252E-03
   176.0      0.3311E-03
   177.0      0.3346E-03
   178.0      0.3366E-03
   179.0      0.3384E-03
   180.0      0.3394E-03
 END
