# Fusion cross sections for ELAB=  70.000, ECM=  63.596
     0.0   1.741       1.754      0.1308E-01
     1.0   15.66       15.78      0.1192    
     2.0   26.17       26.36      0.1923    
     3.0   36.79       37.04      0.2506    
     4.0   47.55       47.84      0.2914    
     5.0   58.50       58.82      0.3130    
     6.0   69.58       69.90      0.3189    
     7.0   80.72       81.04      0.3162    
     8.0   91.27       91.61      0.3413    
     9.0   99.35       99.80      0.4478    
    10.0   102.1       102.7      0.6248    
    11.0   96.22       97.04      0.8248    
    12.0   80.02       81.00      0.9823    
    13.0   58.37       59.36      0.9903    
    14.0   38.80       39.63      0.8373    
    15.0   24.51       25.12      0.6123    
    16.0   15.11       15.51      0.4019    
    17.0   9.205       9.449      0.2446    
    18.0   5.574       5.715      0.1416    
    19.0   3.362       3.441      0.7933E-01
    20.0   2.022       2.065      0.4350E-01
    21.0   1.212       1.236      0.2353E-01
    22.0  0.7252      0.7378      0.1261E-01
    23.0  0.4327      0.4394      0.6722E-02
    24.0  0.2575      0.2611      0.3569E-02
    25.0  0.1529      0.1548      0.1891E-02
    26.0  0.9061E-01  0.9161E-01  0.1000E-02
    27.0  0.5357E-01  0.5410E-01  0.5285E-03
    28.0  0.3161E-01  0.3189E-01  0.2791E-03
    29.0  0.1862E-01  0.1877E-01  0.1474E-03
    30.0  0.1095E-01  0.1103E-01  0.7779E-04
    31.0  0.6428E-02  0.6469E-02  0.4106E-04
    32.0  0.3768E-02  0.3789E-02  0.2167E-04
    33.0  0.2205E-02  0.2217E-02  0.1144E-04
    34.0  0.1289E-02  0.1295E-02  0.6036E-05
    35.0  0.7525E-03  0.7557E-03  0.3186E-05
    36.0  0.4388E-03  0.4404E-03  0.1682E-05
    37.0  0.2555E-03  0.2564E-03  0.8877E-06
    38.0  0.1487E-03  0.1491E-03  0.4687E-06
    39.0  0.8640E-04  0.8665E-04  0.2474E-06
    40.0  0.5017E-04  0.5030E-04  0.1306E-06
    41.0  0.2910E-04  0.2917E-04  0.6897E-07
    42.0  0.1687E-04  0.1690E-04  0.3641E-07
    43.0  0.9767E-05  0.9786E-05  0.1922E-07
    44.0  0.5652E-05  0.5662E-05  0.1015E-07
    45.0  0.3268E-05  0.3273E-05  0.5357E-08
    46.0  0.1888E-05  0.1891E-05  0.2829E-08
    47.0  0.1090E-05  0.1092E-05  0.1494E-08
    48.0  0.6290E-06  0.6298E-06  0.7890E-09
    49.0  0.3627E-06  0.3631E-06  0.4166E-09
    50.0  0.2090E-06  0.2092E-06  0.2200E-09
    51.0  0.1204E-06  0.1205E-06  0.1162E-09
    52.0  0.6929E-07  0.6935E-07  0.6137E-10
    53.0  0.3986E-07  0.3990E-07  0.3241E-10
    54.0  0.2292E-07  0.2294E-07  0.1711E-10
    55.0  0.1317E-07  0.1318E-07  0.9038E-11
    56.0  0.7568E-08  0.7572E-08  0.4773E-11
    57.0  0.4346E-08  0.4349E-08  0.2521E-11
    58.0  0.2493E-08  0.2494E-08  0.1331E-11
    59.0  0.1430E-08  0.1431E-08  0.7032E-12
    60.0  0.8205E-09  0.8209E-09  0.3714E-12
 &
