# 178 angles,  1 tensor ranks for 0=projectile
@subtitle   "p+O20 with CH89;"                                                              
@legend ON
@legend x1 0.2
@legend y1 0.8
@g0 type LOGY
@yaxis ticklabel format power
@legend string   0 "Lab energy =   35.0000"
#legend string   0 "Partition=  1 Excit=  1 near/far= 1"
#  Theta       sigma       iT11        T20         T21         T22         Kyy for projectile
   3.000      0.1295E+06
   4.000      0.3628E+05
   5.000      0.1330E+05
   6.000       6045.    
   7.000       3379.    
   8.000       2292.    
   9.000       1809.    
   10.00       1571.    
   11.00       1435.    
   12.00       1340.    
   13.00       1261.    
   14.00       1185.    
   15.00       1109.    
   16.00       1032.    
   17.00       953.5    
   18.00       874.5    
   19.00       796.0    
   20.00       719.2    
   21.00       644.7    
   22.00       573.5    
   23.00       506.2    
   24.00       443.2    
   25.00       384.8    
   26.00       331.3    
   27.00       282.7    
   28.00       239.0    
   29.00       200.1    
   30.00       165.8    
   31.00       135.9    
   32.00       110.1    
   33.00       88.14    
   34.00       69.61    
   35.00       54.21    
   36.00       41.61    
   37.00       31.47    
   38.00       23.48    
   39.00       17.32    
   40.00       12.71    
   41.00       9.393    
   42.00       7.132    
   43.00       5.712    
   44.00       4.947    
   45.00       4.673    
   46.00       4.752    
   47.00       5.068    
   48.00       5.524    
   49.00       6.043    
   50.00       6.566    
   51.00       7.047    
   52.00       7.454    
   53.00       7.767    
   54.00       7.973    
   55.00       8.069    
   56.00       8.055    
   57.00       7.939    
   58.00       7.729    
   59.00       7.438    
   60.00       7.079    
   61.00       6.666    
   62.00       6.213    
   63.00       5.732    
   64.00       5.237    
   65.00       4.738    
   66.00       4.245    
   67.00       3.767    
   68.00       3.310    
   69.00       2.880    
   70.00       2.481    
   71.00       2.116    
   72.00       1.786    
   73.00       1.493    
   74.00       1.235    
   75.00       1.013    
   76.00      0.8238    
   77.00      0.6659    
   78.00      0.5370    
   79.00      0.4342    
   80.00      0.3548    
   81.00      0.2959    
   82.00      0.2546    
   83.00      0.2284    
   84.00      0.2144    
   85.00      0.2103    
   86.00      0.2138    
   87.00      0.2230    
   88.00      0.2360    
   89.00      0.2513    
   90.00      0.2675    
   91.00      0.2836    
   92.00      0.2986    
   93.00      0.3118    
   94.00      0.3228    
   95.00      0.3311    
   96.00      0.3366    
   97.00      0.3392    
   98.00      0.3388    
   99.00      0.3356    
   100.0      0.3297    
   101.0      0.3213    
   102.0      0.3108    
   103.0      0.2983    
   104.0      0.2842    
   105.0      0.2689    
   106.0      0.2525    
   107.0      0.2355    
   108.0      0.2180    
   109.0      0.2003    
   110.0      0.1828    
   111.0      0.1655    
   112.0      0.1487    
   113.0      0.1326    
   114.0      0.1172    
   115.0      0.1027    
   116.0      0.8922E-01
   117.0      0.7672E-01
   118.0      0.6529E-01
   119.0      0.5493E-01
   120.0      0.4566E-01
   121.0      0.3746E-01
   122.0      0.3029E-01
   123.0      0.2412E-01
   124.0      0.1891E-01
   125.0      0.1458E-01
   126.0      0.1110E-01
   127.0      0.8375E-02
   128.0      0.6354E-02
   129.0      0.4962E-02
   130.0      0.4131E-02
   131.0      0.3793E-02
   132.0      0.3881E-02
   133.0      0.4334E-02
   134.0      0.5090E-02
   135.0      0.6093E-02
   136.0      0.7293E-02
   137.0      0.8640E-02
   138.0      0.1009E-01
   139.0      0.1161E-01
   140.0      0.1317E-01
   141.0      0.1473E-01
   142.0      0.1626E-01
   143.0      0.1776E-01
   144.0      0.1919E-01
   145.0      0.2056E-01
   146.0      0.2184E-01
   147.0      0.2303E-01
   148.0      0.2413E-01
   149.0      0.2514E-01
   150.0      0.2605E-01
   151.0      0.2686E-01
   152.0      0.2759E-01
   153.0      0.2823E-01
   154.0      0.2879E-01
   155.0      0.2927E-01
   156.0      0.2969E-01
   157.0      0.3005E-01
   158.0      0.3035E-01
   159.0      0.3060E-01
   160.0      0.3081E-01
   161.0      0.3099E-01
   162.0      0.3113E-01
   163.0      0.3125E-01
   164.0      0.3135E-01
   165.0      0.3143E-01
   166.0      0.3149E-01
   167.0      0.3155E-01
   168.0      0.3159E-01
   169.0      0.3163E-01
   170.0      0.3167E-01
   171.0      0.3170E-01
   172.0      0.3173E-01
   173.0      0.3175E-01
   174.0      0.3177E-01
   175.0      0.3179E-01
   176.0      0.3180E-01
   177.0      0.3181E-01
   178.0      0.3182E-01
   179.0      0.3183E-01
   180.0      0.3183E-01
 END
