# 181 angles,  1 tensor ranks for 0=projectile
@subtitle   "p+O20 2nd ex with BG ;"                                                        
@legend ON
@legend x1 0.2
@legend y1 0.8
@g0 type LOGY
@yaxis ticklabel format power
@legend string   0 "Lab energy =   35.0000"
#legend string   0 "Partition=  1 Excit=  2 near/far= 1"
#  Theta       sigma       iT11        T20         T21         T22         Kyy for projectile
   0.000       8.844    
   1.000       8.901    
   2.000       9.047    
   3.000       9.221    
   4.000       9.347    
   5.000       9.371    
   6.000       9.268    
   7.000       9.050    
   8.000       8.752    
   9.000       8.417    
   10.00       8.076    
   11.00       7.748    
   12.00       7.441    
   13.00       7.157    
   14.00       6.898    
   15.00       6.669    
   16.00       6.475    
   17.00       6.320    
   18.00       6.204    
   19.00       6.122    
   20.00       6.068    
   21.00       6.034    
   22.00       6.015    
   23.00       6.002    
   24.00       5.988    
   25.00       5.967    
   26.00       5.934    
   27.00       5.883    
   28.00       5.810    
   29.00       5.711    
   30.00       5.584    
   31.00       5.428    
   32.00       5.243    
   33.00       5.032    
   34.00       4.797    
   35.00       4.542    
   36.00       4.272    
   37.00       3.990    
   38.00       3.701    
   39.00       3.410    
   40.00       3.122    
   41.00       2.841    
   42.00       2.572    
   43.00       2.319    
   44.00       2.084    
   45.00       1.870    
   46.00       1.679    
   47.00       1.511    
   48.00       1.367    
   49.00       1.247    
   50.00       1.150    
   51.00       1.074    
   52.00       1.019    
   53.00      0.9816    
   54.00      0.9601    
   55.00      0.9519    
   56.00      0.9542    
   57.00      0.9644    
   58.00      0.9803    
   59.00      0.9997    
   60.00       1.021    
   61.00       1.041    
   62.00       1.060    
   63.00       1.074    
   64.00       1.084    
   65.00       1.088    
   66.00       1.085    
   67.00       1.077    
   68.00       1.062    
   69.00       1.041    
   70.00       1.013    
   71.00      0.9801    
   72.00      0.9416    
   73.00      0.8989    
   74.00      0.8527    
   75.00      0.8037    
   76.00      0.7528    
   77.00      0.7006    
   78.00      0.6479    
   79.00      0.5954    
   80.00      0.5438    
   81.00      0.4939    
   82.00      0.4460    
   83.00      0.4006    
   84.00      0.3580    
   85.00      0.3184    
   86.00      0.2821    
   87.00      0.2492    
   88.00      0.2197    
   89.00      0.1936    
   90.00      0.1707    
   91.00      0.1511    
   92.00      0.1344    
   93.00      0.1205    
   94.00      0.1092    
   95.00      0.1002    
   96.00      0.9319E-01
   97.00      0.8798E-01
   98.00      0.8431E-01
   99.00      0.8193E-01
   100.0      0.8060E-01
   101.0      0.8007E-01
   102.0      0.8011E-01
   103.0      0.8056E-01
   104.0      0.8124E-01
   105.0      0.8202E-01
   106.0      0.8279E-01
   107.0      0.8342E-01
   108.0      0.8382E-01
   109.0      0.8393E-01
   110.0      0.8370E-01
   111.0      0.8311E-01
   112.0      0.8216E-01
   113.0      0.8084E-01
   114.0      0.7914E-01
   115.0      0.7710E-01
   116.0      0.7474E-01
   117.0      0.7210E-01
   118.0      0.6923E-01
   119.0      0.6616E-01
   120.0      0.6292E-01
   121.0      0.5956E-01
   122.0      0.5613E-01
   123.0      0.5267E-01
   124.0      0.4922E-01
   125.0      0.4581E-01
   126.0      0.4247E-01
   127.0      0.3924E-01
   128.0      0.3613E-01
   129.0      0.3317E-01
   130.0      0.3037E-01
   131.0      0.2776E-01
   132.0      0.2533E-01
   133.0      0.2308E-01
   134.0      0.2103E-01
   135.0      0.1916E-01
   136.0      0.1749E-01
   137.0      0.1601E-01
   138.0      0.1469E-01
   139.0      0.1353E-01
   140.0      0.1252E-01
   141.0      0.1165E-01
   142.0      0.1093E-01
   143.0      0.1033E-01
   144.0      0.9855E-02
   145.0      0.9470E-02
   146.0      0.9166E-02
   147.0      0.8934E-02
   148.0      0.8773E-02
   149.0      0.8682E-02
   150.0      0.8653E-02
   151.0      0.8676E-02
   152.0      0.8739E-02
   153.0      0.8834E-02
   154.0      0.8958E-02
   155.0      0.9112E-02
   156.0      0.9298E-02
   157.0      0.9513E-02
   158.0      0.9752E-02
   159.0      0.1001E-01
   160.0      0.1028E-01
   161.0      0.1057E-01
   162.0      0.1086E-01
   163.0      0.1117E-01
   164.0      0.1149E-01
   165.0      0.1182E-01
   166.0      0.1214E-01
   167.0      0.1247E-01
   168.0      0.1279E-01
   169.0      0.1311E-01
   170.0      0.1341E-01
   171.0      0.1369E-01
   172.0      0.1396E-01
   173.0      0.1421E-01
   174.0      0.1443E-01
   175.0      0.1463E-01
   176.0      0.1479E-01
   177.0      0.1492E-01
   178.0      0.1501E-01
   179.0      0.1507E-01
   180.0      0.1509E-01
 END
