# Fusion cross sections for ELAB=  70.000, ECM=  63.596
     0.0   1.748     -1
     1.0   10.49      1
     1.0   15.73     -1
     2.0   8.754      1
     2.0   26.29     -1
     3.0   24.64      1
     3.0   36.94     -1
     4.0   15.89      1
     4.0   47.73     -1
     5.0   39.15      1
     5.0   58.69     -1
     6.0   23.26      1
     6.0   69.77     -1
     7.0   53.88      1
     7.0   80.89     -1
     8.0   30.87      1
     8.0   91.43     -1
     9.0   64.97      1
     9.0   99.50     -1
    10.0   35.89      1
    10.0   102.3     -1
    11.0   63.74      1
    11.0   96.43     -1
    12.0   25.76      1
    12.0   80.36     -1
    13.0   40.72      1
    13.0   58.83     -1
    14.0   11.86      1
    14.0   39.26     -1
    15.0   17.41      1
    15.0   24.88     -1
    16.0   4.605      1
    16.0   15.36     -1
    17.0   6.557      1
    17.0   9.364     -1
    18.0   1.701      1
    18.0   5.667     -1
    19.0   2.389      1
    19.0   3.414     -1
    20.0  0.6158      1
    20.0   2.050     -1
    21.0  0.8584      1
    21.0   1.227     -1
    22.0  0.2203      1
    22.0  0.7329     -1
    23.0  0.3054      1
    23.0  0.4366     -1
    24.0  0.7802E-01  1
    24.0  0.2595     -1
    25.0  0.1077      1
    25.0  0.1539     -1
    26.0  0.2738E-01  1
    26.0  0.9111E-01 -1
    27.0  0.3765E-01  1
    27.0  0.5382E-01 -1
    28.0  0.9535E-02  1
    28.0  0.3173E-01 -1
    29.0  0.1307E-01  1
    29.0  0.1868E-01 -1
    30.0  0.3297E-02  1
    30.0  0.1098E-01 -1
    31.0  0.4506E-02  1
    31.0  0.6440E-02 -1
    32.0  0.1133E-02  1
    32.0  0.3773E-02 -1
    33.0  0.1544E-02  1
    33.0  0.2207E-02 -1
    34.0  0.3872E-03  1
    34.0  0.1290E-02 -1
    35.0  0.5266E-03  1
    35.0  0.7526E-03 -1
    36.0  0.1317E-03  1
    36.0  0.4386E-03 -1
    37.0  0.1787E-03  1
    37.0  0.2554E-03 -1
    38.0  0.4458E-04  1
    38.0  0.1485E-03 -1
    39.0  0.6041E-04  1
    39.0  0.8631E-04 -1
    40.0  0.1503E-04  1
    40.0  0.5010E-04 -1
    41.0  0.2034E-04  1
    41.0  0.2906E-04 -1
    42.0  0.5051E-05  1
    42.0  0.1684E-04 -1
    43.0  0.6825E-05  1
    43.0  0.9750E-05 -1
    44.0  0.1692E-05  1
    44.0  0.5641E-05 -1
    45.0  0.2283E-05  1
    45.0  0.3261E-05 -1
    46.0  0.5650E-06  1
    46.0  0.1884E-05 -1
    47.0  0.7615E-06  1
    47.0  0.1088E-05 -1
    48.0  0.1882E-06  1
    48.0  0.6275E-06 -1
    49.0  0.2533E-06  1
    49.0  0.3618E-06 -1
    50.0  0.6251E-07  1
    50.0  0.2085E-06 -1
    51.0  0.8407E-07  1
    51.0  0.1201E-06 -1
    52.0  0.2072E-07  1
    52.0  0.6911E-07 -1
    53.0  0.2784E-07  1
    53.0  0.3976E-07 -1
    54.0  0.6851E-08  1
    54.0  0.2286E-07 -1
    55.0  0.9200E-08  1
    55.0  0.1314E-07 -1
    56.0  0.2261E-08  1
    56.0  0.7545E-08 -1
    57.0  0.3034E-08  1
    57.0  0.4333E-08 -1
    58.0  0.7444E-09  1
    58.0  0.2486E-08 -1
    59.0  0.9991E-09  1
    59.0  0.1426E-08 -1
    60.0  0.2452E-09  1
    60.0  0.8184E-09 -1
 &
