# 178 angles,  1 tensor ranks for 0=projectile
@subtitle   "p+O20 with CH89;"                                                              
@legend ON
@legend x1 0.2
@legend y1 0.8
@g0 type LOGY
@yaxis ticklabel format power
@legend string   0 "Lab energy =   35.0000"
#legend string   0 "Partition=  1 Excit=  1 near/far= 1"
#  Theta       sigma       iT11        T20         T21         T22         Kyy for projectile
   3.000      0.1334E+06
   4.000      0.3901E+05
   5.000      0.1532E+05
   6.000       7588.    
   7.000       4585.    
   8.000       3247.    
   9.000       2567.    
   10.00       2170.    
   11.00       1903.    
   12.00       1697.    
   13.00       1523.    
   14.00       1367.    
   15.00       1221.    
   16.00       1084.    
   17.00       954.8    
   18.00       833.4    
   19.00       720.3    
   20.00       615.9    
   21.00       520.5    
   22.00       434.5    
   23.00       357.8    
   24.00       290.4    
   25.00       232.0    
   26.00       182.3    
   27.00       140.8    
   28.00       106.8    
   29.00       79.67    
   30.00       58.74    
   31.00       43.25    
   32.00       32.45    
   33.00       25.63    
   34.00       22.07    
   35.00       21.12    
   36.00       22.18    
   37.00       24.69    
   38.00       28.17    
   39.00       32.20    
   40.00       36.43    
   41.00       40.57    
   42.00       44.39    
   43.00       47.71    
   44.00       50.43    
   45.00       52.45    
   46.00       53.75    
   47.00       54.33    
   48.00       54.22    
   49.00       53.46    
   50.00       52.11    
   51.00       50.27    
   52.00       48.00    
   53.00       45.40    
   54.00       42.56    
   55.00       39.54    
   56.00       36.44    
   57.00       33.32    
   58.00       30.24    
   59.00       27.26    
   60.00       24.41    
   61.00       21.74    
   62.00       19.27    
   63.00       17.02    
   64.00       14.99    
   65.00       13.19    
   66.00       11.62    
   67.00       10.26    
   68.00       9.117    
   69.00       8.163    
   70.00       7.383    
   71.00       6.760    
   72.00       6.274    
   73.00       5.904    
   74.00       5.633    
   75.00       5.442    
   76.00       5.313    
   77.00       5.231    
   78.00       5.183    
   79.00       5.154    
   80.00       5.136    
   81.00       5.118    
   82.00       5.095    
   83.00       5.060    
   84.00       5.009    
   85.00       4.941    
   86.00       4.852    
   87.00       4.744    
   88.00       4.617    
   89.00       4.471    
   90.00       4.309    
   91.00       4.132    
   92.00       3.944    
   93.00       3.747    
   94.00       3.543    
   95.00       3.336    
   96.00       3.127    
   97.00       2.920    
   98.00       2.715    
   99.00       2.517    
   100.0       2.325    
   101.0       2.142    
   102.0       1.968    
   103.0       1.804    
   104.0       1.652    
   105.0       1.511    
   106.0       1.382    
   107.0       1.264    
   108.0       1.158    
   109.0       1.062    
   110.0      0.9779    
   111.0      0.9035    
   112.0      0.8388    
   113.0      0.7831    
   114.0      0.7356    
   115.0      0.6958    
   116.0      0.6630    
   117.0      0.6364    
   118.0      0.6153    
   119.0      0.5992    
   120.0      0.5874    
   121.0      0.5793    
   122.0      0.5742    
   123.0      0.5716    
   124.0      0.5711    
   125.0      0.5720    
   126.0      0.5739    
   127.0      0.5763    
   128.0      0.5788    
   129.0      0.5811    
   130.0      0.5827    
   131.0      0.5833    
   132.0      0.5826    
   133.0      0.5804    
   134.0      0.5764    
   135.0      0.5704    
   136.0      0.5624    
   137.0      0.5523    
   138.0      0.5400    
   139.0      0.5256    
   140.0      0.5092    
   141.0      0.4908    
   142.0      0.4708    
   143.0      0.4493    
   144.0      0.4267    
   145.0      0.4033    
   146.0      0.3794    
   147.0      0.3556    
   148.0      0.3322    
   149.0      0.3097    
   150.0      0.2886    
   151.0      0.2692    
   152.0      0.2521    
   153.0      0.2376    
   154.0      0.2262    
   155.0      0.2180    
   156.0      0.2135    
   157.0      0.2127    
   158.0      0.2159    
   159.0      0.2231    
   160.0      0.2342    
   161.0      0.2492    
   162.0      0.2679    
   163.0      0.2899    
   164.0      0.3150    
   165.0      0.3428    
   166.0      0.3727    
   167.0      0.4043    
   168.0      0.4370    
   169.0      0.4701    
   170.0      0.5030    
   171.0      0.5352    
   172.0      0.5660    
   173.0      0.5948    
   174.0      0.6210    
   175.0      0.6441    
   176.0      0.6637    
   177.0      0.6794    
   178.0      0.6908    
   179.0      0.6978    
   180.0      0.7001    
 END
