# 178 angles,  1 tensor ranks for 0=projectile
@subtitle   "p+O20 3- E. Khan reanalysis;"                                                  
@legend ON
@legend x1 0.2
@legend y1 0.8
@g0 type LOGY
@yaxis ticklabel format power
@legend string   0 "Lab energy =   43.2700"
#legend string   0 "Partition=  1 Excit=  2 near/far= 1"
#  Theta       sigma       iT11        T20         T21         T22         Kyy for projectile
   3.000       6.842    
   4.000       7.322    
   5.000       7.913    
   6.000       8.597    
   7.000       9.357    
   8.000       10.17    
   9.000       11.04    
   10.00       11.93    
   11.00       12.85    
   12.00       13.79    
   13.00       14.74    
   14.00       15.70    
   15.00       16.68    
   16.00       17.66    
   17.00       18.66    
   18.00       19.68    
   19.00       20.72    
   20.00       21.79    
   21.00       22.87    
   22.00       23.97    
   23.00       25.07    
   24.00       26.17    
   25.00       27.24    
   26.00       28.27    
   27.00       29.23    
   28.00       30.11    
   29.00       30.89    
   30.00       31.53    
   31.00       32.02    
   32.00       32.35    
   33.00       32.49    
   34.00       32.44    
   35.00       32.18    
   36.00       31.73    
   37.00       31.07    
   38.00       30.23    
   39.00       29.21    
   40.00       28.03    
   41.00       26.70    
   42.00       25.26    
   43.00       23.72    
   44.00       22.12    
   45.00       20.47    
   46.00       18.81    
   47.00       17.16    
   48.00       15.55    
   49.00       13.99    
   50.00       12.51    
   51.00       11.11    
   52.00       9.824    
   53.00       8.648    
   54.00       7.592    
   55.00       6.660    
   56.00       5.850    
   57.00       5.162    
   58.00       4.590    
   59.00       4.127    
   60.00       3.764    
   61.00       3.493    
   62.00       3.302    
   63.00       3.180    
   64.00       3.115    
   65.00       3.096    
   66.00       3.113    
   67.00       3.154    
   68.00       3.211    
   69.00       3.275    
   70.00       3.337    
   71.00       3.393    
   72.00       3.436    
   73.00       3.463    
   74.00       3.471    
   75.00       3.457    
   76.00       3.421    
   77.00       3.362    
   78.00       3.282    
   79.00       3.182    
   80.00       3.063    
   81.00       2.927    
   82.00       2.778    
   83.00       2.618    
   84.00       2.449    
   85.00       2.275    
   86.00       2.097    
   87.00       1.920    
   88.00       1.744    
   89.00       1.573    
   90.00       1.407    
   91.00       1.249    
   92.00       1.101    
   93.00      0.9620    
   94.00      0.8342    
   95.00      0.7176    
   96.00      0.6125    
   97.00      0.5191    
   98.00      0.4370    
   99.00      0.3660    
   100.0      0.3055    
   101.0      0.2550    
   102.0      0.2137    
   103.0      0.1808    
   104.0      0.1556    
   105.0      0.1371    
   106.0      0.1245    
   107.0      0.1170    
   108.0      0.1137    
   109.0      0.1139    
   110.0      0.1169    
   111.0      0.1219    
   112.0      0.1284    
   113.0      0.1359    
   114.0      0.1438    
   115.0      0.1517    
   116.0      0.1594    
   117.0      0.1665    
   118.0      0.1727    
   119.0      0.1780    
   120.0      0.1822    
   121.0      0.1852    
   122.0      0.1870    
   123.0      0.1876    
   124.0      0.1870    
   125.0      0.1852    
   126.0      0.1824    
   127.0      0.1786    
   128.0      0.1740    
   129.0      0.1686    
   130.0      0.1625    
   131.0      0.1558    
   132.0      0.1488    
   133.0      0.1414    
   134.0      0.1337    
   135.0      0.1260    
   136.0      0.1181    
   137.0      0.1104    
   138.0      0.1027    
   139.0      0.9519E-01
   140.0      0.8791E-01
   141.0      0.8091E-01
   142.0      0.7422E-01
   143.0      0.6788E-01
   144.0      0.6190E-01
   145.0      0.5631E-01
   146.0      0.5112E-01
   147.0      0.4633E-01
   148.0      0.4195E-01
   149.0      0.3797E-01
   150.0      0.3438E-01
   151.0      0.3118E-01
   152.0      0.2835E-01
   153.0      0.2588E-01
   154.0      0.2375E-01
   155.0      0.2195E-01
   156.0      0.2044E-01
   157.0      0.1922E-01
   158.0      0.1825E-01
   159.0      0.1753E-01
   160.0      0.1702E-01
   161.0      0.1671E-01
   162.0      0.1657E-01
   163.0      0.1658E-01
   164.0      0.1673E-01
   165.0      0.1698E-01
   166.0      0.1732E-01
   167.0      0.1773E-01
   168.0      0.1820E-01
   169.0      0.1870E-01
   170.0      0.1921E-01
   171.0      0.1973E-01
   172.0      0.2023E-01
   173.0      0.2070E-01
   174.0      0.2114E-01
   175.0      0.2153E-01
   176.0      0.2186E-01
   177.0      0.2212E-01
   178.0      0.2232E-01
   179.0      0.2244E-01
   180.0      0.2248E-01
 END
