# 178 angles,  1 tensor ranks for 0=projectile
@subtitle   "20O + d 3-?;"                                                                  
@legend ON
@legend x1 0.2
@legend y1 0.8
@g0 type LOGY
@yaxis ticklabel format power
@legend string   0 "Lab energy =   70.0000"
#legend string   0 "Partition=  1 Excit=  2 near/far= 1"
#  Theta       sigma       iT11        T20         T21         T22         Kyy for projectile
   3.000       3.143    
   4.000       3.773    
   5.000       4.440    
   6.000       5.070    
   7.000       5.613    
   8.000       6.057    
   9.000       6.428    
   10.00       6.775    
   11.00       7.147    
   12.00       7.575    
   13.00       8.066    
   14.00       8.594    
   15.00       9.111    
   16.00       9.549    
   17.00       9.840    
   18.00       9.924    
   19.00       9.767    
   20.00       9.363    
   21.00       8.739    
   22.00       7.945    
   23.00       7.049    
   24.00       6.121    
   25.00       5.233    
   26.00       4.442    
   27.00       3.791    
   28.00       3.300    
   29.00       2.973    
   30.00       2.793    
   31.00       2.734    
   32.00       2.757    
   33.00       2.827    
   34.00       2.906    
   35.00       2.967    
   36.00       2.987    
   37.00       2.956    
   38.00       2.870    
   39.00       2.735    
   40.00       2.558    
   41.00       2.354    
   42.00       2.136    
   43.00       1.916    
   44.00       1.708    
   45.00       1.517    
   46.00       1.351    
   47.00       1.210    
   48.00       1.093    
   49.00      0.9986    
   50.00      0.9222    
   51.00      0.8594    
   52.00      0.8056    
   53.00      0.7569    
   54.00      0.7098    
   55.00      0.6624    
   56.00      0.6132    
   57.00      0.5622    
   58.00      0.5098    
   59.00      0.4568    
   60.00      0.4044    
   61.00      0.3541    
   62.00      0.3068    
   63.00      0.2637    
   64.00      0.2252    
   65.00      0.1918    
   66.00      0.1634    
   67.00      0.1399    
   68.00      0.1207    
   69.00      0.1054    
   70.00      0.9316E-01
   71.00      0.8341E-01
   72.00      0.7551E-01
   73.00      0.6893E-01
   74.00      0.6325E-01
   75.00      0.5813E-01
   76.00      0.5331E-01
   77.00      0.4867E-01
   78.00      0.4415E-01
   79.00      0.3974E-01
   80.00      0.3549E-01
   81.00      0.3146E-01
   82.00      0.2767E-01
   83.00      0.2418E-01
   84.00      0.2104E-01
   85.00      0.1827E-01
   86.00      0.1588E-01
   87.00      0.1385E-01
   88.00      0.1215E-01
   89.00      0.1074E-01
   90.00      0.9572E-02
   91.00      0.8610E-02
   92.00      0.7811E-02
   93.00      0.7132E-02
   94.00      0.6537E-02
   95.00      0.6000E-02
   96.00      0.5504E-02
   97.00      0.5037E-02
   98.00      0.4593E-02
   99.00      0.4167E-02
   100.0      0.3757E-02
   101.0      0.3366E-02
   102.0      0.3000E-02
   103.0      0.2664E-02
   104.0      0.2363E-02
   105.0      0.2097E-02
   106.0      0.1865E-02
   107.0      0.1668E-02
   108.0      0.1503E-02
   109.0      0.1369E-02
   110.0      0.1261E-02
   111.0      0.1173E-02
   112.0      0.1102E-02
   113.0      0.1042E-02
   114.0      0.9927E-03
   115.0      0.9494E-03
   116.0      0.9090E-03
   117.0      0.8683E-03
   118.0      0.8252E-03
   119.0      0.7794E-03
   120.0      0.7310E-03
   121.0      0.6806E-03
   122.0      0.6283E-03
   123.0      0.5749E-03
   124.0      0.5214E-03
   125.0      0.4694E-03
   126.0      0.4200E-03
   127.0      0.3735E-03
   128.0      0.3302E-03
   129.0      0.2900E-03
   130.0      0.2537E-03
   131.0      0.2220E-03
   132.0      0.1952E-03
   133.0      0.1733E-03
   134.0      0.1557E-03
   135.0      0.1417E-03
   136.0      0.1310E-03
   137.0      0.1231E-03
   138.0      0.1175E-03
   139.0      0.1132E-03
   140.0      0.1097E-03
   141.0      0.1067E-03
   142.0      0.1044E-03
   143.0      0.1029E-03
   144.0      0.1021E-03
   145.0      0.1012E-03
   146.0      0.9943E-04
   147.0      0.9645E-04
   148.0      0.9253E-04
   149.0      0.8823E-04
   150.0      0.8398E-04
   151.0      0.7988E-04
   152.0      0.7577E-04
   153.0      0.7150E-04
   154.0      0.6706E-04
   155.0      0.6260E-04
   156.0      0.5828E-04
   157.0      0.5410E-04
   158.0      0.5011E-04
   159.0      0.4641E-04
   160.0      0.4319E-04
   161.0      0.4058E-04
   162.0      0.3860E-04
   163.0      0.3714E-04
   164.0      0.3598E-04
   165.0      0.3501E-04
   166.0      0.3429E-04
   167.0      0.3391E-04
   168.0      0.3391E-04
   169.0      0.3423E-04
   170.0      0.3485E-04
   171.0      0.3570E-04
   172.0      0.3681E-04
   173.0      0.3815E-04
   174.0      0.3958E-04
   175.0      0.4082E-04
   176.0      0.4162E-04
   177.0      0.4190E-04
   178.0      0.4176E-04
   179.0      0.4148E-04
   180.0      0.4135E-04
 END
