# 178 angles,  1 tensor ranks for 0=projectile
@subtitle   "p+O20 1st with BG ;"                                                           
@legend ON
@legend x1 0.2
@legend y1 0.8
@g0 type LOGY
@yaxis ticklabel format power
@legend string   0 "Lab energy =   43.2700"
#legend string   0 "Partition=  1 Excit=  1 near/far= 1"
#  Theta       sigma       iT11        T20         T21         T22         Kyy for projectile
   3.000      0.7880E+05
   4.000      0.2189E+05
   5.000       8504.    
   6.000       4516.    
   7.000       3136.    
   8.000       2589.    
   9.000       2328.    
   10.00       2162.    
   11.00       2024.    
   12.00       1889.    
   13.00       1750.    
   14.00       1607.    
   15.00       1461.    
   16.00       1315.    
   17.00       1172.    
   18.00       1034.    
   19.00       903.1    
   20.00       780.7    
   21.00       668.0    
   22.00       565.4    
   23.00       473.5    
   24.00       392.0    
   25.00       320.8    
   26.00       259.5    
   27.00       207.4    
   28.00       163.8    
   29.00       128.0    
   30.00       99.00    
   31.00       76.07    
   32.00       58.36    
   33.00       45.06    
   34.00       35.43    
   35.00       28.79    
   36.00       24.51    
   37.00       22.05    
   38.00       20.94    
   39.00       20.76    
   40.00       21.18    
   41.00       21.94    
   42.00       22.81    
   43.00       23.64    
   44.00       24.31    
   45.00       24.75    
   46.00       24.91    
   47.00       24.78    
   48.00       24.36    
   49.00       23.66    
   50.00       22.73    
   51.00       21.59    
   52.00       20.29    
   53.00       18.87    
   54.00       17.37    
   55.00       15.83    
   56.00       14.29    
   57.00       12.78    
   58.00       11.32    
   59.00       9.943    
   60.00       8.654    
   61.00       7.469    
   62.00       6.394    
   63.00       5.432    
   64.00       4.585    
   65.00       3.849    
   66.00       3.218    
   67.00       2.686    
   68.00       2.246    
   69.00       1.888    
   70.00       1.602    
   71.00       1.380    
   72.00       1.211    
   73.00       1.088    
   74.00       1.002    
   75.00      0.9445    
   76.00      0.9095    
   77.00      0.8909    
   78.00      0.8832    
   79.00      0.8822    
   80.00      0.8842    
   81.00      0.8863    
   82.00      0.8864    
   83.00      0.8828    
   84.00      0.8745    
   85.00      0.8609    
   86.00      0.8417    
   87.00      0.8172    
   88.00      0.7875    
   89.00      0.7533    
   90.00      0.7153    
   91.00      0.6740    
   92.00      0.6305    
   93.00      0.5854    
   94.00      0.5395    
   95.00      0.4935    
   96.00      0.4482    
   97.00      0.4040    
   98.00      0.3615    
   99.00      0.3212    
   100.0      0.2833    
   101.0      0.2481    
   102.0      0.2158    
   103.0      0.1864    
   104.0      0.1600    
   105.0      0.1366    
   106.0      0.1161    
   107.0      0.9829E-01
   108.0      0.8311E-01
   109.0      0.7035E-01
   110.0      0.5980E-01
   111.0      0.5125E-01
   112.0      0.4449E-01
   113.0      0.3928E-01
   114.0      0.3543E-01
   115.0      0.3271E-01
   116.0      0.3095E-01
   117.0      0.2995E-01
   118.0      0.2956E-01
   119.0      0.2961E-01
   120.0      0.2999E-01
   121.0      0.3058E-01
   122.0      0.3127E-01
   123.0      0.3199E-01
   124.0      0.3267E-01
   125.0      0.3325E-01
   126.0      0.3371E-01
   127.0      0.3400E-01
   128.0      0.3411E-01
   129.0      0.3403E-01
   130.0      0.3376E-01
   131.0      0.3330E-01
   132.0      0.3266E-01
   133.0      0.3185E-01
   134.0      0.3088E-01
   135.0      0.2978E-01
   136.0      0.2855E-01
   137.0      0.2722E-01
   138.0      0.2580E-01
   139.0      0.2432E-01
   140.0      0.2278E-01
   141.0      0.2121E-01
   142.0      0.1962E-01
   143.0      0.1803E-01
   144.0      0.1645E-01
   145.0      0.1489E-01
   146.0      0.1337E-01
   147.0      0.1190E-01
   148.0      0.1049E-01
   149.0      0.9147E-02
   150.0      0.7888E-02
   151.0      0.6721E-02
   152.0      0.5653E-02
   153.0      0.4693E-02
   154.0      0.3847E-02
   155.0      0.3121E-02
   156.0      0.2521E-02
   157.0      0.2049E-02
   158.0      0.1707E-02
   159.0      0.1495E-02
   160.0      0.1412E-02
   161.0      0.1453E-02
   162.0      0.1614E-02
   163.0      0.1887E-02
   164.0      0.2263E-02
   165.0      0.2731E-02
   166.0      0.3277E-02
   167.0      0.3888E-02
   168.0      0.4549E-02
   169.0      0.5242E-02
   170.0      0.5952E-02
   171.0      0.6659E-02
   172.0      0.7349E-02
   173.0      0.8003E-02
   174.0      0.8606E-02
   175.0      0.9143E-02
   176.0      0.9602E-02
   177.0      0.9970E-02
   178.0      0.1024E-01
   179.0      0.1040E-01
   180.0      0.1046E-01
 END
