# 178 angles,  1 tensor ranks for 0=projectile
@subtitle   "p+O20 1st with BG ;"                                                           
@legend ON
@legend x1 0.2
@legend y1 0.8
@g0 type LOGY
@yaxis ticklabel format power
@legend string   0 "Lab energy =   43.0000"
#legend string   0 "Partition=  1 Excit=  1 near/far= 1"
#  Theta       sigma       iT11        T20         T21         T22         Kyy for projectile
   3.000      0.7907E+05
   4.000      0.2180E+05
   5.000       8414.    
   6.000       4467.    
   7.000       3123.    
   8.000       2603.    
   9.000       2359.    
   10.00       2205.    
   11.00       2073.    
   12.00       1941.    
   13.00       1803.    
   14.00       1658.    
   15.00       1510.    
   16.00       1361.    
   17.00       1215.    
   18.00       1073.    
   19.00       938.3    
   20.00       812.3    
   21.00       696.0    
   22.00       590.1    
   23.00       495.2    
   24.00       411.1    
   25.00       337.6    
   26.00       274.3    
   27.00       220.6    
   28.00       175.7    
   29.00       138.7    
   30.00       108.9    
   31.00       85.38    
   32.00       67.22    
   33.00       53.61    
   34.00       43.77    
   35.00       36.99    
   36.00       32.61    
   37.00       30.07    
   38.00       28.88    
   39.00       28.60    
   40.00       28.90    
   41.00       29.50    
   42.00       30.17    
   43.00       30.76    
   44.00       31.15    
   45.00       31.28    
   46.00       31.09    
   47.00       30.58    
   48.00       29.76    
   49.00       28.66    
   50.00       27.31    
   51.00       25.75    
   52.00       24.05    
   53.00       22.24    
   54.00       20.37    
   55.00       18.48    
   56.00       16.61    
   57.00       14.80    
   58.00       13.08    
   59.00       11.46    
   60.00       9.956    
   61.00       8.586    
   62.00       7.354    
   63.00       6.260    
   64.00       5.302    
   65.00       4.476    
   66.00       3.774    
   67.00       3.185    
   68.00       2.701    
   69.00       2.310    
   70.00       1.999    
   71.00       1.759    
   72.00       1.577    
   73.00       1.444    
   74.00       1.349    
   75.00       1.285    
   76.00       1.242    
   77.00       1.216    
   78.00       1.199    
   79.00       1.188    
   80.00       1.178    
   81.00       1.167    
   82.00       1.153    
   83.00       1.134    
   84.00       1.109    
   85.00       1.078    
   86.00       1.042    
   87.00      0.9993    
   88.00      0.9521    
   89.00      0.9008    
   90.00      0.8463    
   91.00      0.7894    
   92.00      0.7312    
   93.00      0.6725    
   94.00      0.6142    
   95.00      0.5572    
   96.00      0.5020    
   97.00      0.4492    
   98.00      0.3994    
   99.00      0.3528    
   100.0      0.3098    
   101.0      0.2706    
   102.0      0.2351    
   103.0      0.2033    
   104.0      0.1753    
   105.0      0.1509    
   106.0      0.1298    
   107.0      0.1118    
   108.0      0.9683E-01
   109.0      0.8447E-01
   110.0      0.7447E-01
   111.0      0.6656E-01
   112.0      0.6047E-01
   113.0      0.5592E-01
   114.0      0.5267E-01
   115.0      0.5048E-01
   116.0      0.4914E-01
   117.0      0.4844E-01
   118.0      0.4821E-01
   119.0      0.4831E-01
   120.0      0.4859E-01
   121.0      0.4895E-01
   122.0      0.4930E-01
   123.0      0.4956E-01
   124.0      0.4968E-01
   125.0      0.4961E-01
   126.0      0.4934E-01
   127.0      0.4884E-01
   128.0      0.4811E-01
   129.0      0.4715E-01
   130.0      0.4598E-01
   131.0      0.4460E-01
   132.0      0.4303E-01
   133.0      0.4129E-01
   134.0      0.3942E-01
   135.0      0.3743E-01
   136.0      0.3534E-01
   137.0      0.3319E-01
   138.0      0.3100E-01
   139.0      0.2878E-01
   140.0      0.2656E-01
   141.0      0.2437E-01
   142.0      0.2222E-01
   143.0      0.2012E-01
   144.0      0.1810E-01
   145.0      0.1617E-01
   146.0      0.1434E-01
   147.0      0.1262E-01
   148.0      0.1103E-01
   149.0      0.9576E-02
   150.0      0.8261E-02
   151.0      0.7093E-02
   152.0      0.6079E-02
   153.0      0.5220E-02
   154.0      0.4520E-02
   155.0      0.3979E-02
   156.0      0.3597E-02
   157.0      0.3370E-02
   158.0      0.3295E-02
   159.0      0.3367E-02
   160.0      0.3577E-02
   161.0      0.3918E-02
   162.0      0.4377E-02
   163.0      0.4944E-02
   164.0      0.5606E-02
   165.0      0.6347E-02
   166.0      0.7151E-02
   167.0      0.8004E-02
   168.0      0.8886E-02
   169.0      0.9782E-02
   170.0      0.1067E-01
   171.0      0.1154E-01
   172.0      0.1237E-01
   173.0      0.1314E-01
   174.0      0.1385E-01
   175.0      0.1447E-01
   176.0      0.1500E-01
   177.0      0.1541E-01
   178.0      0.1572E-01
   179.0      0.1591E-01
   180.0      0.1597E-01
 END
