# 178 angles,  1 tensor ranks for 0=projectile
@subtitle   "20O + d inelastic scattering;"                                                 
@legend ON
@legend x1 0.2
@legend y1 0.8
@g0 type LOGY
@yaxis ticklabel format power
@legend string   0 "Lab energy =   70.0000"
#legend string   0 "Partition=  1 Excit=  1 near/far= 1"
#  Theta       sigma       iT11        T20         T21         T22         Kyy for projectile
   3.000      0.2973E+05
   4.000      0.1225E+05
   5.000       8271.    
   6.000       6595.    
   7.000       5374.    
   8.000       4277.    
   9.000       3274.    
   10.00       2390.    
   11.00       1648.    
   12.00       1061.    
   13.00       625.4    
   14.00       325.4    
   15.00       139.5    
   16.00       42.29    
   17.00       8.235    
   18.00       14.27    
   19.00       41.29    
   20.00       74.89    
   21.00       105.4    
   22.00       127.1    
   23.00       138.2    
   24.00       138.7    
   25.00       130.6    
   26.00       116.6    
   27.00       99.32    
   28.00       81.22    
   29.00       64.20    
   30.00       49.51    
   31.00       37.78    
   32.00       29.15    
   33.00       23.36    
   34.00       19.91    
   35.00       18.21    
   36.00       17.63    
   37.00       17.65    
   38.00       17.82    
   39.00       17.85    
   40.00       17.56    
   41.00       16.88    
   42.00       15.81    
   43.00       14.43    
   44.00       12.84    
   45.00       11.14    
   46.00       9.445    
   47.00       7.833    
   48.00       6.370    
   49.00       5.098    
   50.00       4.033    
   51.00       3.175    
   52.00       2.509    
   53.00       2.012    
   54.00       1.654    
   55.00       1.404    
   56.00       1.234    
   57.00       1.119    
   58.00       1.038    
   59.00      0.9738    
   60.00      0.9164    
   61.00      0.8583    
   62.00      0.7960    
   63.00      0.7284    
   64.00      0.6565    
   65.00      0.5820    
   66.00      0.5073    
   67.00      0.4348    
   68.00      0.3668    
   69.00      0.3047    
   70.00      0.2498    
   71.00      0.2026    
   72.00      0.1632    
   73.00      0.1311    
   74.00      0.1058    
   75.00      0.8626E-01
   76.00      0.7166E-01
   77.00      0.6098E-01
   78.00      0.5331E-01
   79.00      0.4782E-01
   80.00      0.4381E-01
   81.00      0.4073E-01
   82.00      0.3816E-01
   83.00      0.3579E-01
   84.00      0.3343E-01
   85.00      0.3099E-01
   86.00      0.2843E-01
   87.00      0.2577E-01
   88.00      0.2306E-01
   89.00      0.2035E-01
   90.00      0.1771E-01
   91.00      0.1520E-01
   92.00      0.1288E-01
   93.00      0.1076E-01
   94.00      0.8886E-02
   95.00      0.7255E-02
   96.00      0.5866E-02
   97.00      0.4707E-02
   98.00      0.3760E-02
   99.00      0.2999E-02
   100.0      0.2402E-02
   101.0      0.1941E-02
   102.0      0.1592E-02
   103.0      0.1333E-02
   104.0      0.1144E-02
   105.0      0.1007E-02
   106.0      0.9100E-03
   107.0      0.8400E-03
   108.0      0.7887E-03
   109.0      0.7493E-03
   110.0      0.7166E-03
   111.0      0.6872E-03
   112.0      0.6585E-03
   113.0      0.6288E-03
   114.0      0.5973E-03
   115.0      0.5635E-03
   116.0      0.5272E-03
   117.0      0.4887E-03
   118.0      0.4484E-03
   119.0      0.4069E-03
   120.0      0.3649E-03
   121.0      0.3231E-03
   122.0      0.2824E-03
   123.0      0.2435E-03
   124.0      0.2071E-03
   125.0      0.1739E-03
   126.0      0.1443E-03
   127.0      0.1188E-03
   128.0      0.9757E-04
   129.0      0.8066E-04
   130.0      0.6800E-04
   131.0      0.5936E-04
   132.0      0.5440E-04
   133.0      0.5266E-04
   134.0      0.5363E-04
   135.0      0.5673E-04
   136.0      0.6139E-04
   137.0      0.6705E-04
   138.0      0.7316E-04
   139.0      0.7925E-04
   140.0      0.8491E-04
   141.0      0.8982E-04
   142.0      0.9374E-04
   143.0      0.9652E-04
   144.0      0.9806E-04
   145.0      0.9839E-04
   146.0      0.9756E-04
   147.0      0.9567E-04
   148.0      0.9290E-04
   149.0      0.8940E-04
   150.0      0.8536E-04
   151.0      0.8098E-04
   152.0      0.7643E-04
   153.0      0.7188E-04
   154.0      0.6747E-04
   155.0      0.6332E-04
   156.0      0.5951E-04
   157.0      0.5612E-04
   158.0      0.5317E-04
   159.0      0.5070E-04
   160.0      0.4868E-04
   161.0      0.4712E-04
   162.0      0.4597E-04
   163.0      0.4521E-04
   164.0      0.4477E-04
   165.0      0.4463E-04
   166.0      0.4473E-04
   167.0      0.4503E-04
   168.0      0.4548E-04
   169.0      0.4605E-04
   170.0      0.4670E-04
   171.0      0.4739E-04
   172.0      0.4810E-04
   173.0      0.4878E-04
   174.0      0.4943E-04
   175.0      0.5002E-04
   176.0      0.5053E-04
   177.0      0.5094E-04
   178.0      0.5125E-04
   179.0      0.5143E-04
   180.0      0.5150E-04
 END
