# 178 angles,  1 tensor ranks for 0=projectile
@subtitle   "20O(d,t) @ 30AMeV Daeh (d) + Pang (t)"                                         
@legend ON
@legend x1 0.2
@legend y1 0.8
@g0 type LOGY
@yaxis ticklabel format power
@legend string   0 "Lab energy =   70.0000"
#legend string   0 "Partition=  2 Excit=  2 near/far= 1"
#  Theta       sigma       iT11        T20         T21         T22         Kyy for projectile
   3.000       8.765    
   4.000       8.472    
   5.000       7.917    
   6.000       7.086    
   7.000       6.027    
   8.000       4.841    
   9.000       3.657    
   10.00       2.593    
   11.00       1.736    
   12.00       1.127    
   13.00      0.7592    
   14.00      0.5890    
   15.00      0.5546    
   16.00      0.5913    
   17.00      0.6449    
   18.00      0.6790    
   19.00      0.6770    
   20.00      0.6385    
   21.00      0.5746    
   22.00      0.5008    
   23.00      0.4325    
   24.00      0.3809    
   25.00      0.3516    
   26.00      0.3445    
   27.00      0.3551    
   28.00      0.3767    
   29.00      0.4018    
   30.00      0.4240    
   31.00      0.4387    
   32.00      0.4439    
   33.00      0.4394    
   34.00      0.4269    
   35.00      0.4088    
   36.00      0.3880    
   37.00      0.3670    
   38.00      0.3476    
   39.00      0.3309    
   40.00      0.3171    
   41.00      0.3059    
   42.00      0.2964    
   43.00      0.2878    
   44.00      0.2790    
   45.00      0.2693    
   46.00      0.2583    
   47.00      0.2458    
   48.00      0.2320    
   49.00      0.2171    
   50.00      0.2016    
   51.00      0.1860    
   52.00      0.1708    
   53.00      0.1564    
   54.00      0.1430    
   55.00      0.1308    
   56.00      0.1198    
   57.00      0.1100    
   58.00      0.1012    
   59.00      0.9336E-01
   60.00      0.8623E-01
   61.00      0.7969E-01
   62.00      0.7360E-01
   63.00      0.6786E-01
   64.00      0.6241E-01
   65.00      0.5722E-01
   66.00      0.5228E-01
   67.00      0.4760E-01
   68.00      0.4320E-01
   69.00      0.3910E-01
   70.00      0.3531E-01
   71.00      0.3185E-01
   72.00      0.2871E-01
   73.00      0.2589E-01
   74.00      0.2336E-01
   75.00      0.2111E-01
   76.00      0.1911E-01
   77.00      0.1733E-01
   78.00      0.1573E-01
   79.00      0.1430E-01
   80.00      0.1300E-01
   81.00      0.1181E-01
   82.00      0.1073E-01
   83.00      0.9733E-02
   84.00      0.8814E-02
   85.00      0.7966E-02
   86.00      0.7184E-02
   87.00      0.6464E-02
   88.00      0.5806E-02
   89.00      0.5205E-02
   90.00      0.4661E-02
   91.00      0.4169E-02
   92.00      0.3729E-02
   93.00      0.3335E-02
   94.00      0.2984E-02
   95.00      0.2672E-02
   96.00      0.2396E-02
   97.00      0.2151E-02
   98.00      0.1934E-02
   99.00      0.1741E-02
   100.0      0.1569E-02
   101.0      0.1415E-02
   102.0      0.1277E-02
   103.0      0.1153E-02
   104.0      0.1041E-02
   105.0      0.9391E-03
   106.0      0.8471E-03
   107.0      0.7636E-03
   108.0      0.6879E-03
   109.0      0.6193E-03
   110.0      0.5573E-03
   111.0      0.5012E-03
   112.0      0.4506E-03
   113.0      0.4050E-03
   114.0      0.3641E-03
   115.0      0.3273E-03
   116.0      0.2943E-03
   117.0      0.2647E-03
   118.0      0.2381E-03
   119.0      0.2143E-03
   120.0      0.1928E-03
   121.0      0.1735E-03
   122.0      0.1561E-03
   123.0      0.1404E-03
   124.0      0.1262E-03
   125.0      0.1133E-03
   126.0      0.1017E-03
   127.0      0.9116E-04
   128.0      0.8167E-04
   129.0      0.7312E-04
   130.0      0.6543E-04
   131.0      0.5855E-04
   132.0      0.5239E-04
   133.0      0.4691E-04
   134.0      0.4205E-04
   135.0      0.3774E-04
   136.0      0.3394E-04
   137.0      0.3059E-04
   138.0      0.2764E-04
   139.0      0.2505E-04
   140.0      0.2276E-04
   141.0      0.2074E-04
   142.0      0.1895E-04
   143.0      0.1736E-04
   144.0      0.1593E-04
   145.0      0.1465E-04
   146.0      0.1349E-04
   147.0      0.1243E-04
   148.0      0.1145E-04
   149.0      0.1055E-04
   150.0      0.9707E-05
   151.0      0.8923E-05
   152.0      0.8188E-05
   153.0      0.7499E-05
   154.0      0.6852E-05
   155.0      0.6247E-05
   156.0      0.5684E-05
   157.0      0.5162E-05
   158.0      0.4685E-05
   159.0      0.4253E-05
   160.0      0.3868E-05
   161.0      0.3531E-05
   162.0      0.3244E-05
   163.0      0.3007E-05
   164.0      0.2819E-05
   165.0      0.2679E-05
   166.0      0.2582E-05
   167.0      0.2527E-05
   168.0      0.2508E-05
   169.0      0.2520E-05
   170.0      0.2557E-05
   171.0      0.2614E-05
   172.0      0.2683E-05
   173.0      0.2760E-05
   174.0      0.2839E-05
   175.0      0.2914E-05
   176.0      0.2982E-05
   177.0      0.3039E-05
   178.0      0.3082E-05
   179.0      0.3108E-05
   180.0      0.3117E-05
 END
