# 178 angles,  1 tensor ranks for 0=projectile
@subtitle   "p+O20 1st ex with BG ;"                                                        
@legend ON
@legend x1 0.2
@legend y1 0.8
@g0 type LOGY
@yaxis ticklabel format power
@legend string   0 "Lab energy =   35.0000"
#legend string   0 "Partition=  1 Excit=  1 near/far= 1"
#  Theta       sigma       iT11        T20         T21         T22         Kyy for projectile
   3.000      0.1295E+06
   4.000      0.3714E+05
   5.000      0.1435E+05
   6.000       7099.    
   7.000       4375.    
   8.000       3209.    
   9.000       2641.    
   10.00       2318.    
   11.00       2099.    
   12.00       1925.    
   13.00       1770.    
   14.00       1624.    
   15.00       1482.    
   16.00       1344.    
   17.00       1209.    
   18.00       1080.    
   19.00       956.2    
   20.00       839.3    
   21.00       730.2    
   22.00       629.3    
   23.00       537.1    
   24.00       453.8    
   25.00       379.3    
   26.00       313.6    
   27.00       256.2    
   28.00       206.7    
   29.00       164.7    
   30.00       129.6    
   31.00       100.7    
   32.00       77.42    
   33.00       59.05    
   34.00       44.95    
   35.00       34.52    
   36.00       27.15    
   37.00       22.30    
   38.00       19.46    
   39.00       18.19    
   40.00       18.09    
   41.00       18.81    
   42.00       20.06    
   43.00       21.59    
   44.00       23.22    
   45.00       24.77    
   46.00       26.15    
   47.00       27.26    
   48.00       28.06    
   49.00       28.51    
   50.00       28.61    
   51.00       28.38    
   52.00       27.82    
   53.00       26.98    
   54.00       25.89    
   55.00       24.60    
   56.00       23.14    
   57.00       21.57    
   58.00       19.92    
   59.00       18.23    
   60.00       16.53    
   61.00       14.87    
   62.00       13.25    
   63.00       11.71    
   64.00       10.26    
   65.00       8.919    
   66.00       7.688    
   67.00       6.575    
   68.00       5.582    
   69.00       4.707    
   70.00       3.948    
   71.00       3.297    
   72.00       2.750    
   73.00       2.297    
   74.00       1.930    
   75.00       1.639    
   76.00       1.415    
   77.00       1.249    
   78.00       1.132    
   79.00       1.055    
   80.00       1.011    
   81.00      0.9920    
   82.00      0.9917    
   83.00       1.005    
   84.00       1.025    
   85.00       1.050    
   86.00       1.075    
   87.00       1.098    
   88.00       1.117    
   89.00       1.129    
   90.00       1.134    
   91.00       1.132    
   92.00       1.122    
   93.00       1.104    
   94.00       1.078    
   95.00       1.045    
   96.00       1.007    
   97.00      0.9629    
   98.00      0.9145    
   99.00      0.8626    
   100.0      0.8081    
   101.0      0.7520    
   102.0      0.6950    
   103.0      0.6380    
   104.0      0.5817    
   105.0      0.5268    
   106.0      0.4737    
   107.0      0.4230    
   108.0      0.3750    
   109.0      0.3300    
   110.0      0.2883    
   111.0      0.2499    
   112.0      0.2150    
   113.0      0.1835    
   114.0      0.1555    
   115.0      0.1308    
   116.0      0.1094    
   117.0      0.9094E-01
   118.0      0.7538E-01
   119.0      0.6250E-01
   120.0      0.5206E-01
   121.0      0.4385E-01
   122.0      0.3764E-01
   123.0      0.3320E-01
   124.0      0.3031E-01
   125.0      0.2875E-01
   126.0      0.2832E-01
   127.0      0.2881E-01
   128.0      0.3005E-01
   129.0      0.3185E-01
   130.0      0.3407E-01
   131.0      0.3656E-01
   132.0      0.3918E-01
   133.0      0.4184E-01
   134.0      0.4441E-01
   135.0      0.4683E-01
   136.0      0.4902E-01
   137.0      0.5091E-01
   138.0      0.5247E-01
   139.0      0.5366E-01
   140.0      0.5445E-01
   141.0      0.5484E-01
   142.0      0.5482E-01
   143.0      0.5439E-01
   144.0      0.5358E-01
   145.0      0.5240E-01
   146.0      0.5088E-01
   147.0      0.4905E-01
   148.0      0.4695E-01
   149.0      0.4462E-01
   150.0      0.4211E-01
   151.0      0.3945E-01
   152.0      0.3670E-01
   153.0      0.3390E-01
   154.0      0.3110E-01
   155.0      0.2834E-01
   156.0      0.2565E-01
   157.0      0.2307E-01
   158.0      0.2063E-01
   159.0      0.1837E-01
   160.0      0.1630E-01
   161.0      0.1444E-01
   162.0      0.1279E-01
   163.0      0.1138E-01
   164.0      0.1019E-01
   165.0      0.9226E-02
   166.0      0.8472E-02
   167.0      0.7916E-02
   168.0      0.7541E-02
   169.0      0.7326E-02
   170.0      0.7247E-02
   171.0      0.7280E-02
   172.0      0.7399E-02
   173.0      0.7578E-02
   174.0      0.7792E-02
   175.0      0.8017E-02
   176.0      0.8233E-02
   177.0      0.8421E-02
   178.0      0.8567E-02
   179.0      0.8658E-02
   180.0      0.8690E-02
 END
