# Fusion cross sections for ELAB=  70.000, ECM=  63.597
     0.0   1.756       1.781      0.2479E-01
     1.0   15.80       16.02      0.2159    
     2.0   26.39       26.71      0.3227    
     3.0   37.06       37.44      0.3827    
     4.0   47.84       48.25      0.4029    
     5.0   58.77       59.18      0.4055    
     6.0   69.85       70.26      0.4155    
     7.0   80.97       81.47      0.4980    
     8.0   91.42       92.11      0.6908    
     9.0   99.33       100.3      0.9652    
    10.0   101.9       103.2       1.239    
    11.0   95.96       97.36       1.404    
    12.0   79.93       81.22       1.287    
    13.0   58.62       59.56      0.9418    
    14.0   39.27       39.82      0.5568    
    15.0   24.98       25.24      0.2664    
    16.0   15.45       15.56      0.1076    
    17.0   9.421       9.460      0.3822E-01
    18.0   5.698       5.710      0.1207E-01
    19.0   3.430       3.433      0.3402E-02
    20.0   2.057       2.058      0.1032E-02
    21.0   1.231       1.231      0.6676E-03
    22.0  0.7344      0.7352      0.8074E-03
    23.0  0.4372      0.4382      0.9846E-03
    24.0  0.2597      0.2608      0.1089E-02
    25.0  0.1539      0.1550      0.1118E-02
    26.0  0.9105E-01  0.9214E-01  0.1095E-02
    27.0  0.5376E-01  0.5480E-01  0.1042E-02
    28.0  0.3168E-01  0.3265E-01  0.9728E-03
    29.0  0.1864E-01  0.1954E-01  0.8987E-03
    30.0  0.1095E-01  0.1177E-01  0.8250E-03
    31.0  0.6420E-02  0.7175E-02  0.7548E-03
    32.0  0.3760E-02  0.4449E-02  0.6894E-03
    33.0  0.2199E-02  0.2828E-02  0.6295E-03
    34.0  0.1284E-02  0.1859E-02  0.5749E-03
    35.0  0.7491E-03  0.1275E-02  0.5254E-03
    36.0  0.4365E-03  0.9171E-03  0.4806E-03
    37.0  0.2540E-03  0.6942E-03  0.4401E-03
    38.0  0.1477E-03  0.5513E-03  0.4036E-03
    39.0  0.8580E-04  0.4561E-03  0.3703E-03
    40.0  0.4979E-04  0.3901E-03  0.3403E-03
    41.0  0.2887E-04  0.3419E-03  0.3130E-03
    42.0  0.1673E-04  0.3049E-03  0.2882E-03
    43.0  0.9685E-05  0.2753E-03  0.2656E-03
    44.0  0.5605E-05  0.2506E-03  0.2450E-03
    45.0  0.3242E-05  0.2295E-03  0.2263E-03
    46.0  0.1875E-05  0.2110E-03  0.2091E-03
    47.0  0.1085E-05  0.1944E-03  0.1934E-03
    48.0  0.6285E-06  0.1796E-03  0.1790E-03
    49.0  0.3649E-06  0.1661E-03  0.1657E-03
    50.0  0.2128E-06  0.1539E-03  0.1537E-03
 &
