# 178 angles,  1 tensor ranks for 0=projectile
@subtitle   "20O + d 2+2 inelastic;"                                                        
@legend ON
@legend x1 0.2
@legend y1 0.8
@g0 type LOGY
@yaxis ticklabel format power
@legend string   0 "Lab energy =   70.0000"
#legend string   0 "Partition=  1 Excit=  1 near/far= 1"
#  Theta       sigma       iT11        T20         T21         T22         Kyy for projectile
   3.000      0.2725E+05
   4.000      0.1164E+05
   5.000       8321.    
   6.000       6837.    
   7.000       5616.    
   8.000       4446.    
   9.000       3355.    
   10.00       2398.    
   11.00       1610.    
   12.00       1005.    
   13.00       572.2    
   14.00       290.8    
   15.00       130.9    
   16.00       60.33    
   17.00       48.97    
   18.00       71.07    
   19.00       106.7    
   20.00       142.0    
   21.00       168.9    
   22.00       183.5    
   23.00       185.6    
   24.00       177.1    
   25.00       160.9    
   26.00       140.4    
   27.00       118.4    
   28.00       97.33    
   29.00       78.75    
   30.00       63.49    
   31.00       51.77    
   32.00       43.34    
   33.00       37.64    
   34.00       34.02    
   35.00       31.78    
   36.00       30.32    
   37.00       29.16    
   38.00       27.96    
   39.00       26.54    
   40.00       24.81    
   41.00       22.80    
   42.00       20.57    
   43.00       18.24    
   44.00       15.91    
   45.00       13.69    
   46.00       11.65    
   47.00       9.836    
   48.00       8.281    
   49.00       6.984    
   50.00       5.929    
   51.00       5.086    
   52.00       4.421    
   53.00       3.897    
   54.00       3.479    
   55.00       3.137    
   56.00       2.845    
   57.00       2.586    
   58.00       2.348    
   59.00       2.123    
   60.00       1.908    
   61.00       1.702    
   62.00       1.506    
   63.00       1.324    
   64.00       1.156    
   65.00       1.004    
   66.00      0.8698    
   67.00      0.7528    
   68.00      0.6526    
   69.00      0.5678    
   70.00      0.4970    
   71.00      0.4381    
   72.00      0.3891    
   73.00      0.3480    
   74.00      0.3132    
   75.00      0.2831    
   76.00      0.2565    
   77.00      0.2326    
   78.00      0.2106    
   79.00      0.1901    
   80.00      0.1710    
   81.00      0.1531    
   82.00      0.1365    
   83.00      0.1210    
   84.00      0.1070    
   85.00      0.9421E-01
   86.00      0.8282E-01
   87.00      0.7276E-01
   88.00      0.6398E-01
   89.00      0.5640E-01
   90.00      0.4989E-01
   91.00      0.4434E-01
   92.00      0.3961E-01
   93.00      0.3557E-01
   94.00      0.3210E-01
   95.00      0.2909E-01
   96.00      0.2644E-01
   97.00      0.2406E-01
   98.00      0.2191E-01
   99.00      0.1992E-01
   100.0      0.1807E-01
   101.0      0.1635E-01
   102.0      0.1473E-01
   103.0      0.1321E-01
   104.0      0.1179E-01
   105.0      0.1048E-01
   106.0      0.9282E-02
   107.0      0.8188E-02
   108.0      0.7204E-02
   109.0      0.6327E-02
   110.0      0.5554E-02
   111.0      0.4880E-02
   112.0      0.4297E-02
   113.0      0.3796E-02
   114.0      0.3370E-02
   115.0      0.3007E-02
   116.0      0.2699E-02
   117.0      0.2437E-02
   118.0      0.2212E-02
   119.0      0.2016E-02
   120.0      0.1844E-02
   121.0      0.1691E-02
   122.0      0.1551E-02
   123.0      0.1422E-02
   124.0      0.1302E-02
   125.0      0.1189E-02
   126.0      0.1082E-02
   127.0      0.9811E-03
   128.0      0.8857E-03
   129.0      0.7960E-03
   130.0      0.7121E-03
   131.0      0.6345E-03
   132.0      0.5631E-03
   133.0      0.4981E-03
   134.0      0.4396E-03
   135.0      0.3873E-03
   136.0      0.3411E-03
   137.0      0.3005E-03
   138.0      0.2653E-03
   139.0      0.2348E-03
   140.0      0.2087E-03
   141.0      0.1865E-03
   142.0      0.1675E-03
   143.0      0.1514E-03
   144.0      0.1377E-03
   145.0      0.1261E-03
   146.0      0.1161E-03
   147.0      0.1074E-03
   148.0      0.9989E-04
   149.0      0.9323E-04
   150.0      0.8728E-04
   151.0      0.8189E-04
   152.0      0.7691E-04
   153.0      0.7224E-04
   154.0      0.6779E-04
   155.0      0.6348E-04
   156.0      0.5926E-04
   157.0      0.5508E-04
   158.0      0.5095E-04
   159.0      0.4685E-04
   160.0      0.4282E-04
   161.0      0.3890E-04
   162.0      0.3516E-04
   163.0      0.3167E-04
   164.0      0.2853E-04
   165.0      0.2582E-04
   166.0      0.2360E-04
   167.0      0.2196E-04
   168.0      0.2092E-04
   169.0      0.2051E-04
   170.0      0.2070E-04
   171.0      0.2145E-04
   172.0      0.2266E-04
   173.0      0.2422E-04
   174.0      0.2601E-04
   175.0      0.2787E-04
   176.0      0.2965E-04
   177.0      0.3119E-04
   178.0      0.3239E-04
   179.0      0.3314E-04
   180.0      0.3340E-04
 END
