# 178 angles,  1 tensor ranks for 0=projectile
@subtitle   "20O + d 2+2 inelastic;"                                                        
@legend ON
@legend x1 0.2
@legend y1 0.8
@g0 type LOGY
@yaxis ticklabel format power
@legend string   0 "Lab energy =   70.0000"
#legend string   0 "Partition=  1 Excit=  1 near/far= 1"
#  Theta       sigma       iT11        T20         T21         T22         Kyy for projectile
   3.000      0.2712E+05
   4.000      0.1161E+05
   5.000       8331.    
   6.000       6857.    
   7.000       5634.    
   8.000       4457.    
   9.000       3359.    
   10.00       2396.    
   11.00       1604.    
   12.00       996.5    
   13.00       563.9    
   14.00       284.1    
   15.00       126.8    
   16.00       59.60    
   17.00       51.63    
   18.00       76.79    
   19.00       114.9    
   20.00       151.9    
   21.00       179.7    
   22.00       194.5    
   23.00       196.3    
   24.00       187.0    
   25.00       169.8    
   26.00       148.2    
   27.00       125.1    
   28.00       103.1    
   29.00       83.72    
   30.00       67.86    
   31.00       55.70    
   32.00       46.96    
   33.00       41.07    
   34.00       37.30    
   35.00       34.93    
   36.00       33.34    
   37.00       32.01    
   38.00       30.62    
   39.00       28.97    
   40.00       26.99    
   41.00       24.71    
   42.00       22.21    
   43.00       19.63    
   44.00       17.06    
   45.00       14.64    
   46.00       12.42    
   47.00       10.47    
   48.00       8.804    
   49.00       7.427    
   50.00       6.314    
   51.00       5.431    
   52.00       4.738    
   53.00       4.192    
   54.00       3.756    
   55.00       3.396    
   56.00       3.086    
   57.00       2.807    
   58.00       2.547    
   59.00       2.299    
   60.00       2.060    
   61.00       1.832    
   62.00       1.616    
   63.00       1.415    
   64.00       1.232    
   65.00       1.067    
   66.00      0.9229    
   67.00      0.7984    
   68.00      0.6929    
   69.00      0.6047    
   70.00      0.5315    
   71.00      0.4709    
   72.00      0.4207    
   73.00      0.3785    
   74.00      0.3424    
   75.00      0.3108    
   76.00      0.2824    
   77.00      0.2563    
   78.00      0.2320    
   79.00      0.2091    
   80.00      0.1876    
   81.00      0.1674    
   82.00      0.1486    
   83.00      0.1312    
   84.00      0.1155    
   85.00      0.1014    
   86.00      0.8898E-01
   87.00      0.7812E-01
   88.00      0.6875E-01
   89.00      0.6076E-01
   90.00      0.5397E-01
   91.00      0.4823E-01
   92.00      0.4336E-01
   93.00      0.3920E-01
   94.00      0.3560E-01
   95.00      0.3244E-01
   96.00      0.2961E-01
   97.00      0.2703E-01
   98.00      0.2465E-01
   99.00      0.2241E-01
   100.0      0.2031E-01
   101.0      0.1832E-01
   102.0      0.1645E-01
   103.0      0.1470E-01
   104.0      0.1307E-01
   105.0      0.1157E-01
   106.0      0.1020E-01
   107.0      0.8977E-02
   108.0      0.7886E-02
   109.0      0.6927E-02
   110.0      0.6092E-02
   111.0      0.5372E-02
   112.0      0.4756E-02
   113.0      0.4231E-02
   114.0      0.3786E-02
   115.0      0.3407E-02
   116.0      0.3083E-02
   117.0      0.2804E-02
   118.0      0.2560E-02
   119.0      0.2343E-02
   120.0      0.2147E-02
   121.0      0.1968E-02
   122.0      0.1801E-02
   123.0      0.1645E-02
   124.0      0.1497E-02
   125.0      0.1358E-02
   126.0      0.1227E-02
   127.0      0.1103E-02
   128.0      0.9881E-03
   129.0      0.8816E-03
   130.0      0.7840E-03
   131.0      0.6953E-03
   132.0      0.6155E-03
   133.0      0.5445E-03
   134.0      0.4818E-03
   135.0      0.4271E-03
   136.0      0.3795E-03
   137.0      0.3386E-03
   138.0      0.3034E-03
   139.0      0.2733E-03
   140.0      0.2476E-03
   141.0      0.2255E-03
   142.0      0.2064E-03
   143.0      0.1899E-03
   144.0      0.1755E-03
   145.0      0.1628E-03
   146.0      0.1515E-03
   147.0      0.1413E-03
   148.0      0.1321E-03
   149.0      0.1237E-03
   150.0      0.1159E-03
   151.0      0.1087E-03
   152.0      0.1020E-03
   153.0      0.9558E-04
   154.0      0.8949E-04
   155.0      0.8362E-04
   156.0      0.7792E-04
   157.0      0.7235E-04
   158.0      0.6690E-04
   159.0      0.6159E-04
   160.0      0.5646E-04
   161.0      0.5158E-04
   162.0      0.4704E-04
   163.0      0.4295E-04
   164.0      0.3942E-04
   165.0      0.3657E-04
   166.0      0.3448E-04
   167.0      0.3324E-04
   168.0      0.3287E-04
   169.0      0.3339E-04
   170.0      0.3473E-04
   171.0      0.3681E-04
   172.0      0.3949E-04
   173.0      0.4258E-04
   174.0      0.4589E-04
   175.0      0.4919E-04
   176.0      0.5226E-04
   177.0      0.5489E-04
   178.0      0.5690E-04
   179.0      0.5817E-04
   180.0      0.5860E-04
 END
