# 178 angles,  1 tensor ranks for 0=projectile
@subtitle   "20O + d 2+2 inelastic;"                                                        
@legend ON
@legend x1 0.2
@legend y1 0.8
@g0 type LOGY
@yaxis ticklabel format power
@legend string   0 "Lab energy =   70.0000"
#legend string   0 "Partition=  1 Excit=  2 near/far= 1"
#  Theta       sigma       iT11        T20         T21         T22         Kyy for projectile
   3.000       1.475    
   4.000       1.347    
   5.000       1.203    
   6.000       1.110    
   7.000       1.129    
   8.000       1.279    
   9.000       1.526    
   10.00       1.808    
   11.00       2.068    
   12.00       2.271    
   13.00       2.399    
   14.00       2.440    
   15.00       2.385    
   16.00       2.230    
   17.00       1.991    
   18.00       1.697    
   19.00       1.390    
   20.00       1.105    
   21.00      0.8671    
   22.00      0.6872    
   23.00      0.5671    
   24.00      0.5028    
   25.00      0.4854    
   26.00      0.5021    
   27.00      0.5375    
   28.00      0.5768    
   29.00      0.6087    
   30.00      0.6264    
   31.00      0.6270    
   32.00      0.6103    
   33.00      0.5780    
   34.00      0.5334    
   35.00      0.4816    
   36.00      0.4279    
   37.00      0.3769    
   38.00      0.3315    
   39.00      0.2932    
   40.00      0.2625    
   41.00      0.2395    
   42.00      0.2236    
   43.00      0.2133    
   44.00      0.2065    
   45.00      0.2010    
   46.00      0.1949    
   47.00      0.1875    
   48.00      0.1784    
   49.00      0.1675    
   50.00      0.1552    
   51.00      0.1415    
   52.00      0.1269    
   53.00      0.1122    
   54.00      0.9791E-01
   55.00      0.8459E-01
   56.00      0.7256E-01
   57.00      0.6200E-01
   58.00      0.5300E-01
   59.00      0.4558E-01
   60.00      0.3966E-01
   61.00      0.3503E-01
   62.00      0.3142E-01
   63.00      0.2856E-01
   64.00      0.2622E-01
   65.00      0.2423E-01
   66.00      0.2244E-01
   67.00      0.2073E-01
   68.00      0.1902E-01
   69.00      0.1730E-01
   70.00      0.1560E-01
   71.00      0.1397E-01
   72.00      0.1240E-01
   73.00      0.1091E-01
   74.00      0.9487E-02
   75.00      0.8182E-02
   76.00      0.7034E-02
   77.00      0.6064E-02
   78.00      0.5260E-02
   79.00      0.4589E-02
   80.00      0.4026E-02
   81.00      0.3564E-02
   82.00      0.3201E-02
   83.00      0.2922E-02
   84.00      0.2696E-02
   85.00      0.2486E-02
   86.00      0.2278E-02
   87.00      0.2076E-02
   88.00      0.1891E-02
   89.00      0.1727E-02
   90.00      0.1575E-02
   91.00      0.1423E-02
   92.00      0.1268E-02
   93.00      0.1118E-02
   94.00      0.9842E-03
   95.00      0.8696E-03
   96.00      0.7697E-03
   97.00      0.6801E-03
   98.00      0.6004E-03
   99.00      0.5346E-03
   100.0      0.4855E-03
   101.0      0.4500E-03
   102.0      0.4209E-03
   103.0      0.3933E-03
   104.0      0.3676E-03
   105.0      0.3459E-03
   106.0      0.3285E-03
   107.0      0.3131E-03
   108.0      0.2960E-03
   109.0      0.2760E-03
   110.0      0.2550E-03
   111.0      0.2357E-03
   112.0      0.2180E-03
   113.0      0.1993E-03
   114.0      0.1787E-03
   115.0      0.1578E-03
   116.0      0.1394E-03
   117.0      0.1249E-03
   118.0      0.1132E-03
   119.0      0.1013E-03
   120.0      0.8757E-04
   121.0      0.7414E-04
   122.0      0.6474E-04
   123.0      0.6045E-04
   124.0      0.5905E-04
   125.0      0.5730E-04
   126.0      0.5323E-04
   127.0      0.4756E-04
   128.0      0.4312E-04
   129.0      0.4167E-04
   130.0      0.4184E-04
   131.0      0.4122E-04
   132.0      0.3918E-04
   133.0      0.3677E-04
   134.0      0.3517E-04
   135.0      0.3475E-04
   136.0      0.3447E-04
   137.0      0.3236E-04
   138.0      0.2805E-04
   139.0      0.2370E-04
   140.0      0.2147E-04
   141.0      0.2135E-04
   142.0      0.2191E-04
   143.0      0.2160E-04
   144.0      0.1949E-04
   145.0      0.1617E-04
   146.0      0.1355E-04
   147.0      0.1258E-04
   148.0      0.1227E-04
   149.0      0.1166E-04
   150.0      0.1096E-04
   151.0      0.1048E-04
   152.0      0.1025E-04
   153.0      0.1046E-04
   154.0      0.1066E-04
   155.0      0.9753E-05
   156.0      0.7884E-05
   157.0      0.6657E-05
   158.0      0.6763E-05
   159.0      0.7422E-05
   160.0      0.8047E-05
   161.0      0.8369E-05
   162.0      0.7763E-05
   163.0      0.6426E-05
   164.0      0.5716E-05
   165.0      0.5951E-05
   166.0      0.5989E-05
   167.0      0.5598E-05
   168.0      0.5653E-05
   169.0      0.6117E-05
   170.0      0.6420E-05
   171.0      0.6902E-05
   172.0      0.7704E-05
   173.0      0.8046E-05
   174.0      0.8115E-05
   175.0      0.9132E-05
   176.0      0.1099E-04
   177.0      0.1286E-04
   178.0      0.1534E-04
   179.0      0.1867E-04
   180.0      0.2041E-04
 END
