# 178 angles,  1 tensor ranks for 0=projectile
@subtitle   "20O(d,t) @ 30AMeV Daeh (d) + Pang (t)"                                         
@legend ON
@legend x1 0.2
@legend y1 0.8
@g0 type LOGY
@yaxis ticklabel format power
@legend string   0 "Lab energy =   70.0000"
#legend string   0 "Partition=  1 Excit=  1 near/far= 1"
#  Theta       sigma       iT11        T20         T21         T22         Kyy for projectile
   3.000      0.2752E+05
   4.000      0.1097E+05
   5.000       7497.    
   6.000       6121.    
   7.000       5095.    
   8.000       4129.    
   9.000       3214.    
   10.00       2388.    
   11.00       1683.    
   12.00       1116.    
   13.00       687.0    
   14.00       386.4    
   15.00       194.9    
   16.00       89.79    
   17.00       47.63    
   18.00       46.78    
   19.00       68.93    
   20.00       99.92    
   21.00       129.9    
   22.00       152.7    
   23.00       165.8    
   24.00       168.8    
   25.00       163.0    
   26.00       150.5    
   27.00       134.0    
   28.00       115.7    
   29.00       97.58    
   30.00       81.07    
   31.00       67.02    
   32.00       55.80    
   33.00       47.36    
   34.00       41.40    
   35.00       37.42    
   36.00       34.89    
   37.00       33.29    
   38.00       32.17    
   39.00       31.18    
   40.00       30.07    
   41.00       28.71    
   42.00       27.06    
   43.00       25.13    
   44.00       22.99    
   45.00       20.73    
   46.00       18.44    
   47.00       16.21    
   48.00       14.12    
   49.00       12.21    
   50.00       10.52    
   51.00       9.068    
   52.00       7.839    
   53.00       6.820    
   54.00       5.985    
   55.00       5.305    
   56.00       4.750    
   57.00       4.291    
   58.00       3.904    
   59.00       3.566    
   60.00       3.263    
   61.00       2.984    
   62.00       2.721    
   63.00       2.469    
   64.00       2.229    
   65.00       2.000    
   66.00       1.783    
   67.00       1.580    
   68.00       1.392    
   69.00       1.222    
   70.00       1.069    
   71.00      0.9331    
   72.00      0.8145    
   73.00      0.7121    
   74.00      0.6243    
   75.00      0.5497    
   76.00      0.4864    
   77.00      0.4328    
   78.00      0.3872    
   79.00      0.3480    
   80.00      0.3141    
   81.00      0.2844    
   82.00      0.2578    
   83.00      0.2338    
   84.00      0.2119    
   85.00      0.1917    
   86.00      0.1730    
   87.00      0.1557    
   88.00      0.1396    
   89.00      0.1247    
   90.00      0.1111    
   91.00      0.9868E-01
   92.00      0.8743E-01
   93.00      0.7733E-01
   94.00      0.6834E-01
   95.00      0.6038E-01
   96.00      0.5340E-01
   97.00      0.4731E-01
   98.00      0.4201E-01
   99.00      0.3743E-01
   100.0      0.3347E-01
   101.0      0.3004E-01
   102.0      0.2707E-01
   103.0      0.2447E-01
   104.0      0.2220E-01
   105.0      0.2019E-01
   106.0      0.1840E-01
   107.0      0.1678E-01
   108.0      0.1531E-01
   109.0      0.1397E-01
   110.0      0.1274E-01
   111.0      0.1159E-01
   112.0      0.1054E-01
   113.0      0.9558E-02
   114.0      0.8652E-02
   115.0      0.7815E-02
   116.0      0.7045E-02
   117.0      0.6339E-02
   118.0      0.5697E-02
   119.0      0.5115E-02
   120.0      0.4590E-02
   121.0      0.4121E-02
   122.0      0.3703E-02
   123.0      0.3332E-02
   124.0      0.3006E-02
   125.0      0.2719E-02
   126.0      0.2468E-02
   127.0      0.2248E-02
   128.0      0.2055E-02
   129.0      0.1885E-02
   130.0      0.1735E-02
   131.0      0.1600E-02
   132.0      0.1479E-02
   133.0      0.1368E-02
   134.0      0.1266E-02
   135.0      0.1171E-02
   136.0      0.1081E-02
   137.0      0.9975E-03
   138.0      0.9184E-03
   139.0      0.8440E-03
   140.0      0.7743E-03
   141.0      0.7097E-03
   142.0      0.6502E-03
   143.0      0.5961E-03
   144.0      0.5475E-03
   145.0      0.5044E-03
   146.0      0.4665E-03
   147.0      0.4335E-03
   148.0      0.4048E-03
   149.0      0.3797E-03
   150.0      0.3574E-03
   151.0      0.3370E-03
   152.0      0.3177E-03
   153.0      0.2986E-03
   154.0      0.2793E-03
   155.0      0.2591E-03
   156.0      0.2380E-03
   157.0      0.2159E-03
   158.0      0.1931E-03
   159.0      0.1704E-03
   160.0      0.1484E-03
   161.0      0.1281E-03
   162.0      0.1105E-03
   163.0      0.9689E-04
   164.0      0.8813E-04
   165.0      0.8513E-04
   166.0      0.8854E-04
   167.0      0.9871E-04
   168.0      0.1157E-03
   169.0      0.1390E-03
   170.0      0.1681E-03
   171.0      0.2018E-03
   172.0      0.2387E-03
   173.0      0.2773E-03
   174.0      0.3157E-03
   175.0      0.3521E-03
   176.0      0.3848E-03
   177.0      0.4121E-03
   178.0      0.4327E-03
   179.0      0.4454E-03
   180.0      0.4498E-03
 END
