# 178 angles,  1 tensor ranks for 0=projectile
@subtitle   "p+O20 with CH89;"                                                              
@legend ON
@legend x1 0.2
@legend y1 0.8
@g0 type LOGY
@yaxis ticklabel format power
@legend string   0 "Lab energy =   35.0000"
#legend string   0 "Partition=  1 Excit=  1 near/far= 1"
#  Theta       sigma       iT11        T20         T21         T22         Kyy for projectile
   3.000      0.1317E+06
   4.000      0.3793E+05
   5.000      0.1456E+05
   6.000       7039.    
   7.000       4176.    
   8.000       2941.    
   9.000       2341.    
   10.00       2009.    
   11.00       1795.    
   12.00       1634.    
   13.00       1499.    
   14.00       1374.    
   15.00       1257.    
   16.00       1143.    
   17.00       1033.    
   18.00       926.2    
   19.00       824.5    
   20.00       727.9    
   21.00       637.2    
   22.00       552.8    
   23.00       475.0    
   24.00       404.2    
   25.00       340.2    
   26.00       283.1    
   27.00       232.7    
   28.00       188.8    
   29.00       150.9    
   30.00       118.7    
   31.00       91.63    
   32.00       69.34    
   33.00       51.28    
   34.00       36.96    
   35.00       25.89    
   36.00       17.61    
   37.00       11.67    
   38.00       7.665    
   39.00       5.222    
   40.00       4.005    
   41.00       3.718    
   42.00       4.103    
   43.00       4.943    
   44.00       6.054    
   45.00       7.288    
   46.00       8.528    
   47.00       9.684    
   48.00       10.69    
   49.00       11.51    
   50.00       12.11    
   51.00       12.49    
   52.00       12.64    
   53.00       12.59    
   54.00       12.34    
   55.00       11.93    
   56.00       11.37    
   57.00       10.71    
   58.00       9.952    
   59.00       9.140    
   60.00       8.294    
   61.00       7.437    
   62.00       6.589    
   63.00       5.766    
   64.00       4.984    
   65.00       4.251    
   66.00       3.577    
   67.00       2.966    
   68.00       2.423    
   69.00       1.946    
   70.00       1.536    
   71.00       1.191    
   72.00      0.9059    
   73.00      0.6769    
   74.00      0.4987    
   75.00      0.3660    
   76.00      0.2728    
   77.00      0.2135    
   78.00      0.1824    
   79.00      0.1742    
   80.00      0.1840    
   81.00      0.2071    
   82.00      0.2395    
   83.00      0.2776    
   84.00      0.3183    
   85.00      0.3590    
   86.00      0.3977    
   87.00      0.4327    
   88.00      0.4628    
   89.00      0.4872    
   90.00      0.5052    
   91.00      0.5168    
   92.00      0.5219    
   93.00      0.5208    
   94.00      0.5139    
   95.00      0.5017    
   96.00      0.4848    
   97.00      0.4639    
   98.00      0.4396    
   99.00      0.4127    
   100.0      0.3839    
   101.0      0.3538    
   102.0      0.3230    
   103.0      0.2921    
   104.0      0.2615    
   105.0      0.2319    
   106.0      0.2034    
   107.0      0.1764    
   108.0      0.1512    
   109.0      0.1279    
   110.0      0.1067    
   111.0      0.8766E-01
   112.0      0.7077E-01
   113.0      0.5604E-01
   114.0      0.4342E-01
   115.0      0.3283E-01
   116.0      0.2416E-01
   117.0      0.1730E-01
   118.0      0.1209E-01
   119.0      0.8398E-02
   120.0      0.6060E-02
   121.0      0.4917E-02
   122.0      0.4812E-02
   123.0      0.5587E-02
   124.0      0.7094E-02
   125.0      0.9188E-02
   126.0      0.1173E-01
   127.0      0.1461E-01
   128.0      0.1770E-01
   129.0      0.2090E-01
   130.0      0.2412E-01
   131.0      0.2729E-01
   132.0      0.3032E-01
   133.0      0.3317E-01
   134.0      0.3579E-01
   135.0      0.3813E-01
   136.0      0.4018E-01
   137.0      0.4191E-01
   138.0      0.4331E-01
   139.0      0.4438E-01
   140.0      0.4512E-01
   141.0      0.4553E-01
   142.0      0.4563E-01
   143.0      0.4543E-01
   144.0      0.4496E-01
   145.0      0.4423E-01
   146.0      0.4328E-01
   147.0      0.4211E-01
   148.0      0.4077E-01
   149.0      0.3928E-01
   150.0      0.3766E-01
   151.0      0.3595E-01
   152.0      0.3416E-01
   153.0      0.3232E-01
   154.0      0.3045E-01
   155.0      0.2858E-01
   156.0      0.2672E-01
   157.0      0.2489E-01
   158.0      0.2311E-01
   159.0      0.2138E-01
   160.0      0.1973E-01
   161.0      0.1816E-01
   162.0      0.1668E-01
   163.0      0.1529E-01
   164.0      0.1399E-01
   165.0      0.1280E-01
   166.0      0.1170E-01
   167.0      0.1071E-01
   168.0      0.9806E-02
   169.0      0.9000E-02
   170.0      0.8284E-02
   171.0      0.7656E-02
   172.0      0.7109E-02
   173.0      0.6640E-02
   174.0      0.6244E-02
   175.0      0.5918E-02
   176.0      0.5656E-02
   177.0      0.5457E-02
   178.0      0.5316E-02
   179.0      0.5232E-02
   180.0      0.5205E-02
 END
