           2           1           1
    0.0-     1 1   1.864       0.000      0.8540E-01   1.779    
    1.0+     0 1   5.589      0.3159E-05  0.2670       5.322    
    1.0+     2 2   5.578      0.3159E-05  0.2257       5.353    
    1.0-     1 1   5.588       0.000      0.2565       5.331    
    2.0+     2 1   9.278       0.000      0.3769       8.901    
    2.0-     1 1   9.291      0.5559E-05  0.4247       8.866    
    2.0-     3 2   9.269      0.5559E-05  0.3174       8.952    
    3.0+     2 1   12.94      0.7603E-05  0.5240       12.41    
    3.0+     4 2   12.92      0.7603E-05  0.3459       12.58    
    3.0-     3 1   12.93       0.000      0.4427       12.49    
    4.0+     4 1   16.53       0.000      0.4529       16.08    
    4.0-     3 1   16.53      0.9014E-05  0.5586       15.97    
    4.0-     5 2   16.56      0.9014E-05  0.3401       16.22    
    5.0+     4 1   20.07      0.8854E-05  0.5543       19.52    
    5.0+     6 2   20.15      0.8854E-05  0.3448       19.81    
    5.0-     5 1   20.13       0.000      0.4167       19.72    
    6.0+     6 1   23.75       0.000      0.4179       23.33    
    6.0-     5 1   23.62      0.5598E-05  0.5152       23.10    
    6.0-     7 2   23.91      0.5598E-05  0.4227       23.48    
    7.0+     6 1   27.28      0.2846E-05  0.5104       26.77    
    7.0+     8 2   27.93      0.2846E-05  0.7638       27.16    
    7.0-     7 1   27.40       0.000      0.4565       26.95    
    8.0+     8 1   31.48       0.000      0.6635       30.82    
    8.0-     7 1   30.95      0.1715E-05  0.5555       30.39    
    8.0-     9 2   31.03      0.1715E-05   1.368       29.66    
    9.0+     8 1   34.78      0.7811E-06  0.6185       34.16    
    9.0+    10 2   31.63      0.7811E-06   2.036       29.60    
    9.0-     9 1   35.38       0.000       1.189       34.19    
   10.0+    10 1   36.67       0.000       1.913       34.75    
   10.0-     9 1   39.22      0.1761E-06  0.9304       38.29    
   10.0-    11 2   28.97      0.1761E-06   2.374       26.60    
   11.0+    10 1   42.11      0.1677E-07   1.609       40.50    
   11.0+    12 2   23.70      0.1677E-07   2.093       21.61    
   11.0-    11 1   33.55       0.000       2.457       31.10    
   12.0+    12 1   27.10       0.000       2.333       24.76    
   12.0-    11 1   39.04      0.7328E-09   2.324       36.72    
   12.0-    13 2   17.40      0.7328E-09   1.376       16.02    
   13.0+    12 1   31.07      0.1938E-10   2.514       28.55    
   13.0+    14 2   11.66      0.1938E-10  0.7045       10.95    
   13.0-    13 1   19.56       0.000       1.568       17.99    
   14.0+    14 1   12.88       0.000      0.7935       12.08    
   14.0-    13 1   22.02      0.3714E-12   1.783       20.24    
   14.0-    15 2   7.365      0.3714E-12  0.3062       7.059    
   15.0+    14 1   14.22      0.5701E-14  0.8951       13.32    
   15.0+    16 2   4.518      0.5701E-14  0.1217       4.396    
   15.0-    15 1   8.013       0.000      0.3379       7.675    
   16.0+    16 1   4.859       0.000      0.1320       4.727    
   16.0-    15 1   8.698      0.7859E-16  0.3727       8.325    
   16.0-    17 2   2.735      0.7859E-16  0.4619E-01   2.689    
   17.0+    16 1   5.211      0.1053E-17  0.1430       5.068    
   17.0+    18 2   1.647      0.1053E-17  0.1712E-01   1.630    
   17.0-    17 1   2.918       0.000      0.4953E-01   2.869    
   18.0+    18 1   1.747       0.000      0.1821E-01   1.729    
   18.0-    17 1   3.105      0.1420E-19  0.5298E-01   3.052    
   18.0-    19 2  0.9890      0.1420E-19  0.6249E-02  0.9828    
   19.0+    18 1   1.848      0.1950E-21  0.1932E-01   1.829    
   19.0+    20 2  0.5927      0.1950E-21  0.2250E-02  0.5905    
   19.0-    19 1   1.044       0.000      0.6609E-02   1.038    
   20.0+    20 1  0.6238       0.000      0.2370E-02  0.6214    
   20.0-    19 1   1.100      0.2776E-23  0.6973E-02   1.093    
   20.0-    21 2  0.3546      0.2732E-23  0.7971E-03  0.3538    
   21.0+    20 1  0.6549      0.4016E-25  0.2490E-02  0.6524    
   21.0+    22 2  0.2117      0.3896E-25  0.2761E-03  0.2114    
   21.0-    21 1  0.3721       0.000      0.8368E-03  0.3712    
   22.0+    22 1  0.2216       0.000      0.2891E-03  0.2213    
   22.0-    21 1  0.3896      0.9479E-27  0.8767E-03  0.3887    
   22.0-    23 2  0.1261      0.5646E-27  0.9250E-04  0.1260    
   23.0+    22 1  0.2315      0.3151E-28  0.3022E-03  0.2312    
   23.0+    24 2  0.7500E-01  0.8260E-29  0.2939E-04  0.7497E-01
   23.0-    23 1  0.1318       0.000      0.9665E-04  0.1317    
   24.0+    24 1  0.7820E-01   0.000      0.3064E-04  0.7817E-01
   24.0-    23 1  0.1374      0.1120E-28  0.1008E-03  0.1373    
   24.0-    25 2  0.4450E-01  0.1212E-30  0.8551E-05  0.4449E-01
   25.0+    24 1  0.8140E-01  0.2935E-29  0.3190E-04  0.8136E-01
   25.0+    26 2  0.2635E-01  0.1697E-32  0.2130E-05  0.2635E-01
   25.0-    25 1  0.4632E-01   0.000      0.8901E-05  0.4631E-01
   26.0+    26 1  0.2739E-01   0.000      0.2214E-05  0.2739E-01
   26.0-    25 1  0.4814E-01  0.4864E-28  0.9251E-05  0.4813E-01
   26.0-    27 2  0.1558E-01  0.8641E-35  0.4035E-06  0.1558E-01
   27.0+    26 1  0.2842E-01  0.3150E-28  0.2298E-05  0.2842E-01
   27.0+    28 2  0.9190E-02  0.3369E-35  0.7842E-07  0.9190E-02
   27.0-    27 1  0.1617E-01   0.000      0.4188E-06  0.1617E-01
   28.0+    28 1  0.9524E-02   0.000      0.8127E-07  0.9524E-02
   28.0-    27 1  0.1675E-01  0.1661E-30  0.4340E-06  0.1675E-01
   28.0-    29 2  0.5412E-02  0.4129E-35  0.1002E-06  0.5412E-02
   29.0+    28 1  0.9859E-02  0.1730E-28  0.8412E-07  0.9859E-02
   29.0+    30 2  0.3182E-02  0.4207E-37  0.1632E-06  0.3182E-02
   29.0-    29 1  0.5602E-02   0.000      0.1037E-06  0.5602E-02
   30.0+    30 1  0.3290E-02   0.000      0.1687E-06  0.3290E-02
   30.0-    29 1  0.5792E-02  0.1052E-28  0.1072E-06  0.5792E-02
   30.0-    31 2  0.1868E-02  0.1540E-36  0.1997E-06  0.1868E-02
   31.0+    30 1  0.3398E-02  0.1063E-28  0.1742E-06  0.3398E-02
   31.0+    32 2  0.1095E-02  0.9450E-36  0.2058E-06  0.1095E-02
   31.0-    31 1  0.1929E-02   0.000      0.2062E-06  0.1929E-02
   32.0+    32 1  0.1130E-02   0.000      0.2123E-06  0.1129E-02
   32.0-    31 1  0.1990E-02  0.5647E-30  0.2128E-06  0.1990E-02
   32.0-    33 2  0.6409E-03  0.6005E-36  0.1939E-06  0.6407E-03
   33.0+    32 1  0.1164E-02  0.2237E-29  0.2189E-06  0.1164E-02
   33.0+    34 2  0.3746E-03  0.6954E-38  0.1725E-06  0.3745E-03
   33.0-    33 1  0.6606E-03   0.000      0.1999E-06  0.6604E-03
   34.0+    34 1  0.3858E-03   0.000      0.1776E-06  0.3856E-03
   34.0-    33 1  0.6803E-03  0.5109E-29  0.2059E-06  0.6801E-03
   34.0-    35 2  0.2187E-03  0.8280E-37  0.1483E-06  0.2186E-03
   35.0+    34 1  0.3970E-03  0.4240E-30  0.1828E-06  0.3968E-03
   35.0+    36 2  0.1276E-03  0.5490E-37  0.1251E-06  0.1274E-03
   35.0-    35 1  0.2251E-03   0.000      0.1526E-06  0.2249E-03
   36.0+    36 1  0.1312E-03   0.000      0.1287E-06  0.1310E-03
   36.0-    35 1  0.2314E-03  0.1217E-28  0.1569E-06  0.2313E-03
   36.0-    37 2  0.7433E-04  0.1864E-37  0.1036E-06  0.7422E-04
   37.0+    36 1  0.1348E-03  0.6333E-30  0.1322E-06  0.1346E-03
   37.0+    38 2  0.4327E-04  0.2268E-38  0.8554E-07  0.4318E-04
   37.0-    37 1  0.7636E-04   0.000      0.1064E-06  0.7626E-04
   38.0+    38 1  0.4442E-04   0.000      0.8782E-07  0.4433E-04
   38.0-    37 1  0.7840E-04  0.1086E-30  0.1093E-06  0.7829E-04
   38.0-    39 2  0.2517E-04  0.9053E-37  0.6978E-07  0.2510E-04
   39.0+    38 1  0.4557E-04  0.7909E-32  0.9011E-07  0.4548E-04
   39.0+    40 2  0.1463E-04  0.4533E-38  0.5687E-07  0.1457E-04
   39.0-    39 1  0.2582E-04   0.000      0.7159E-07  0.2575E-04
   40.0+    40 1  0.1500E-04   0.000      0.5831E-07  0.1494E-04
   40.0-    39 1  0.2647E-04  0.1090E-30  0.7340E-07  0.2640E-04
   40.0-    41 2  0.8498E-05  0.1064E-36  0.4632E-07  0.8452E-05
   41.0+    40 1  0.1537E-04  0.3321E-29  0.5975E-07  0.1531E-04
   41.0+    42 2  0.4936E-05  0.9184E-38  0.3735E-07  0.4899E-05
   41.0-    41 1  0.8708E-05   0.000      0.4746E-07  0.8661E-05
   42.0+    42 1  0.5055E-05   0.000      0.3825E-07  0.5017E-05
   42.0-    41 1  0.8918E-05  0.1238E-29  0.4861E-07  0.8869E-05
   42.0-    43 2  0.2867E-05  0.2161E-38  0.3044E-07  0.2837E-05
   43.0+    42 1  0.5174E-05  0.7912E-30  0.3915E-07  0.5135E-05
   43.0+    44 2  0.1666E-05  0.1767E-38  0.2450E-07  0.1641E-05
   43.0-    43 1  0.2935E-05   0.000      0.3116E-07  0.2903E-05
   44.0+    44 1  0.1704E-05   0.000      0.2507E-07  0.1679E-05
   44.0-    43 1  0.3002E-05  0.5278E-29  0.3188E-07  0.2970E-05
   44.0-    45 2  0.9688E-06  0.1665E-39  0.1981E-07  0.9490E-06
   45.0+    44 1  0.1742E-05  0.3713E-30  0.2563E-07  0.1717E-05
   45.0+    46 2  0.5644E-06  0.4023E-39  0.1609E-07  0.5483E-06
   45.0-    45 1  0.9906E-06   0.000      0.2025E-07  0.9703E-06
   46.0+    46 1  0.5768E-06   0.000      0.1645E-07  0.5603E-06
   46.0-    45 1  0.1012E-05  0.1379E-30  0.2070E-07  0.9916E-06
   46.0-    47 2  0.3294E-06  0.1870E-37  0.1285E-07  0.3166E-06
   47.0+    46 1  0.5892E-06  0.1564E-29  0.1680E-07  0.5724E-06
   47.0+    48 2  0.1931E-06  0.5901E-39  0.1048E-07  0.1826E-06
   47.0-    47 1  0.3365E-06   0.000      0.1313E-07  0.3234E-06
   48.0+    48 1  0.1972E-06   0.000      0.1070E-07  0.1865E-06
   48.0-    47 1  0.3436E-06  0.7931E-31  0.1340E-07  0.3302E-06
   48.0-    49 2  0.1137E-06  0.2787E-38  0.8415E-08  0.1053E-06
   49.0+    48 1  0.2013E-06  0.3158E-31  0.1092E-07  0.1903E-06
   49.0+    50 2  0.6742E-07  0.9572E-38  0.6736E-08  0.6068E-07
   49.0-    49 1  0.1161E-06   0.000      0.8588E-08  0.1075E-06
   50.0+    50 1  0.6878E-07   0.000      0.6872E-08  0.6191E-07
   50.0-    49 1  0.1184E-06  0.1740E-29  0.8762E-08  0.1097E-06
   50.0-    51 2  0.4047E-07  0.1147E-38  0.5521E-08  0.3495E-07
