# Fusion cross sections for ELAB=  70.000, ECM=  63.597
     0.0   1.779     -1
     1.0   10.67      1
     1.0   16.01     -1
     2.0   8.901      1
     2.0   26.72     -1
     3.0   24.99      1
     3.0   37.48     -1
     4.0   16.08      1
     4.0   48.27     -1
     5.0   39.32      1
     5.0   59.04     -1
     6.0   23.33      1
     6.0   69.92     -1
     7.0   53.93      1
     7.0   80.88     -1
     8.0   30.82      1
     8.0   90.87     -1
     9.0   63.76      1
     9.0   97.95     -1
    10.0   34.75      1
    10.0   99.64     -1
    11.0   62.11      1
    11.0   93.20     -1
    12.0   24.76      1
    12.0   77.50     -1
    13.0   39.51      1
    13.0   57.50     -1
    14.0   12.08      1
    14.0   39.38     -1
    15.0   17.72      1
    15.0   25.39     -1
    16.0   4.727      1
    16.0   15.74     -1
    17.0   6.698      1
    17.0   9.567     -1
    18.0   1.729      1
    18.0   5.763     -1
    19.0   2.419      1
    19.0   3.457     -1
    20.0  0.6214      1
    20.0   2.068     -1
    21.0  0.8638      1
    21.0   1.235     -1
    22.0  0.2213      1
    22.0  0.7361     -1
    23.0  0.3062      1
    23.0  0.4379     -1
    24.0  0.7817E-01  1
    24.0  0.2599     -1
    25.0  0.1077      1
    25.0  0.1540     -1
    26.0  0.2739E-01  1
    26.0  0.9110E-01 -1
    27.0  0.3761E-01  1
    27.0  0.5378E-01 -1
    28.0  0.9524E-02  1
    28.0  0.3169E-01 -1
    29.0  0.1304E-01  1
    29.0  0.1864E-01 -1
    30.0  0.3290E-02  1
    30.0  0.1095E-01 -1
    31.0  0.4492E-02  1
    31.0  0.6421E-02 -1
    32.0  0.1129E-02  1
    32.0  0.3760E-02 -1
    33.0  0.1539E-02  1
    33.0  0.2199E-02 -1
    34.0  0.3856E-03  1
    34.0  0.1284E-02 -1
    35.0  0.5243E-03  1
    35.0  0.7492E-03 -1
    36.0  0.1310E-03  1
    36.0  0.4365E-03 -1
    37.0  0.1778E-03  1
    37.0  0.2541E-03 -1
    38.0  0.4433E-04  1
    38.0  0.1477E-03 -1
    39.0  0.6005E-04  1
    39.0  0.8580E-04 -1
    40.0  0.1494E-04  1
    40.0  0.4979E-04 -1
    41.0  0.2021E-04  1
    41.0  0.2887E-04 -1
    42.0  0.5017E-05  1
    42.0  0.1672E-04 -1
    43.0  0.6776E-05  1
    43.0  0.9679E-05 -1
    44.0  0.1679E-05  1
    44.0  0.5598E-05 -1
    45.0  0.2265E-05  1
    45.0  0.3235E-05 -1
    46.0  0.5603E-06  1
    46.0  0.1869E-05 -1
    47.0  0.7550E-06  1
    47.0  0.1078E-05 -1
    48.0  0.1865E-06  1
    48.0  0.6220E-06 -1
    49.0  0.2510E-06  1
    49.0  0.3585E-06 -1
    50.0  0.6191E-07  1
    50.0  0.2065E-06 -1
 &
