# 178 angles,  1 tensor ranks for 0=projectile
@subtitle   "20O + d 3-?;"                                                                  
@legend ON
@legend x1 0.2
@legend y1 0.8
@g0 type LOGY
@yaxis ticklabel format power
@legend string   0 "Lab energy =   70.0000"
#legend string   0 "Partition=  1 Excit=  1 near/far= 1"
#  Theta       sigma       iT11        T20         T21         T22         Kyy for projectile
   3.000      0.2715E+05
   4.000      0.1161E+05
   5.000       8320.    
   6.000       6847.    
   7.000       5627.    
   8.000       4454.    
   9.000       3360.    
   10.00       2399.    
   11.00       1609.    
   12.00       1001.    
   13.00       567.5    
   14.00       286.3    
   15.00       127.3    
   16.00       58.13    
   17.00       48.41    
   18.00       72.16    
   19.00       109.3    
   20.00       145.8    
   21.00       173.5    
   22.00       188.6    
   23.00       190.9    
   24.00       182.3    
   25.00       165.9    
   26.00       144.9    
   27.00       122.5    
   28.00       101.0    
   29.00       81.99    
   30.00       66.35    
   31.00       54.31    
   32.00       45.60    
   33.00       39.69    
   34.00       35.88    
   35.00       33.48    
   36.00       31.87    
   37.00       30.56    
   38.00       29.21    
   39.00       27.64    
   40.00       25.75    
   41.00       23.59    
   42.00       21.22    
   43.00       18.75    
   44.00       16.30    
   45.00       13.98    
   46.00       11.84    
   47.00       9.962    
   48.00       8.354    
   49.00       7.020    
   50.00       5.940    
   51.00       5.084    
   52.00       4.413    
   53.00       3.889    
   54.00       3.474    
   55.00       3.136    
   56.00       2.848    
   57.00       2.594    
   58.00       2.358    
   59.00       2.135    
   60.00       1.920    
   61.00       1.714    
   62.00       1.518    
   63.00       1.334    
   64.00       1.165    
   65.00       1.013    
   66.00      0.8776    
   67.00      0.7602    
   68.00      0.6599    
   69.00      0.5753    
   70.00      0.5048    
   71.00      0.4462    
   72.00      0.3974    
   73.00      0.3566    
   74.00      0.3218    
   75.00      0.2916    
   76.00      0.2647    
   77.00      0.2403    
   78.00      0.2177    
   79.00      0.1966    
   80.00      0.1767    
   81.00      0.1581    
   82.00      0.1407    
   83.00      0.1246    
   84.00      0.1099    
   85.00      0.9669E-01
   86.00      0.8487E-01
   87.00      0.7447E-01
   88.00      0.6543E-01
   89.00      0.5765E-01
   90.00      0.5100E-01
   91.00      0.4536E-01
   92.00      0.4056E-01
   93.00      0.3648E-01
   94.00      0.3298E-01
   95.00      0.2993E-01
   96.00      0.2725E-01
   97.00      0.2484E-01
   98.00      0.2264E-01
   99.00      0.2062E-01
   100.0      0.1873E-01
   101.0      0.1695E-01
   102.0      0.1528E-01
   103.0      0.1372E-01
   104.0      0.1226E-01
   105.0      0.1091E-01
   106.0      0.9674E-02
   107.0      0.8548E-02
   108.0      0.7535E-02
   109.0      0.6633E-02
   110.0      0.5838E-02
   111.0      0.5144E-02
   112.0      0.4543E-02
   113.0      0.4025E-02
   114.0      0.3582E-02
   115.0      0.3203E-02
   116.0      0.2879E-02
   117.0      0.2599E-02
   118.0      0.2357E-02
   119.0      0.2145E-02
   120.0      0.1957E-02
   121.0      0.1788E-02
   122.0      0.1633E-02
   123.0      0.1491E-02
   124.0      0.1358E-02
   125.0      0.1234E-02
   126.0      0.1117E-02
   127.0      0.1008E-02
   128.0      0.9057E-03
   129.0      0.8108E-03
   130.0      0.7231E-03
   131.0      0.6428E-03
   132.0      0.5698E-03
   133.0      0.5041E-03
   134.0      0.4455E-03
   135.0      0.3936E-03
   136.0      0.3482E-03
   137.0      0.3086E-03
   138.0      0.2745E-03
   139.0      0.2453E-03
   140.0      0.2203E-03
   141.0      0.1992E-03
   142.0      0.1813E-03
   143.0      0.1662E-03
   144.0      0.1534E-03
   145.0      0.1425E-03
   146.0      0.1333E-03
   147.0      0.1254E-03
   148.0      0.1186E-03
   149.0      0.1125E-03
   150.0      0.1071E-03
   151.0      0.1021E-03
   152.0      0.9734E-04
   153.0      0.9274E-04
   154.0      0.8818E-04
   155.0      0.8358E-04
   156.0      0.7888E-04
   157.0      0.7406E-04
   158.0      0.6913E-04
   159.0      0.6413E-04
   160.0      0.5914E-04
   161.0      0.5424E-04
   162.0      0.4955E-04
   163.0      0.4520E-04
   164.0      0.4129E-04
   165.0      0.3796E-04
   166.0      0.3530E-04
   167.0      0.3338E-04
   168.0      0.3225E-04
   169.0      0.3189E-04
   170.0      0.3228E-04
   171.0      0.3334E-04
   172.0      0.3494E-04
   173.0      0.3695E-04
   174.0      0.3919E-04
   175.0      0.4149E-04
   176.0      0.4366E-04
   177.0      0.4555E-04
   178.0      0.4701E-04
   179.0      0.4793E-04
   180.0      0.4825E-04
 END
