# 181 angles,  1 tensor ranks for 0=projectile
@subtitle   "p+O20 2nd ex with BG ;"                                                        
@legend ON
@legend x1 0.2
@legend y1 0.8
@g0 type LOGY
@yaxis ticklabel format power
@legend string   0 "Lab energy =   35.0000"
#legend string   0 "Partition=  1 Excit=  2 near/far= 1"
#  Theta       sigma       iT11        T20         T21         T22         Kyy for projectile
   0.000       23.76    
   1.000       23.81    
   2.000       23.95    
   3.000       24.06    
   4.000       24.05    
   5.000       23.83    
   6.000       23.37    
   7.000       22.70    
   8.000       21.90    
   9.000       21.05    
   10.00       20.19    
   11.00       19.38    
   12.00       18.64    
   13.00       17.97    
   14.00       17.39    
   15.00       16.90    
   16.00       16.52    
   17.00       16.24    
   18.00       16.07    
   19.00       15.98    
   20.00       15.97    
   21.00       16.00    
   22.00       16.07    
   23.00       16.15    
   24.00       16.22    
   25.00       16.27    
   26.00       16.26    
   27.00       16.20    
   28.00       16.07    
   29.00       15.85    
   30.00       15.55    
   31.00       15.16    
   32.00       14.69    
   33.00       14.13    
   34.00       13.51    
   35.00       12.82    
   36.00       12.08    
   37.00       11.31    
   38.00       10.52    
   39.00       9.713    
   40.00       8.914    
   41.00       8.134    
   42.00       7.386    
   43.00       6.679    
   44.00       6.022    
   45.00       5.421    
   46.00       4.882    
   47.00       4.407    
   48.00       3.999    
   49.00       3.655    
   50.00       3.374    
   51.00       3.152    
   52.00       2.986    
   53.00       2.868    
   54.00       2.794    
   55.00       2.757    
   56.00       2.748    
   57.00       2.762    
   58.00       2.791    
   59.00       2.831    
   60.00       2.875    
   61.00       2.918    
   62.00       2.955    
   63.00       2.983    
   64.00       2.998    
   65.00       2.999    
   66.00       2.983    
   67.00       2.952    
   68.00       2.903    
   69.00       2.839    
   70.00       2.758    
   71.00       2.663    
   72.00       2.555    
   73.00       2.436    
   74.00       2.309    
   75.00       2.175    
   76.00       2.036    
   77.00       1.894    
   78.00       1.752    
   79.00       1.611    
   80.00       1.473    
   81.00       1.340    
   82.00       1.212    
   83.00       1.092    
   84.00      0.9785    
   85.00      0.8736    
   86.00      0.7775    
   87.00      0.6904    
   88.00      0.6123    
   89.00      0.5431    
   90.00      0.4825    
   91.00      0.4301    
   92.00      0.3855    
   93.00      0.3481    
   94.00      0.3173    
   95.00      0.2923    
   96.00      0.2726    
   97.00      0.2574    
   98.00      0.2461    
   99.00      0.2380    
   100.0      0.2326    
   101.0      0.2292    
   102.0      0.2273    
   103.0      0.2264    
   104.0      0.2261    
   105.0      0.2261    
   106.0      0.2261    
   107.0      0.2258    
   108.0      0.2250    
   109.0      0.2235    
   110.0      0.2213    
   111.0      0.2183    
   112.0      0.2145    
   113.0      0.2098    
   114.0      0.2043    
   115.0      0.1981    
   116.0      0.1911    
   117.0      0.1837    
   118.0      0.1757    
   119.0      0.1674    
   120.0      0.1587    
   121.0      0.1499    
   122.0      0.1410    
   123.0      0.1322    
   124.0      0.1234    
   125.0      0.1149    
   126.0      0.1066    
   127.0      0.9859E-01
   128.0      0.9100E-01
   129.0      0.8383E-01
   130.0      0.7713E-01
   131.0      0.7090E-01
   132.0      0.6515E-01
   133.0      0.5989E-01
   134.0      0.5512E-01
   135.0      0.5083E-01
   136.0      0.4701E-01
   137.0      0.4364E-01
   138.0      0.4068E-01
   139.0      0.3810E-01
   140.0      0.3585E-01
   141.0      0.3394E-01
   142.0      0.3232E-01
   143.0      0.3098E-01
   144.0      0.2987E-01
   145.0      0.2895E-01
   146.0      0.2818E-01
   147.0      0.2755E-01
   148.0      0.2703E-01
   149.0      0.2662E-01
   150.0      0.2629E-01
   151.0      0.2603E-01
   152.0      0.2582E-01
   153.0      0.2565E-01
   154.0      0.2549E-01
   155.0      0.2537E-01
   156.0      0.2527E-01
   157.0      0.2520E-01
   158.0      0.2515E-01
   159.0      0.2511E-01
   160.0      0.2510E-01
   161.0      0.2510E-01
   162.0      0.2513E-01
   163.0      0.2517E-01
   164.0      0.2523E-01
   165.0      0.2532E-01
   166.0      0.2542E-01
   167.0      0.2554E-01
   168.0      0.2568E-01
   169.0      0.2584E-01
   170.0      0.2600E-01
   171.0      0.2617E-01
   172.0      0.2632E-01
   173.0      0.2647E-01
   174.0      0.2662E-01
   175.0      0.2676E-01
   176.0      0.2688E-01
   177.0      0.2698E-01
   178.0      0.2705E-01
   179.0      0.2710E-01
   180.0      0.2711E-01
 END
