# 181 angles,  1 tensor ranks for 0=projectile
@subtitle   "p+O20 2nd ex with BG ;"                                                        
@legend ON
@legend x1 0.2
@legend y1 0.8
@g0 type LOGY
@yaxis ticklabel format power
@legend string   0 "Lab energy =   35.0000"
#legend string   0 "Partition=  1 Excit=  1 near/far= 1"
#  Theta       sigma       iT11        T20         T21         T22         Kyy for projectile
  0.1000E-01  0.1288E+16
   1.000      0.1251E+08
   2.000      0.7250E+06
   3.000      0.1295E+06
   4.000      0.3713E+05
   5.000      0.1435E+05
   6.000       7096.    
   7.000       4373.    
   8.000       3208.    
   9.000       2640.    
   10.00       2317.    
   11.00       2098.    
   12.00       1923.    
   13.00       1769.    
   14.00       1622.    
   15.00       1480.    
   16.00       1342.    
   17.00       1207.    
   18.00       1078.    
   19.00       953.9    
   20.00       837.1    
   21.00       727.9    
   22.00       627.0    
   23.00       534.8    
   24.00       451.5    
   25.00       377.1    
   26.00       311.4    
   27.00       254.2    
   28.00       204.8    
   29.00       163.0    
   30.00       128.0    
   31.00       99.26    
   32.00       76.11    
   33.00       57.90    
   34.00       43.96    
   35.00       33.68    
   36.00       26.46    
   37.00       21.76    
   38.00       19.06    
   39.00       17.92    
   40.00       17.94    
   41.00       18.77    
   42.00       20.11    
   43.00       21.74    
   44.00       23.43    
   45.00       25.06    
   46.00       26.48    
   47.00       27.64    
   48.00       28.47    
   49.00       28.95    
   50.00       29.06    
   51.00       28.83    
   52.00       28.28    
   53.00       27.43    
   54.00       26.33    
   55.00       25.03    
   56.00       23.55    
   57.00       21.96    
   58.00       20.28    
   59.00       18.56    
   60.00       16.84    
   61.00       15.15    
   62.00       13.51    
   63.00       11.95    
   64.00       10.47    
   65.00       9.108    
   66.00       7.856    
   67.00       6.723    
   68.00       5.712    
   69.00       4.821    
   70.00       4.047    
   71.00       3.385    
   72.00       2.827    
   73.00       2.364    
   74.00       1.990    
   75.00       1.693    
   76.00       1.464    
   77.00       1.295    
   78.00       1.175    
   79.00       1.097    
   80.00       1.052    
   81.00       1.033    
   82.00       1.033    
   83.00       1.047    
   84.00       1.069    
   85.00       1.095    
   86.00       1.122    
   87.00       1.146    
   88.00       1.166    
   89.00       1.179    
   90.00       1.186    
   91.00       1.184    
   92.00       1.174    
   93.00       1.156    
   94.00       1.131    
   95.00       1.098    
   96.00       1.059    
   97.00       1.014    
   98.00      0.9642    
   99.00      0.9109    
   100.0      0.8547    
   101.0      0.7967    
   102.0      0.7377    
   103.0      0.6785    
   104.0      0.6198    
   105.0      0.5624    
   106.0      0.5069    
   107.0      0.4536    
   108.0      0.4031    
   109.0      0.3556    
   110.0      0.3114    
   111.0      0.2707    
   112.0      0.2335    
   113.0      0.1999    
   114.0      0.1699    
   115.0      0.1433    
   116.0      0.1202    
   117.0      0.1002    
   118.0      0.8328E-01
   119.0      0.6921E-01
   120.0      0.5777E-01
   121.0      0.4873E-01
   122.0      0.4187E-01
   123.0      0.3695E-01
   124.0      0.3374E-01
   125.0      0.3201E-01
   126.0      0.3154E-01
   127.0      0.3212E-01
   128.0      0.3355E-01
   129.0      0.3565E-01
   130.0      0.3823E-01
   131.0      0.4115E-01
   132.0      0.4425E-01
   133.0      0.4739E-01
   134.0      0.5048E-01
   135.0      0.5339E-01
   136.0      0.5606E-01
   137.0      0.5839E-01
   138.0      0.6035E-01
   139.0      0.6187E-01
   140.0      0.6294E-01
   141.0      0.6352E-01
   142.0      0.6362E-01
   143.0      0.6323E-01
   144.0      0.6238E-01
   145.0      0.6107E-01
   146.0      0.5935E-01
   147.0      0.5725E-01
   148.0      0.5482E-01
   149.0      0.5210E-01
   150.0      0.4915E-01
   151.0      0.4602E-01
   152.0      0.4278E-01
   153.0      0.3947E-01
   154.0      0.3616E-01
   155.0      0.3290E-01
   156.0      0.2973E-01
   157.0      0.2671E-01
   158.0      0.2387E-01
   159.0      0.2125E-01
   160.0      0.1888E-01
   161.0      0.1678E-01
   162.0      0.1497E-01
   163.0      0.1344E-01
   164.0      0.1221E-01
   165.0      0.1125E-01
   166.0      0.1057E-01
   167.0      0.1014E-01
   168.0      0.9932E-02
   169.0      0.9921E-02
   170.0      0.1007E-01
   171.0      0.1036E-01
   172.0      0.1073E-01
   173.0      0.1117E-01
   174.0      0.1162E-01
   175.0      0.1207E-01
   176.0      0.1248E-01
   177.0      0.1283E-01
   178.0      0.1309E-01
   179.0      0.1326E-01
   180.0      0.1331E-01
 END
