# 178 angles,  1 tensor ranks for 0=projectile
@subtitle   "p+O20 3- E. Khan reanalysis;"                                                  
@legend ON
@legend x1 0.2
@legend y1 0.8
@g0 type LOGY
@yaxis ticklabel format power
@legend string   0 "Lab energy =   43.2700"
#legend string   0 "Partition=  1 Excit=  1 near/far= 1"
#  Theta       sigma       iT11        T20         T21         T22         Kyy for projectile
   3.000      0.7834E+05
   4.000      0.2167E+05
   5.000       8391.    
   6.000       4462.    
   7.000       3115.    
   8.000       2588.    
   9.000       2338.    
   10.00       2179.    
   11.00       2045.    
   12.00       1911.    
   13.00       1772.    
   14.00       1628.    
   15.00       1480.    
   16.00       1333.    
   17.00       1188.    
   18.00       1048.    
   19.00       914.7    
   20.00       790.6    
   21.00       676.2    
   22.00       572.3    
   23.00       479.2    
   24.00       396.9    
   25.00       325.0    
   26.00       263.3    
   27.00       211.0    
   28.00       167.3    
   29.00       131.5    
   30.00       102.8    
   31.00       80.11    
   32.00       62.72    
   33.00       49.78    
   34.00       40.51    
   35.00       34.20    
   36.00       30.23    
   37.00       28.03    
   38.00       27.12    
   39.00       27.08    
   40.00       27.57    
   41.00       28.33    
   42.00       29.14    
   43.00       29.85    
   44.00       30.34    
   45.00       30.55    
   46.00       30.43    
   47.00       29.99    
   48.00       29.23    
   49.00       28.18    
   50.00       26.87    
   51.00       25.36    
   52.00       23.69    
   53.00       21.91    
   54.00       20.07    
   55.00       18.20    
   56.00       16.35    
   57.00       14.55    
   58.00       12.84    
   59.00       11.22    
   60.00       9.715    
   61.00       8.342    
   62.00       7.104    
   63.00       6.001    
   64.00       5.034    
   65.00       4.197    
   66.00       3.483    
   67.00       2.884    
   68.00       2.390    
   69.00       1.990    
   70.00       1.672    
   71.00       1.426    
   72.00       1.240    
   73.00       1.105    
   74.00       1.011    
   75.00      0.9493    
   76.00      0.9119    
   77.00      0.8922    
   78.00      0.8843    
   79.00      0.8835    
   80.00      0.8857    
   81.00      0.8880    
   82.00      0.8878    
   83.00      0.8837    
   84.00      0.8744    
   85.00      0.8594    
   86.00      0.8386    
   87.00      0.8121    
   88.00      0.7804    
   89.00      0.7440    
   90.00      0.7038    
   91.00      0.6606    
   92.00      0.6152    
   93.00      0.5685    
   94.00      0.5212    
   95.00      0.4742    
   96.00      0.4282    
   97.00      0.3836    
   98.00      0.3411    
   99.00      0.3010    
   100.0      0.2636    
   101.0      0.2291    
   102.0      0.1978    
   103.0      0.1696    
   104.0      0.1445    
   105.0      0.1225    
   106.0      0.1034    
   107.0      0.8717E-01
   108.0      0.7351E-01
   109.0      0.6226E-01
   110.0      0.5317E-01
   111.0      0.4604E-01
   112.0      0.4061E-01
   113.0      0.3666E-01
   114.0      0.3397E-01
   115.0      0.3233E-01
   116.0      0.3154E-01
   117.0      0.3142E-01
   118.0      0.3180E-01
   119.0      0.3254E-01
   120.0      0.3351E-01
   121.0      0.3459E-01
   122.0      0.3570E-01
   123.0      0.3675E-01
   124.0      0.3769E-01
   125.0      0.3847E-01
   126.0      0.3904E-01
   127.0      0.3939E-01
   128.0      0.3949E-01
   129.0      0.3936E-01
   130.0      0.3898E-01
   131.0      0.3837E-01
   132.0      0.3753E-01
   133.0      0.3649E-01
   134.0      0.3526E-01
   135.0      0.3387E-01
   136.0      0.3235E-01
   137.0      0.3070E-01
   138.0      0.2897E-01
   139.0      0.2717E-01
   140.0      0.2532E-01
   141.0      0.2345E-01
   142.0      0.2159E-01
   143.0      0.1974E-01
   144.0      0.1794E-01
   145.0      0.1618E-01
   146.0      0.1450E-01
   147.0      0.1290E-01
   148.0      0.1140E-01
   149.0      0.9994E-02
   150.0      0.8703E-02
   151.0      0.7529E-02
   152.0      0.6476E-02
   153.0      0.5547E-02
   154.0      0.4743E-02
   155.0      0.4062E-02
   156.0      0.3504E-02
   157.0      0.3064E-02
   158.0      0.2738E-02
   159.0      0.2520E-02
   160.0      0.2404E-02
   161.0      0.2382E-02
   162.0      0.2445E-02
   163.0      0.2585E-02
   164.0      0.2791E-02
   165.0      0.3054E-02
   166.0      0.3364E-02
   167.0      0.3709E-02
   168.0      0.4080E-02
   169.0      0.4466E-02
   170.0      0.4857E-02
   171.0      0.5243E-02
   172.0      0.5616E-02
   173.0      0.5966E-02
   174.0      0.6287E-02
   175.0      0.6570E-02
   176.0      0.6811E-02
   177.0      0.7003E-02
   178.0      0.7143E-02
   179.0      0.7229E-02
   180.0      0.7257E-02
 END
