# Fusion cross sections for ELAB=  35.000, ECM=  33.322
     0.5   33.85       34.43      0.5853    
     1.5   68.67       69.71       1.047    
     2.5   105.7       107.2       1.482    
     3.5   145.3       147.5       2.270    
     4.5   161.1       164.0       2.895    
     5.5   118.4       120.3       1.909    
     6.5   56.48       57.24      0.7569    
     7.5   22.86       23.09      0.2287    
     8.5   8.891       8.928      0.3738E-01
     9.5   3.392       3.397      0.4316E-02
    10.5   1.277       1.277      0.7079E-03
    11.5  0.4751      0.4756      0.5218E-03
    12.5  0.1749      0.1754      0.5183E-03
    13.5  0.6373E-01  0.6420E-01  0.4669E-03
    14.5  0.2292E-01  0.2332E-01  0.3997E-03
    15.5  0.8083E-02  0.8420E-02  0.3371E-03
    16.5  0.2738E-02  0.3023E-02  0.2844E-03
 &
