# 178 angles,  1 tensor ranks for 0=projectile
@subtitle   "p+O20 with CH89;"                                                              
@legend ON
@legend x1 0.2
@legend y1 0.8
@g0 type LOGY
@yaxis ticklabel format power
@legend string   0 "Lab energy =   35.0000"
#legend string   0 "Partition=  1 Excit=  1 near/far= 1"
#  Theta       sigma       iT11        T20         T21         T22         Kyy for projectile
   3.000      0.1304E+06
   4.000      0.3746E+05
   5.000      0.1446E+05
   6.000       7116.    
   7.000       4348.    
   8.000       3163.    
   9.000       2589.    
   10.00       2268.    
   11.00       2055.    
   12.00       1890.    
   13.00       1746.    
   14.00       1610.    
   15.00       1479.    
   16.00       1351.    
   17.00       1226.    
   18.00       1105.    
   19.00       988.9    
   20.00       878.5    
   21.00       774.5    
   22.00       677.8    
   23.00       588.6    
   24.00       507.4    
   25.00       434.2    
   26.00       369.0    
   27.00       311.5    
   28.00       261.5    
   29.00       218.6    
   30.00       182.2    
   31.00       151.9    
   32.00       127.1    
   33.00       107.2    
   34.00       91.56    
   35.00       79.65    
   36.00       70.91    
   37.00       64.79    
   38.00       60.81    
   39.00       58.50    
   40.00       57.48    
   41.00       57.37    
   42.00       57.86    
   43.00       58.71    
   44.00       59.68    
   45.00       60.60    
   46.00       61.34    
   47.00       61.80    
   48.00       61.92    
   49.00       61.65    
   50.00       60.98    
   51.00       59.91    
   52.00       58.46    
   53.00       56.67    
   54.00       54.57    
   55.00       52.22    
   56.00       49.65    
   57.00       46.94    
   58.00       44.11    
   59.00       41.23    
   60.00       38.34    
   61.00       35.47    
   62.00       32.67    
   63.00       29.96    
   64.00       27.38    
   65.00       24.93    
   66.00       22.64    
   67.00       20.52    
   68.00       18.57    
   69.00       16.79    
   70.00       15.19    
   71.00       13.76    
   72.00       12.48    
   73.00       11.37    
   74.00       10.39    
   75.00       9.546    
   76.00       8.822    
   77.00       8.204    
   78.00       7.682    
   79.00       7.243    
   80.00       6.875    
   81.00       6.568    
   82.00       6.310    
   83.00       6.093    
   84.00       5.909    
   85.00       5.748    
   86.00       5.606    
   87.00       5.476    
   88.00       5.353    
   89.00       5.233    
   90.00       5.114    
   91.00       4.993    
   92.00       4.867    
   93.00       4.736    
   94.00       4.599    
   95.00       4.456    
   96.00       4.307    
   97.00       4.151    
   98.00       3.991    
   99.00       3.827    
   100.0       3.659    
   101.0       3.489    
   102.0       3.318    
   103.0       3.146    
   104.0       2.977    
   105.0       2.809    
   106.0       2.645    
   107.0       2.485    
   108.0       2.331    
   109.0       2.182    
   110.0       2.041    
   111.0       1.907    
   112.0       1.781    
   113.0       1.663    
   114.0       1.554    
   115.0       1.453    
   116.0       1.362    
   117.0       1.279    
   118.0       1.204    
   119.0       1.138    
   120.0       1.080    
   121.0       1.029    
   122.0      0.9857    
   123.0      0.9486    
   124.0      0.9174    
   125.0      0.8916    
   126.0      0.8705    
   127.0      0.8533    
   128.0      0.8394    
   129.0      0.8283    
   130.0      0.8192    
   131.0      0.8115    
   132.0      0.8047    
   133.0      0.7983    
   134.0      0.7919    
   135.0      0.7850    
   136.0      0.7773    
   137.0      0.7686    
   138.0      0.7589    
   139.0      0.7479    
   140.0      0.7358    
   141.0      0.7226    
   142.0      0.7084    
   143.0      0.6936    
   144.0      0.6785    
   145.0      0.6633    
   146.0      0.6486    
   147.0      0.6347    
   148.0      0.6221    
   149.0      0.6113    
   150.0      0.6027    
   151.0      0.5968    
   152.0      0.5940    
   153.0      0.5947    
   154.0      0.5993    
   155.0      0.6079    
   156.0      0.6209    
   157.0      0.6383    
   158.0      0.6601    
   159.0      0.6864    
   160.0      0.7170    
   161.0      0.7516    
   162.0      0.7899    
   163.0      0.8316    
   164.0      0.8761    
   165.0      0.9229    
   166.0      0.9713    
   167.0       1.021    
   168.0       1.071    
   169.0       1.120    
   170.0       1.168    
   171.0       1.215    
   172.0       1.258    
   173.0       1.299    
   174.0       1.335    
   175.0       1.367    
   176.0       1.394    
   177.0       1.416    
   178.0       1.431    
   179.0       1.441    
   180.0       1.444    
 END
