# 178 angles,  1 tensor ranks for 0=projectile
@subtitle   "p+O20 3- E. Khan reanalysis;"                                                  
@legend ON
@legend x1 0.2
@legend y1 0.8
@g0 type LOGY
@yaxis ticklabel format power
@legend string   0 "Lab energy =   43.2700"
#legend string   0 "Partition=  1 Excit=  1 near/far= 1"
#  Theta       sigma       iT11        T20         T21         T22         Kyy for projectile
   3.000      0.7937E+05
   4.000      0.2215E+05
   5.000       8625.    
   6.000       4565.    
   7.000       3143.    
   8.000       2573.    
   9.000       2297.    
   10.00       2123.    
   11.00       1980.    
   12.00       1842.    
   13.00       1703.    
   14.00       1561.    
   15.00       1416.    
   16.00       1273.    
   17.00       1132.    
   18.00       997.5    
   19.00       869.6    
   20.00       750.3    
   21.00       640.6    
   22.00       541.0    
   23.00       451.8    
   24.00       373.0    
   25.00       304.3    
   26.00       245.2    
   27.00       195.2    
   28.00       153.6    
   29.00       119.4    
   30.00       92.05    
   31.00       70.54    
   32.00       54.09    
   33.00       41.91    
   34.00       33.28    
   35.00       27.51    
   36.00       24.00    
   37.00       22.20    
   38.00       21.65    
   39.00       21.94    
   40.00       22.76    
   41.00       23.84    
   42.00       24.97    
   43.00       26.00    
   44.00       26.81    
   45.00       27.33    
   46.00       27.54    
   47.00       27.40    
   48.00       26.94    
   49.00       26.17    
   50.00       25.14    
   51.00       23.87    
   52.00       22.43    
   53.00       20.85    
   54.00       19.18    
   55.00       17.46    
   56.00       15.74    
   57.00       14.05    
   58.00       12.41    
   59.00       10.84    
   60.00       9.383    
   61.00       8.033    
   62.00       6.804    
   63.00       5.700    
   64.00       4.723    
   65.00       3.869    
   66.00       3.135    
   67.00       2.513    
   68.00       1.995    
   69.00       1.573    
   70.00       1.235    
   71.00      0.9727    
   72.00      0.7749    
   73.00      0.6320    
   74.00      0.5347    
   75.00      0.4743    
   76.00      0.4429    
   77.00      0.4336    
   78.00      0.4399    
   79.00      0.4567    
   80.00      0.4795    
   81.00      0.5045    
   82.00      0.5289    
   83.00      0.5504    
   84.00      0.5674    
   85.00      0.5788    
   86.00      0.5840    
   87.00      0.5829    
   88.00      0.5754    
   89.00      0.5621    
   90.00      0.5433    
   91.00      0.5199    
   92.00      0.4924    
   93.00      0.4619    
   94.00      0.4290    
   95.00      0.3946    
   96.00      0.3595    
   97.00      0.3242    
   98.00      0.2895    
   99.00      0.2559    
   100.0      0.2238    
   101.0      0.1936    
   102.0      0.1655    
   103.0      0.1399    
   104.0      0.1167    
   105.0      0.9611E-01
   106.0      0.7808E-01
   107.0      0.6257E-01
   108.0      0.4947E-01
   109.0      0.3866E-01
   110.0      0.2998E-01
   111.0      0.2324E-01
   112.0      0.1827E-01
   113.0      0.1485E-01
   114.0      0.1279E-01
   115.0      0.1188E-01
   116.0      0.1193E-01
   117.0      0.1275E-01
   118.0      0.1418E-01
   119.0      0.1605E-01
   120.0      0.1822E-01
   121.0      0.2056E-01
   122.0      0.2296E-01
   123.0      0.2533E-01
   124.0      0.2758E-01
   125.0      0.2964E-01
   126.0      0.3148E-01
   127.0      0.3304E-01
   128.0      0.3431E-01
   129.0      0.3527E-01
   130.0      0.3592E-01
   131.0      0.3625E-01
   132.0      0.3628E-01
   133.0      0.3603E-01
   134.0      0.3551E-01
   135.0      0.3476E-01
   136.0      0.3379E-01
   137.0      0.3264E-01
   138.0      0.3133E-01
   139.0      0.2989E-01
   140.0      0.2836E-01
   141.0      0.2676E-01
   142.0      0.2511E-01
   143.0      0.2345E-01
   144.0      0.2178E-01
   145.0      0.2014E-01
   146.0      0.1854E-01
   147.0      0.1698E-01
   148.0      0.1550E-01
   149.0      0.1408E-01
   150.0      0.1275E-01
   151.0      0.1150E-01
   152.0      0.1034E-01
   153.0      0.9273E-02
   154.0      0.8293E-02
   155.0      0.7399E-02
   156.0      0.6590E-02
   157.0      0.5860E-02
   158.0      0.5206E-02
   159.0      0.4621E-02
   160.0      0.4101E-02
   161.0      0.3641E-02
   162.0      0.3233E-02
   163.0      0.2874E-02
   164.0      0.2558E-02
   165.0      0.2280E-02
   166.0      0.2036E-02
   167.0      0.1821E-02
   168.0      0.1633E-02
   169.0      0.1468E-02
   170.0      0.1323E-02
   171.0      0.1197E-02
   172.0      0.1088E-02
   173.0      0.9942E-03
   174.0      0.9145E-03
   175.0      0.8481E-03
   176.0      0.7945E-03
   177.0      0.7532E-03
   178.0      0.7239E-03
   179.0      0.7063E-03
   180.0      0.7005E-03
 END
