# 178 angles,  1 tensor ranks for 0=projectile
@subtitle   "20O + d inelastic scattering;"                                                 
@legend ON
@legend x1 0.2
@legend y1 0.8
@g0 type LOGY
@yaxis ticklabel format power
@legend string   0 "Lab energy =   70.0000"
#legend string   0 "Partition=  1 Excit=  2 near/far= 1"
#  Theta       sigma       iT11        T20         T21         T22         Kyy for projectile
   3.000       1.890    
   4.000       2.461    
   5.000       3.082    
   6.000       3.688    
   7.000       4.226    
   8.000       4.671    
   9.000       5.033    
   10.00       5.343    
   11.00       5.641    
   12.00       5.960    
   13.00       6.316    
   14.00       6.702    
   15.00       7.092    
   16.00       7.442    
   17.00       7.700    
   18.00       7.817    
   19.00       7.758    
   20.00       7.505    
   21.00       7.069    
   22.00       6.479    
   23.00       5.783    
   24.00       5.035    
   25.00       4.295    
   26.00       3.615    
   27.00       3.036    
   28.00       2.587    
   29.00       2.277    
   30.00       2.100    
   31.00       2.038    
   32.00       2.060    
   33.00       2.134    
   34.00       2.228    
   35.00       2.311    
   36.00       2.362    
   37.00       2.367    
   38.00       2.321    
   39.00       2.224    
   40.00       2.084    
   41.00       1.912    
   42.00       1.723    
   43.00       1.528    
   44.00       1.341    
   45.00       1.171    
   46.00       1.024    
   47.00      0.9029    
   48.00      0.8079    
   49.00      0.7368    
   50.00      0.6855    
   51.00      0.6494    
   52.00      0.6232    
   53.00      0.6021    
   54.00      0.5819    
   55.00      0.5596    
   56.00      0.5333    
   57.00      0.5022    
   58.00      0.4663    
   59.00      0.4266    
   60.00      0.3841    
   61.00      0.3405    
   62.00      0.2972    
   63.00      0.2558    
   64.00      0.2173    
   65.00      0.1827    
   66.00      0.1525    
   67.00      0.1267    
   68.00      0.1054    
   69.00      0.8821E-01
   70.00      0.7464E-01
   71.00      0.6413E-01
   72.00      0.5610E-01
   73.00      0.4998E-01
   74.00      0.4525E-01
   75.00      0.4147E-01
   76.00      0.3831E-01
   77.00      0.3549E-01
   78.00      0.3283E-01
   79.00      0.3025E-01
   80.00      0.2768E-01
   81.00      0.2512E-01
   82.00      0.2259E-01
   83.00      0.2012E-01
   84.00      0.1775E-01
   85.00      0.1551E-01
   86.00      0.1344E-01
   87.00      0.1155E-01
   88.00      0.9865E-02
   89.00      0.8376E-02
   90.00      0.7078E-02
   91.00      0.5964E-02
   92.00      0.5020E-02
   93.00      0.4231E-02
   94.00      0.3577E-02
   95.00      0.3040E-02
   96.00      0.2603E-02
   97.00      0.2253E-02
   98.00      0.1977E-02
   99.00      0.1765E-02
   100.0      0.1607E-02
   101.0      0.1491E-02
   102.0      0.1409E-02
   103.0      0.1355E-02
   104.0      0.1321E-02
   105.0      0.1303E-02
   106.0      0.1294E-02
   107.0      0.1289E-02
   108.0      0.1282E-02
   109.0      0.1270E-02
   110.0      0.1251E-02
   111.0      0.1223E-02
   112.0      0.1186E-02
   113.0      0.1138E-02
   114.0      0.1080E-02
   115.0      0.1014E-02
   116.0      0.9395E-03
   117.0      0.8593E-03
   118.0      0.7758E-03
   119.0      0.6915E-03
   120.0      0.6086E-03
   121.0      0.5290E-03
   122.0      0.4543E-03
   123.0      0.3858E-03
   124.0      0.3250E-03
   125.0      0.2728E-03
   126.0      0.2298E-03
   127.0      0.1957E-03
   128.0      0.1699E-03
   129.0      0.1517E-03
   130.0      0.1406E-03
   131.0      0.1361E-03
   132.0      0.1372E-03
   133.0      0.1428E-03
   134.0      0.1514E-03
   135.0      0.1618E-03
   136.0      0.1729E-03
   137.0      0.1843E-03
   138.0      0.1952E-03
   139.0      0.2051E-03
   140.0      0.2133E-03
   141.0      0.2192E-03
   142.0      0.2228E-03
   143.0      0.2240E-03
   144.0      0.2233E-03
   145.0      0.2205E-03
   146.0      0.2155E-03
   147.0      0.2083E-03
   148.0      0.1992E-03
   149.0      0.1888E-03
   150.0      0.1777E-03
   151.0      0.1664E-03
   152.0      0.1550E-03
   153.0      0.1434E-03
   154.0      0.1316E-03
   155.0      0.1199E-03
   156.0      0.1086E-03
   157.0      0.9824E-04
   158.0      0.8886E-04
   159.0      0.8046E-04
   160.0      0.7287E-04
   161.0      0.6603E-04
   162.0      0.6000E-04
   163.0      0.5484E-04
   164.0      0.5048E-04
   165.0      0.4675E-04
   166.0      0.4350E-04
   167.0      0.4068E-04
   168.0      0.3836E-04
   169.0      0.3663E-04
   170.0      0.3545E-04
   171.0      0.3459E-04
   172.0      0.3374E-04
   173.0      0.3272E-04
   174.0      0.3161E-04
   175.0      0.3067E-04
   176.0      0.3022E-04
   177.0      0.3044E-04
   178.0      0.3111E-04
   179.0      0.3180E-04
   180.0      0.3208E-04
 END
