           2           1           1
    0.0-     1 1   1.753       0.000      0.9386E-02   1.744    
    1.0+     0 1   5.250       0.000      0.2401E-01   5.226    
    1.0+     2 2   5.274       0.000      0.2892E-01   5.245    
    1.0-     1 1   5.258       0.000      0.2603E-01   5.232    
    2.0+     2 1   8.782       0.000      0.4172E-01   8.740    
    2.0-     1 1   8.755       0.000      0.3561E-01   8.719    
    2.0-     3 2   8.821       0.000      0.4763E-01   8.773    
    3.0+     2 1   12.28       0.000      0.4275E-01   12.24    
    3.0+     4 2   12.41       0.000      0.6358E-01   12.35    
    3.0-     3 1   12.33       0.000      0.5480E-01   12.28    
    4.0+     4 1   15.93       0.000      0.6447E-01   15.87    
    4.0-     3 1   15.83       0.000      0.4592E-01   15.78    
    4.0-     5 2   16.05       0.000      0.7416E-01   15.98    
    5.0+     4 1   19.43       0.000      0.4575E-01   19.38    
    5.0+     6 2   19.78       0.000      0.7815E-01   19.71    
    5.0-     5 1   19.57       0.000      0.6951E-01   19.50    
    6.0+     6 1   23.32       0.000      0.6922E-01   23.26    
    6.0-     5 1   23.07       0.000      0.4298E-01   23.03    
    6.0-     7 2   23.53       0.000      0.7512E-01   23.46    
    7.0+     6 1   26.83       0.000      0.3810E-01   26.79    
    7.0+     8 2   27.48       0.000      0.6098E-01   27.42    
    7.0-     7 1   27.09       0.000      0.6448E-01   27.03    
    8.0+     8 1   31.04       0.000      0.5019E-01   30.99    
    8.0-     7 1   30.64       0.000      0.3270E-01   30.61    
    8.0-     9 2   31.09       0.000      0.7698E-01   31.01    
    9.0+     8 1   34.54       0.000      0.2398E-01   34.52    
    9.0+    10 2   32.06       0.000      0.1460       31.91    
    9.0-     9 1   34.97       0.000      0.5369E-01   34.91    
   10.0+    10 1   36.40       0.000      0.9992E-01   36.30    
   10.0-     9 1   38.75       0.000      0.2130E-01   38.72    
   10.0-    11 2   28.91       0.000      0.1983       28.71    
   11.0+    10 1   40.91       0.000      0.3948E-01   40.87    
   11.0+    12 2   22.84       0.000      0.1867       22.65    
   11.0-    11 1   33.06       0.000      0.1409       32.91    
   12.0+    12 1   26.04       0.000      0.1366       25.91    
   12.0-    11 1   37.66       0.000      0.6175E-01   37.60    
   12.0-    13 2   16.27       0.000      0.1372       16.13    
   13.0+    12 1   29.69       0.000      0.6624E-01   29.63    
   13.0+    14 2   10.80       0.000      0.8616E-01   10.71    
   13.0-    13 1   18.35       0.000      0.1020       18.25    
   14.0+    14 1   12.02       0.000      0.6454E-01   11.96    
   14.0-    13 1   20.72       0.000      0.5326E-01   20.66    
   14.0-    15 2   6.857       0.000      0.4920E-01   6.808    
   15.0+    14 1   13.38       0.000      0.3530E-01   13.34    
   15.0+    16 2   4.239       0.000      0.2653E-01   4.212    
   15.0-    15 1   7.535       0.000      0.3695E-01   7.499    
   16.0+    16 1   4.606       0.000      0.1996E-01   4.586    
   16.0-    15 1   8.270       0.000      0.2088E-01   8.249    
   16.0-    17 2   2.576       0.000      0.1382E-01   2.562    
   17.0+    16 1   4.995       0.000      0.1157E-01   4.984    
   17.0+    18 2   1.548       0.000      0.7048E-02   1.541    
   17.0-    17 1   2.773       0.000      0.1040E-01   2.763    
   18.0+    18 1   1.655       0.000      0.5298E-02   1.649    
   18.0-    17 1   2.979       0.000      0.6132E-02   2.973    
   18.0-    19 2  0.9238       0.000      0.3549E-02  0.9202    
   19.0+    18 1   1.764       0.000      0.3152E-02   1.761    
   19.0+    20 2  0.5480       0.000      0.1773E-02  0.5462    
   19.0-    19 1  0.9811       0.000      0.2660E-02  0.9785    
   20.0+    20 1  0.5792       0.000      0.1323E-02  0.5779    
   20.0-    19 1   1.040       0.000      0.1587E-02   1.038    
   20.0-    21 2  0.3236       0.000      0.8816E-03  0.3228    
   21.0+    20 1  0.6109       0.000      0.7878E-03  0.6101    
   21.0+    22 2  0.1905       0.000      0.4371E-03  0.1900    
   21.0-    21 1  0.3407       0.000      0.6549E-03  0.3401    
   22.0+    22 1  0.1998       0.000      0.3231E-03  0.1995    
   22.0-    21 1  0.3580       0.000      0.3880E-03  0.3576    
   22.0-    23 2  0.1117       0.000      0.2163E-03  0.1115    
   23.0+    22 1  0.2093       0.000      0.1901E-03  0.2091    
   23.0+    24 2  0.6537E-01   0.000      0.1069E-03  0.6526E-01
   23.0-    23 1  0.1169       0.000      0.1591E-03  0.1168    
   24.0+    24 1  0.6824E-01   0.000      0.7828E-04  0.6816E-01
   24.0-    23 1  0.1221       0.000      0.9296E-04  0.1220    
   24.0-    25 2  0.3815E-01   0.000      0.5284E-04  0.3809E-01
   25.0+    24 1  0.7112E-01   0.000      0.4539E-04  0.7107E-01
   25.0+    26 2  0.2221E-01   0.000      0.2610E-04  0.2219E-01
   25.0-    25 1  0.3974E-01   0.000      0.3850E-04  0.3970E-01
   26.0+    26 1  0.2310E-01   0.000      0.1894E-04  0.2308E-01
   26.0-    25 1  0.4134E-01   0.000      0.2216E-04  0.4132E-01
   26.0-    27 2  0.1291E-01   0.000      0.1289E-04  0.1290E-01
   27.0+    26 1  0.2399E-01   0.000      0.1082E-04  0.2398E-01
   27.0+    28 2  0.7488E-02   0.000      0.6368E-05  0.7481E-02
   27.0-    27 1  0.1340E-01   0.000      0.9316E-05  0.1339E-01
   28.0+    28 1  0.7762E-02   0.000      0.4584E-05  0.7758E-02
   28.0-    27 1  0.1390E-01   0.000      0.5285E-05  0.1389E-01
   28.0-    29 2  0.4336E-02   0.000      0.3146E-05  0.4332E-02
   29.0+    28 1  0.8037E-02   0.000      0.2583E-05  0.8035E-02
   29.0+    30 2  0.2506E-02   0.000      0.1554E-05  0.2505E-02
   29.0-    29 1  0.4489E-02   0.000      0.2257E-05  0.4486E-02
   30.0+    30 1  0.2592E-02   0.000      0.1111E-05  0.2591E-02
   30.0-    29 1  0.4642E-02   0.000      0.1263E-05  0.4640E-02
   30.0-    31 2  0.1447E-02   0.000      0.7680E-06  0.1446E-02
   31.0+    30 1  0.2677E-02   0.000      0.6185E-06  0.2676E-02
   31.0+    32 2  0.8338E-03   0.000      0.3795E-06  0.8335E-03
   31.0-    31 1  0.1494E-02   0.000      0.5474E-06  0.1494E-02
   32.0+    32 1  0.8604E-03   0.000      0.2697E-06  0.8601E-03
   32.0-    31 1  0.1542E-02   0.000      0.3029E-06  0.1542E-02
   32.0-    33 2  0.4800E-03   0.000      0.1876E-06  0.4798E-03
   33.0+    32 1  0.8869E-03   0.000      0.1485E-06  0.8867E-03
   33.0+    34 2  0.2759E-03   0.000      0.9272E-07  0.2758E-03
   33.0-    33 1  0.4948E-03   0.000      0.1329E-06  0.4946E-03
   34.0+    34 1  0.2842E-03   0.000      0.6555E-07  0.2841E-03
   34.0-    33 1  0.5095E-03   0.000      0.7282E-07  0.5095E-03
   34.0-    35 2  0.1584E-03   0.000      0.4584E-07  0.1584E-03
   35.0+    34 1  0.2924E-03   0.000      0.3573E-07  0.2924E-03
   35.0+    36 2  0.9087E-04   0.000      0.2266E-07  0.9085E-04
   35.0-    35 1  0.1630E-03   0.000      0.3233E-07  0.1630E-03
   36.0+    36 1  0.9343E-04   0.000      0.1595E-07  0.9342E-04
   36.0-    35 1  0.1676E-03   0.000      0.1754E-07  0.1676E-03
   36.0-    37 2  0.5206E-04   0.000      0.1121E-07  0.5205E-04
   37.0+    36 1  0.9599E-04   0.000      0.8617E-08  0.9598E-04
   37.0+    38 2  0.2980E-04   0.000      0.5542E-08  0.2979E-04
   37.0-    37 1  0.5349E-04   0.000      0.7868E-08  0.5348E-04
   38.0+    38 1  0.3059E-04   0.000      0.3883E-08  0.3059E-04
   38.0-    37 1  0.5492E-04   0.000      0.4235E-08  0.5491E-04
   38.0-    39 2  0.1704E-04   0.000      0.2741E-08  0.1704E-04
   39.0+    38 1  0.3139E-04   0.000      0.2082E-08  0.3139E-04
   39.0+    40 2  0.9734E-05   0.000      0.1356E-08  0.9732E-05
   39.0-    39 1  0.1748E-04   0.000      0.1917E-08  0.1748E-04
   40.0+    40 1  0.9980E-05   0.000      0.9464E-09  0.9979E-05
   40.0-    39 1  0.1792E-04   0.000      0.1024E-08  0.1792E-04
   40.0-    41 2  0.5556E-05   0.000      0.6706E-09  0.5555E-05
   41.0+    40 1  0.1023E-04   0.000      0.5038E-09  0.1023E-04
   41.0+    42 2  0.3168E-05   0.000      0.3317E-09  0.3168E-05
   41.0-    41 1  0.5693E-05   0.000      0.4673E-09  0.5692E-05
   42.0+    42 1  0.3245E-05   0.000      0.2308E-09  0.3244E-05
   42.0-    41 1  0.5830E-05   0.000      0.2480E-09  0.5830E-05
   42.0-    43 2  0.1805E-05   0.000      0.1641E-09  0.1805E-05
   43.0+    42 1  0.3321E-05   0.000      0.1221E-09  0.3321E-05
   43.0+    44 2  0.1028E-05   0.000      0.8120E-10  0.1028E-05
   43.0-    43 1  0.1848E-05   0.000      0.1140E-09  0.1848E-05
   44.0+    44 1  0.1052E-05   0.000      0.5632E-10  0.1052E-05
   44.0-    43 1  0.1890E-05   0.000      0.6011E-10  0.1890E-05
   44.0-    45 2  0.5849E-06   0.000      0.4018E-10  0.5848E-06
   45.0+    44 1  0.1075E-05   0.000      0.2961E-10  0.1075E-05
   45.0+    46 2  0.3325E-06   0.000      0.1988E-10  0.3325E-06
   45.0-    45 1  0.5980E-06   0.000      0.2783E-10  0.5980E-06
   46.0+    46 1  0.3399E-06   0.000      0.1375E-10  0.3398E-06
   46.0-    45 1  0.6112E-06   0.000      0.1459E-10  0.6111E-06
   46.0-    47 2  0.1889E-06   0.000      0.9839E-11  0.1889E-06
   47.0+    46 1  0.3472E-06   0.000      0.7191E-11  0.3472E-06
   47.0+    48 2  0.1073E-06   0.000      0.4869E-11  0.1073E-06
   47.0-    47 1  0.1930E-06   0.000      0.6796E-11  0.1930E-06
   48.0+    48 1  0.1095E-06   0.000      0.3359E-11  0.1095E-06
   48.0-    47 1  0.1971E-06   0.000      0.3545E-11  0.1971E-06
   48.0-    49 2  0.6088E-07   0.000      0.2410E-11  0.6088E-07
   49.0+    48 1  0.1118E-06   0.000      0.1748E-11  0.1118E-06
   49.0+    50 2  0.3453E-07   0.000      0.1193E-11  0.3453E-07
   49.0-    49 1  0.6214E-07   0.000      0.1660E-11  0.6213E-07
   50.0+    50 1  0.3522E-07   0.000      0.8208E-12  0.3522E-07
   50.0-    49 1  0.6339E-07   0.000      0.8620E-12  0.6339E-07
   50.0-    51 2  0.1957E-07   0.000      0.5903E-12  0.1957E-07
   51.0+    50 1  0.3592E-07   0.000      0.4252E-12  0.3592E-07
   51.0+    52 2  0.1109E-07   0.000      0.2922E-12  0.1109E-07
   51.0-    51 1  0.1996E-07   0.000      0.4058E-12  0.1996E-07
   52.0+    52 1  0.1130E-07   0.000      0.2006E-12  0.1130E-07
   52.0-    51 1  0.2034E-07   0.000      0.2098E-12  0.2034E-07
   52.0-    53 2  0.6276E-08   0.000      0.1446E-12  0.6276E-08
   53.0+    52 1  0.1152E-07   0.000      0.1035E-12  0.1152E-07
   53.0+    54 2  0.3552E-08   0.000      0.7159E-13  0.3552E-08
   53.0-    53 1  0.6396E-08   0.000      0.9922E-13  0.6396E-08
   54.0+    54 1  0.3617E-08   0.000      0.4906E-13  0.3617E-08
   54.0-    53 1  0.6515E-08   0.000      0.5108E-13  0.6515E-08
   54.0-    55 2  0.2008E-08   0.000      0.3544E-13  0.2008E-08
   55.0+    54 1  0.3684E-08   0.000      0.2521E-13  0.3684E-08
   55.0+    56 2  0.1135E-08   0.000      0.1755E-13  0.1135E-08
   55.0-    55 1  0.2046E-08   0.000      0.2427E-13  0.2046E-08
   56.0+    56 1  0.1156E-08   0.000      0.1200E-13  0.1156E-08
   56.0-    55 1  0.2083E-08   0.000      0.1244E-13  0.2083E-08
   56.0-    57 2  0.6418E-09   0.000      0.8686E-14  0.6418E-09
   57.0+    56 1  0.1177E-08   0.000      0.6144E-14  0.1177E-08
   57.0+    58 2  0.3627E-09   0.000      0.4300E-14  0.3627E-09
   57.0-    57 1  0.6527E-09   0.000      0.5936E-14  0.6526E-09
   58.0+    58 1  0.3685E-09   0.000      0.2936E-14  0.3685E-09
   58.0-    57 1  0.6652E-09   0.000      0.3034E-14  0.6652E-09
   58.0-    59 2  0.2046E-09   0.000      0.2129E-14  0.2046E-09
   59.0+    58 1  0.3750E-09   0.000      0.1498E-14  0.3750E-09
   59.0+    60 2  0.1159E-09   0.000      0.1054E-14  0.1159E-09
   59.0-    59 1  0.2082E-09   0.000      0.1453E-14  0.2082E-09
   60.0+    60 1  0.1180E-09   0.000      0.7186E-15  0.1180E-09
   60.0-    59 1  0.2111E-09   0.000      0.7399E-15  0.2111E-09
   60.0-    61 2  0.6529E-10   0.000      0.5219E-15  0.6529E-10
