# 178 angles,  1 tensor ranks for 0=projectile
@subtitle   "20O(d,t) @ 30AMeV Haixia (d) + Pang (t)"                                       
@legend ON
@legend x1 0.2
@legend y1 0.8
@g0 type LOGY
@yaxis ticklabel format power
@legend string   0 "Lab energy =   70.0000"
#legend string   0 "Partition=  2 Excit=  1 near/far= 1"
#  Theta       sigma       iT11        T20         T21         T22         Kyy for projectile
   3.000       6.155    
   4.000       6.041    
   5.000       5.929    
   6.000       5.814    
   7.000       5.678    
   8.000       5.491    
   9.000       5.222    
   10.00       4.851    
   11.00       4.376    
   12.00       3.815    
   13.00       3.200    
   14.00       2.577    
   15.00       1.991    
   16.00       1.481    
   17.00       1.070    
   18.00      0.7705    
   19.00      0.5767    
   20.00      0.4731    
   21.00      0.4376    
   22.00      0.4464    
   23.00      0.4782    
   24.00      0.5168    
   25.00      0.5521    
   26.00      0.5800    
   27.00      0.6009    
   28.00      0.6183    
   29.00      0.6364    
   30.00      0.6592    
   31.00      0.6891    
   32.00      0.7264    
   33.00      0.7697    
   34.00      0.8159    
   35.00      0.8611    
   36.00      0.9014    
   37.00      0.9334    
   38.00      0.9544    
   39.00      0.9630    
   40.00      0.9592    
   41.00      0.9436    
   42.00      0.9180    
   43.00      0.8845    
   44.00      0.8455    
   45.00      0.8030    
   46.00      0.7591    
   47.00      0.7151    
   48.00      0.6723    
   49.00      0.6311    
   50.00      0.5919    
   51.00      0.5545    
   52.00      0.5190    
   53.00      0.4849    
   54.00      0.4521    
   55.00      0.4204    
   56.00      0.3896    
   57.00      0.3597    
   58.00      0.3308    
   59.00      0.3031    
   60.00      0.2765    
   61.00      0.2514    
   62.00      0.2278    
   63.00      0.2058    
   64.00      0.1856    
   65.00      0.1671    
   66.00      0.1503    
   67.00      0.1351    
   68.00      0.1214    
   69.00      0.1091    
   70.00      0.9807E-01
   71.00      0.8818E-01
   72.00      0.7928E-01
   73.00      0.7126E-01
   74.00      0.6402E-01
   75.00      0.5747E-01
   76.00      0.5152E-01
   77.00      0.4612E-01
   78.00      0.4122E-01
   79.00      0.3677E-01
   80.00      0.3274E-01
   81.00      0.2910E-01
   82.00      0.2583E-01
   83.00      0.2289E-01
   84.00      0.2027E-01
   85.00      0.1793E-01
   86.00      0.1586E-01
   87.00      0.1403E-01
   88.00      0.1241E-01
   89.00      0.1098E-01
   90.00      0.9726E-02
   91.00      0.8618E-02
   92.00      0.7641E-02
   93.00      0.6779E-02
   94.00      0.6015E-02
   95.00      0.5339E-02
   96.00      0.4738E-02
   97.00      0.4203E-02
   98.00      0.3726E-02
   99.00      0.3301E-02
   100.0      0.2921E-02
   101.0      0.2583E-02
   102.0      0.2281E-02
   103.0      0.2012E-02
   104.0      0.1773E-02
   105.0      0.1562E-02
   106.0      0.1375E-02
   107.0      0.1210E-02
   108.0      0.1065E-02
   109.0      0.9371E-03
   110.0      0.8253E-03
   111.0      0.7274E-03
   112.0      0.6418E-03
   113.0      0.5670E-03
   114.0      0.5015E-03
   115.0      0.4442E-03
   116.0      0.3939E-03
   117.0      0.3498E-03
   118.0      0.3110E-03
   119.0      0.2768E-03
   120.0      0.2465E-03
   121.0      0.2197E-03
   122.0      0.1959E-03
   123.0      0.1747E-03
   124.0      0.1558E-03
   125.0      0.1389E-03
   126.0      0.1239E-03
   127.0      0.1105E-03
   128.0      0.9858E-04
   129.0      0.8794E-04
   130.0      0.7847E-04
   131.0      0.7005E-04
   132.0      0.6258E-04
   133.0      0.5597E-04
   134.0      0.5011E-04
   135.0      0.4494E-04
   136.0      0.4038E-04
   137.0      0.3636E-04
   138.0      0.3282E-04
   139.0      0.2971E-04
   140.0      0.2697E-04
   141.0      0.2457E-04
   142.0      0.2246E-04
   143.0      0.2060E-04
   144.0      0.1896E-04
   145.0      0.1753E-04
   146.0      0.1626E-04
   147.0      0.1514E-04
   148.0      0.1415E-04
   149.0      0.1327E-04
   150.0      0.1249E-04
   151.0      0.1179E-04
   152.0      0.1115E-04
   153.0      0.1057E-04
   154.0      0.1004E-04
   155.0      0.9547E-05
   156.0      0.9084E-05
   157.0      0.8647E-05
   158.0      0.8231E-05
   159.0      0.7833E-05
   160.0      0.7453E-05
   161.0      0.7088E-05
   162.0      0.6741E-05
   163.0      0.6411E-05
   164.0      0.6101E-05
   165.0      0.5811E-05
   166.0      0.5545E-05
   167.0      0.5303E-05
   168.0      0.5086E-05
   169.0      0.4896E-05
   170.0      0.4731E-05
   171.0      0.4593E-05
   172.0      0.4478E-05
   173.0      0.4385E-05
   174.0      0.4313E-05
   175.0      0.4257E-05
   176.0      0.4217E-05
   177.0      0.4188E-05
   178.0      0.4169E-05
   179.0      0.4159E-05
   180.0      0.4156E-05
 END
