# 178 angles,  1 tensor ranks for 0=projectile
@subtitle   "20O + d inelastic scattering;"                                                 
@legend ON
@legend x1 0.2
@legend y1 0.8
@g0 type LOGY
@yaxis ticklabel format power
@legend string   0 "Lab energy =   70.0000"
#legend string   0 "Partition=  1 Excit=  1 near/far= 1"
#  Theta       sigma       iT11        T20         T21         T22         Kyy for projectile
   3.000      0.2949E+05
   4.000      0.1222E+05
   5.000       8304.    
   6.000       6634.    
   7.000       5399.    
   8.000       4280.    
   9.000       3256.    
   10.00       2356.    
   11.00       1605.    
   12.00       1016.    
   13.00       584.5    
   14.00       293.6    
   15.00       119.8    
   16.00       35.78    
   17.00       14.52    
   18.00       31.60    
   19.00       67.10    
   20.00       106.2    
   21.00       139.2    
   22.00       160.9    
   23.00       169.7    
   24.00       166.7    
   25.00       154.4    
   26.00       136.0    
   27.00       114.6    
   28.00       93.16    
   29.00       73.61    
   30.00       57.26    
   31.00       44.66    
   32.00       35.79    
   33.00       30.18    
   34.00       27.15    
   35.00       25.91    
   36.00       25.72    
   37.00       25.92    
   38.00       26.06    
   39.00       25.81    
   40.00       25.02    
   41.00       23.68    
   42.00       21.86    
   43.00       19.68    
   44.00       17.31    
   45.00       14.90    
   46.00       12.57    
   47.00       10.44    
   48.00       8.576    
   49.00       7.002    
   50.00       5.726    
   51.00       4.726    
   52.00       3.968    
   53.00       3.408    
   54.00       3.000    
   55.00       2.701    
   56.00       2.473    
   57.00       2.287    
   58.00       2.121    
   59.00       1.960    
   60.00       1.798    
   61.00       1.631    
   62.00       1.460    
   63.00       1.289    
   64.00       1.121    
   65.00      0.9623    
   66.00      0.8153    
   67.00      0.6830    
   68.00      0.5672    
   69.00      0.4683    
   70.00      0.3859    
   71.00      0.3189    
   72.00      0.2655    
   73.00      0.2236    
   74.00      0.1913    
   75.00      0.1664    
   76.00      0.1471    
   77.00      0.1319    
   78.00      0.1195    
   79.00      0.1088    
   80.00      0.9933E-01
   81.00      0.9049E-01
   82.00      0.8204E-01
   83.00      0.7388E-01
   84.00      0.6599E-01
   85.00      0.5841E-01
   86.00      0.5121E-01
   87.00      0.4449E-01
   88.00      0.3831E-01
   89.00      0.3272E-01
   90.00      0.2775E-01
   91.00      0.2341E-01
   92.00      0.1968E-01
   93.00      0.1652E-01
   94.00      0.1389E-01
   95.00      0.1172E-01
   96.00      0.9959E-02
   97.00      0.8538E-02
   98.00      0.7401E-02
   99.00      0.6494E-02
   100.0      0.5770E-02
   101.0      0.5187E-02
   102.0      0.4712E-02
   103.0      0.4316E-02
   104.0      0.3977E-02
   105.0      0.3679E-02
   106.0      0.3410E-02
   107.0      0.3161E-02
   108.0      0.2927E-02
   109.0      0.2703E-02
   110.0      0.2488E-02
   111.0      0.2281E-02
   112.0      0.2082E-02
   113.0      0.1892E-02
   114.0      0.1711E-02
   115.0      0.1540E-02
   116.0      0.1380E-02
   117.0      0.1231E-02
   118.0      0.1095E-02
   119.0      0.9710E-03
   120.0      0.8593E-03
   121.0      0.7598E-03
   122.0      0.6721E-03
   123.0      0.5957E-03
   124.0      0.5299E-03
   125.0      0.4737E-03
   126.0      0.4264E-03
   127.0      0.3870E-03
   128.0      0.3544E-03
   129.0      0.3277E-03
   130.0      0.3059E-03
   131.0      0.2880E-03
   132.0      0.2733E-03
   133.0      0.2609E-03
   134.0      0.2502E-03
   135.0      0.2407E-03
   136.0      0.2317E-03
   137.0      0.2230E-03
   138.0      0.2142E-03
   139.0      0.2052E-03
   140.0      0.1959E-03
   141.0      0.1861E-03
   142.0      0.1758E-03
   143.0      0.1652E-03
   144.0      0.1544E-03
   145.0      0.1433E-03
   146.0      0.1323E-03
   147.0      0.1214E-03
   148.0      0.1108E-03
   149.0      0.1007E-03
   150.0      0.9118E-04
   151.0      0.8236E-04
   152.0      0.7435E-04
   153.0      0.6724E-04
   154.0      0.6107E-04
   155.0      0.5586E-04
   156.0      0.5162E-04
   157.0      0.4830E-04
   158.0      0.4586E-04
   159.0      0.4420E-04
   160.0      0.4323E-04
   161.0      0.4285E-04
   162.0      0.4293E-04
   163.0      0.4335E-04
   164.0      0.4399E-04
   165.0      0.4474E-04
   166.0      0.4551E-04
   167.0      0.4622E-04
   168.0      0.4679E-04
   169.0      0.4718E-04
   170.0      0.4738E-04
   171.0      0.4737E-04
   172.0      0.4718E-04
   173.0      0.4685E-04
   174.0      0.4640E-04
   175.0      0.4590E-04
   176.0      0.4540E-04
   177.0      0.4495E-04
   178.0      0.4459E-04
   179.0      0.4435E-04
   180.0      0.4427E-04
 END
