# 178 angles,  1 tensor ranks for 0=projectile
@subtitle   "18O(d,t) @ 52 MeV Daeh (d) + Pang (t) 2nd round of states"                     
@legend ON
@legend x1 0.2
@legend y1 0.8
@g0 type LOGY
@yaxis ticklabel format power
@legend string   0 "Lab energy =   52.0000"
#legend string   0 "Partition=  2 Excit=  6 near/far= 1"
#  Theta       sigma       iT11        T20         T21         T22         Kyy for projectile
   3.000      0.8375    
   4.000       1.025    
   5.000       1.218    
   6.000       1.393    
   7.000       1.526    
   8.000       1.602    
   9.000       1.613    
   10.00       1.560    
   11.00       1.451    
   12.00       1.300    
   13.00       1.124    
   14.00      0.9407    
   15.00      0.7677    
   16.00      0.6176    
   17.00      0.4990    
   18.00      0.4154    
   19.00      0.3659    
   20.00      0.3458    
   21.00      0.3481    
   22.00      0.3645    
   23.00      0.3868    
   24.00      0.4080    
   25.00      0.4228    
   26.00      0.4279    
   27.00      0.4221    
   28.00      0.4060    
   29.00      0.3815    
   30.00      0.3513    
   31.00      0.3187    
   32.00      0.2865    
   33.00      0.2571    
   34.00      0.2325    
   35.00      0.2134    
   36.00      0.2001    
   37.00      0.1923    
   38.00      0.1889    
   39.00      0.1888    
   40.00      0.1908    
   41.00      0.1936    
   42.00      0.1963    
   43.00      0.1981    
   44.00      0.1985    
   45.00      0.1976    
   46.00      0.1954    
   47.00      0.1921    
   48.00      0.1881    
   49.00      0.1840    
   50.00      0.1800    
   51.00      0.1766    
   52.00      0.1739    
   53.00      0.1721    
   54.00      0.1712    
   55.00      0.1709    
   56.00      0.1712    
   57.00      0.1717    
   58.00      0.1722    
   59.00      0.1725    
   60.00      0.1722    
   61.00      0.1712    
   62.00      0.1694    
   63.00      0.1667    
   64.00      0.1631    
   65.00      0.1587    
   66.00      0.1535    
   67.00      0.1478    
   68.00      0.1416    
   69.00      0.1351    
   70.00      0.1286    
   71.00      0.1220    
   72.00      0.1156    
   73.00      0.1094    
   74.00      0.1035    
   75.00      0.9794E-01
   76.00      0.9277E-01
   77.00      0.8794E-01
   78.00      0.8346E-01
   79.00      0.7927E-01
   80.00      0.7535E-01
   81.00      0.7165E-01
   82.00      0.6813E-01
   83.00      0.6474E-01
   84.00      0.6147E-01
   85.00      0.5828E-01
   86.00      0.5516E-01
   87.00      0.5210E-01
   88.00      0.4910E-01
   89.00      0.4616E-01
   90.00      0.4329E-01
   91.00      0.4050E-01
   92.00      0.3780E-01
   93.00      0.3520E-01
   94.00      0.3272E-01
   95.00      0.3037E-01
   96.00      0.2815E-01
   97.00      0.2607E-01
   98.00      0.2413E-01
   99.00      0.2233E-01
   100.0      0.2067E-01
   101.0      0.1914E-01
   102.0      0.1773E-01
   103.0      0.1644E-01
   104.0      0.1526E-01
   105.0      0.1418E-01
   106.0      0.1318E-01
   107.0      0.1227E-01
   108.0      0.1142E-01
   109.0      0.1064E-01
   110.0      0.9904E-02
   111.0      0.9222E-02
   112.0      0.8583E-02
   113.0      0.7983E-02
   114.0      0.7418E-02
   115.0      0.6887E-02
   116.0      0.6386E-02
   117.0      0.5914E-02
   118.0      0.5470E-02
   119.0      0.5052E-02
   120.0      0.4661E-02
   121.0      0.4296E-02
   122.0      0.3954E-02
   123.0      0.3637E-02
   124.0      0.3343E-02
   125.0      0.3071E-02
   126.0      0.2821E-02
   127.0      0.2591E-02
   128.0      0.2380E-02
   129.0      0.2187E-02
   130.0      0.2010E-02
   131.0      0.1850E-02
   132.0      0.1704E-02
   133.0      0.1571E-02
   134.0      0.1450E-02
   135.0      0.1340E-02
   136.0      0.1240E-02
   137.0      0.1150E-02
   138.0      0.1067E-02
   139.0      0.9922E-03
   140.0      0.9238E-03
   141.0      0.8614E-03
   142.0      0.8043E-03
   143.0      0.7519E-03
   144.0      0.7038E-03
   145.0      0.6594E-03
   146.0      0.6183E-03
   147.0      0.5800E-03
   148.0      0.5441E-03
   149.0      0.5103E-03
   150.0      0.4783E-03
   151.0      0.4478E-03
   152.0      0.4187E-03
   153.0      0.3907E-03
   154.0      0.3639E-03
   155.0      0.3382E-03
   156.0      0.3138E-03
   157.0      0.2908E-03
   158.0      0.2695E-03
   159.0      0.2500E-03
   160.0      0.2326E-03
   161.0      0.2178E-03
   162.0      0.2056E-03
   163.0      0.1965E-03
   164.0      0.1905E-03
   165.0      0.1879E-03
   166.0      0.1885E-03
   167.0      0.1923E-03
   168.0      0.1992E-03
   169.0      0.2088E-03
   170.0      0.2206E-03
   171.0      0.2341E-03
   172.0      0.2488E-03
   173.0      0.2640E-03
   174.0      0.2789E-03
   175.0      0.2930E-03
   176.0      0.3055E-03
   177.0      0.3159E-03
   178.0      0.3236E-03
   179.0      0.3285E-03
   180.0      0.3301E-03
 END
