# 178 angles,  1 tensor ranks for 0=projectile
@subtitle   "18O(d,t) @ 52 MeV Daeh (d) + Pang (t) 2nd round of states"                     
@legend ON
@legend x1 0.2
@legend y1 0.8
@g0 type LOGY
@yaxis ticklabel format power
@legend string   0 "Lab energy =   52.0000"
#legend string   0 "Partition=  2 Excit=  2 near/far= 1"
#  Theta       sigma       iT11        T20         T21         T22         Kyy for projectile
   3.000       1.472    
   4.000       1.989    
   5.000       2.504    
   6.000       2.942    
   7.000       3.244    
   8.000       3.373    
   9.000       3.321    
   10.00       3.105    
   11.00       2.761    
   12.00       2.340    
   13.00       1.895    
   14.00       1.475    
   15.00       1.116    
   16.00      0.8440    
   17.00      0.6656    
   18.00      0.5758    
   19.00      0.5589    
   20.00      0.5932    
   21.00      0.6547    
   22.00      0.7214    
   23.00      0.7756    
   24.00      0.8053    
   25.00      0.8048    
   26.00      0.7739    
   27.00      0.7171    
   28.00      0.6417    
   29.00      0.5561    
   30.00      0.4689    
   31.00      0.3874    
   32.00      0.3169    
   33.00      0.2607    
   34.00      0.2198    
   35.00      0.1937    
   36.00      0.1802    
   37.00      0.1766    
   38.00      0.1798    
   39.00      0.1868    
   40.00      0.1950    
   41.00      0.2027    
   42.00      0.2086    
   43.00      0.2124    
   44.00      0.2139    
   45.00      0.2138    
   46.00      0.2126    
   47.00      0.2111    
   48.00      0.2099    
   49.00      0.2095    
   50.00      0.2103    
   51.00      0.2121    
   52.00      0.2150    
   53.00      0.2185    
   54.00      0.2223    
   55.00      0.2259    
   56.00      0.2288    
   57.00      0.2306    
   58.00      0.2311    
   59.00      0.2301    
   60.00      0.2275    
   61.00      0.2233    
   62.00      0.2179    
   63.00      0.2112    
   64.00      0.2037    
   65.00      0.1956    
   66.00      0.1872    
   67.00      0.1788    
   68.00      0.1704    
   69.00      0.1624    
   70.00      0.1548    
   71.00      0.1476    
   72.00      0.1409    
   73.00      0.1346    
   74.00      0.1288    
   75.00      0.1233    
   76.00      0.1180    
   77.00      0.1129    
   78.00      0.1080    
   79.00      0.1031    
   80.00      0.9818E-01
   81.00      0.9332E-01
   82.00      0.8846E-01
   83.00      0.8362E-01
   84.00      0.7881E-01
   85.00      0.7407E-01
   86.00      0.6942E-01
   87.00      0.6491E-01
   88.00      0.6056E-01
   89.00      0.5641E-01
   90.00      0.5248E-01
   91.00      0.4878E-01
   92.00      0.4533E-01
   93.00      0.4212E-01
   94.00      0.3916E-01
   95.00      0.3644E-01
   96.00      0.3394E-01
   97.00      0.3165E-01
   98.00      0.2955E-01
   99.00      0.2761E-01
   100.0      0.2582E-01
   101.0      0.2416E-01
   102.0      0.2262E-01
   103.0      0.2118E-01
   104.0      0.1982E-01
   105.0      0.1853E-01
   106.0      0.1732E-01
   107.0      0.1617E-01
   108.0      0.1507E-01
   109.0      0.1403E-01
   110.0      0.1304E-01
   111.0      0.1211E-01
   112.0      0.1123E-01
   113.0      0.1039E-01
   114.0      0.9612E-02
   115.0      0.8882E-02
   116.0      0.8202E-02
   117.0      0.7571E-02
   118.0      0.6988E-02
   119.0      0.6451E-02
   120.0      0.5959E-02
   121.0      0.5508E-02
   122.0      0.5097E-02
   123.0      0.4723E-02
   124.0      0.4382E-02
   125.0      0.4073E-02
   126.0      0.3791E-02
   127.0      0.3534E-02
   128.0      0.3300E-02
   129.0      0.3085E-02
   130.0      0.2888E-02
   131.0      0.2705E-02
   132.0      0.2535E-02
   133.0      0.2376E-02
   134.0      0.2226E-02
   135.0      0.2085E-02
   136.0      0.1952E-02
   137.0      0.1826E-02
   138.0      0.1706E-02
   139.0      0.1593E-02
   140.0      0.1487E-02
   141.0      0.1387E-02
   142.0      0.1295E-02
   143.0      0.1209E-02
   144.0      0.1130E-02
   145.0      0.1057E-02
   146.0      0.9915E-03
   147.0      0.9316E-03
   148.0      0.8772E-03
   149.0      0.8275E-03
   150.0      0.7819E-03
   151.0      0.7396E-03
   152.0      0.6999E-03
   153.0      0.6622E-03
   154.0      0.6261E-03
   155.0      0.5913E-03
   156.0      0.5577E-03
   157.0      0.5255E-03
   158.0      0.4951E-03
   159.0      0.4669E-03
   160.0      0.4416E-03
   161.0      0.4201E-03
   162.0      0.4029E-03
   163.0      0.3908E-03
   164.0      0.3844E-03
   165.0      0.3841E-03
   166.0      0.3900E-03
   167.0      0.4022E-03
   168.0      0.4202E-03
   169.0      0.4435E-03
   170.0      0.4713E-03
   171.0      0.5023E-03
   172.0      0.5354E-03
   173.0      0.5691E-03
   174.0      0.6022E-03
   175.0      0.6330E-03
   176.0      0.6604E-03
   177.0      0.6830E-03
   178.0      0.6999E-03
   179.0      0.7104E-03
   180.0      0.7139E-03
 END
