# 178 angles,  1 tensor ranks for 0=projectile
@subtitle   "20O + d 2+1 inelastic;"                                                        
@legend ON
@legend x1 0.2
@legend y1 0.8
@g0 type LOGY
@yaxis ticklabel format power
@legend string   0 "Lab energy =   70.0000"
#legend string   0 "Partition=  1 Excit=  2 near/far= 1"
#  Theta       sigma       iT11        T20         T21         T22         Kyy for projectile
   3.000       3.568    
   4.000       3.196    
   5.000       2.879    
   6.000       2.753    
   7.000       2.917    
   8.000       3.372    
   9.000       4.021    
   10.00       4.721    
   11.00       5.352    
   12.00       5.833    
   13.00       6.114    
   14.00       6.162    
   15.00       5.953    
   16.00       5.496    
   17.00       4.844    
   18.00       4.083    
   19.00       3.312    
   20.00       2.612    
   21.00       2.034    
   22.00       1.604    
   23.00       1.325    
   24.00       1.188    
   25.00       1.168    
   26.00       1.230    
   27.00       1.330    
   28.00       1.431    
   29.00       1.508    
   30.00       1.547    
   31.00       1.542    
   32.00       1.495    
   33.00       1.408    
   34.00       1.292    
   35.00       1.159    
   36.00       1.024    
   37.00      0.8972    
   38.00      0.7862    
   39.00      0.6938    
   40.00      0.6207    
   41.00      0.5666    
   42.00      0.5294    
   43.00      0.5052    
   44.00      0.4886    
   45.00      0.4743    
   46.00      0.4585    
   47.00      0.4392    
   48.00      0.4160    
   49.00      0.3889    
   50.00      0.3582    
   51.00      0.3246    
   52.00      0.2893    
   53.00      0.2540    
   54.00      0.2202    
   55.00      0.1892    
   56.00      0.1615    
   57.00      0.1375    
   58.00      0.1173    
   59.00      0.1008    
   60.00      0.8795E-01
   61.00      0.7798E-01
   62.00      0.7021E-01
   63.00      0.6400E-01
   64.00      0.5886E-01
   65.00      0.5445E-01
   66.00      0.5045E-01
   67.00      0.4657E-01
   68.00      0.4263E-01
   69.00      0.3863E-01
   70.00      0.3470E-01
   71.00      0.3095E-01
   72.00      0.2739E-01
   73.00      0.2401E-01
   74.00      0.2080E-01
   75.00      0.1785E-01
   76.00      0.1529E-01
   77.00      0.1316E-01
   78.00      0.1144E-01
   79.00      0.1003E-01
   80.00      0.8851E-02
   81.00      0.7865E-02
   82.00      0.7075E-02
   83.00      0.6458E-02
   84.00      0.5948E-02
   85.00      0.5472E-02
   86.00      0.5000E-02
   87.00      0.4547E-02
   88.00      0.4137E-02
   89.00      0.3776E-02
   90.00      0.3438E-02
   91.00      0.3094E-02
   92.00      0.2737E-02
   93.00      0.2395E-02
   94.00      0.2097E-02
   95.00      0.1852E-02
   96.00      0.1647E-02
   97.00      0.1467E-02
   98.00      0.1307E-02
   99.00      0.1172E-02
   100.0      0.1071E-02
   101.0      0.9978E-03
   102.0      0.9348E-03
   103.0      0.8719E-03
   104.0      0.8124E-03
   105.0      0.7630E-03
   106.0      0.7244E-03
   107.0      0.6913E-03
   108.0      0.6546E-03
   109.0      0.6089E-03
   110.0      0.5586E-03
   111.0      0.5116E-03
   112.0      0.4688E-03
   113.0      0.4248E-03
   114.0      0.3780E-03
   115.0      0.3324E-03
   116.0      0.2932E-03
   117.0      0.2634E-03
   118.0      0.2408E-03
   119.0      0.2175E-03
   120.0      0.1881E-03
   121.0      0.1576E-03
   122.0      0.1350E-03
   123.0      0.1232E-03
   124.0      0.1184E-03
   125.0      0.1148E-03
   126.0      0.1077E-03
   127.0      0.9678E-04
   128.0      0.8759E-04
   129.0      0.8397E-04
   130.0      0.8253E-04
   131.0      0.7842E-04
   132.0      0.7201E-04
   133.0      0.6632E-04
   134.0      0.6334E-04
   135.0      0.6401E-04
   136.0      0.6613E-04
   137.0      0.6414E-04
   138.0      0.5612E-04
   139.0      0.4727E-04
   140.0      0.4267E-04
   141.0      0.4206E-04
   142.0      0.4334E-04
   143.0      0.4446E-04
   144.0      0.4261E-04
   145.0      0.3768E-04
   146.0      0.3381E-04
   147.0      0.3293E-04
   148.0      0.3204E-04
   149.0      0.2967E-04
   150.0      0.2780E-04
   151.0      0.2676E-04
   152.0      0.2570E-04
   153.0      0.2586E-04
   154.0      0.2695E-04
   155.0      0.2548E-04
   156.0      0.2140E-04
   157.0      0.1888E-04
   158.0      0.1869E-04
   159.0      0.1816E-04
   160.0      0.1766E-04
   161.0      0.1830E-04
   162.0      0.1761E-04
   163.0      0.1502E-04
   164.0      0.1430E-04
   165.0      0.1556E-04
   166.0      0.1481E-04
   167.0      0.1291E-04
   168.0      0.1364E-04
   169.0      0.1510E-04
   170.0      0.1428E-04
   171.0      0.1407E-04
   172.0      0.1633E-04
   173.0      0.1779E-04
   174.0      0.1872E-04
   175.0      0.2255E-04
   176.0      0.2559E-04
   177.0      0.2283E-04
   178.0      0.2030E-04
   179.0      0.2449E-04
   180.0      0.2831E-04
 END
