# 181 angles,  1 tensor ranks for 0=projectile
@subtitle   "20O(p,d) @ 30AMeV CH89 (p) + ADWA (d)"                                         
@legend ON
@legend x1 0.2
@legend y1 0.8
@g0 type LOGY
@yaxis ticklabel format power
@legend string   0 "Lab energy =   35.0000"
#legend string   0 "Partition=  2 Excit=  1 near/far= 1"
#  Theta       sigma       iT11        T20         T21         T22         Kyy for projectile
   0.000       7.782    
   1.000       7.768    
   2.000       7.725    
   3.000       7.657    
   4.000       7.566    
   5.000       7.457    
   6.000       7.334    
   7.000       7.200    
   8.000       7.057    
   9.000       6.905    
   10.00       6.745    
   11.00       6.574    
   12.00       6.389    
   13.00       6.186    
   14.00       5.962    
   15.00       5.713    
   16.00       5.439    
   17.00       5.139    
   18.00       4.814    
   19.00       4.467    
   20.00       4.105    
   21.00       3.732    
   22.00       3.357    
   23.00       2.988    
   24.00       2.632    
   25.00       2.297    
   26.00       1.990    
   27.00       1.717    
   28.00       1.482    
   29.00       1.287    
   30.00       1.135    
   31.00       1.023    
   32.00      0.9520    
   33.00      0.9171    
   34.00      0.9147    
   35.00      0.9398    
   36.00      0.9871    
   37.00       1.051    
   38.00       1.126    
   39.00       1.206    
   40.00       1.287    
   41.00       1.365    
   42.00       1.435    
   43.00       1.496    
   44.00       1.544    
   45.00       1.579    
   46.00       1.600    
   47.00       1.606    
   48.00       1.599    
   49.00       1.580    
   50.00       1.550    
   51.00       1.510    
   52.00       1.463    
   53.00       1.411    
   54.00       1.354    
   55.00       1.296    
   56.00       1.237    
   57.00       1.179    
   58.00       1.123    
   59.00       1.070    
   60.00       1.021    
   61.00      0.9762    
   62.00      0.9358    
   63.00      0.8998    
   64.00      0.8681    
   65.00      0.8404    
   66.00      0.8163    
   67.00      0.7954    
   68.00      0.7770    
   69.00      0.7607    
   70.00      0.7458    
   71.00      0.7319    
   72.00      0.7185    
   73.00      0.7051    
   74.00      0.6914    
   75.00      0.6771    
   76.00      0.6620    
   77.00      0.6459    
   78.00      0.6287    
   79.00      0.6105    
   80.00      0.5913    
   81.00      0.5712    
   82.00      0.5503    
   83.00      0.5289    
   84.00      0.5070    
   85.00      0.4848    
   86.00      0.4627    
   87.00      0.4407    
   88.00      0.4191    
   89.00      0.3981    
   90.00      0.3777    
   91.00      0.3582    
   92.00      0.3396    
   93.00      0.3220    
   94.00      0.3054    
   95.00      0.2900    
   96.00      0.2756    
   97.00      0.2623    
   98.00      0.2501    
   99.00      0.2388    
   100.0      0.2285    
   101.0      0.2191    
   102.0      0.2104    
   103.0      0.2025    
   104.0      0.1951    
   105.0      0.1883    
   106.0      0.1820    
   107.0      0.1760    
   108.0      0.1704    
   109.0      0.1650    
   110.0      0.1598    
   111.0      0.1548    
   112.0      0.1500    
   113.0      0.1452    
   114.0      0.1405    
   115.0      0.1359    
   116.0      0.1313    
   117.0      0.1268    
   118.0      0.1224    
   119.0      0.1180    
   120.0      0.1136    
   121.0      0.1094    
   122.0      0.1052    
   123.0      0.1010    
   124.0      0.9702E-01
   125.0      0.9307E-01
   126.0      0.8923E-01
   127.0      0.8549E-01
   128.0      0.8186E-01
   129.0      0.7834E-01
   130.0      0.7494E-01
   131.0      0.7165E-01
   132.0      0.6849E-01
   133.0      0.6546E-01
   134.0      0.6256E-01
   135.0      0.5980E-01
   136.0      0.5719E-01
   137.0      0.5472E-01
   138.0      0.5241E-01
   139.0      0.5025E-01
   140.0      0.4827E-01
   141.0      0.4645E-01
   142.0      0.4482E-01
   143.0      0.4336E-01
   144.0      0.4209E-01
   145.0      0.4100E-01
   146.0      0.4011E-01
   147.0      0.3940E-01
   148.0      0.3888E-01
   149.0      0.3854E-01
   150.0      0.3838E-01
   151.0      0.3840E-01
   152.0      0.3858E-01
   153.0      0.3891E-01
   154.0      0.3939E-01
   155.0      0.4001E-01
   156.0      0.4075E-01
   157.0      0.4161E-01
   158.0      0.4257E-01
   159.0      0.4361E-01
   160.0      0.4473E-01
   161.0      0.4591E-01
   162.0      0.4714E-01
   163.0      0.4841E-01
   164.0      0.4969E-01
   165.0      0.5099E-01
   166.0      0.5228E-01
   167.0      0.5355E-01
   168.0      0.5480E-01
   169.0      0.5600E-01
   170.0      0.5714E-01
   171.0      0.5821E-01
   172.0      0.5921E-01
   173.0      0.6012E-01
   174.0      0.6093E-01
   175.0      0.6163E-01
   176.0      0.6221E-01
   177.0      0.6267E-01
   178.0      0.6301E-01
   179.0      0.6321E-01
   180.0      0.6328E-01
 END
