# Fusion cross sections for ELAB=  35.000, ECM=  33.322
     0.5   34.04       34.43      0.3952    
     1.5   68.93       69.71      0.7816    
     2.5   106.1       107.2       1.104    
     3.5   146.1       147.5       1.473    
     4.5   161.6       164.0       2.455    
     5.5   116.4       120.3       3.934    
     6.5   54.80       57.24       2.438    
     7.5   22.10       23.09      0.9874    
     8.5   8.554       8.929      0.3742    
     9.5   3.265       3.397      0.1318    
    10.5   1.231       1.277      0.4639E-01
    11.5  0.4594      0.4756      0.1623E-01
    12.5  0.1698      0.1755      0.5673E-02
    13.5  0.6222E-01  0.6420E-01  0.1987E-02
    14.5  0.2263E-01  0.2333E-01  0.6978E-03
    15.5  0.8175E-02  0.8421E-02  0.2456E-03
    16.5  0.2936E-02  0.3023E-02  0.8665E-04
    17.5  0.1049E-02  0.1080E-02  0.3062E-04
    18.5  0.3731E-03  0.3840E-03  0.1084E-04
    19.5  0.1322E-03  0.1360E-03  0.3840E-05
    20.5  0.4663E-04  0.4799E-04  0.1362E-05
    21.5  0.1640E-04  0.1688E-04  0.4836E-06
    22.5  0.5747E-05  0.5919E-05  0.1718E-06
    23.5  0.2009E-05  0.2070E-05  0.6108E-07
    24.5  0.7003E-06  0.7220E-06  0.2173E-07
    25.5  0.2435E-06  0.2513E-06  0.7735E-08
    26.5  0.8450E-07  0.8725E-07  0.2751E-08
    27.5  0.2926E-07  0.3024E-07  0.9771E-09
    28.5  0.1011E-07  0.1046E-07  0.3475E-09
    29.5  0.3488E-08  0.3611E-08  0.1238E-09
    30.5  0.1201E-08  0.1244E-08  0.4358E-10
    31.5  0.4142E-09  0.4291E-09  0.1487E-10
    32.5  0.1424E-09  0.1474E-09  0.4953E-11
    33.5  0.4838E-10  0.5011E-10  0.1726E-11
    34.5  0.1638E-10  0.1709E-10  0.7025E-12
    35.5  0.6071E-11  0.6406E-11  0.3349E-12
    36.5  0.2033E-11  0.2195E-11  0.1617E-12
    37.5  0.1033E-12  0.1734E-12  0.7005E-13
    38.5  0.3296E-12  0.3559E-12  0.2625E-13
    39.5  0.7215E-12  0.7300E-12  0.8551E-14
    40.5 -0.2438E-14   0.000      0.2438E-14
 &
