# 178 angles,  1 tensor ranks for 0=projectile
@subtitle   "20O + d 2+1 inelastic;"                                                        
@legend ON
@legend x1 0.2
@legend y1 0.8
@g0 type LOGY
@yaxis ticklabel format power
@legend string   0 "Lab energy =   70.0000"
#legend string   0 "Partition=  1 Excit=  2 near/far= 1"
#  Theta       sigma       iT11        T20         T21         T22         Kyy for projectile
   3.000       22.31    
   4.000       20.25    
   5.000       19.46    
   6.000       20.81    
   7.000       24.70    
   8.000       30.89    
   9.000       38.50    
   10.00       46.35    
   11.00       53.28    
   12.00       58.35    
   13.00       60.94    
   14.00       60.74    
   15.00       57.78    
   16.00       52.45    
   17.00       45.47    
   18.00       37.72    
   19.00       30.11    
   20.00       23.39    
   21.00       18.03    
   22.00       14.27    
   23.00       12.09    
   24.00       11.33    
   25.00       11.66    
   26.00       12.67    
   27.00       13.96    
   28.00       15.17    
   29.00       16.06    
   30.00       16.47    
   31.00       16.38    
   32.00       15.80    
   33.00       14.82    
   34.00       13.56    
   35.00       12.15    
   36.00       10.74    
   37.00       9.420    
   38.00       8.263    
   39.00       7.301    
   40.00       6.541    
   41.00       5.965    
   42.00       5.544    
   43.00       5.237    
   44.00       4.997    
   45.00       4.783    
   46.00       4.563    
   47.00       4.319    
   48.00       4.043    
   49.00       3.737    
   50.00       3.405    
   51.00       3.058    
   52.00       2.707    
   53.00       2.366    
   54.00       2.048    
   55.00       1.759    
   56.00       1.506    
   57.00       1.290    
   58.00       1.110    
   59.00      0.9635    
   60.00      0.8470    
   61.00      0.7547    
   62.00      0.6808    
   63.00      0.6200    
   64.00      0.5681    
   65.00      0.5218    
   66.00      0.4789    
   67.00      0.4376    
   68.00      0.3969    
   69.00      0.3570    
   70.00      0.3184    
   71.00      0.2818    
   72.00      0.2476    
   73.00      0.2160    
   74.00      0.1873    
   75.00      0.1619    
   76.00      0.1399    
   77.00      0.1214    
   78.00      0.1062    
   79.00      0.9371E-01
   80.00      0.8328E-01
   81.00      0.7456E-01
   82.00      0.6728E-01
   83.00      0.6117E-01
   84.00      0.5587E-01
   85.00      0.5105E-01
   86.00      0.4651E-01
   87.00      0.4221E-01
   88.00      0.3820E-01
   89.00      0.3450E-01
   90.00      0.3104E-01
   91.00      0.2775E-01
   92.00      0.2462E-01
   93.00      0.2176E-01
   94.00      0.1923E-01
   95.00      0.1708E-01
   96.00      0.1526E-01
   97.00      0.1368E-01
   98.00      0.1231E-01
   99.00      0.1114E-01
   100.0      0.1018E-01
   101.0      0.9398E-02
   102.0      0.8721E-02
   103.0      0.8103E-02
   104.0      0.7532E-02
   105.0      0.7014E-02
   106.0      0.6551E-02
   107.0      0.6121E-02
   108.0      0.5693E-02
   109.0      0.5251E-02
   110.0      0.4808E-02
   111.0      0.4388E-02
   112.0      0.3998E-02
   113.0      0.3629E-02
   114.0      0.3273E-02
   115.0      0.2938E-02
   116.0      0.2640E-02
   117.0      0.2390E-02
   118.0      0.2179E-02
   119.0      0.1981E-02
   120.0      0.1781E-02
   121.0      0.1590E-02
   122.0      0.1431E-02
   123.0      0.1315E-02
   124.0      0.1232E-02
   125.0      0.1161E-02
   126.0      0.1083E-02
   127.0      0.9993E-03
   128.0      0.9223E-03
   129.0      0.8609E-03
   130.0      0.8087E-03
   131.0      0.7539E-03
   132.0      0.6948E-03
   133.0      0.6398E-03
   134.0      0.5978E-03
   135.0      0.5696E-03
   136.0      0.5445E-03
   137.0      0.5076E-03
   138.0      0.4556E-03
   139.0      0.4018E-03
   140.0      0.3613E-03
   141.0      0.3376E-03
   142.0      0.3235E-03
   143.0      0.3087E-03
   144.0      0.2861E-03
   145.0      0.2580E-03
   146.0      0.2332E-03
   147.0      0.2159E-03
   148.0      0.2014E-03
   149.0      0.1856E-03
   150.0      0.1706E-03
   151.0      0.1588E-03
   152.0      0.1511E-03
   153.0      0.1474E-03
   154.0      0.1439E-03
   155.0      0.1352E-03
   156.0      0.1220E-03
   157.0      0.1114E-03
   158.0      0.1056E-03
   159.0      0.1014E-03
   160.0      0.9712E-04
   161.0      0.9305E-04
   162.0      0.8768E-04
   163.0      0.8171E-04
   164.0      0.7858E-04
   165.0      0.7661E-04
   166.0      0.7044E-04
   167.0      0.6166E-04
   168.0      0.5632E-04
   169.0      0.5412E-04
   170.0      0.5151E-04
   171.0      0.4960E-04
   172.0      0.4940E-04
   173.0      0.4877E-04
   174.0      0.4954E-04
   175.0      0.5462E-04
   176.0      0.5719E-04
   177.0      0.4905E-04
   178.0      0.3643E-04
   179.0      0.3045E-04
   180.0      0.2996E-04
 END
