# 178 angles,  1 tensor ranks for 0=projectile
@subtitle   "20O + d inelastic scattering;"                                                 
@legend ON
@legend x1 0.2
@legend y1 0.8
@g0 type LOGY
@yaxis ticklabel format power
@legend string   0 "Lab energy =   70.0000"
#legend string   0 "Partition=  1 Excit=  1 near/far= 1"
#  Theta       sigma       iT11        T20         T21         T22         Kyy for projectile
   3.000      0.2968E+05
   4.000      0.1227E+05
   5.000       8307.    
   6.000       6620.    
   7.000       5383.    
   8.000       4270.    
   9.000       3252.    
   10.00       2358.    
   11.00       1613.    
   12.00       1026.    
   13.00       595.1    
   14.00       303.0    
   15.00       126.5    
   16.00       39.03    
   17.00       14.02    
   18.00       27.55    
   19.00       60.02    
   20.00       96.85    
   21.00       128.4    
   22.00       149.5    
   23.00       158.5    
   24.00       156.1    
   25.00       144.8    
   26.00       127.6    
   27.00       107.4    
   28.00       87.09    
   29.00       68.48    
   30.00       52.86    
   31.00       40.78    
   32.00       32.23    
   33.00       26.80    
   34.00       23.86    
   35.00       22.65    
   36.00       22.49    
   37.00       22.75    
   38.00       22.99    
   39.00       22.89    
   40.00       22.31    
   41.00       21.22    
   42.00       19.67    
   43.00       17.78    
   44.00       15.69    
   45.00       13.55    
   46.00       11.46    
   47.00       9.544    
   48.00       7.849    
   49.00       6.413    
   50.00       5.241    
   51.00       4.319    
   52.00       3.616    
   53.00       3.094    
   54.00       2.714    
   55.00       2.436    
   56.00       2.226    
   57.00       2.057    
   58.00       1.909    
   59.00       1.768    
   60.00       1.626    
   61.00       1.480    
   62.00       1.331    
   63.00       1.181    
   64.00       1.033    
   65.00      0.8916    
   66.00      0.7597    
   67.00      0.6401    
   68.00      0.5343    
   69.00      0.4431    
   70.00      0.3663    
   71.00      0.3032    
   72.00      0.2523    
   73.00      0.2120    
   74.00      0.1805    
   75.00      0.1561    
   76.00      0.1371    
   77.00      0.1222    
   78.00      0.1101    
   79.00      0.9990E-01
   80.00      0.9099E-01
   81.00      0.8286E-01
   82.00      0.7522E-01
   83.00      0.6791E-01
   84.00      0.6087E-01
   85.00      0.5412E-01
   86.00      0.4769E-01
   87.00      0.4165E-01
   88.00      0.3606E-01
   89.00      0.3097E-01
   90.00      0.2641E-01
   91.00      0.2238E-01
   92.00      0.1889E-01
   93.00      0.1590E-01
   94.00      0.1338E-01
   95.00      0.1129E-01
   96.00      0.9568E-02
   97.00      0.8171E-02
   98.00      0.7044E-02
   99.00      0.6140E-02
   100.0      0.5416E-02
   101.0      0.4833E-02
   102.0      0.4359E-02
   103.0      0.3968E-02
   104.0      0.3637E-02
   105.0      0.3351E-02
   106.0      0.3097E-02
   107.0      0.2865E-02
   108.0      0.2650E-02
   109.0      0.2447E-02
   110.0      0.2254E-02
   111.0      0.2070E-02
   112.0      0.1893E-02
   113.0      0.1724E-02
   114.0      0.1564E-02
   115.0      0.1413E-02
   116.0      0.1271E-02
   117.0      0.1138E-02
   118.0      0.1016E-02
   119.0      0.9035E-03
   120.0      0.8016E-03
   121.0      0.7097E-03
   122.0      0.6277E-03
   123.0      0.5551E-03
   124.0      0.4914E-03
   125.0      0.4361E-03
   126.0      0.3885E-03
   127.0      0.3479E-03
   128.0      0.3135E-03
   129.0      0.2847E-03
   130.0      0.2606E-03
   131.0      0.2407E-03
   132.0      0.2242E-03
   133.0      0.2106E-03
   134.0      0.1991E-03
   135.0      0.1893E-03
   136.0      0.1808E-03
   137.0      0.1732E-03
   138.0      0.1661E-03
   139.0      0.1593E-03
   140.0      0.1526E-03
   141.0      0.1458E-03
   142.0      0.1388E-03
   143.0      0.1316E-03
   144.0      0.1243E-03
   145.0      0.1167E-03
   146.0      0.1091E-03
   147.0      0.1014E-03
   148.0      0.9370E-04
   149.0      0.8620E-04
   150.0      0.7895E-04
   151.0      0.7207E-04
   152.0      0.6564E-04
   153.0      0.5975E-04
   154.0      0.5446E-04
   155.0      0.4984E-04
   156.0      0.4591E-04
   157.0      0.4268E-04
   158.0      0.4014E-04
   159.0      0.3826E-04
   160.0      0.3700E-04
   161.0      0.3630E-04
   162.0      0.3608E-04
   163.0      0.3625E-04
   164.0      0.3673E-04
   165.0      0.3744E-04
   166.0      0.3829E-04
   167.0      0.3921E-04
   168.0      0.4013E-04
   169.0      0.4100E-04
   170.0      0.4178E-04
   171.0      0.4244E-04
   172.0      0.4297E-04
   173.0      0.4338E-04
   174.0      0.4367E-04
   175.0      0.4385E-04
   176.0      0.4397E-04
   177.0      0.4402E-04
   178.0      0.4404E-04
   179.0      0.4404E-04
   180.0      0.4404E-04
 END
