# 178 angles,  1 tensor ranks for 0=projectile
@subtitle   "20O(d,t) @ 30AMeV Daeh (d) + Pang (t)"                                         
@legend ON
@legend x1 0.2
@legend y1 0.8
@g0 type LOGY
@yaxis ticklabel format power
@legend string   0 "Lab energy =   70.0000"
#legend string   0 "Partition=  2 Excit=  2 near/far= 1"
#  Theta       sigma       iT11        T20         T21         T22         Kyy for projectile
   3.000       1.922    
   4.000       2.315    
   5.000       2.659    
   6.000       2.887    
   7.000       2.955    
   8.000       2.854    
   9.000       2.602    
   10.00       2.244    
   11.00       1.836    
   12.00       1.433    
   13.00       1.081    
   14.00      0.8087    
   15.00      0.6264    
   16.00      0.5282    
   17.00      0.4960    
   18.00      0.5061    
   19.00      0.5344    
   20.00      0.5611    
   21.00      0.5732    
   22.00      0.5652    
   23.00      0.5379    
   24.00      0.4969    
   25.00      0.4500    
   26.00      0.4052    
   27.00      0.3692    
   28.00      0.3459    
   29.00      0.3367    
   30.00      0.3405    
   31.00      0.3542    
   32.00      0.3741    
   33.00      0.3962    
   34.00      0.4169    
   35.00      0.4338    
   36.00      0.4455    
   37.00      0.4516    
   38.00      0.4526    
   39.00      0.4496    
   40.00      0.4438    
   41.00      0.4367    
   42.00      0.4291    
   43.00      0.4217    
   44.00      0.4149    
   45.00      0.4085    
   46.00      0.4021    
   47.00      0.3954    
   48.00      0.3878    
   49.00      0.3788    
   50.00      0.3681    
   51.00      0.3557    
   52.00      0.3415    
   53.00      0.3258    
   54.00      0.3090    
   55.00      0.2913    
   56.00      0.2734    
   57.00      0.2555    
   58.00      0.2381    
   59.00      0.2214    
   60.00      0.2056    
   61.00      0.1908    
   62.00      0.1772    
   63.00      0.1645    
   64.00      0.1528    
   65.00      0.1419    
   66.00      0.1318    
   67.00      0.1223    
   68.00      0.1134    
   69.00      0.1050    
   70.00      0.9695E-01
   71.00      0.8933E-01
   72.00      0.8210E-01
   73.00      0.7526E-01
   74.00      0.6882E-01
   75.00      0.6279E-01
   76.00      0.5717E-01
   77.00      0.5198E-01
   78.00      0.4721E-01
   79.00      0.4286E-01
   80.00      0.3890E-01
   81.00      0.3531E-01
   82.00      0.3207E-01
   83.00      0.2915E-01
   84.00      0.2652E-01
   85.00      0.2414E-01
   86.00      0.2198E-01
   87.00      0.2002E-01
   88.00      0.1824E-01
   89.00      0.1660E-01
   90.00      0.1511E-01
   91.00      0.1373E-01
   92.00      0.1247E-01
   93.00      0.1130E-01
   94.00      0.1023E-01
   95.00      0.9248E-02
   96.00      0.8348E-02
   97.00      0.7526E-02
   98.00      0.6778E-02
   99.00      0.6100E-02
   100.0      0.5488E-02
   101.0      0.4936E-02
   102.0      0.4441E-02
   103.0      0.3998E-02
   104.0      0.3601E-02
   105.0      0.3247E-02
   106.0      0.2931E-02
   107.0      0.2648E-02
   108.0      0.2395E-02
   109.0      0.2168E-02
   110.0      0.1965E-02
   111.0      0.1781E-02
   112.0      0.1616E-02
   113.0      0.1466E-02
   114.0      0.1330E-02
   115.0      0.1207E-02
   116.0      0.1095E-02
   117.0      0.9937E-03
   118.0      0.9011E-03
   119.0      0.8170E-03
   120.0      0.7405E-03
   121.0      0.6711E-03
   122.0      0.6080E-03
   123.0      0.5508E-03
   124.0      0.4990E-03
   125.0      0.4520E-03
   126.0      0.4095E-03
   127.0      0.3710E-03
   128.0      0.3361E-03
   129.0      0.3046E-03
   130.0      0.2760E-03
   131.0      0.2502E-03
   132.0      0.2268E-03
   133.0      0.2056E-03
   134.0      0.1864E-03
   135.0      0.1690E-03
   136.0      0.1532E-03
   137.0      0.1389E-03
   138.0      0.1259E-03
   139.0      0.1142E-03
   140.0      0.1035E-03
   141.0      0.9383E-04
   142.0      0.8508E-04
   143.0      0.7718E-04
   144.0      0.7004E-04
   145.0      0.6362E-04
   146.0      0.5785E-04
   147.0      0.5269E-04
   148.0      0.4808E-04
   149.0      0.4396E-04
   150.0      0.4028E-04
   151.0      0.3699E-04
   152.0      0.3403E-04
   153.0      0.3136E-04
   154.0      0.2892E-04
   155.0      0.2669E-04
   156.0      0.2461E-04
   157.0      0.2268E-04
   158.0      0.2087E-04
   159.0      0.1918E-04
   160.0      0.1761E-04
   161.0      0.1619E-04
   162.0      0.1492E-04
   163.0      0.1382E-04
   164.0      0.1293E-04
   165.0      0.1224E-04
   166.0      0.1178E-04
   167.0      0.1155E-04
   168.0      0.1154E-04
   169.0      0.1174E-04
   170.0      0.1212E-04
   171.0      0.1266E-04
   172.0      0.1331E-04
   173.0      0.1404E-04
   174.0      0.1479E-04
   175.0      0.1551E-04
   176.0      0.1618E-04
   177.0      0.1674E-04
   178.0      0.1716E-04
   179.0      0.1743E-04
   180.0      0.1752E-04
 END
