# 178 angles,  1 tensor ranks for 0=projectile
@subtitle   "20O(d,t) @ 30AMeV Daeh (d) + Pang (t)"                                         
@legend ON
@legend x1 0.2
@legend y1 0.8
@g0 type LOGY
@yaxis ticklabel format power
@legend string   0 "Lab energy =   70.0000"
#legend string   0 "Partition=  2 Excit=  5 near/far= 1"
#  Theta       sigma       iT11        T20         T21         T22         Kyy for projectile
   3.000       1.896    
   4.000       2.285    
   5.000       2.626    
   6.000       2.853    
   7.000       2.923    
   8.000       2.825    
   9.000       2.579    
   10.00       2.228    
   11.00       1.826    
   12.00       1.429    
   13.00       1.081    
   14.00      0.8109    
   15.00      0.6298    
   16.00      0.5317    
   17.00      0.4990    
   18.00      0.5083    
   19.00      0.5360    
   20.00      0.5623    
   21.00      0.5745    
   22.00      0.5666    
   23.00      0.5397    
   24.00      0.4990    
   25.00      0.4524    
   26.00      0.4077    
   27.00      0.3714    
   28.00      0.3477    
   29.00      0.3379    
   30.00      0.3409    
   31.00      0.3540    
   32.00      0.3733    
   33.00      0.3948    
   34.00      0.4151    
   35.00      0.4317    
   36.00      0.4433    
   37.00      0.4493    
   38.00      0.4503    
   39.00      0.4473    
   40.00      0.4416    
   41.00      0.4344    
   42.00      0.4269    
   43.00      0.4196    
   44.00      0.4127    
   45.00      0.4063    
   46.00      0.4001    
   47.00      0.3934    
   48.00      0.3859    
   49.00      0.3770    
   50.00      0.3665    
   51.00      0.3542    
   52.00      0.3402    
   53.00      0.3247    
   54.00      0.3080    
   55.00      0.2905    
   56.00      0.2727    
   57.00      0.2549    
   58.00      0.2376    
   59.00      0.2210    
   60.00      0.2053    
   61.00      0.1906    
   62.00      0.1769    
   63.00      0.1643    
   64.00      0.1526    
   65.00      0.1418    
   66.00      0.1317    
   67.00      0.1223    
   68.00      0.1134    
   69.00      0.1049    
   70.00      0.9694E-01
   71.00      0.8934E-01
   72.00      0.8213E-01
   73.00      0.7531E-01
   74.00      0.6888E-01
   75.00      0.6285E-01
   76.00      0.5725E-01
   77.00      0.5206E-01
   78.00      0.4729E-01
   79.00      0.4293E-01
   80.00      0.3897E-01
   81.00      0.3538E-01
   82.00      0.3214E-01
   83.00      0.2921E-01
   84.00      0.2657E-01
   85.00      0.2419E-01
   86.00      0.2203E-01
   87.00      0.2007E-01
   88.00      0.1828E-01
   89.00      0.1665E-01
   90.00      0.1515E-01
   91.00      0.1377E-01
   92.00      0.1250E-01
   93.00      0.1134E-01
   94.00      0.1026E-01
   95.00      0.9279E-02
   96.00      0.8377E-02
   97.00      0.7554E-02
   98.00      0.6804E-02
   99.00      0.6124E-02
   100.0      0.5510E-02
   101.0      0.4957E-02
   102.0      0.4460E-02
   103.0      0.4015E-02
   104.0      0.3616E-02
   105.0      0.3261E-02
   106.0      0.2943E-02
   107.0      0.2659E-02
   108.0      0.2405E-02
   109.0      0.2177E-02
   110.0      0.1973E-02
   111.0      0.1788E-02
   112.0      0.1622E-02
   113.0      0.1472E-02
   114.0      0.1336E-02
   115.0      0.1212E-02
   116.0      0.1100E-02
   117.0      0.9979E-03
   118.0      0.9051E-03
   119.0      0.8206E-03
   120.0      0.7439E-03
   121.0      0.6741E-03
   122.0      0.6108E-03
   123.0      0.5534E-03
   124.0      0.5013E-03
   125.0      0.4542E-03
   126.0      0.4115E-03
   127.0      0.3728E-03
   128.0      0.3378E-03
   129.0      0.3061E-03
   130.0      0.2775E-03
   131.0      0.2515E-03
   132.0      0.2280E-03
   133.0      0.2067E-03
   134.0      0.1874E-03
   135.0      0.1700E-03
   136.0      0.1541E-03
   137.0      0.1397E-03
   138.0      0.1267E-03
   139.0      0.1149E-03
   140.0      0.1042E-03
   141.0      0.9444E-04
   142.0      0.8564E-04
   143.0      0.7768E-04
   144.0      0.7050E-04
   145.0      0.6403E-04
   146.0      0.5823E-04
   147.0      0.5303E-04
   148.0      0.4838E-04
   149.0      0.4423E-04
   150.0      0.4053E-04
   151.0      0.3722E-04
   152.0      0.3425E-04
   153.0      0.3156E-04
   154.0      0.2911E-04
   155.0      0.2686E-04
   156.0      0.2477E-04
   157.0      0.2283E-04
   158.0      0.2101E-04
   159.0      0.1931E-04
   160.0      0.1773E-04
   161.0      0.1629E-04
   162.0      0.1501E-04
   163.0      0.1391E-04
   164.0      0.1300E-04
   165.0      0.1230E-04
   166.0      0.1183E-04
   167.0      0.1159E-04
   168.0      0.1158E-04
   169.0      0.1177E-04
   170.0      0.1216E-04
   171.0      0.1270E-04
   172.0      0.1336E-04
   173.0      0.1409E-04
   174.0      0.1484E-04
   175.0      0.1558E-04
   176.0      0.1625E-04
   177.0      0.1682E-04
   178.0      0.1725E-04
   179.0      0.1752E-04
   180.0      0.1761E-04
 END
