# 181 angles,  1 tensor ranks for 0=projectile
@subtitle   "p+O20 1st ex with BG ;"                                                        
@legend ON
@legend x1 0.2
@legend y1 0.8
@g0 type LOGY
@yaxis ticklabel format power
@legend string   0 "Lab energy =   35.0000"
#legend string   0 "Partition=  1 Excit=  1 near/far= 1"
#  Theta       sigma       iT11        T20         T21         T22         Kyy for projectile
  0.1000E-01  0.1288E+16
   1.000      0.1250E+08
   2.000      0.7239E+06
   3.000      0.1291E+06
   4.000      0.3692E+05
   5.000      0.1423E+05
   6.000       7033.    
   7.000       4340.    
   8.000       3194.    
   9.000       2638.    
   10.00       2322.    
   11.00       2107.    
   12.00       1935.    
   13.00       1781.    
   14.00       1634.    
   15.00       1492.    
   16.00       1353.    
   17.00       1217.    
   18.00       1086.    
   19.00       960.9    
   20.00       842.8    
   21.00       732.5    
   22.00       630.7    
   23.00       537.7    
   24.00       453.7    
   25.00       378.8    
   26.00       312.8    
   27.00       255.4    
   28.00       206.0    
   29.00       164.3    
   30.00       129.6    
   31.00       101.2    
   32.00       78.41    
   33.00       60.64    
   34.00       47.18    
   35.00       37.38    
   36.00       30.65    
   37.00       26.40    
   38.00       24.12    
   39.00       23.36    
   40.00       23.69    
   41.00       24.79    
   42.00       26.33    
   43.00       28.09    
   44.00       29.86    
   45.00       31.48    
   46.00       32.86    
   47.00       33.91    
   48.00       34.58    
   49.00       34.85    
   50.00       34.72    
   51.00       34.22    
   52.00       33.37    
   53.00       32.20    
   54.00       30.78    
   55.00       29.13    
   56.00       27.32    
   57.00       25.39    
   58.00       23.39    
   59.00       21.36    
   60.00       19.33    
   61.00       17.36    
   62.00       15.45    
   63.00       13.64    
   64.00       11.94    
   65.00       10.37    
   66.00       8.927    
   67.00       7.628    
   68.00       6.469    
   69.00       5.448    
   70.00       4.561    
   71.00       3.801    
   72.00       3.160    
   73.00       2.627    
   74.00       2.193    
   75.00       1.847    
   76.00       1.578    
   77.00       1.375    
   78.00       1.229    
   79.00       1.130    
   80.00       1.068    
   81.00       1.036    
   82.00       1.025    
   83.00       1.031    
   84.00       1.047    
   85.00       1.068    
   86.00       1.090    
   87.00       1.111    
   88.00       1.128    
   89.00       1.139    
   90.00       1.143    
   91.00       1.139    
   92.00       1.127    
   93.00       1.108    
   94.00       1.080    
   95.00       1.046    
   96.00       1.005    
   97.00      0.9593    
   98.00      0.9089    
   99.00      0.8551    
   100.0      0.7987    
   101.0      0.7408    
   102.0      0.6822    
   103.0      0.6238    
   104.0      0.5664    
   105.0      0.5105    
   106.0      0.4568    
   107.0      0.4056    
   108.0      0.3575    
   109.0      0.3127    
   110.0      0.2714    
   111.0      0.2337    
   112.0      0.1996    
   113.0      0.1692    
   114.0      0.1424    
   115.0      0.1191    
   116.0      0.9911E-01
   117.0      0.8223E-01
   118.0      0.6827E-01
   119.0      0.5699E-01
   120.0      0.4814E-01
   121.0      0.4147E-01
   122.0      0.3674E-01
   123.0      0.3368E-01
   124.0      0.3206E-01
   125.0      0.3164E-01
   126.0      0.3220E-01
   127.0      0.3353E-01
   128.0      0.3545E-01
   129.0      0.3776E-01
   130.0      0.4033E-01
   131.0      0.4302E-01
   132.0      0.4569E-01
   133.0      0.4825E-01
   134.0      0.5061E-01
   135.0      0.5271E-01
   136.0      0.5448E-01
   137.0      0.5590E-01
   138.0      0.5692E-01
   139.0      0.5755E-01
   140.0      0.5777E-01
   141.0      0.5759E-01
   142.0      0.5703E-01
   143.0      0.5610E-01
   144.0      0.5484E-01
   145.0      0.5328E-01
   146.0      0.5146E-01
   147.0      0.4940E-01
   148.0      0.4716E-01
   149.0      0.4477E-01
   150.0      0.4227E-01
   151.0      0.3970E-01
   152.0      0.3711E-01
   153.0      0.3451E-01
   154.0      0.3196E-01
   155.0      0.2947E-01
   156.0      0.2708E-01
   157.0      0.2480E-01
   158.0      0.2265E-01
   159.0      0.2066E-01
   160.0      0.1882E-01
   161.0      0.1715E-01
   162.0      0.1565E-01
   163.0      0.1432E-01
   164.0      0.1316E-01
   165.0      0.1216E-01
   166.0      0.1132E-01
   167.0      0.1061E-01
   168.0      0.1004E-01
   169.0      0.9591E-02
   170.0      0.9244E-02
   171.0      0.8985E-02
   172.0      0.8802E-02
   173.0      0.8680E-02
   174.0      0.8605E-02
   175.0      0.8564E-02
   176.0      0.8547E-02
   177.0      0.8544E-02
   178.0      0.8548E-02
   179.0      0.8552E-02
   180.0      0.8554E-02
 END
