# Fusion cross sections for ELAB=  70.000, ECM=  63.596
     0.0   1.719       1.753      0.3432E-01
     1.0   15.48       15.78      0.2978    
     2.0   25.88       26.35      0.4658    
     3.0   36.43       37.01      0.5826    
     4.0   47.16       47.80      0.6380    
     5.0   58.14       58.78      0.6317    
     6.0   69.35       69.92      0.5662    
     7.0   80.94       81.40      0.4575    
     8.0   92.36       92.77      0.4088    
     9.0   101.1       101.6      0.4724    
    10.0   103.5       104.1      0.6194    
    11.0   96.04       96.86      0.8180    
    12.0   79.09       80.04      0.9518    
    13.0   58.02       58.91      0.8891    
    14.0   38.98       39.64      0.6613    
    15.0   24.77       25.18      0.4112    
    16.0   15.24       15.47      0.2271    
    17.0   9.213       9.330      0.1167    
    18.0   5.508       5.565      0.5747E-01
    19.0   3.270       3.298      0.2757E-01
    20.0   1.932       1.946      0.1303E-01
    21.0   1.138       1.144      0.6099E-02
    22.0  0.6677      0.6706      0.2840E-02
    23.0  0.3909      0.3922      0.1318E-02
    24.0  0.2282      0.2289      0.6107E-03
    25.0  0.1330      0.1333      0.2827E-03
    26.0  0.7734E-01  0.7747E-01  0.1308E-03
    27.0  0.4489E-01  0.4495E-01  0.6049E-04
    28.0  0.2601E-01  0.2603E-01  0.2798E-04
    29.0  0.1504E-01  0.1506E-01  0.1294E-04
    30.0  0.8688E-02  0.8694E-02  0.5987E-05
    31.0  0.5010E-02  0.5013E-02  0.2770E-05
    32.0  0.2886E-02  0.2887E-02  0.1282E-05
    33.0  0.1660E-02  0.1660E-02  0.5932E-06
    34.0  0.9534E-03  0.9537E-03  0.2745E-06
    35.0  0.5471E-03  0.5472E-03  0.1271E-06
    36.0  0.3136E-03  0.3136E-03  0.5883E-07
    37.0  0.1795E-03  0.1796E-03  0.2724E-07
    38.0  0.1027E-03  0.1027E-03  0.1261E-07
    39.0  0.5869E-04  0.5870E-04  0.5840E-08
    40.0  0.3351E-04  0.3351E-04  0.2705E-08
    41.0  0.1912E-04  0.1912E-04  0.1253E-08
    42.0  0.1090E-04  0.1090E-04  0.5802E-09
    43.0  0.6207E-05  0.6207E-05  0.2688E-09
    44.0  0.3532E-05  0.3533E-05  0.1245E-09
    45.0  0.2009E-05  0.2009E-05  0.5768E-10
    46.0  0.1142E-05  0.1142E-05  0.2672E-10
    47.0  0.6485E-06  0.6485E-06  0.1238E-10
    48.0  0.3681E-06  0.3681E-06  0.5736E-11
    49.0  0.2088E-06  0.2088E-06  0.2657E-11
    50.0  0.1184E-06  0.1184E-06  0.1231E-11
    51.0  0.6708E-07  0.6708E-07  0.5705E-12
    52.0  0.3798E-07  0.3798E-07  0.2644E-12
    53.0  0.2150E-07  0.2150E-07  0.1225E-12
    54.0  0.1216E-07  0.1216E-07  0.5677E-13
    55.0  0.6878E-08  0.6878E-08  0.2631E-13
    56.0  0.3886E-08  0.3886E-08  0.1219E-13
    57.0  0.2197E-08  0.2197E-08  0.5651E-14
    58.0  0.1240E-08  0.1240E-08  0.2619E-14
    59.0  0.7001E-09  0.7001E-09  0.1214E-14
    60.0  0.3952E-09  0.3952E-09  0.5625E-15
 &
