# 178 angles,  1 tensor ranks for 0=projectile
@subtitle   "20O(d,t) @ 30AMeV Haixia (d) + Pang (t)"                                       
@legend ON
@legend x1 0.2
@legend y1 0.8
@g0 type LOGY
@yaxis ticklabel format power
@legend string   0 "Lab energy =   70.0000"
#legend string   0 "Partition=  2 Excit=  2 near/far= 1"
#  Theta       sigma       iT11        T20         T21         T22         Kyy for projectile
   3.000       4.132    
   4.000       4.575    
   5.000       4.876    
   6.000       4.941    
   7.000       4.727    
   8.000       4.253    
   9.000       3.588    
   10.00       2.831    
   11.00       2.084    
   12.00       1.433    
   13.00      0.9346    
   14.00      0.6064    
   15.00      0.4358    
   16.00      0.3872    
   17.00      0.4146    
   18.00      0.4728    
   19.00      0.5258    
   20.00      0.5513    
   21.00      0.5413    
   22.00      0.4995    
   23.00      0.4374    
   24.00      0.3695    
   25.00      0.3095    
   26.00      0.2678    
   27.00      0.2494    
   28.00      0.2548    
   29.00      0.2802    
   30.00      0.3193    
   31.00      0.3649    
   32.00      0.4101    
   33.00      0.4496    
   34.00      0.4802    
   35.00      0.5004    
   36.00      0.5107    
   37.00      0.5127    
   38.00      0.5086    
   39.00      0.5009    
   40.00      0.4915    
   41.00      0.4821    
   42.00      0.4732    
   43.00      0.4652    
   44.00      0.4576    
   45.00      0.4498    
   46.00      0.4410    
   47.00      0.4305    
   48.00      0.4177    
   49.00      0.4026    
   50.00      0.3850    
   51.00      0.3653    
   52.00      0.3441    
   53.00      0.3217    
   54.00      0.2990    
   55.00      0.2766    
   56.00      0.2549    
   57.00      0.2343    
   58.00      0.2151    
   59.00      0.1974    
   60.00      0.1813    
   61.00      0.1666    
   62.00      0.1532    
   63.00      0.1410    
   64.00      0.1298    
   65.00      0.1194    
   66.00      0.1096    
   67.00      0.1005    
   68.00      0.9187E-01
   69.00      0.8371E-01
   70.00      0.7602E-01
   71.00      0.6879E-01
   72.00      0.6204E-01
   73.00      0.5579E-01
   74.00      0.5004E-01
   75.00      0.4479E-01
   76.00      0.4004E-01
   77.00      0.3577E-01
   78.00      0.3195E-01
   79.00      0.2856E-01
   80.00      0.2556E-01
   81.00      0.2289E-01
   82.00      0.2053E-01
   83.00      0.1844E-01
   84.00      0.1657E-01
   85.00      0.1490E-01
   86.00      0.1339E-01
   87.00      0.1203E-01
   88.00      0.1079E-01
   89.00      0.9671E-02
   90.00      0.8647E-02
   91.00      0.7714E-02
   92.00      0.6865E-02
   93.00      0.6095E-02
   94.00      0.5398E-02
   95.00      0.4770E-02
   96.00      0.4208E-02
   97.00      0.3706E-02
   98.00      0.3260E-02
   99.00      0.2866E-02
   100.0      0.2519E-02
   101.0      0.2214E-02
   102.0      0.1947E-02
   103.0      0.1714E-02
   104.0      0.1510E-02
   105.0      0.1331E-02
   106.0      0.1175E-02
   107.0      0.1039E-02
   108.0      0.9182E-03
   109.0      0.8123E-03
   110.0      0.7186E-03
   111.0      0.6357E-03
   112.0      0.5622E-03
   113.0      0.4969E-03
   114.0      0.4389E-03
   115.0      0.3874E-03
   116.0      0.3416E-03
   117.0      0.3010E-03
   118.0      0.2650E-03
   119.0      0.2332E-03
   120.0      0.2051E-03
   121.0      0.1804E-03
   122.0      0.1586E-03
   123.0      0.1395E-03
   124.0      0.1227E-03
   125.0      0.1079E-03
   126.0      0.9500E-04
   127.0      0.8364E-04
   128.0      0.7365E-04
   129.0      0.6485E-04
   130.0      0.5710E-04
   131.0      0.5026E-04
   132.0      0.4421E-04
   133.0      0.3886E-04
   134.0      0.3413E-04
   135.0      0.2994E-04
   136.0      0.2623E-04
   137.0      0.2295E-04
   138.0      0.2005E-04
   139.0      0.1748E-04
   140.0      0.1522E-04
   141.0      0.1323E-04
   142.0      0.1149E-04
   143.0      0.9963E-05
   144.0      0.8635E-05
   145.0      0.7483E-05
   146.0      0.6491E-05
   147.0      0.5643E-05
   148.0      0.4924E-05
   149.0      0.4318E-05
   150.0      0.3814E-05
   151.0      0.3397E-05
   152.0      0.3055E-05
   153.0      0.2776E-05
   154.0      0.2548E-05
   155.0      0.2360E-05
   156.0      0.2203E-05
   157.0      0.2069E-05
   158.0      0.1952E-05
   159.0      0.1848E-05
   160.0      0.1753E-05
   161.0      0.1670E-05
   162.0      0.1598E-05
   163.0      0.1540E-05
   164.0      0.1502E-05
   165.0      0.1486E-05
   166.0      0.1496E-05
   167.0      0.1536E-05
   168.0      0.1607E-05
   169.0      0.1710E-05
   170.0      0.1841E-05
   171.0      0.1997E-05
   172.0      0.2172E-05
   173.0      0.2359E-05
   174.0      0.2547E-05
   175.0      0.2729E-05
   176.0      0.2893E-05
   177.0      0.3032E-05
   178.0      0.3137E-05
   179.0      0.3202E-05
   180.0      0.3225E-05
 END
