# 181 angles,  1 tensor ranks for 0=projectile
@subtitle   "p+O20 1st ex with BG ;"                                                        
@legend ON
@legend x1 0.2
@legend y1 0.8
@g0 type LOGY
@yaxis ticklabel format power
@legend string   0 "Lab energy =   35.0000"
#legend string   0 "Partition=  1 Excit=  1 near/far= 1"
#  Theta       sigma       iT11        T20         T21         T22         Kyy for projectile
  0.1000E-01  0.1288E+16
   1.000      0.1250E+08
   2.000      0.7229E+06
   3.000      0.1287E+06
   4.000      0.3673E+05
   5.000      0.1414E+05
   6.000       6989.    
   7.000       4325.    
   8.000       3195.    
   9.000       2649.    
   10.00       2339.    
   11.00       2128.    
   12.00       1958.    
   13.00       1804.    
   14.00       1657.    
   15.00       1514.    
   16.00       1374.    
   17.00       1236.    
   18.00       1104.    
   19.00       977.4    
   20.00       857.7    
   21.00       745.8    
   22.00       642.5    
   23.00       548.1    
   24.00       462.9    
   25.00       386.8    
   26.00       319.8    
   27.00       261.5    
   28.00       211.4    
   29.00       169.0    
   30.00       133.7    
   31.00       104.8    
   32.00       81.72    
   33.00       63.64    
   34.00       49.94    
   35.00       39.95    
   36.00       33.06    
   37.00       28.68    
   38.00       26.30    
   39.00       25.44    
   40.00       25.69    
   41.00       26.70    
   42.00       28.17    
   43.00       29.84    
   44.00       31.51    
   45.00       33.04    
   46.00       34.31    
   47.00       35.25    
   48.00       35.81    
   49.00       35.97    
   50.00       35.72    
   51.00       35.11    
   52.00       34.14    
   53.00       32.87    
   54.00       31.33    
   55.00       29.59    
   56.00       27.69    
   57.00       25.68    
   58.00       23.61    
   59.00       21.52    
   60.00       19.45    
   61.00       17.43    
   62.00       15.49    
   63.00       13.66    
   64.00       11.94    
   65.00       10.36    
   66.00       8.928    
   67.00       7.636    
   68.00       6.489    
   69.00       5.484    
   70.00       4.615    
   71.00       3.876    
   72.00       3.255    
   73.00       2.744    
   74.00       2.332    
   75.00       2.006    
   76.00       1.756    
   77.00       1.570    
   78.00       1.438    
   79.00       1.351    
   80.00       1.299    
   81.00       1.273    
   82.00       1.267    
   83.00       1.274    
   84.00       1.288    
   85.00       1.306    
   86.00       1.323    
   87.00       1.336    
   88.00       1.344    
   89.00       1.345    
   90.00       1.338    
   91.00       1.322    
   92.00       1.298    
   93.00       1.265    
   94.00       1.225    
   95.00       1.177    
   96.00       1.124    
   97.00       1.066    
   98.00       1.004    
   99.00      0.9391    
   100.0      0.8724    
   101.0      0.8050    
   102.0      0.7378    
   103.0      0.6716    
   104.0      0.6071    
   105.0      0.5450    
   106.0      0.4859    
   107.0      0.4302    
   108.0      0.3782    
   109.0      0.3301    
   110.0      0.2862    
   111.0      0.2464    
   112.0      0.2107    
   113.0      0.1792    
   114.0      0.1517    
   115.0      0.1279    
   116.0      0.1077    
   117.0      0.9086E-01
   118.0      0.7711E-01
   119.0      0.6616E-01
   120.0      0.5774E-01
   121.0      0.5156E-01
   122.0      0.4734E-01
   123.0      0.4481E-01
   124.0      0.4368E-01
   125.0      0.4373E-01
   126.0      0.4470E-01
   127.0      0.4638E-01
   128.0      0.4856E-01
   129.0      0.5108E-01
   130.0      0.5376E-01
   131.0      0.5646E-01
   132.0      0.5907E-01
   133.0      0.6147E-01
   134.0      0.6359E-01
   135.0      0.6535E-01
   136.0      0.6671E-01
   137.0      0.6764E-01
   138.0      0.6810E-01
   139.0      0.6809E-01
   140.0      0.6762E-01
   141.0      0.6670E-01
   142.0      0.6535E-01
   143.0      0.6361E-01
   144.0      0.6150E-01
   145.0      0.5907E-01
   146.0      0.5637E-01
   147.0      0.5344E-01
   148.0      0.5034E-01
   149.0      0.4711E-01
   150.0      0.4380E-01
   151.0      0.4048E-01
   152.0      0.3717E-01
   153.0      0.3392E-01
   154.0      0.3078E-01
   155.0      0.2778E-01
   156.0      0.2495E-01
   157.0      0.2232E-01
   158.0      0.1992E-01
   159.0      0.1774E-01
   160.0      0.1582E-01
   161.0      0.1414E-01
   162.0      0.1272E-01
   163.0      0.1155E-01
   164.0      0.1061E-01
   165.0      0.9906E-02
   166.0      0.9407E-02
   167.0      0.9096E-02
   168.0      0.8952E-02
   169.0      0.8949E-02
   170.0      0.9063E-02
   171.0      0.9266E-02
   172.0      0.9534E-02
   173.0      0.9839E-02
   174.0      0.1016E-01
   175.0      0.1047E-01
   176.0      0.1075E-01
   177.0      0.1099E-01
   178.0      0.1117E-01
   179.0      0.1128E-01
   180.0      0.1132E-01
 END
