# 178 angles,  1 tensor ranks for 0=projectile
@subtitle   "p+O20 1st ex with BG ;"                                                        
@legend ON
@legend x1 0.2
@legend y1 0.8
@g0 type LOGY
@yaxis ticklabel format power
@legend string   0 "Lab energy =   35.0000"
#legend string   0 "Partition=  1 Excit=  2 near/far= 1"
#  Theta       sigma       iT11        T20         T21         T22         Kyy for projectile
   3.000       24.28    
   4.000       23.75    
   5.000       23.11    
   6.000       22.36    
   7.000       21.54    
   8.000       20.68    
   9.000       19.80    
   10.00       18.94    
   11.00       18.12    
   12.00       17.36    
   13.00       16.68    
   14.00       16.11    
   15.00       15.64    
   16.00       15.29    
   17.00       15.05    
   18.00       14.91    
   19.00       14.86    
   20.00       14.89    
   21.00       14.96    
   22.00       15.06    
   23.00       15.16    
   24.00       15.24    
   25.00       15.29    
   26.00       15.28    
   27.00       15.20    
   28.00       15.04    
   29.00       14.80    
   30.00       14.47    
   31.00       14.05    
   32.00       13.55    
   33.00       12.98    
   34.00       12.34    
   35.00       11.65    
   36.00       10.93    
   37.00       10.17    
   38.00       9.403    
   39.00       8.635    
   40.00       7.879    
   41.00       7.148    
   42.00       6.453    
   43.00       5.803    
   44.00       5.205    
   45.00       4.666    
   46.00       4.189    
   47.00       3.778    
   48.00       3.431    
   49.00       3.148    
   50.00       2.924    
   51.00       2.757    
   52.00       2.639    
   53.00       2.565    
   54.00       2.527    
   55.00       2.518    
   56.00       2.532    
   57.00       2.561    
   58.00       2.599    
   59.00       2.641    
   60.00       2.681    
   61.00       2.716    
   62.00       2.742    
   63.00       2.756    
   64.00       2.757    
   65.00       2.743    
   66.00       2.713    
   67.00       2.667    
   68.00       2.606    
   69.00       2.530    
   70.00       2.440    
   71.00       2.338    
   72.00       2.225    
   73.00       2.104    
   74.00       1.976    
   75.00       1.843    
   76.00       1.709    
   77.00       1.573    
   78.00       1.440    
   79.00       1.310    
   80.00       1.184    
   81.00       1.065    
   82.00      0.9526    
   83.00      0.8482    
   84.00      0.7523    
   85.00      0.6650    
   86.00      0.5864    
   87.00      0.5166    
   88.00      0.4553    
   89.00      0.4021    
   90.00      0.3566    
   91.00      0.3182    
   92.00      0.2865    
   93.00      0.2608    
   94.00      0.2405    
   95.00      0.2249    
   96.00      0.2134    
   97.00      0.2053    
   98.00      0.2000    
   99.00      0.1968    
   100.0      0.1954    
   101.0      0.1950    
   102.0      0.1953    
   103.0      0.1959    
   104.0      0.1965    
   105.0      0.1968    
   106.0      0.1966    
   107.0      0.1957    
   108.0      0.1942    
   109.0      0.1918    
   110.0      0.1886    
   111.0      0.1846    
   112.0      0.1798    
   113.0      0.1743    
   114.0      0.1682    
   115.0      0.1615    
   116.0      0.1542    
   117.0      0.1466    
   118.0      0.1386    
   119.0      0.1304    
   120.0      0.1221    
   121.0      0.1138    
   122.0      0.1055    
   123.0      0.9746E-01
   124.0      0.8966E-01
   125.0      0.8219E-01
   126.0      0.7511E-01
   127.0      0.6846E-01
   128.0      0.6227E-01
   129.0      0.5656E-01
   130.0      0.5134E-01
   131.0      0.4661E-01
   132.0      0.4234E-01
   133.0      0.3852E-01
   134.0      0.3513E-01
   135.0      0.3216E-01
   136.0      0.2957E-01
   137.0      0.2734E-01
   138.0      0.2545E-01
   139.0      0.2389E-01
   140.0      0.2261E-01
   141.0      0.2160E-01
   142.0      0.2082E-01
   143.0      0.2024E-01
   144.0      0.1984E-01
   145.0      0.1957E-01
   146.0      0.1941E-01
   147.0      0.1934E-01
   148.0      0.1933E-01
   149.0      0.1935E-01
   150.0      0.1941E-01
   151.0      0.1947E-01
   152.0      0.1955E-01
   153.0      0.1963E-01
   154.0      0.1971E-01
   155.0      0.1978E-01
   156.0      0.1986E-01
   157.0      0.1994E-01
   158.0      0.2001E-01
   159.0      0.2009E-01
   160.0      0.2017E-01
   161.0      0.2023E-01
   162.0      0.2030E-01
   163.0      0.2035E-01
   164.0      0.2039E-01
   165.0      0.2043E-01
   166.0      0.2046E-01
   167.0      0.2049E-01
   168.0      0.2052E-01
   169.0      0.2057E-01
   170.0      0.2063E-01
   171.0      0.2071E-01
   172.0      0.2081E-01
   173.0      0.2092E-01
   174.0      0.2104E-01
   175.0      0.2117E-01
   176.0      0.2128E-01
   177.0      0.2138E-01
   178.0      0.2145E-01
   179.0      0.2150E-01
   180.0      0.2152E-01
 END
