# 178 angles,  1 tensor ranks for 0=projectile
@subtitle   "20O(d,d') Daehnick OMP with iblock to check g3 variations;"                    
@legend ON
@legend x1 0.2
@legend y1 0.8
@g0 type LOGY
@yaxis ticklabel format power
@legend string   0 "Lab energy =   70.0000"
#legend string   0 "Partition=  1 Excit=  3 near/far= 1"
#  Theta       sigma       iT11        T20         T21         T22         Kyy for projectile
   3.000       2.657    
   4.000       2.432    
   5.000       2.237    
   6.000       2.136    
   7.000       2.174    
   8.000       2.351    
   9.000       2.629    
   10.00       2.945    
   11.00       3.235    
   12.00       3.454    
   13.00       3.569    
   14.00       3.564    
   15.00       3.433    
   16.00       3.189    
   17.00       2.858    
   18.00       2.483    
   19.00       2.108    
   20.00       1.769    
   21.00       1.491    
   22.00       1.285    
   23.00       1.150    
   24.00       1.078    
   25.00       1.056    
   26.00       1.065    
   27.00       1.088    
   28.00       1.109    
   29.00       1.115    
   30.00       1.102    
   31.00       1.067    
   32.00       1.012    
   33.00      0.9425    
   34.00      0.8626    
   35.00      0.7790    
   36.00      0.6973    
   37.00      0.6217    
   38.00      0.5548    
   39.00      0.4973    
   40.00      0.4494    
   41.00      0.4102    
   42.00      0.3783    
   43.00      0.3519    
   44.00      0.3288    
   45.00      0.3071    
   46.00      0.2855    
   47.00      0.2635    
   48.00      0.2410    
   49.00      0.2183    
   50.00      0.1958    
   51.00      0.1737    
   52.00      0.1526    
   53.00      0.1330    
   54.00      0.1152    
   55.00      0.9971E-01
   56.00      0.8639E-01
   57.00      0.7515E-01
   58.00      0.6580E-01
   59.00      0.5812E-01
   60.00      0.5186E-01
   61.00      0.4672E-01
   62.00      0.4243E-01
   63.00      0.3871E-01
   64.00      0.3539E-01
   65.00      0.3233E-01
   66.00      0.2944E-01
   67.00      0.2668E-01
   68.00      0.2402E-01
   69.00      0.2148E-01
   70.00      0.1909E-01
   71.00      0.1689E-01
   72.00      0.1488E-01
   73.00      0.1307E-01
   74.00      0.1146E-01
   75.00      0.1004E-01
   76.00      0.8820E-02
   77.00      0.7787E-02
   78.00      0.6913E-02
   79.00      0.6164E-02
   80.00      0.5514E-02
   81.00      0.4951E-02
   82.00      0.4464E-02
   83.00      0.4039E-02
   84.00      0.3654E-02
   85.00      0.3292E-02
   86.00      0.2948E-02
   87.00      0.2629E-02
   88.00      0.2341E-02
   89.00      0.2087E-02
   90.00      0.1858E-02
   91.00      0.1647E-02
   92.00      0.1454E-02
   93.00      0.1283E-02
   94.00      0.1137E-02
   95.00      0.1016E-02
   96.00      0.9147E-03
   97.00      0.8267E-03
   98.00      0.7501E-03
   99.00      0.6851E-03
   100.0      0.6312E-03
   101.0      0.5851E-03
   102.0      0.5423E-03
   103.0      0.5000E-03
   104.0      0.4592E-03
   105.0      0.4214E-03
   106.0      0.3873E-03
   107.0      0.3551E-03
   108.0      0.3232E-03
   109.0      0.2910E-03
   110.0      0.2599E-03
   111.0      0.2315E-03
   112.0      0.2057E-03
   113.0      0.1814E-03
   114.0      0.1583E-03
   115.0      0.1373E-03
   116.0      0.1198E-03
   117.0      0.1062E-03
   118.0      0.9527E-04
   119.0      0.8487E-04
   120.0      0.7409E-04
   121.0      0.6402E-04
   122.0      0.5643E-04
   123.0      0.5185E-04
   124.0      0.4902E-04
   125.0      0.4615E-04
   126.0      0.4233E-04
   127.0      0.3818E-04
   128.0      0.3508E-04
   129.0      0.3358E-04
   130.0      0.3277E-04
   131.0      0.3130E-04
   132.0      0.2884E-04
   133.0      0.2619E-04
   134.0      0.2439E-04
   135.0      0.2379E-04
   136.0      0.2368E-04
   137.0      0.2292E-04
   138.0      0.2110E-04
   139.0      0.1900E-04
   140.0      0.1766E-04
   141.0      0.1729E-04
   142.0      0.1726E-04
   143.0      0.1680E-04
   144.0      0.1552E-04
   145.0      0.1382E-04
   146.0      0.1259E-04
   147.0      0.1218E-04
   148.0      0.1213E-04
   149.0      0.1175E-04
   150.0      0.1086E-04
   151.0      0.9652E-05
   152.0      0.8506E-05
   153.0      0.7761E-05
   154.0      0.7353E-05
   155.0      0.6873E-05
   156.0      0.6195E-05
   157.0      0.5635E-05
   158.0      0.5363E-05
   159.0      0.5183E-05
   160.0      0.4905E-05
   161.0      0.4484E-05
   162.0      0.3936E-05
   163.0      0.3543E-05
   164.0      0.3731E-05
   165.0      0.4414E-05
   166.0      0.4960E-05
   167.0      0.5016E-05
   168.0      0.4804E-05
   169.0      0.4662E-05
   170.0      0.4859E-05
   171.0      0.5585E-05
   172.0      0.6577E-05
   173.0      0.7177E-05
   174.0      0.7166E-05
   175.0      0.7024E-05
   176.0      0.7248E-05
   177.0      0.8077E-05
   178.0      0.9621E-05
   179.0      0.1142E-04
   180.0      0.1226E-04
 END
