# 178 angles,  1 tensor ranks for 0=projectile
@subtitle   "20O(d,d') Daehnick OMP with iblock to check g3 variations;"                    
@legend ON
@legend x1 0.2
@legend y1 0.8
@g0 type LOGY
@yaxis ticklabel format power
@legend string   0 "Lab energy =   70.0000"
#legend string   0 "Partition=  1 Excit=  2 near/far= 1"
#  Theta       sigma       iT11        T20         T21         T22         Kyy for projectile
   3.000       11.83    
   4.000       10.56    
   5.000       9.516    
   6.000       9.034    
   7.000       9.345    
   8.000       10.44    
   9.000       12.07    
   10.00       13.89    
   11.00       15.55    
   12.00       16.82    
   13.00       17.50    
   14.00       17.50    
   15.00       16.78    
   16.00       15.41    
   17.00       13.55    
   18.00       11.43    
   19.00       9.332    
   20.00       7.447    
   21.00       5.917    
   22.00       4.802    
   23.00       4.107    
   24.00       3.790    
   25.00       3.771    
   26.00       3.944    
   27.00       4.196    
   28.00       4.430    
   29.00       4.578    
   30.00       4.607    
   31.00       4.508    
   32.00       4.288    
   33.00       3.971    
   34.00       3.588    
   35.00       3.176    
   36.00       2.773    
   37.00       2.407    
   38.00       2.093    
   39.00       1.839    
   40.00       1.643    
   41.00       1.501    
   42.00       1.404    
   43.00       1.339    
   44.00       1.291    
   45.00       1.247    
   46.00       1.198    
   47.00       1.138    
   48.00       1.067    
   49.00      0.9854    
   50.00      0.8953    
   51.00      0.7996    
   52.00      0.7020    
   53.00      0.6069    
   54.00      0.5184    
   55.00      0.4391    
   56.00      0.3702    
   57.00      0.3122    
   58.00      0.2649    
   59.00      0.2277    
   60.00      0.1992    
   61.00      0.1777    
   62.00      0.1613    
   63.00      0.1483    
   64.00      0.1374    
   65.00      0.1278    
   66.00      0.1186    
   67.00      0.1093    
   68.00      0.9969E-01
   69.00      0.8984E-01
   70.00      0.8008E-01
   71.00      0.7069E-01
   72.00      0.6182E-01
   73.00      0.5353E-01
   74.00      0.4589E-01
   75.00      0.3908E-01
   76.00      0.3327E-01
   77.00      0.2852E-01
   78.00      0.2471E-01
   79.00      0.2164E-01
   80.00      0.1915E-01
   81.00      0.1713E-01
   82.00      0.1553E-01
   83.00      0.1426E-01
   84.00      0.1317E-01
   85.00      0.1212E-01
   86.00      0.1108E-01
   87.00      0.1005E-01
   88.00      0.9107E-02
   89.00      0.8238E-02
   90.00      0.7412E-02
   91.00      0.6587E-02
   92.00      0.5768E-02
   93.00      0.5003E-02
   94.00      0.4341E-02
   95.00      0.3793E-02
   96.00      0.3337E-02
   97.00      0.2950E-02
   98.00      0.2623E-02
   99.00      0.2362E-02
   100.0      0.2168E-02
   101.0      0.2024E-02
   102.0      0.1899E-02
   103.0      0.1777E-02
   104.0      0.1661E-02
   105.0      0.1561E-02
   106.0      0.1476E-02
   107.0      0.1395E-02
   108.0      0.1305E-02
   109.0      0.1200E-02
   110.0      0.1088E-02
   111.0      0.9801E-03
   112.0      0.8789E-03
   113.0      0.7774E-03
   114.0      0.6744E-03
   115.0      0.5772E-03
   116.0      0.4946E-03
   117.0      0.4307E-03
   118.0      0.3809E-03
   119.0      0.3338E-03
   120.0      0.2826E-03
   121.0      0.2336E-03
   122.0      0.1982E-03
   123.0      0.1797E-03
   124.0      0.1719E-03
   125.0      0.1664E-03
   126.0      0.1574E-03
   127.0      0.1453E-03
   128.0      0.1367E-03
   129.0      0.1350E-03
   130.0      0.1349E-03
   131.0      0.1299E-03
   132.0      0.1204E-03
   133.0      0.1112E-03
   134.0      0.1057E-03
   135.0      0.1051E-03
   136.0      0.1061E-03
   137.0      0.1015E-03
   138.0      0.8909E-04
   139.0      0.7513E-04
   140.0      0.6611E-04
   141.0      0.6228E-04
   142.0      0.6105E-04
   143.0      0.5954E-04
   144.0      0.5439E-04
   145.0      0.4579E-04
   146.0      0.3891E-04
   147.0      0.3631E-04
   148.0      0.3475E-04
   149.0      0.3197E-04
   150.0      0.2928E-04
   151.0      0.2670E-04
   152.0      0.2373E-04
   153.0      0.2243E-04
   154.0      0.2305E-04
   155.0      0.2189E-04
   156.0      0.1838E-04
   157.0      0.1634E-04
   158.0      0.1628E-04
   159.0      0.1547E-04
   160.0      0.1458E-04
   161.0      0.1495E-04
   162.0      0.1408E-04
   163.0      0.1152E-04
   164.0      0.1138E-04
   165.0      0.1373E-04
   166.0      0.1399E-04
   167.0      0.1258E-04
   168.0      0.1327E-04
   169.0      0.1446E-04
   170.0      0.1371E-04
   171.0      0.1447E-04
   172.0      0.1824E-04
   173.0      0.2055E-04
   174.0      0.2102E-04
   175.0      0.2377E-04
   176.0      0.2638E-04
   177.0      0.2486E-04
   178.0      0.2544E-04
   179.0      0.3329E-04
   180.0      0.3877E-04
 END
