# Fusion cross sections for ELAB=  70.000, ECM=  63.597
     0.0   1.756       1.782      0.2599E-01
     1.0   15.80       16.03      0.2267    
     2.0   26.39       26.73      0.3389    
     3.0   37.06       37.46      0.4024    
     4.0   47.84       48.27      0.4240    
     5.0   58.77       59.20      0.4257    
     6.0   69.85       70.29      0.4352    
     7.0   80.97       81.49      0.5187    
     8.0   91.42       92.14      0.7154    
     9.0   99.34       100.3      0.9963    
    10.0   101.9       103.2       1.278    
    11.0   95.96       97.41       1.451    
    12.0   79.93       81.27       1.337    
    13.0   58.63       59.62      0.9886    
    14.0   39.27       39.87      0.5956    
    15.0   24.98       25.27      0.2943    
    16.0   15.45       15.58      0.1252    
    17.0   9.423       9.471      0.4833E-01
    18.0   5.699       5.717      0.1733E-01
    19.0   3.430       3.436      0.5751E-02
    20.0   2.058       2.059      0.1724E-02
    21.0   1.231       1.231      0.4564E-03
    22.0  0.7345      0.7346      0.1330E-03
    23.0  0.4372      0.4373      0.9802E-04
    24.0  0.2597      0.2598      0.1300E-03
    25.0  0.1539      0.1541      0.1625E-03
    26.0  0.9106E-01  0.9124E-01  0.1811E-03
    27.0  0.5376E-01  0.5395E-01  0.1867E-03
    28.0  0.3168E-01  0.3187E-01  0.1835E-03
    29.0  0.1864E-01  0.1882E-01  0.1751E-03
    30.0  0.1095E-01  0.1111E-01  0.1641E-03
    31.0  0.6421E-02  0.6573E-02  0.1522E-03
    32.0  0.3760E-02  0.3900E-02  0.1402E-03
    33.0  0.2199E-02  0.2328E-02  0.1288E-03
    34.0  0.1284E-02  0.1402E-02  0.1180E-03
    35.0  0.7492E-03  0.8573E-03  0.1081E-03
    36.0  0.4365E-03  0.5356E-03  0.9905E-04
    37.0  0.2541E-03  0.3448E-03  0.9078E-04
    38.0  0.1477E-03  0.2310E-03  0.8329E-04
    39.0  0.8580E-04  0.1623E-03  0.7646E-04
    40.0  0.4979E-04  0.1201E-03  0.7029E-04
    41.0  0.2887E-04  0.9352E-04  0.6466E-04
    42.0  0.1672E-04  0.7626E-04  0.5954E-04
    43.0  0.9680E-05  0.6456E-04  0.5488E-04
    44.0  0.5599E-05  0.5622E-04  0.5062E-04
    45.0  0.3237E-05  0.4999E-04  0.4675E-04
    46.0  0.1870E-05  0.4507E-04  0.4320E-04
    47.0  0.1080E-05  0.4103E-04  0.3995E-04
    48.0  0.6233E-06  0.3761E-04  0.3699E-04
    49.0  0.3598E-06  0.3461E-04  0.3425E-04
    50.0  0.2078E-06  0.3196E-04  0.3175E-04
 &
