# 178 angles,  1 tensor ranks for 0=projectile
@subtitle   "p+O20 1st ex with BG ;"                                                        
@legend ON
@legend x1 0.2
@legend y1 0.8
@g0 type LOGY
@yaxis ticklabel format power
@legend string   0 "Lab energy =   35.0000"
#legend string   0 "Partition=  1 Excit=  1 near/far= 1"
#  Theta       sigma       iT11        T20         T21         T22         Kyy for projectile
   3.000      0.1288E+06
   4.000      0.3676E+05
   5.000      0.1416E+05
   6.000       7000.    
   7.000       4332.    
   8.000       3199.    
   9.000       2652.    
   10.00       2341.    
   11.00       2129.    
   12.00       1958.    
   13.00       1805.    
   14.00       1658.    
   15.00       1515.    
   16.00       1374.    
   17.00       1238.    
   18.00       1105.    
   19.00       978.7    
   20.00       859.1    
   21.00       747.3    
   22.00       644.0    
   23.00       549.6    
   24.00       464.3    
   25.00       388.2    
   26.00       321.1    
   27.00       262.6    
   28.00       212.4    
   29.00       169.8    
   30.00       134.3    
   31.00       105.2    
   32.00       81.82    
   33.00       63.51    
   34.00       49.57    
   35.00       39.35    
   36.00       32.24    
   37.00       27.66    
   38.00       25.09    
   39.00       24.07    
   40.00       24.18    
   41.00       25.06    
   42.00       26.43    
   43.00       28.02    
   44.00       29.64    
   45.00       31.14    
   46.00       32.40    
   47.00       33.35    
   48.00       33.93    
   49.00       34.13    
   50.00       33.95    
   51.00       33.40    
   52.00       32.51    
   53.00       31.33    
   54.00       29.89    
   55.00       28.24    
   56.00       26.44    
   57.00       24.53    
   58.00       22.56    
   59.00       20.57    
   60.00       18.59    
   61.00       16.67    
   62.00       14.82    
   63.00       13.07    
   64.00       11.43    
   65.00       9.925    
   66.00       8.553    
   67.00       7.321    
   68.00       6.227    
   69.00       5.270    
   70.00       4.444    
   71.00       3.742    
   72.00       3.154    
   73.00       2.671    
   74.00       2.282    
   75.00       1.976    
   76.00       1.742    
   77.00       1.569    
   78.00       1.448    
   79.00       1.369    
   80.00       1.322    
   81.00       1.301    
   82.00       1.298    
   83.00       1.306    
   84.00       1.322    
   85.00       1.339    
   86.00       1.356    
   87.00       1.368    
   88.00       1.375    
   89.00       1.374    
   90.00       1.365    
   91.00       1.348    
   92.00       1.321    
   93.00       1.287    
   94.00       1.245    
   95.00       1.196    
   96.00       1.142    
   97.00       1.082    
   98.00       1.019    
   99.00      0.9533    
   100.0      0.8858    
   101.0      0.8176    
   102.0      0.7497    
   103.0      0.6828    
   104.0      0.6178    
   105.0      0.5552    
   106.0      0.4956    
   107.0      0.4394    
   108.0      0.3870    
   109.0      0.3385    
   110.0      0.2941    
   111.0      0.2539    
   112.0      0.2178    
   113.0      0.1858    
   114.0      0.1578    
   115.0      0.1336    
   116.0      0.1129    
   117.0      0.9555E-01
   118.0      0.8128E-01
   119.0      0.6983E-01
   120.0      0.6090E-01
   121.0      0.5423E-01
   122.0      0.4952E-01
   123.0      0.4651E-01
   124.0      0.4495E-01
   125.0      0.4458E-01
   126.0      0.4516E-01
   127.0      0.4650E-01
   128.0      0.4838E-01
   129.0      0.5062E-01
   130.0      0.5308E-01
   131.0      0.5560E-01
   132.0      0.5806E-01
   133.0      0.6035E-01
   134.0      0.6240E-01
   135.0      0.6413E-01
   136.0      0.6548E-01
   137.0      0.6642E-01
   138.0      0.6692E-01
   139.0      0.6696E-01
   140.0      0.6655E-01
   141.0      0.6569E-01
   142.0      0.6440E-01
   143.0      0.6271E-01
   144.0      0.6065E-01
   145.0      0.5826E-01
   146.0      0.5558E-01
   147.0      0.5266E-01
   148.0      0.4955E-01
   149.0      0.4630E-01
   150.0      0.4297E-01
   151.0      0.3959E-01
   152.0      0.3622E-01
   153.0      0.3292E-01
   154.0      0.2971E-01
   155.0      0.2665E-01
   156.0      0.2376E-01
   157.0      0.2108E-01
   158.0      0.1863E-01
   159.0      0.1643E-01
   160.0      0.1450E-01
   161.0      0.1283E-01
   162.0      0.1145E-01
   163.0      0.1033E-01
   164.0      0.9477E-02
   165.0      0.8869E-02
   166.0      0.8491E-02
   167.0      0.8319E-02
   168.0      0.8328E-02
   169.0      0.8490E-02
   170.0      0.8776E-02
   171.0      0.9154E-02
   172.0      0.9593E-02
   173.0      0.1006E-01
   174.0      0.1054E-01
   175.0      0.1099E-01
   176.0      0.1139E-01
   177.0      0.1173E-01
   178.0      0.1198E-01
   179.0      0.1214E-01
   180.0      0.1219E-01
 END
