# 178 angles,  1 tensor ranks for 0=projectile
@subtitle   "20O + d inelastic scattering;"                                                 
@legend ON
@legend x1 0.2
@legend y1 0.8
@g0 type LOGY
@yaxis ticklabel format power
@legend string   0 "Lab energy =   70.0000"
#legend string   0 "Partition=  1 Excit=  1 near/far= 1"
#  Theta       sigma       iT11        T20         T21         T22         Kyy for projectile
   3.000      0.3013E+05
   4.000      0.1236E+05
   5.000       8264.    
   6.000       6538.    
   7.000       5301.    
   8.000       4205.    
   9.000       3210.    
   10.00       2338.    
   11.00       1610.    
   12.00       1036.    
   13.00       610.4    
   14.00       319.1    
   15.00       139.6    
   16.00       46.40    
   17.00       14.40    
   18.00       20.85    
   19.00       47.07    
   20.00       79.07    
   21.00       107.5    
   22.00       127.2    
   23.00       136.3    
   24.00       135.2    
   25.00       125.9    
   26.00       111.1    
   27.00       93.51    
   28.00       75.44    
   29.00       58.72    
   30.00       44.51    
   31.00       33.38    
   32.00       25.36    
   33.00       20.16    
   34.00       17.23    
   35.00       15.95    
   36.00       15.71    
   37.00       15.98    
   38.00       16.33    
   39.00       16.49    
   40.00       16.30    
   41.00       15.71    
   42.00       14.73    
   43.00       13.46    
   44.00       11.98    
   45.00       10.42    
   46.00       8.873    
   47.00       7.418    
   48.00       6.113    
   49.00       4.991    
   50.00       4.063    
   51.00       3.324    
   52.00       2.755    
   53.00       2.330    
   54.00       2.020    
   55.00       1.797    
   56.00       1.634    
   57.00       1.509    
   58.00       1.405    
   59.00       1.311    
   60.00       1.217    
   61.00       1.121    
   62.00       1.021    
   63.00      0.9187    
   64.00      0.8153    
   65.00      0.7139    
   66.00      0.6168    
   67.00      0.5264    
   68.00      0.4444    
   69.00      0.3718    
   70.00      0.3091    
   71.00      0.2562    
   72.00      0.2124    
   73.00      0.1769    
   74.00      0.1486    
   75.00      0.1265    
   76.00      0.1092    
   77.00      0.9582E-01
   78.00      0.8531E-01
   79.00      0.7689E-01
   80.00      0.6992E-01
   81.00      0.6390E-01
   82.00      0.5847E-01
   83.00      0.5340E-01
   84.00      0.4856E-01
   85.00      0.4387E-01
   86.00      0.3933E-01
   87.00      0.3495E-01
   88.00      0.3078E-01
   89.00      0.2685E-01
   90.00      0.2322E-01
   91.00      0.1991E-01
   92.00      0.1694E-01
   93.00      0.1433E-01
   94.00      0.1206E-01
   95.00      0.1013E-01
   96.00      0.8514E-02
   97.00      0.7178E-02
   98.00      0.6091E-02
   99.00      0.5220E-02
   100.0      0.4531E-02
   101.0      0.3990E-02
   102.0      0.3568E-02
   103.0      0.3238E-02
   104.0      0.2977E-02
   105.0      0.2767E-02
   106.0      0.2591E-02
   107.0      0.2438E-02
   108.0      0.2300E-02
   109.0      0.2168E-02
   110.0      0.2041E-02
   111.0      0.1913E-02
   112.0      0.1786E-02
   113.0      0.1658E-02
   114.0      0.1530E-02
   115.0      0.1403E-02
   116.0      0.1278E-02
   117.0      0.1156E-02
   118.0      0.1038E-02
   119.0      0.9266E-03
   120.0      0.8214E-03
   121.0      0.7236E-03
   122.0      0.6339E-03
   123.0      0.5525E-03
   124.0      0.4797E-03
   125.0      0.4156E-03
   126.0      0.3599E-03
   127.0      0.3123E-03
   128.0      0.2725E-03
   129.0      0.2399E-03
   130.0      0.2139E-03
   131.0      0.1937E-03
   132.0      0.1787E-03
   133.0      0.1681E-03
   134.0      0.1611E-03
   135.0      0.1571E-03
   136.0      0.1552E-03
   137.0      0.1549E-03
   138.0      0.1555E-03
   139.0      0.1565E-03
   140.0      0.1575E-03
   141.0      0.1581E-03
   142.0      0.1580E-03
   143.0      0.1569E-03
   144.0      0.1548E-03
   145.0      0.1516E-03
   146.0      0.1473E-03
   147.0      0.1419E-03
   148.0      0.1356E-03
   149.0      0.1285E-03
   150.0      0.1209E-03
   151.0      0.1129E-03
   152.0      0.1047E-03
   153.0      0.9673E-04
   154.0      0.8904E-04
   155.0      0.8188E-04
   156.0      0.7545E-04
   157.0      0.6989E-04
   158.0      0.6533E-04
   159.0      0.6185E-04
   160.0      0.5950E-04
   161.0      0.5828E-04
   162.0      0.5816E-04
   163.0      0.5908E-04
   164.0      0.6094E-04
   165.0      0.6362E-04
   166.0      0.6698E-04
   167.0      0.7088E-04
   168.0      0.7517E-04
   169.0      0.7968E-04
   170.0      0.8428E-04
   171.0      0.8882E-04
   172.0      0.9318E-04
   173.0      0.9726E-04
   174.0      0.1010E-03
   175.0      0.1042E-03
   176.0      0.1069E-03
   177.0      0.1091E-03
   178.0      0.1107E-03
   179.0      0.1116E-03
   180.0      0.1119E-03
 END
