# Fusion cross sections for ELAB=  70.000, ECM=  63.596
     0.0   1.743     -1
     1.0   10.46      1
     1.0   15.68     -1
     2.0   8.726      1
     2.0   26.20     -1
     3.0   24.56      1
     3.0   36.82     -1
     4.0   15.84      1
     4.0   47.59     -1
     5.0   39.05      1
     5.0   58.53     -1
     6.0   23.21      1
     6.0   69.60     -1
     7.0   53.77      1
     7.0   80.73     -1
     8.0   30.83      1
     8.0   91.26     -1
     9.0   64.81      1
     9.0   99.30     -1
    10.0   35.82      1
    10.0   102.0     -1
    11.0   63.52      1
    11.0   96.07     -1
    12.0   25.56      1
    12.0   79.84     -1
    13.0   40.30      1
    13.0   58.19     -1
    14.0   11.66      1
    14.0   38.64     -1
    15.0   17.07      1
    15.0   24.39     -1
    16.0   4.508      1
    16.0   15.02     -1
    17.0   6.403      1
    17.0   9.152     -1
    18.0   1.666      1
    18.0   5.542     -1
    19.0   2.338      1
    19.0   3.344     -1
    20.0  0.6056      1
    20.0   2.012     -1
    21.0  0.8435      1
    21.0   1.207     -1
    22.0  0.2175      1
    22.0  0.7222     -1
    23.0  0.3013      1
    23.0  0.4311     -1
    24.0  0.7727E-01  1
    24.0  0.2567     -1
    25.0  0.1066      1
    25.0  0.1525     -1
    26.0  0.2719E-01  1
    26.0  0.9037E-01 -1
    27.0  0.3737E-01  1
    27.0  0.5345E-01 -1
    28.0  0.9488E-02  1
    28.0  0.3155E-01 -1
    29.0  0.1300E-01  1
    29.0  0.1859E-01 -1
    30.0  0.3286E-02  1
    30.0  0.1093E-01 -1
    31.0  0.4489E-02  1
    31.0  0.6418E-02 -1
    32.0  0.1131E-02  1
    32.0  0.3763E-02 -1
    33.0  0.1541E-02  1
    33.0  0.2203E-02 -1
    34.0  0.3868E-03  1
    34.0  0.1288E-02 -1
    35.0  0.5260E-03  1
    35.0  0.7518E-03 -1
    36.0  0.1316E-03  1
    36.0  0.4384E-03 -1
    37.0  0.1787E-03  1
    37.0  0.2553E-03 -1
    38.0  0.4460E-04  1
    38.0  0.1486E-03 -1
    39.0  0.6043E-04  1
    39.0  0.8634E-04 -1
    40.0  0.1505E-04  1
    40.0  0.5014E-04 -1
    41.0  0.2036E-04  1
    41.0  0.2908E-04 -1
    42.0  0.5058E-05  1
    42.0  0.1686E-04 -1
    43.0  0.6834E-05  1
    43.0  0.9763E-05 -1
    44.0  0.1695E-05  1
    44.0  0.5649E-05 -1
    45.0  0.2287E-05  1
    45.0  0.3267E-05 -1
    46.0  0.5661E-06  1
    46.0  0.1887E-05 -1
    47.0  0.7629E-06  1
    47.0  0.1090E-05 -1
    48.0  0.1886E-06  1
    48.0  0.6288E-06 -1
    49.0  0.2539E-06  1
    49.0  0.3626E-06 -1
    50.0  0.6266E-07  1
    50.0  0.2090E-06 -1
    51.0  0.8427E-07  1
    51.0  0.1204E-06 -1
    52.0  0.2077E-07  1
    52.0  0.6928E-07 -1
    53.0  0.2791E-07  1
    53.0  0.3986E-07 -1
    54.0  0.6870E-08  1
    54.0  0.2292E-07 -1
    55.0  0.9224E-08  1
    55.0  0.1317E-07 -1
    56.0  0.2268E-08  1
    56.0  0.7567E-08 -1
    57.0  0.3043E-08  1
    57.0  0.4346E-08 -1
    58.0  0.7469E-09  1
    58.0  0.2493E-08 -1
    59.0  0.1001E-08  1
    59.0  0.1430E-08 -1
    60.0  0.2459E-09  1
    60.0  0.8205E-09 -1
 &
