# Fusion cross sections for ELAB=  70.000, ECM=  63.596
     0.0   1.743       1.754      0.1064E-01
     1.0   15.68       15.78      0.9821E-01
     2.0   26.20       26.36      0.1608    
     3.0   36.82       37.04      0.2140    
     4.0   47.59       47.84      0.2558    
     5.0   58.53       58.82      0.2838    
     6.0   69.60       69.90      0.3002    
     7.0   80.73       81.04      0.3100    
     8.0   91.26       91.61      0.3521    
     9.0   99.30       99.80      0.4917    
    10.0   102.0       102.7      0.7198    
    11.0   96.07       97.04      0.9715    
    12.0   79.84       81.00       1.162    
    13.0   58.19       59.36       1.173    
    14.0   38.64       39.63      0.9965    
    15.0   24.39       25.12      0.7342    
    16.0   15.02       15.51      0.4857    
    17.0   9.152       9.449      0.2977    
    18.0   5.542       5.715      0.1732    
    19.0   3.344       3.441      0.9740E-01
    20.0   2.012       2.065      0.5355E-01
    21.0   1.207       1.236      0.2901E-01
    22.0  0.7222      0.7378      0.1557E-01
    23.0  0.4311      0.4394      0.8301E-02
    24.0  0.2567      0.2611      0.4409E-02
    25.0  0.1525      0.1548      0.2336E-02
    26.0  0.9037E-01  0.9161E-01  0.1236E-02
    27.0  0.5345E-01  0.5410E-01  0.6531E-03
    28.0  0.3155E-01  0.3189E-01  0.3449E-03
    29.0  0.1859E-01  0.1877E-01  0.1821E-03
    30.0  0.1093E-01  0.1103E-01  0.9610E-04
    31.0  0.6418E-02  0.6469E-02  0.5072E-04
    32.0  0.3763E-02  0.3789E-02  0.2677E-04
    33.0  0.2203E-02  0.2217E-02  0.1413E-04
    34.0  0.1288E-02  0.1295E-02  0.7456E-05
    35.0  0.7518E-03  0.7557E-03  0.3935E-05
    36.0  0.4384E-03  0.4404E-03  0.2077E-05
    37.0  0.2553E-03  0.2564E-03  0.1096E-05
    38.0  0.1486E-03  0.1491E-03  0.5786E-06
    39.0  0.8634E-04  0.8665E-04  0.3054E-06
    40.0  0.5014E-04  0.5030E-04  0.1612E-06
    41.0  0.2908E-04  0.2917E-04  0.8512E-07
    42.0  0.1686E-04  0.1690E-04  0.4495E-07
    43.0  0.9763E-05  0.9786E-05  0.2373E-07
    44.0  0.5649E-05  0.5662E-05  0.1253E-07
    45.0  0.3267E-05  0.3273E-05  0.6616E-08
    46.0  0.1887E-05  0.1891E-05  0.3493E-08
    47.0  0.1090E-05  0.1092E-05  0.1844E-08
    48.0  0.6288E-06  0.6298E-06  0.9737E-09
    49.0  0.3626E-06  0.3631E-06  0.5142E-09
    50.0  0.2090E-06  0.2092E-06  0.2715E-09
    51.0  0.1204E-06  0.1205E-06  0.1434E-09
    52.0  0.6928E-07  0.6935E-07  0.7573E-10
    53.0  0.3986E-07  0.3990E-07  0.4000E-10
    54.0  0.2292E-07  0.2294E-07  0.2112E-10
    55.0  0.1317E-07  0.1318E-07  0.1116E-10
    56.0  0.7567E-08  0.7572E-08  0.5891E-11
    57.0  0.4346E-08  0.4349E-08  0.3111E-11
    58.0  0.2493E-08  0.2494E-08  0.1643E-11
    59.0  0.1430E-08  0.1431E-08  0.8680E-12
    60.0  0.8205E-09  0.8209E-09  0.4584E-12
 &
