           4           1           1
    0.0-     1 1   1.754       0.000      0.6127E-02  0.5011E-04  0.4467E-02   1.743    
    1.0+     0 1   5.247       0.000      0.2128E-01  0.2291E-03  0.1367E-01   5.211    
    1.0+     2 2   5.278       0.000      0.1607E-01  0.1307E-03  0.1285E-01   5.249    
    1.0-     1 1   5.257       0.000      0.2020E-01  0.1828E-03  0.1360E-01   5.223    
    2.0+     2 1   8.781       0.000      0.3248E-01  0.3477E-03  0.2232E-01   8.726    
    2.0-     1 1   8.748       0.000      0.3989E-01  0.5765E-03  0.2251E-01   8.685    
    2.0-     3 2   8.836       0.000      0.2244E-01  0.1991E-03  0.2001E-01   8.793    
    3.0+     2 1   12.26       0.000      0.5793E-01  0.1266E-02  0.3030E-01   12.17    
    3.0+     4 2   12.44       0.000      0.2518E-01  0.2598E-03  0.2549E-01   12.39    
    3.0-     3 1   12.34       0.000      0.4253E-01  0.5764E-03  0.3049E-01   12.26    
    4.0+     4 1   15.93       0.000      0.4959E-01  0.8983E-03  0.3789E-01   15.84    
    4.0-     3 1   15.80       0.000      0.7452E-01  0.2654E-02  0.3674E-01   15.69    
    4.0-     5 2   16.11       0.000      0.2449E-01  0.2947E-03  0.2869E-01   16.06    
    5.0+     4 1   19.38       0.000      0.8746E-01  0.5242E-02  0.4125E-01   19.25    
    5.0+     6 2   19.85       0.000      0.2142E-01  0.3099E-03  0.2990E-01   19.80    
    5.0-     5 1   19.58       0.000      0.5276E-01  0.1362E-02  0.4408E-01   19.48    
    6.0+     6 1   23.31       0.000      0.5139E-01  0.1950E-02  0.4855E-01   23.21    
    6.0-     5 1   23.00       0.000      0.9404E-01  0.9826E-02  0.4354E-01   22.85    
    6.0-     7 2   23.59       0.000      0.1873E-01  0.3024E-03  0.3187E-01   23.54    
    7.0+     6 1   26.70       0.000      0.9088E-01  0.1657E-01  0.4296E-01   26.55    
    7.0+     8 2   27.27       0.000      0.1837E-01  0.3664E-03  0.3918E-01   27.21    
    7.0-     7 1   27.06       0.000      0.4668E-01  0.2945E-02  0.5208E-01   26.96    
    8.0+     8 1   30.92       0.000      0.3715E-01  0.4009E-02  0.5081E-01   30.83    
    8.0-     7 1   30.46       0.000      0.7932E-01  0.2559E-01  0.4091E-01   30.32    
    8.0-     9 2   30.22       0.000      0.2746E-01  0.1154E-02  0.8573E-01   30.11    
    9.0+     8 1   34.28       0.000      0.5779E-01  0.3447E-01  0.3481E-01   34.15    
    9.0+    10 2   30.92       0.000      0.4260E-01  0.3890E-02  0.2108       30.66    
    9.0-     9 1   34.60       0.000      0.3311E-01  0.6848E-02  0.6744E-01   34.49    
   10.0+    10 1   36.03       0.000      0.4214E-01  0.2578E-01  0.1494       35.82    
   10.0-     9 1   38.54       0.000      0.3485E-01  0.3440E-01  0.2938E-01   38.44    
   10.0-    11 2   28.14       0.000      0.4324E-01  0.7118E-02  0.3534       27.74    
   11.0+    10 1   41.56       0.000      0.3407E-01  0.6238E-01  0.5615E-01   41.41    
   11.0+    12 2   22.56       0.000      0.4076E-01  0.6762E-02  0.4011       22.11    
   11.0-    11 1   32.93       0.000      0.4454E-01  0.6939E-01  0.2563       32.56    
   12.0+    12 1   26.00       0.000      0.4750E-01  0.1067      0.2921       25.56    
   12.0-    11 1   38.75       0.000      0.4245E-01  0.1656      0.1077       38.43    
   12.0-    13 2   16.25       0.000      0.5377E-01  0.4447E-02  0.3421       15.85    
   13.0+    12 1   30.19       0.000      0.5579E-01  0.2567      0.1296       29.74    
   13.0+    14 2   10.87       0.000      0.6484E-01  0.3711E-02  0.2420       10.56    
   13.0-    13 1   18.31       0.000      0.6434E-01  0.1093      0.2469       17.89    
   14.0+    14 1   12.00       0.000      0.7468E-01  0.8688E-01  0.1727       11.66    
   14.0-    13 1   20.69       0.000      0.7763E-01  0.2561      0.1120       20.24    
   14.0-    15 2   6.951       0.000      0.6000E-01  0.3855E-02  0.1525       6.734    
   15.0+    14 1   13.23       0.000      0.8624E-01  0.1962      0.7936E-01   12.87    
   15.0+    16 2   4.332       0.000      0.4529E-01  0.3484E-02  0.8960E-01   4.194    
   15.0-    15 1   7.554       0.000      0.6687E-01  0.5935E-01  0.1078       7.320    
   16.0+    16 1   4.657       0.000      0.4940E-01  0.3698E-01  0.6285E-01   4.508    
   16.0-    15 1   8.192       0.000      0.7448E-01  0.1290      0.4991E-01   7.938    
   16.0-    17 2   2.661       0.000      0.2999E-01  0.2619E-02  0.5045E-01   2.578    
   17.0+    16 1   4.992       0.000      0.5378E-01  0.7778E-01  0.2925E-01   4.831    
   17.0+    18 2   1.619       0.000      0.1830E-01  0.1725E-02  0.2768E-01   1.572    
   17.0-    17 1   2.838       0.000      0.3226E-01  0.2174E-01  0.3518E-01   2.749    
   18.0+    18 1   1.717       0.000      0.1951E-01  0.1231E-01  0.1921E-01   1.666    
   18.0-    17 1   3.018       0.000      0.3462E-01  0.4455E-01  0.1643E-01   2.923    
   18.0-    19 2  0.9798       0.000      0.1062E-01  0.1044E-02  0.1495E-01  0.9532    
   19.0+    18 1   1.817       0.000      0.2075E-01  0.2474E-01  0.8977E-02   1.762    
   19.0+    20 2  0.5902       0.000      0.5964E-02  0.5991E-03  0.8000E-02  0.5756    
   19.0-    19 1   1.035       0.000      0.1125E-01  0.6800E-02  0.1033E-01   1.006    
   20.0+    20 1  0.6211       0.000      0.6288E-02  0.3699E-02  0.5500E-02  0.6056    
   20.0-    19 1   1.090       0.000      0.1188E-01  0.1349E-01  0.4818E-02   1.060    
   20.0-    21 2  0.3543       0.000      0.3282E-02  0.3323E-03  0.4255E-02  0.3464    
   21.0+    20 1  0.6521       0.000      0.6615E-02  0.7269E-02  0.2555E-02  0.6357    
   21.0+    22 2  0.2120       0.000      0.1782E-02  0.1805E-03  0.2255E-02  0.2078    
   21.0-    21 1  0.3718       0.000      0.3448E-02  0.1991E-02  0.2912E-02  0.3634    
   22.0+    22 1  0.2219       0.000      0.1867E-02  0.1065E-02  0.1536E-02  0.2175    
   22.0-    21 1  0.3893       0.000      0.3615E-02  0.3888E-02  0.1345E-02  0.3805    
   22.0-    23 2  0.1265       0.000      0.9596E-03  0.9669E-04  0.1192E-02  0.1243    
   23.0+    22 1  0.2319       0.000      0.1952E-02  0.2070E-02  0.7050E-03  0.2272    
   23.0+    24 2  0.7532E-01   0.000      0.5138E-03  0.5136E-04  0.6296E-03  0.7412E-01
   23.0-    23 1  0.1322       0.000      0.1003E-02  0.5671E-03  0.8089E-03  0.1298    
   24.0+    24 1  0.7853E-01   0.000      0.5358E-03  0.3011E-03  0.4255E-03  0.7727E-01
   24.0-    23 1  0.1378       0.000      0.1046E-02  0.1099E-02  0.3685E-03  0.1353    
   24.0-    25 2  0.4473E-01   0.000      0.2741E-03  0.2714E-04  0.3322E-03  0.4410E-01
   25.0+    24 1  0.8175E-01   0.000      0.5579E-03  0.5820E-03  0.1924E-03  0.8041E-01
   25.0+    26 2  0.2651E-01   0.000      0.1458E-03  0.1429E-04  0.1752E-03  0.2617E-01
   25.0-    25 1  0.4656E-01   0.000      0.2853E-03  0.1596E-03  0.2237E-03  0.4589E-01
   26.0+    26 1  0.2755E-01   0.000      0.1515E-03  0.8450E-04  0.1175E-03  0.2719E-01
   26.0-    25 1  0.4839E-01   0.000      0.2966E-03  0.3079E-03  0.1004E-03  0.4768E-01
   26.0-    27 2  0.1567E-01   0.000      0.7744E-04  0.7513E-05  0.9241E-04  0.1550E-01
   27.0+    26 1  0.2859E-01   0.000      0.1573E-03  0.1628E-03  0.5240E-04  0.2821E-01
   27.0+    28 2  0.9250E-02   0.000      0.4108E-04  0.3945E-05  0.4873E-04  0.9157E-02
   27.0-    27 1  0.1627E-01   0.000      0.8037E-04  0.4470E-04  0.6178E-04  0.1608E-01
   28.0+    28 1  0.9587E-02   0.000      0.4258E-04  0.2363E-04  0.3247E-04  0.9488E-02
   28.0-    27 1  0.1686E-01   0.000      0.8330E-04  0.8599E-04  0.2736E-04  0.1666E-01
   28.0-    29 2  0.5450E-02   0.000      0.2178E-04  0.2070E-05  0.2569E-04  0.5400E-02
   29.0+    28 1  0.9923E-02   0.000      0.4407E-04  0.4542E-04  0.1429E-04  0.9820E-02
   29.0+    30 2  0.3205E-02   0.000      0.1154E-04  0.1086E-05  0.1355E-04  0.3179E-02
   29.0-    29 1  0.5641E-02   0.000      0.2254E-04  0.1249E-04  0.1707E-04  0.5589E-02
   30.0+    30 1  0.3314E-02   0.000      0.1193E-04  0.6602E-05  0.8978E-05  0.3286E-02
   30.0-    29 1  0.5832E-02   0.000      0.2331E-04  0.2399E-04  0.7467E-05  0.5777E-02
   30.0-    31 2  0.1882E-02   0.000      0.6111E-05  0.5698E-06  0.7145E-05  0.1868E-02
   31.0+    30 1  0.3422E-02   0.000      0.1232E-04  0.1267E-04  0.3904E-05  0.3393E-02
   31.0+    32 2  0.1103E-02   0.000      0.3236E-05  0.2990E-06  0.3769E-05  0.1096E-02
   31.0-    31 1  0.1944E-02   0.000      0.6312E-05  0.3489E-05  0.4722E-05  0.1929E-02
   32.0+    32 1  0.1138E-02   0.000      0.3339E-05  0.1843E-05  0.2485E-05  0.1131E-02
   32.0-    31 1  0.2005E-02   0.000      0.6512E-05  0.6688E-05  0.2042E-05  0.1990E-02
   32.0-    33 2  0.6459E-03   0.000      0.1713E-05  0.1570E-06  0.1988E-05  0.6421E-03
   33.0+    32 1  0.1173E-02   0.000      0.3442E-05  0.3531E-05  0.1069E-05  0.1165E-02
   33.0+    34 2  0.3776E-03   0.000      0.9067E-06  0.8241E-07  0.1049E-05  0.3756E-03
   33.0-    33 1  0.6658E-03   0.000      0.1766E-05  0.9739E-06  0.1308E-05  0.6617E-03
   34.0+    34 1  0.3889E-03   0.000      0.9338E-06  0.5145E-06  0.6884E-06  0.3868E-03
   34.0-    33 1  0.6857E-03   0.000      0.1819E-05  0.1865E-05  0.5600E-06  0.6814E-03
   34.0-    35 2  0.2205E-03   0.000      0.4798E-06  0.4328E-07  0.5533E-06  0.2194E-03
   35.0+    34 1  0.4002E-03   0.000      0.9609E-06  0.9845E-06  0.2935E-06  0.3979E-03
   35.0+    36 2  0.1286E-03   0.000      0.2539E-06  0.2273E-07  0.2919E-06  0.1280E-03
   35.0-    35 1  0.2269E-03   0.000      0.4937E-06  0.2718E-06  0.3624E-06  0.2258E-03
   36.0+    36 1  0.1322E-03   0.000      0.2610E-06  0.1436E-06  0.1909E-06  0.1316E-03
   36.0-    35 1  0.2333E-03   0.000      0.5076E-06  0.5198E-06  0.1539E-06  0.2321E-03
   36.0-    37 2  0.7492E-04   0.000      0.1343E-06  0.1194E-07  0.1540E-06  0.7462E-04
   37.0+    36 1  0.1359E-03   0.000      0.2682E-06  0.2745E-06  0.8069E-07  0.1352E-03
   37.0+    38 2  0.4360E-04   0.000      0.7103E-07  0.6272E-08  0.8127E-07  0.4344E-04
   37.0-    37 1  0.7697E-04   0.000      0.1380E-06  0.7585E-07  0.1005E-06  0.7666E-04
   38.0+    38 1  0.4476E-04   0.000      0.7293E-07  0.4007E-07  0.5295E-07  0.4460E-04
   38.0-    37 1  0.7903E-04   0.000      0.1417E-06  0.1449E-06  0.4234E-07  0.7870E-04
   38.0-    39 2  0.2535E-04   0.000      0.3757E-07  0.3296E-08  0.4288E-07  0.2526E-04
   39.0+    38 1  0.4592E-04   0.000      0.7482E-07  0.7652E-07  0.2222E-07  0.4575E-04
   39.0+    40 2  0.1472E-04   0.000      0.1987E-07  0.1733E-08  0.2263E-07  0.1468E-04
   39.0-    39 1  0.2600E-04   0.000      0.3855E-07  0.2117E-07  0.2789E-07  0.2592E-04
   40.0+    40 1  0.1509E-04   0.000      0.2037E-07  0.1118E-07  0.1470E-07  0.1505E-04
   40.0-    39 1  0.2666E-04   0.000      0.3952E-07  0.4041E-07  0.1166E-07  0.2657E-04
   40.0-    41 2  0.8541E-05   0.000      0.1051E-07  0.9117E-09  0.1194E-07  0.8518E-05
   41.0+    40 1  0.1547E-04   0.000      0.2088E-07  0.2134E-07  0.6126E-08  0.1542E-04
   41.0+    42 2  0.4952E-05   0.000      0.5562E-08  0.4799E-09  0.6305E-08  0.4939E-05
   41.0-    41 1  0.8752E-05   0.000      0.1077E-07  0.5910E-08  0.7746E-08  0.8728E-05
   42.0+    42 1  0.5071E-05   0.000      0.5696E-08  0.3122E-08  0.4083E-08  0.5058E-05
   42.0-    41 1  0.8963E-05   0.000      0.1103E-07  0.1127E-07  0.3218E-08  0.8938E-05
   42.0-    43 2  0.2868E-05   0.000      0.2942E-08  0.2525E-09  0.3328E-08  0.2862E-05
   43.0+    42 1  0.5190E-05   0.000      0.5830E-08  0.5953E-08  0.1691E-08  0.5177E-05
   43.0+    44 2  0.1660E-05   0.000      0.1556E-08  0.1328E-09  0.1757E-08  0.1657E-05
   43.0-    43 1  0.2936E-05   0.000      0.3012E-08  0.1650E-08  0.2153E-08  0.2929E-05
   44.0+    44 1  0.1698E-05   0.000      0.1592E-08  0.8713E-09  0.1135E-08  0.1695E-05
   44.0-    43 1  0.3003E-05   0.000      0.3081E-08  0.3144E-08  0.8892E-09  0.2996E-05
   44.0-    45 2  0.9602E-06   0.000      0.8227E-09  0.6987E-10  0.9274E-09  0.9583E-06
   45.0+    44 1  0.1737E-05   0.000      0.1628E-08  0.1660E-08  0.4676E-09  0.1733E-05
   45.0+    46 2  0.5549E-06   0.000      0.4349E-09  0.3676E-10  0.4896E-09  0.5539E-06
   45.0-    45 1  0.9817E-06   0.000      0.8411E-09  0.4602E-09  0.5983E-09  0.9798E-06
   46.0+    46 1  0.5671E-06   0.000      0.4445E-09  0.2431E-09  0.3155E-09  0.5661E-06
   46.0-    45 1  0.1003E-05   0.000      0.8596E-09  0.8765E-09  0.2459E-09  0.1001E-05
   46.0-    47 2  0.3205E-06   0.000      0.2299E-09  0.1935E-10  0.2585E-09  0.3200E-06
   47.0+    46 1  0.5793E-06   0.000      0.4540E-09  0.4629E-09  0.1293E-09  0.5783E-06
   47.0+    48 2  0.1850E-06   0.000      0.1216E-09  0.1019E-10  0.1365E-09  0.1847E-06
   47.0-    47 1  0.3274E-06   0.000      0.2349E-09  0.1284E-09  0.1664E-09  0.3268E-06
   48.0+    48 1  0.1889E-06   0.000      0.1241E-09  0.6786E-10  0.8774E-10  0.1886E-06
   48.0-    47 1  0.3343E-06   0.000      0.2398E-09  0.2445E-09  0.6804E-10  0.3337E-06
   48.0-    49 2  0.1067E-06   0.000      0.6427E-10  0.5366E-11  0.7205E-10  0.1065E-06
   49.0+    48 1  0.1927E-06   0.000      0.1267E-09  0.1291E-09  0.3580E-10  0.1925E-06
   49.0+    50 2  0.6149E-07   0.000      0.3398E-10  0.2825E-11  0.3804E-10  0.6142E-07
   49.0-    49 1  0.1089E-06   0.000      0.6559E-10  0.3585E-10  0.4628E-10  0.1087E-06
   50.0+    50 1  0.6274E-07   0.000      0.3467E-10  0.1894E-10  0.2441E-10  0.6266E-07
   50.0-    49 1  0.1111E-06   0.000      0.6692E-10  0.6819E-10  0.1884E-10  0.1109E-06
   50.0-    51 2  0.3542E-07   0.000      0.1797E-10  0.1488E-11  0.2009E-10  0.3538E-07
   51.0+    50 1  0.6398E-07   0.000      0.3536E-10  0.3602E-10  0.9919E-11  0.6389E-07
   51.0+    52 2  0.2040E-07   0.000      0.9503E-11  0.7834E-12  0.1061E-10  0.2037E-07
   51.0-    51 1  0.3613E-07   0.000      0.1833E-10  0.1000E-10  0.1288E-10  0.3608E-07
   52.0+    52 1  0.2079E-07   0.000      0.9688E-11  0.5286E-11  0.6793E-11  0.2077E-07
   52.0-    51 1  0.3683E-07   0.000      0.1868E-10  0.1902E-10  0.5222E-11  0.3678E-07
   52.0-    53 2  0.1174E-07   0.000      0.5025E-11  0.4126E-12  0.5600E-11  0.1173E-07
   53.0+    52 1  0.2119E-07   0.000      0.9872E-11  0.1005E-10  0.2750E-11  0.2116E-07
   53.0+    54 2  0.6750E-08   0.000      0.2656E-11  0.2174E-12  0.2957E-11  0.6745E-08
   53.0-    53 1  0.1196E-07   0.000      0.5120E-11  0.2793E-11  0.3584E-11  0.1195E-07
   54.0+    54 1  0.6877E-08   0.000      0.2706E-11  0.1476E-11  0.1891E-11  0.6870E-08
   54.0-    53 1  0.1218E-07   0.000      0.5216E-11  0.5307E-11  0.1448E-11  0.1217E-07
   54.0-    55 2  0.3880E-08   0.000      0.1404E-11  0.1146E-12  0.1561E-11  0.3876E-08
   55.0+    54 1  0.7003E-08   0.000      0.2756E-11  0.2803E-11  0.7625E-12  0.6996E-08
   55.0+    56 2  0.2230E-08   0.000      0.7421E-12  0.6040E-13  0.8244E-12  0.2228E-08
   55.0-    55 1  0.3951E-08   0.000      0.1430E-11  0.7797E-12  0.9976E-12  0.3948E-08
   56.0+    56 1  0.2270E-08   0.000      0.7555E-12  0.4119E-12  0.5263E-12  0.2268E-08
   56.0-    55 1  0.4022E-08   0.000      0.1456E-11  0.1481E-11  0.4016E-12  0.4019E-08
   56.0-    57 2  0.1280E-08   0.000      0.3923E-12  0.3184E-13  0.4353E-12  0.1279E-08
   57.0+    56 1  0.2310E-08   0.000      0.7689E-12  0.7823E-12  0.2116E-12  0.2308E-08
   57.0+    58 2  0.7355E-09   0.000      0.2074E-12  0.1678E-13  0.2299E-12  0.7351E-09
   57.0-    57 1  0.1303E-08   0.000      0.3993E-12  0.2176E-12  0.2777E-12  0.1302E-08
   58.0+    58 1  0.7476E-09   0.000      0.2110E-12  0.1150E-12  0.1466E-12  0.7471E-09
   58.0-    57 1  0.1325E-08   0.000      0.4062E-12  0.4132E-12  0.1114E-12  0.1324E-08
   58.0-    59 2  0.4216E-09   0.000      0.1097E-12  0.8845E-14  0.1214E-12  0.4214E-09
   59.0+    58 1  0.7605E-09   0.000      0.2146E-12  0.2183E-12  0.5872E-13  0.7600E-09
   59.0+    60 2  0.2419E-09   0.000      0.5796E-13  0.4664E-14  0.6412E-13  0.2418E-09
   59.0-    59 1  0.4290E-09   0.000      0.1115E-12  0.6075E-13  0.7735E-13  0.4287E-09
   60.0+    60 1  0.2460E-09   0.000      0.5893E-13  0.3210E-13  0.4082E-13  0.2459E-09
   60.0-    59 1  0.4361E-09   0.000      0.1134E-12  0.1153E-12  0.3094E-13  0.4358E-09
   60.0-    61 2  0.1388E-09   0.000      0.3063E-13  0.2459E-14  0.3387E-13  0.1387E-09
