# 178 angles,  1 tensor ranks for 0=projectile
@subtitle   "20O(d,d') Daehnick OMP with step defs and iblock=5"                            
@legend ON
@legend x1 0.2
@legend y1 0.8
@g0 type LOGY
@yaxis ticklabel format power
@legend string   0 "Lab energy =   70.0000"
#legend string   0 "Partition=  1 Excit=  5 near/far= 1"
#  Theta       sigma       iT11        T20         T21         T22         Kyy for projectile
   3.000       3.578    
   4.000       3.046    
   5.000       2.454    
   6.000       1.854    
   7.000       1.297    
   8.000      0.8287    
   9.000      0.4806    
   10.00      0.2707    
   11.00      0.2017    
   12.00      0.2614    
   13.00      0.4257    
   14.00      0.6618    
   15.00      0.9328    
   16.00       1.202    
   17.00       1.437    
   18.00       1.614    
   19.00       1.716    
   20.00       1.738    
   21.00       1.684    
   22.00       1.566    
   23.00       1.401    
   24.00       1.210    
   25.00       1.014    
   26.00      0.8298    
   27.00      0.6734    
   28.00      0.5539    
   29.00      0.4755    
   30.00      0.4370    
   31.00      0.4333    
   32.00      0.4558    
   33.00      0.4946    
   34.00      0.5392    
   35.00      0.5803    
   36.00      0.6102    
   37.00      0.6237    
   38.00      0.6183    
   39.00      0.5940    
   40.00      0.5529    
   41.00      0.4988    
   42.00      0.4363    
   43.00      0.3706    
   44.00      0.3062    
   45.00      0.2474    
   46.00      0.1970    
   47.00      0.1568    
   48.00      0.1275    
   49.00      0.1086    
   50.00      0.9889E-01
   51.00      0.9649E-01
   52.00      0.9923E-01
   53.00      0.1049    
   54.00      0.1114    
   55.00      0.1172    
   56.00      0.1208    
   57.00      0.1215    
   58.00      0.1191    
   59.00      0.1135    
   60.00      0.1052    
   61.00      0.9477E-01
   62.00      0.8305E-01
   63.00      0.7079E-01
   64.00      0.5870E-01
   65.00      0.4741E-01
   66.00      0.3738E-01
   67.00      0.2890E-01
   68.00      0.2211E-01
   69.00      0.1701E-01
   70.00      0.1345E-01
   71.00      0.1122E-01
   72.00      0.1004E-01
   73.00      0.9640E-02
   74.00      0.9727E-02
   75.00      0.1005E-01
   76.00      0.1041E-01
   77.00      0.1065E-01
   78.00      0.1067E-01
   79.00      0.1042E-01
   80.00      0.9909E-02
   81.00      0.9155E-02
   82.00      0.8216E-02
   83.00      0.7160E-02
   84.00      0.6057E-02
   85.00      0.4976E-02
   86.00      0.3972E-02
   87.00      0.3090E-02
   88.00      0.2357E-02
   89.00      0.1788E-02
   90.00      0.1380E-02
   91.00      0.1121E-02
   92.00      0.9894E-03
   93.00      0.9593E-03
   94.00      0.1001E-02
   95.00      0.1087E-02
   96.00      0.1189E-02
   97.00      0.1287E-02
   98.00      0.1363E-02
   99.00      0.1406E-02
   100.0      0.1410E-02
   101.0      0.1373E-02
   102.0      0.1299E-02
   103.0      0.1194E-02
   104.0      0.1065E-02
   105.0      0.9208E-03
   106.0      0.7713E-03
   107.0      0.6245E-03
   108.0      0.4876E-03
   109.0      0.3661E-03
   110.0      0.2638E-03
   111.0      0.1827E-03
   112.0      0.1233E-03
   113.0      0.8431E-04
   114.0      0.6369E-04
   115.0      0.5840E-04
   116.0      0.6497E-04
   117.0      0.7979E-04
   118.0      0.9936E-04
   119.0      0.1205E-03
   120.0      0.1405E-03
   121.0      0.1573E-03
   122.0      0.1695E-03
   123.0      0.1761E-03
   124.0      0.1770E-03
   125.0      0.1723E-03
   126.0      0.1627E-03
   127.0      0.1490E-03
   128.0      0.1324E-03
   129.0      0.1139E-03
   130.0      0.9481E-04
   131.0      0.7603E-04
   132.0      0.5851E-04
   133.0      0.4294E-04
   134.0      0.2985E-04
   135.0      0.1951E-04
   136.0      0.1205E-04
   137.0      0.7375E-05
   138.0      0.5276E-05
   139.0      0.5419E-05
   140.0      0.7392E-05
   141.0      0.1075E-04
   142.0      0.1502E-04
   143.0      0.1976E-04
   144.0      0.2457E-04
   145.0      0.2910E-04
   146.0      0.3308E-04
   147.0      0.3629E-04
   148.0      0.3862E-04
   149.0      0.3999E-04
   150.0      0.4042E-04
   151.0      0.3996E-04
   152.0      0.3873E-04
   153.0      0.3684E-04
   154.0      0.3445E-04
   155.0      0.3174E-04
   156.0      0.2885E-04
   157.0      0.2594E-04
   158.0      0.2315E-04
   159.0      0.2059E-04
   160.0      0.1837E-04
   161.0      0.1655E-04
   162.0      0.1519E-04
   163.0      0.1430E-04
   164.0      0.1391E-04
   165.0      0.1398E-04
   166.0      0.1450E-04
   167.0      0.1541E-04
   168.0      0.1667E-04
   169.0      0.1822E-04
   170.0      0.1997E-04
   171.0      0.2186E-04
   172.0      0.2382E-04
   173.0      0.2576E-04
   174.0      0.2761E-04
   175.0      0.2931E-04
   176.0      0.3080E-04
   177.0      0.3201E-04
   178.0      0.3291E-04
   179.0      0.3346E-04
   180.0      0.3365E-04
 END
