# Fusion cross sections for ELAB=  70.000, ECM=  63.597
     0.0   1.747     -1
     1.0   10.49      1
     1.0   15.73     -1
     2.0   8.777      1
     2.0   26.35     -1
     3.0   24.74      1
     3.0   37.10     -1
     4.0   15.97      1
     4.0   47.94     -1
     5.0   39.03      1
     5.0   58.66     -1
     6.0   23.15      1
     6.0   69.47     -1
     7.0   53.62      1
     7.0   80.31     -1
     8.0   30.60      1
     8.0   90.16     -1
     9.0   63.32      1
     9.0   97.18     -1
    10.0   34.31      1
    10.0   98.66     -1
    11.0   60.83      1
    11.0   91.57     -1
    12.0   24.19      1
    12.0   75.57     -1
    13.0   38.45      1
    13.0   55.65     -1
    14.0   11.48      1
    14.0   37.66     -1
    15.0   16.91      1
    15.0   24.28     -1
    16.0   4.602      1
    16.0   15.23     -1
    17.0   6.544      1
    17.0   9.367     -1
    18.0   1.713      1
    18.0   5.692     -1
    19.0   2.400      1
    19.0   3.433     -1
    20.0  0.6197      1
    20.0   2.060     -1
    21.0  0.8618      1
    21.0   1.233     -1
    22.0  0.2211      1
    22.0  0.7353     -1
    23.0  0.3060      1
    23.0  0.4376     -1
    24.0  0.7815E-01  1
    24.0  0.2599     -1
    25.0  0.1077      1
    25.0  0.1540     -1
    26.0  0.2739E-01  1
    26.0  0.9109E-01 -1
    27.0  0.3761E-01  1
    27.0  0.5377E-01 -1
    28.0  0.9524E-02  1
    28.0  0.3169E-01 -1
    29.0  0.1304E-01  1
    29.0  0.1864E-01 -1
    30.0  0.3290E-02  1
    30.0  0.1095E-01 -1
    31.0  0.4492E-02  1
    31.0  0.6421E-02 -1
    32.0  0.1129E-02  1
    32.0  0.3760E-02 -1
    33.0  0.1539E-02  1
    33.0  0.2199E-02 -1
    34.0  0.3856E-03  1
    34.0  0.1284E-02 -1
    35.0  0.5242E-03  1
    35.0  0.7492E-03 -1
    36.0  0.1310E-03  1
    36.0  0.4365E-03 -1
    37.0  0.1778E-03  1
    37.0  0.2541E-03 -1
    38.0  0.4433E-04  1
    38.0  0.1477E-03 -1
    39.0  0.6005E-04  1
    39.0  0.8580E-04 -1
    40.0  0.1494E-04  1
    40.0  0.4979E-04 -1
    41.0  0.2021E-04  1
    41.0  0.2887E-04 -1
    42.0  0.5016E-05  1
    42.0  0.1672E-04 -1
    43.0  0.6776E-05  1
    43.0  0.9679E-05 -1
    44.0  0.1679E-05  1
    44.0  0.5598E-05 -1
    45.0  0.2265E-05  1
    45.0  0.3235E-05 -1
    46.0  0.5604E-06  1
    46.0  0.1869E-05 -1
    47.0  0.7551E-06  1
    47.0  0.1079E-05 -1
    48.0  0.1865E-06  1
    48.0  0.6222E-06 -1
    49.0  0.2511E-06  1
    49.0  0.3587E-06 -1
    50.0  0.6199E-07  1
    50.0  0.2067E-06 -1
 &
