# 178 angles,  1 tensor ranks for 0=projectile
@subtitle   "20O(d,d') Daehnick OMP with step defs and iblock=5"                            
@legend ON
@legend x1 0.2
@legend y1 0.8
@g0 type LOGY
@yaxis ticklabel format power
@xaxis label "Scattering angle (degrees)"
@yaxis label "Cross section (mb/sr)"
@legend string   0 "Partition=  1 Excit=  1 near/far= 1"
#legend string   0 "Lab energy =   70.0000"
@s0 linestyle   1
#  Theta       sigma       iT11        T20         T21         T22         Kyy for projectile
   3.000      0.2775E+05
   4.000      0.1177E+05
   5.000       8321.    
   6.000       6804.    
   7.000       5589.    
   8.000       4439.    
   9.000       3371.    
   10.00       2431.    
   11.00       1653.    
   12.00       1048.    
   13.00       609.2    
   14.00       316.2    
   15.00       141.7    
   16.00       55.78    
   17.00       30.35    
   18.00       41.03    
   19.00       68.70    
   20.00       99.75    
   21.00       125.7    
   22.00       142.1    
   23.00       148.1    
   24.00       144.6    
   25.00       133.7    
   26.00       118.2    
   27.00       100.5    
   28.00       82.70    
   29.00       66.36    
   30.00       52.39    
   31.00       41.20    
   32.00       32.76    
   33.00       26.79    
   34.00       22.84    
   35.00       20.37    
   36.00       18.91    
   37.00       18.01    
   38.00       17.36    
   39.00       16.70    
   40.00       15.91    
   41.00       14.92    
   42.00       13.73    
   43.00       12.38    
   44.00       10.94    
   45.00       9.467    
   46.00       8.037    
   47.00       6.701    
   48.00       5.501    
   49.00       4.463    
   50.00       3.595    
   51.00       2.897    
   52.00       2.354    
   53.00       1.948    
   54.00       1.655    
   55.00       1.451    
   56.00       1.312    
   57.00       1.216    
   58.00       1.147    
   59.00       1.090    
   60.00       1.035    
   61.00      0.9766    
   62.00      0.9112    
   63.00      0.8383    
   64.00      0.7593    
   65.00      0.6764    
   66.00      0.5926    
   67.00      0.5110    
   68.00      0.4343    
   69.00      0.3646    
   70.00      0.3034    
   71.00      0.2515    
   72.00      0.2089    
   73.00      0.1752    
   74.00      0.1494    
   75.00      0.1304    
   76.00      0.1167    
   77.00      0.1071    
   78.00      0.1002    
   79.00      0.9493E-01
   80.00      0.9040E-01
   81.00      0.8594E-01
   82.00      0.8113E-01
   83.00      0.7574E-01
   84.00      0.6973E-01
   85.00      0.6319E-01
   86.00      0.5628E-01
   87.00      0.4925E-01
   88.00      0.4234E-01
   89.00      0.3576E-01
   90.00      0.2972E-01
   91.00      0.2435E-01
   92.00      0.1975E-01
   93.00      0.1594E-01
   94.00      0.1290E-01
   95.00      0.1060E-01
   96.00      0.8927E-02
   97.00      0.7790E-02
   98.00      0.7075E-02
   99.00      0.6667E-02
   100.0      0.6464E-02
   101.0      0.6375E-02
   102.0      0.6325E-02
   103.0      0.6259E-02
   104.0      0.6139E-02
   105.0      0.5945E-02
   106.0      0.5667E-02
   107.0      0.5312E-02
   108.0      0.4890E-02
   109.0      0.4419E-02
   110.0      0.3920E-02
   111.0      0.3412E-02
   112.0      0.2915E-02
   113.0      0.2444E-02
   114.0      0.2013E-02
   115.0      0.1630E-02
   116.0      0.1300E-02
   117.0      0.1025E-02
   118.0      0.8029E-03
   119.0      0.6310E-03
   120.0      0.5038E-03
   121.0      0.4148E-03
   122.0      0.3573E-03
   123.0      0.3244E-03
   124.0      0.3096E-03
   125.0      0.3072E-03
   126.0      0.3122E-03
   127.0      0.3206E-03
   128.0      0.3290E-03
   129.0      0.3353E-03
   130.0      0.3380E-03
   131.0      0.3362E-03
   132.0      0.3297E-03
   133.0      0.3187E-03
   134.0      0.3036E-03
   135.0      0.2851E-03
   136.0      0.2640E-03
   137.0      0.2412E-03
   138.0      0.2176E-03
   139.0      0.1938E-03
   140.0      0.1707E-03
   141.0      0.1488E-03
   142.0      0.1286E-03
   143.0      0.1104E-03
   144.0      0.9460E-04
   145.0      0.8124E-04
   146.0      0.7044E-04
   147.0      0.6217E-04
   148.0      0.5635E-04
   149.0      0.5284E-04
   150.0      0.5144E-04
   151.0      0.5192E-04
   152.0      0.5403E-04
   153.0      0.5747E-04
   154.0      0.6194E-04
   155.0      0.6714E-04
   156.0      0.7276E-04
   157.0      0.7848E-04
   158.0      0.8402E-04
   159.0      0.8909E-04
   160.0      0.9343E-04
   161.0      0.9684E-04
   162.0      0.9912E-04
   163.0      0.1001E-03
   164.0      0.9982E-04
   165.0      0.9812E-04
   166.0      0.9506E-04
   167.0      0.9073E-04
   168.0      0.8525E-04
   169.0      0.7880E-04
   170.0      0.7161E-04
   171.0      0.6392E-04
   172.0      0.5601E-04
   173.0      0.4816E-04
   174.0      0.4066E-04
   175.0      0.3378E-04
   176.0      0.2777E-04
   177.0      0.2286E-04
   178.0      0.1921E-04
   179.0      0.1697E-04
   180.0      0.1621E-04
 END
@legend string   1 "Partition=  1 Excit=  2 near/far= 1"
#legend string   0 "Lab energy =   70.0000"
@s1 linestyle   2
#  Theta       sigma       iT11        T20         T21         T22         Kyy for projectile
   3.000       9.845    
   4.000       8.577    
   5.000       7.543    
   6.000       7.132    
   7.000       7.603    
   8.000       8.950    
   9.000       10.91    
   10.00       13.10    
   11.00       15.12    
   12.00       16.69    
   13.00       17.61    
   14.00       17.76    
   15.00       17.08    
   16.00       15.63    
   17.00       13.60    
   18.00       11.25    
   19.00       8.880    
   20.00       6.731    
   21.00       4.977    
   22.00       3.698    
   23.00       2.906    
   24.00       2.556    
   25.00       2.564    
   26.00       2.810    
   27.00       3.168    
   28.00       3.522    
   29.00       3.788    
   30.00       3.918    
   31.00       3.896    
   32.00       3.729    
   33.00       3.440    
   34.00       3.066    
   35.00       2.652    
   36.00       2.240    
   37.00       1.868    
   38.00       1.558    
   39.00       1.321    
   40.00       1.157    
   41.00       1.060    
   42.00       1.019    
   43.00       1.015    
   44.00       1.032    
   45.00       1.051    
   46.00       1.059    
   47.00       1.049    
   48.00       1.016    
   49.00      0.9628    
   50.00      0.8899    
   51.00      0.8021    
   52.00      0.7052    
   53.00      0.6055    
   54.00      0.5090    
   55.00      0.4204    
   56.00      0.3429    
   57.00      0.2780    
   58.00      0.2264    
   59.00      0.1876    
   60.00      0.1601    
   61.00      0.1419    
   62.00      0.1304    
   63.00      0.1233    
   64.00      0.1188    
   65.00      0.1153    
   66.00      0.1115    
   67.00      0.1066    
   68.00      0.1002    
   69.00      0.9234E-01
   70.00      0.8352E-01
   71.00      0.7416E-01
   72.00      0.6463E-01
   73.00      0.5524E-01
   74.00      0.4633E-01
   75.00      0.3827E-01
   76.00      0.3137E-01
   77.00      0.2577E-01
   78.00      0.2141E-01
   79.00      0.1812E-01
   80.00      0.1570E-01
   81.00      0.1400E-01
   82.00      0.1290E-01
   83.00      0.1222E-01
   84.00      0.1176E-01
   85.00      0.1132E-01
   86.00      0.1079E-01
   87.00      0.1019E-01
   88.00      0.9521E-02
   89.00      0.8807E-02
   90.00      0.8027E-02
   91.00      0.7166E-02
   92.00      0.6250E-02
   93.00      0.5346E-02
   94.00      0.4519E-02
   95.00      0.3802E-02
   96.00      0.3193E-02
   97.00      0.2686E-02
   98.00      0.2279E-02
   99.00      0.1977E-02
   100.0      0.1778E-02
   101.0      0.1659E-02
   102.0      0.1588E-02
   103.0      0.1539E-02
   104.0      0.1508E-02
   105.0      0.1493E-02
   106.0      0.1484E-02
   107.0      0.1468E-02
   108.0      0.1429E-02
   109.0      0.1362E-02
   110.0      0.1275E-02
   111.0      0.1178E-02
   112.0      0.1075E-02
   113.0      0.9628E-03
   114.0      0.8418E-03
   115.0      0.7215E-03
   116.0      0.6124E-03
   117.0      0.5206E-03
   118.0      0.4444E-03
   119.0      0.3753E-03
   120.0      0.3078E-03
   121.0      0.2480E-03
   122.0      0.2061E-03
   123.0      0.1843E-03
   124.0      0.1761E-03
   125.0      0.1730E-03
   126.0      0.1684E-03
   127.0      0.1614E-03
   128.0      0.1573E-03
   129.0      0.1595E-03
   130.0      0.1630E-03
   131.0      0.1617E-03
   132.0      0.1558E-03
   133.0      0.1489E-03
   134.0      0.1436E-03
   135.0      0.1407E-03
   136.0      0.1376E-03
   137.0      0.1284E-03
   138.0      0.1113E-03
   139.0      0.9298E-04
   140.0      0.7976E-04
   141.0      0.7203E-04
   142.0      0.6742E-04
   143.0      0.6322E-04
   144.0      0.5591E-04
   145.0      0.4535E-04
   146.0      0.3643E-04
   147.0      0.3187E-04
   148.0      0.2891E-04
   149.0      0.2581E-04
   150.0      0.2403E-04
   151.0      0.2330E-04
   152.0      0.2243E-04
   153.0      0.2278E-04
   154.0      0.2420E-04
   155.0      0.2311E-04
   156.0      0.1936E-04
   157.0      0.1727E-04
   158.0      0.1766E-04
   159.0      0.1770E-04
   160.0      0.1766E-04
   161.0      0.1844E-04
   162.0      0.1729E-04
   163.0      0.1381E-04
   164.0      0.1233E-04
   165.0      0.1323E-04
   166.0      0.1218E-04
   167.0      0.9698E-05
   168.0      0.9592E-05
   169.0      0.1023E-04
   170.0      0.9071E-05
   171.0      0.9353E-05
   172.0      0.1237E-04
   173.0      0.1360E-04
   174.0      0.1286E-04
   175.0      0.1463E-04
   176.0      0.1686E-04
   177.0      0.1573E-04
   178.0      0.1719E-04
   179.0      0.2590E-04
   180.0      0.3174E-04
 END
@legend string   2 "Partition=  1 Excit=  3 near/far= 1"
#legend string   0 "Lab energy =   70.0000"
@s2 linestyle   3
#  Theta       sigma       iT11        T20         T21         T22         Kyy for projectile
   3.000       2.314    
   4.000       2.078    
   5.000       1.873    
   6.000       1.776    
   7.000       1.847    
   8.000       2.096    
   9.000       2.480    
   10.00       2.925    
   11.00       3.350    
   12.00       3.690    
   13.00       3.898    
   14.00       3.947    
   15.00       3.825    
   16.00       3.542    
   17.00       3.130    
   18.00       2.642    
   19.00       2.135    
   20.00       1.663    
   21.00       1.267    
   22.00      0.9668    
   23.00      0.7683    
   24.00      0.6650    
   25.00      0.6410    
   26.00      0.6740    
   27.00      0.7390    
   28.00      0.8118    
   29.00      0.8731    
   30.00      0.9103    
   31.00      0.9172    
   32.00      0.8932    
   33.00      0.8418    
   34.00      0.7695    
   35.00      0.6850    
   36.00      0.5970    
   37.00      0.5132    
   38.00      0.4395    
   39.00      0.3790    
   40.00      0.3332    
   41.00      0.3016    
   42.00      0.2823    
   43.00      0.2725    
   44.00      0.2687    
   45.00      0.2675    
   46.00      0.2657    
   47.00      0.2616    
   48.00      0.2538    
   49.00      0.2420    
   50.00      0.2264    
   51.00      0.2075    
   52.00      0.1864    
   53.00      0.1641    
   54.00      0.1419    
   55.00      0.1208    
   56.00      0.1016    
   57.00      0.8482E-01
   58.00      0.7071E-01
   59.00      0.5931E-01
   60.00      0.5049E-01
   61.00      0.4390E-01
   62.00      0.3913E-01
   63.00      0.3572E-01
   64.00      0.3325E-01
   65.00      0.3134E-01
   66.00      0.2970E-01
   67.00      0.2809E-01
   68.00      0.2636E-01
   69.00      0.2446E-01
   70.00      0.2239E-01
   71.00      0.2022E-01
   72.00      0.1799E-01
   73.00      0.1576E-01
   74.00      0.1361E-01
   75.00      0.1159E-01
   76.00      0.9785E-02
   77.00      0.8228E-02
   78.00      0.6926E-02
   79.00      0.5863E-02
   80.00      0.5015E-02
   81.00      0.4360E-02
   82.00      0.3873E-02
   83.00      0.3522E-02
   84.00      0.3263E-02
   85.00      0.3053E-02
   86.00      0.2864E-02
   87.00      0.2681E-02
   88.00      0.2502E-02
   89.00      0.2324E-02
   90.00      0.2141E-02
   91.00      0.1949E-02
   92.00      0.1747E-02
   93.00      0.1543E-02
   94.00      0.1348E-02
   95.00      0.1169E-02
   96.00      0.1008E-02
   97.00      0.8650E-03
   98.00      0.7422E-03
   99.00      0.6414E-03
   100.0      0.5636E-03
   101.0      0.5062E-03
   102.0      0.4642E-03
   103.0      0.4327E-03
   104.0      0.4089E-03
   105.0      0.3916E-03
   106.0      0.3790E-03
   107.0      0.3681E-03
   108.0      0.3560E-03
   109.0      0.3409E-03
   110.0      0.3230E-03
   111.0      0.3036E-03
   112.0      0.2828E-03
   113.0      0.2601E-03
   114.0      0.2352E-03
   115.0      0.2092E-03
   116.0      0.1840E-03
   117.0      0.1609E-03
   118.0      0.1402E-03
   119.0      0.1209E-03
   120.0      0.1026E-03
   121.0      0.8619E-04
   122.0      0.7329E-04
   123.0      0.6452E-04
   124.0      0.5888E-04
   125.0      0.5458E-04
   126.0      0.5033E-04
   127.0      0.4615E-04
   128.0      0.4312E-04
   129.0      0.4196E-04
   130.0      0.4209E-04
   131.0      0.4224E-04
   132.0      0.4167E-04
   133.0      0.4052E-04
   134.0      0.3934E-04
   135.0      0.3842E-04
   136.0      0.3737E-04
   137.0      0.3540E-04
   138.0      0.3231E-04
   139.0      0.2891E-04
   140.0      0.2627E-04
   141.0      0.2467E-04
   142.0      0.2356E-04
   143.0      0.2209E-04
   144.0      0.1972E-04
   145.0      0.1672E-04
   146.0      0.1403E-04
   147.0      0.1228E-04
   148.0      0.1129E-04
   149.0      0.1058E-04
   150.0      0.9866E-05
   151.0      0.9138E-05
   152.0      0.8501E-05
   153.0      0.8107E-05
   154.0      0.7823E-05
   155.0      0.7271E-05
   156.0      0.6434E-05
   157.0      0.5792E-05
   158.0      0.5672E-05
   159.0      0.5935E-05
   160.0      0.6279E-05
   161.0      0.6387E-05
   162.0      0.5980E-05
   163.0      0.5200E-05
   164.0      0.4602E-05
   165.0      0.4439E-05
   166.0      0.4431E-05
   167.0      0.4365E-05
   168.0      0.4305E-05
   169.0      0.4239E-05
   170.0      0.4144E-05
   171.0      0.4182E-05
   172.0      0.4345E-05
   173.0      0.4329E-05
   174.0      0.4115E-05
   175.0      0.4086E-05
   176.0      0.4435E-05
   177.0      0.5125E-05
   178.0      0.6241E-05
   179.0      0.7560E-05
   180.0      0.8192E-05
 END
@legend string   3 "Partition=  1 Excit=  4 near/far= 1"
#legend string   0 "Lab energy =   70.0000"
@s3 linestyle   4
#  Theta       sigma       iT11        T20         T21         T22         Kyy for projectile
   3.000       10.97    
   4.000       14.09    
   5.000       17.35    
   6.000       20.42    
   7.000       23.06    
   8.000       25.26    
   9.000       27.13    
   10.00       28.89    
   11.00       30.75    
   12.00       32.86    
   13.00       35.24    
   14.00       37.77    
   15.00       40.20    
   16.00       42.22    
   17.00       43.51    
   18.00       43.79    
   19.00       42.90    
   20.00       40.82    
   21.00       37.69    
   22.00       33.75    
   23.00       29.33    
   24.00       24.78    
   25.00       20.45    
   26.00       16.62    
   27.00       13.50    
   28.00       11.20    
   29.00       9.719    
   30.00       8.987    
   31.00       8.859    
   32.00       9.155    
   33.00       9.684    
   34.00       10.27    
   35.00       10.76    
   36.00       11.05    
   37.00       11.09    
   38.00       10.84    
   39.00       10.34    
   40.00       9.629    
   41.00       8.772    
   42.00       7.840    
   43.00       6.900    
   44.00       6.009    
   45.00       5.211    
   46.00       4.531    
   47.00       3.979    
   48.00       3.553    
   49.00       3.238    
   50.00       3.012    
   51.00       2.851    
   52.00       2.731    
   53.00       2.628    
   54.00       2.526    
   55.00       2.411    
   56.00       2.276    
   57.00       2.119    
   58.00       1.942    
   59.00       1.751    
   60.00       1.552    
   61.00       1.353    
   62.00       1.161    
   63.00      0.9827    
   64.00      0.8223    
   65.00      0.6829    
   66.00      0.5657    
   67.00      0.4704    
   68.00      0.3956    
   69.00      0.3386    
   70.00      0.2963    
   71.00      0.2655    
   72.00      0.2431    
   73.00      0.2262    
   74.00      0.2126    
   75.00      0.2004    
   76.00      0.1883    
   77.00      0.1755    
   78.00      0.1619    
   79.00      0.1475    
   80.00      0.1325    
   81.00      0.1174    
   82.00      0.1026    
   83.00      0.8858E-01
   84.00      0.7570E-01
   85.00      0.6423E-01
   86.00      0.5435E-01
   87.00      0.4609E-01
   88.00      0.3937E-01
   89.00      0.3406E-01
   90.00      0.2996E-01
   91.00      0.2686E-01
   92.00      0.2453E-01
   93.00      0.2276E-01
   94.00      0.2133E-01
   95.00      0.2010E-01
   96.00      0.1893E-01
   97.00      0.1777E-01
   98.00      0.1655E-01
   99.00      0.1526E-01
   100.0      0.1391E-01
   101.0      0.1251E-01
   102.0      0.1112E-01
   103.0      0.9759E-02
   104.0      0.8480E-02
   105.0      0.7307E-02
   106.0      0.6263E-02
   107.0      0.5364E-02
   108.0      0.4615E-02
   109.0      0.4013E-02
   110.0      0.3547E-02
   111.0      0.3201E-02
   112.0      0.2954E-02
   113.0      0.2787E-02
   114.0      0.2680E-02
   115.0      0.2614E-02
   116.0      0.2569E-02
   117.0      0.2530E-02
   118.0      0.2482E-02
   119.0      0.2419E-02
   120.0      0.2338E-02
   121.0      0.2236E-02
   122.0      0.2114E-02
   123.0      0.1975E-02
   124.0      0.1822E-02
   125.0      0.1661E-02
   126.0      0.1497E-02
   127.0      0.1335E-02
   128.0      0.1178E-02
   129.0      0.1029E-02
   130.0      0.8921E-03
   131.0      0.7695E-03
   132.0      0.6632E-03
   133.0      0.5735E-03
   134.0      0.5000E-03
   135.0      0.4416E-03
   136.0      0.3968E-03
   137.0      0.3639E-03
   138.0      0.3404E-03
   139.0      0.3241E-03
   140.0      0.3127E-03
   141.0      0.3049E-03
   142.0      0.3001E-03
   143.0      0.2976E-03
   144.0      0.2963E-03
   145.0      0.2946E-03
   146.0      0.2909E-03
   147.0      0.2844E-03
   148.0      0.2752E-03
   149.0      0.2642E-03
   150.0      0.2524E-03
   151.0      0.2401E-03
   152.0      0.2274E-03
   153.0      0.2142E-03
   154.0      0.2006E-03
   155.0      0.1869E-03
   156.0      0.1735E-03
   157.0      0.1608E-03
   158.0      0.1489E-03
   159.0      0.1382E-03
   160.0      0.1288E-03
   161.0      0.1209E-03
   162.0      0.1145E-03
   163.0      0.1094E-03
   164.0      0.1054E-03
   165.0      0.1023E-03
   166.0      0.1001E-03
   167.0      0.9867E-04
   168.0      0.9791E-04
   169.0      0.9767E-04
   170.0      0.9792E-04
   171.0      0.9871E-04
   172.0      0.1001E-03
   173.0      0.1022E-03
   174.0      0.1045E-03
   175.0      0.1065E-03
   176.0      0.1076E-03
   177.0      0.1075E-03
   178.0      0.1066E-03
   179.0      0.1055E-03
   180.0      0.1050E-03
 END
@legend string   4 "Partition=  1 Excit=  5 near/far= 1"
#legend string   0 "Lab energy =   70.0000"
@s4 linestyle   5
#  Theta       sigma       iT11        T20         T21         T22         Kyy for projectile
   3.000       3.578    
   4.000       3.046    
   5.000       2.454    
   6.000       1.854    
   7.000       1.297    
   8.000      0.8287    
   9.000      0.4806    
   10.00      0.2707    
   11.00      0.2017    
   12.00      0.2614    
   13.00      0.4257    
   14.00      0.6618    
   15.00      0.9328    
   16.00       1.202    
   17.00       1.437    
   18.00       1.614    
   19.00       1.716    
   20.00       1.738    
   21.00       1.684    
   22.00       1.566    
   23.00       1.401    
   24.00       1.210    
   25.00       1.014    
   26.00      0.8298    
   27.00      0.6734    
   28.00      0.5539    
   29.00      0.4755    
   30.00      0.4370    
   31.00      0.4333    
   32.00      0.4558    
   33.00      0.4946    
   34.00      0.5392    
   35.00      0.5803    
   36.00      0.6102    
   37.00      0.6237    
   38.00      0.6183    
   39.00      0.5940    
   40.00      0.5529    
   41.00      0.4988    
   42.00      0.4363    
   43.00      0.3706    
   44.00      0.3062    
   45.00      0.2474    
   46.00      0.1970    
   47.00      0.1568    
   48.00      0.1275    
   49.00      0.1086    
   50.00      0.9889E-01
   51.00      0.9649E-01
   52.00      0.9923E-01
   53.00      0.1049    
   54.00      0.1114    
   55.00      0.1172    
   56.00      0.1208    
   57.00      0.1215    
   58.00      0.1191    
   59.00      0.1135    
   60.00      0.1052    
   61.00      0.9477E-01
   62.00      0.8305E-01
   63.00      0.7079E-01
   64.00      0.5870E-01
   65.00      0.4741E-01
   66.00      0.3738E-01
   67.00      0.2890E-01
   68.00      0.2211E-01
   69.00      0.1701E-01
   70.00      0.1345E-01
   71.00      0.1122E-01
   72.00      0.1004E-01
   73.00      0.9640E-02
   74.00      0.9727E-02
   75.00      0.1005E-01
   76.00      0.1041E-01
   77.00      0.1065E-01
   78.00      0.1067E-01
   79.00      0.1042E-01
   80.00      0.9909E-02
   81.00      0.9155E-02
   82.00      0.8216E-02
   83.00      0.7160E-02
   84.00      0.6057E-02
   85.00      0.4976E-02
   86.00      0.3972E-02
   87.00      0.3090E-02
   88.00      0.2357E-02
   89.00      0.1788E-02
   90.00      0.1380E-02
   91.00      0.1121E-02
   92.00      0.9894E-03
   93.00      0.9593E-03
   94.00      0.1001E-02
   95.00      0.1087E-02
   96.00      0.1189E-02
   97.00      0.1287E-02
   98.00      0.1363E-02
   99.00      0.1406E-02
   100.0      0.1410E-02
   101.0      0.1373E-02
   102.0      0.1299E-02
   103.0      0.1194E-02
   104.0      0.1065E-02
   105.0      0.9208E-03
   106.0      0.7713E-03
   107.0      0.6245E-03
   108.0      0.4876E-03
   109.0      0.3661E-03
   110.0      0.2638E-03
   111.0      0.1827E-03
   112.0      0.1233E-03
   113.0      0.8431E-04
   114.0      0.6369E-04
   115.0      0.5840E-04
   116.0      0.6497E-04
   117.0      0.7979E-04
   118.0      0.9936E-04
   119.0      0.1205E-03
   120.0      0.1405E-03
   121.0      0.1573E-03
   122.0      0.1695E-03
   123.0      0.1761E-03
   124.0      0.1770E-03
   125.0      0.1723E-03
   126.0      0.1627E-03
   127.0      0.1490E-03
   128.0      0.1324E-03
   129.0      0.1139E-03
   130.0      0.9481E-04
   131.0      0.7603E-04
   132.0      0.5851E-04
   133.0      0.4294E-04
   134.0      0.2985E-04
   135.0      0.1951E-04
   136.0      0.1205E-04
   137.0      0.7375E-05
   138.0      0.5276E-05
   139.0      0.5419E-05
   140.0      0.7392E-05
   141.0      0.1075E-04
   142.0      0.1502E-04
   143.0      0.1976E-04
   144.0      0.2457E-04
   145.0      0.2910E-04
   146.0      0.3308E-04
   147.0      0.3629E-04
   148.0      0.3862E-04
   149.0      0.3999E-04
   150.0      0.4042E-04
   151.0      0.3996E-04
   152.0      0.3873E-04
   153.0      0.3684E-04
   154.0      0.3445E-04
   155.0      0.3174E-04
   156.0      0.2885E-04
   157.0      0.2594E-04
   158.0      0.2315E-04
   159.0      0.2059E-04
   160.0      0.1837E-04
   161.0      0.1655E-04
   162.0      0.1519E-04
   163.0      0.1430E-04
   164.0      0.1391E-04
   165.0      0.1398E-04
   166.0      0.1450E-04
   167.0      0.1541E-04
   168.0      0.1667E-04
   169.0      0.1822E-04
   170.0      0.1997E-04
   171.0      0.2186E-04
   172.0      0.2382E-04
   173.0      0.2576E-04
   174.0      0.2761E-04
   175.0      0.2931E-04
   176.0      0.3080E-04
   177.0      0.3201E-04
   178.0      0.3291E-04
   179.0      0.3346E-04
   180.0      0.3365E-04
 END
