# Fusion cross sections for ELAB=  70.000, ECM=  63.596
     0.0   1.733       1.753      0.2023E-01
     1.0   15.61       15.78      0.1754    
     2.0   26.09       26.36      0.2705    
     3.0   36.69       37.02      0.3319    
     4.0   47.45       47.81      0.3546    
     5.0   58.44       58.79      0.3411    
     6.0   69.63       69.93      0.2979    
     7.0   81.17       81.41      0.2315    
     8.0   92.57       92.77      0.2023    
     9.0   101.3       101.6      0.2567    
    10.0   103.7       104.0      0.3867    
    11.0   96.24       96.80      0.5610    
    12.0   79.29       79.97      0.6836    
    13.0   58.19       58.85      0.6542    
    14.0   39.10       39.59      0.4953    
    15.0   24.84       25.15      0.3114    
    16.0   15.28       15.45      0.1722    
    17.0   9.229       9.317      0.8779E-01
    18.0   5.515       5.558      0.4255E-01
    19.0   3.273       3.293      0.2000E-01
    20.0   1.933       1.943      0.9223E-02
    21.0   1.138       1.142      0.4205E-02
    22.0  0.6677      0.6696      0.1904E-02
    23.0  0.3907      0.3916      0.8589E-03
    24.0  0.2281      0.2285      0.3865E-03
    25.0  0.1329      0.1331      0.1737E-03
    26.0  0.7727E-01  0.7735E-01  0.7802E-04
    27.0  0.4484E-01  0.4488E-01  0.3503E-04
    28.0  0.2598E-01  0.2599E-01  0.1573E-04
    29.0  0.1502E-01  0.1503E-01  0.7060E-05
    30.0  0.8677E-02  0.8680E-02  0.3170E-05
    31.0  0.5004E-02  0.5005E-02  0.1423E-05
    32.0  0.2882E-02  0.2882E-02  0.6392E-06
    33.0  0.1657E-02  0.1658E-02  0.2871E-06
    34.0  0.9520E-03  0.9522E-03  0.1290E-06
    35.0  0.5463E-03  0.5463E-03  0.5793E-07
    36.0  0.3131E-03  0.3131E-03  0.2603E-07
    37.0  0.1793E-03  0.1793E-03  0.1170E-07
    38.0  0.1025E-03  0.1025E-03  0.5256E-08
    39.0  0.5860E-04  0.5860E-04  0.2362E-08
    40.0  0.3346E-04  0.3346E-04  0.1062E-08
    41.0  0.1909E-04  0.1909E-04  0.4772E-09
    42.0  0.1088E-04  0.1088E-04  0.2145E-09
    43.0  0.6197E-05  0.6197E-05  0.9645E-10
    44.0  0.3527E-05  0.3527E-05  0.4336E-10
    45.0  0.2006E-05  0.2006E-05  0.1950E-10
    46.0  0.1140E-05  0.1140E-05  0.8766E-11
    47.0  0.6474E-06  0.6475E-06  0.3942E-11
    48.0  0.3675E-06  0.3675E-06  0.1772E-11
    49.0  0.2085E-06  0.2085E-06  0.7970E-12
    50.0  0.1182E-06  0.1182E-06  0.3584E-12
    51.0  0.6696E-07  0.6696E-07  0.1612E-12
    52.0  0.3792E-07  0.3792E-07  0.7249E-13
    53.0  0.2146E-07  0.2146E-07  0.3260E-13
    54.0  0.1214E-07  0.1214E-07  0.1466E-13
    55.0  0.6865E-08  0.6865E-08  0.6595E-14
    56.0  0.3880E-08  0.3880E-08  0.2967E-14
    57.0  0.2192E-08  0.2192E-08  0.1334E-14
    58.0  0.1238E-08  0.1238E-08  0.6002E-15
    59.0  0.6990E-09  0.6990E-09  0.2700E-15
    60.0  0.3945E-09  0.3945E-09  0.1215E-15
 &
