           5           1           1
    0.0-     1 1   1.753       0.000      0.1087E-01  0.2428E-02  0.5784E-02  0.1147E-02   1.733    
    1.0+     0 1   5.250       0.000      0.3325E-01  0.9870E-02  0.1407E-01  0.1617E-02   5.191    
    1.0+     2 2   5.274       0.000      0.2873E-01  0.6183E-02  0.1786E-01  0.4724E-02   5.216    
    1.0-     1 1   5.258       0.000      0.3244E-01  0.8436E-02  0.1559E-01  0.2633E-02   5.199    
    2.0+     2 1   8.782       0.000      0.4740E-01  0.1350E-01  0.2449E-01  0.5226E-02   8.691    
    2.0-     1 1   8.755       0.000      0.5325E-01  0.1834E-01  0.1998E-01  0.2321E-02   8.661    
    2.0-     3 2   8.821       0.000      0.3919E-01  0.8194E-02  0.2897E-01  0.9672E-02   8.735    
    3.0+     2 1   12.28       0.000      0.6458E-01  0.2690E-01  0.2282E-01  0.3548E-02   12.16    
    3.0+     4 2   12.41       0.000      0.4193E-01  0.8693E-02  0.3752E-01  0.1517E-01   12.31    
    3.0-     3 1   12.33       0.000      0.5394E-01  0.1727E-01  0.3112E-01  0.8376E-02   12.22    
    4.0+     4 1   15.93       0.000      0.5241E-01  0.1950E-01  0.3507E-01  0.1166E-01   15.81    
    4.0-     3 1   15.83       0.000      0.6638E-01  0.3480E-01  0.2314E-01  0.5316E-02   15.70    
    4.0-     5 2   16.05       0.000      0.3767E-01  0.8058E-02  0.4154E-01  0.1902E-01   15.94    
    5.0+     4 1   19.43       0.000      0.5985E-01  0.4083E-01  0.2174E-01  0.7262E-02   19.30    
    5.0+     6 2   19.78       0.000      0.2940E-01  0.6582E-02  0.4073E-01  0.2097E-01   19.69    
    5.0-     5 1   19.57       0.000      0.4421E-01  0.2016E-01  0.3560E-01  0.1377E-01   19.46    
    6.0+     6 1   23.32       0.000      0.3261E-01  0.1884E-01  0.3279E-01  0.1454E-01   23.23    
    6.0-     5 1   23.07       0.000      0.4752E-01  0.4431E-01  0.1927E-01  0.8681E-02   22.95    
    6.0-     7 2   23.53       0.000      0.2013E-01  0.4986E-02  0.3565E-01  0.1858E-01   23.45    
    7.0+     6 1   26.83       0.000      0.3295E-01  0.4349E-01  0.1605E-01  0.9005E-02   26.73    
    7.0+     8 2   27.48       0.000      0.1070E-01  0.3011E-02  0.2412E-01  0.1220E-01   27.43    
    7.0-     7 1   27.09       0.000      0.2174E-01  0.1672E-01  0.2807E-01  0.1344E-01   27.01    
    8.0+     8 1   31.04       0.000      0.1118E-01  0.1222E-01  0.1830E-01  0.8183E-02   30.99    
    8.0-     7 1   30.64       0.000      0.2132E-01  0.4004E-01  0.1326E-01  0.8696E-02   30.56    
    8.0-     9 2   31.09       0.000      0.1118E-01  0.2543E-02  0.3107E-01  0.2428E-01   31.02    
    9.0+     8 1   34.54       0.000      0.1128E-01  0.3128E-01  0.8818E-02  0.6042E-02   34.48    
    9.0+    10 2   32.06       0.000      0.2735E-01  0.4804E-02  0.6453E-01  0.5063E-01   31.91    
    9.0-     9 1   34.97       0.000      0.9726E-02  0.1005E-01  0.1906E-01  0.1310E-01   34.92    
   10.0+    10 1   36.40       0.000      0.2727E-01  0.2357E-01  0.4239E-01  0.3247E-01   36.27    
   10.0-     9 1   38.75       0.000      0.8029E-02  0.2164E-01  0.7139E-02  0.5441E-02   38.70    
   10.0-    11 2   28.91       0.000      0.6171E-01  0.7690E-02  0.8707E-01  0.6223E-01   28.69    
   11.0+    10 1   40.91       0.000      0.2575E-01  0.4468E-01  0.1776E-01  0.1457E-01   40.80    
   11.0+    12 2   22.84       0.000      0.9592E-01  0.1083E-01  0.7887E-01  0.5251E-01   22.60    
   11.0-    11 1   33.06       0.000      0.6855E-01  0.4343E-01  0.6297E-01  0.4513E-01   32.84    
   12.0+    12 1   26.04       0.000      0.1093      0.4955E-01  0.6083E-01  0.4100E-01   25.78    
   12.0-    11 1   37.66       0.000      0.7475E-01  0.8747E-01  0.3269E-01  0.2502E-01   37.44    
   12.0-    13 2   16.27       0.000      0.1005      0.1311E-01  0.5476E-01  0.3471E-01   16.06    
   13.0+    12 1   29.69       0.000      0.1238      0.9889E-01  0.3689E-01  0.2638E-01   29.41    
   13.0+    14 2   10.80       0.000      0.7720E-01  0.1228E-01  0.3211E-01  0.1967E-01   10.66    
   13.0-    13 1   18.35       0.000      0.1138      0.4077E-01  0.4408E-01  0.2846E-01   18.13    
   14.0+    14 1   12.02       0.000      0.8622E-01  0.2724E-01  0.2673E-01  0.1668E-01   11.86    
   14.0-    13 1   20.72       0.000      0.1286      0.7558E-01  0.2976E-01  0.2033E-01   20.46    
   14.0-    15 2   6.857       0.000      0.4812E-01  0.8964E-02  0.1696E-01  0.1012E-01   6.773    
   15.0+    14 1   13.38       0.000      0.9617E-01  0.4553E-01  0.1961E-01  0.1281E-01   13.20    
   15.0+    16 2   4.239       0.000      0.2635E-01  0.5440E-02  0.8405E-02  0.4904E-02   4.193    
   15.0-    15 1   7.535       0.000      0.5300E-01  0.1583E-01  0.1458E-01  0.8793E-02   7.443    
   16.0+    16 1   4.606       0.000      0.2867E-01  0.8361E-02  0.7436E-02  0.4341E-02   4.557    
   16.0-    15 1   8.270       0.000      0.5828E-01  0.2399E-01  0.1149E-01  0.7085E-02   8.169    
   16.0-    17 2   2.576       0.000      0.1335E-01  0.2929E-02  0.4003E-02  0.2288E-02   2.553    
   17.0+    16 1   4.995       0.000      0.3115E-01  0.1175E-01  0.6203E-02  0.3628E-02   4.942    
   17.0+    18 2   1.548       0.000      0.6469E-02  0.1467E-02  0.1860E-02  0.1043E-02   1.538    
   17.0-    17 1   2.773       0.000      0.1439E-01  0.4146E-02  0.3620E-02  0.2058E-02   2.749    
   18.0+    18 1   1.655       0.000      0.6919E-02  0.1977E-02  0.1705E-02  0.9495E-03   1.643    
   18.0-    17 1   2.979       0.000      0.1548E-01  0.5537E-02  0.3137E-02  0.1770E-02   2.953    
   18.0-    19 2  0.9238       0.000      0.3050E-02  0.7030E-03  0.8513E-03  0.4692E-03  0.9187    
   19.0+    18 1   1.764       0.000      0.7384E-02  0.2554E-02  0.1511E-02  0.8333E-03   1.752    
   19.0+    20 2  0.5480       0.000      0.1415E-02  0.3283E-03  0.3860E-03  0.2093E-03  0.5457    
   19.0-    19 1  0.9811       0.000      0.3242E-02  0.9204E-03  0.7855E-03  0.4297E-03  0.9758    
   20.0+    20 1  0.5792       0.000      0.1496E-02  0.4224E-03  0.3569E-03  0.1920E-03  0.5767    
   20.0-    19 1   1.040       0.000      0.3438E-02  0.1165E-02  0.7037E-03  0.3811E-03   1.034    
   20.0-    21 2  0.3236       0.000      0.6495E-03  0.1509E-03  0.1741E-03  0.9297E-04  0.3226    
   21.0+    20 1  0.6109       0.000      0.1579E-02  0.5275E-03  0.3210E-03  0.1708E-03  0.6083    
   21.0+    22 2  0.1905       0.000      0.2964E-03  0.6873E-04  0.7825E-04  0.4120E-04  0.1900    
   21.0-    21 1  0.3407       0.000      0.6841E-03  0.1922E-03  0.1608E-03  0.8510E-04  0.3396    
   22.0+    22 1  0.1998       0.000      0.3111E-03  0.8699E-04  0.7210E-04  0.3756E-04  0.1993    
   22.0-    21 1  0.3580       0.000      0.7192E-03  0.2381E-03  0.1446E-03  0.7559E-04  0.3568    
   22.0-    23 2  0.1117       0.000      0.1347E-03  0.3111E-04  0.3511E-04  0.1825E-04  0.1115    
   23.0+    22 1  0.2093       0.000      0.3259E-03  0.1072E-03  0.6467E-04  0.3319E-04  0.2088    
   23.0+    24 2  0.6537E-01   0.000      0.6104E-04  0.1404E-04  0.1574E-04  0.8080E-05  0.6527E-01
   23.0-    23 1  0.1169       0.000      0.1410E-03  0.3925E-04  0.3224E-04  0.1654E-04  0.1167    
   24.0+    24 1  0.6824E-01   0.000      0.6373E-04  0.1768E-04  0.1440E-04  0.7281E-05  0.6813E-01
   24.0-    23 1  0.1221       0.000      0.1473E-03  0.4825E-04  0.2880E-04  0.1452E-04  0.1219    
   24.0-    25 2  0.3815E-01   0.000      0.2762E-04  0.6319E-05  0.7051E-05  0.3580E-05  0.3810E-01
   25.0+    24 1  0.7112E-01   0.000      0.6644E-04  0.2170E-04  0.1281E-04  0.6343E-05  0.7101E-01
   25.0+    26 2  0.2221E-01   0.000      0.1248E-04  0.2841E-05  0.3159E-05  0.1587E-05  0.2219E-01
   25.0-    25 1  0.3974E-01   0.000      0.2878E-04  0.7954E-05  0.6424E-05  0.3206E-05  0.3969E-01
   26.0+    26 1  0.2310E-01   0.000      0.1298E-04  0.3576E-05  0.2866E-05  0.1413E-05  0.2308E-01
   26.0-    25 1  0.4134E-01   0.000      0.2994E-04  0.9753E-05  0.5688E-05  0.2770E-05  0.4129E-01
   26.0-    27 2  0.1291E-01   0.000      0.5637E-05  0.1276E-05  0.1415E-05  0.7042E-06  0.1290E-01
   27.0+    26 1  0.2399E-01   0.000      0.1348E-04  0.4383E-05  0.2526E-05  0.1211E-05  0.2397E-01
   27.0+    28 2  0.7488E-02   0.000      0.2544E-05  0.5731E-06  0.6340E-06  0.3127E-06  0.7484E-02
   27.0-    27 1  0.1340E-01   0.000      0.5853E-05  0.1607E-05  0.1279E-05  0.6230E-06  0.1339E-01
   28.0+    28 1  0.7762E-02   0.000      0.2638E-05  0.7224E-06  0.5710E-06  0.2751E-06  0.7758E-02
   28.0-    27 1  0.1390E-01   0.000      0.6069E-05  0.1970E-05  0.1122E-05  0.5299E-06  0.1389E-01
   28.0-    29 2  0.4336E-02   0.000      0.1148E-05  0.2573E-06  0.2841E-06  0.1390E-06  0.4334E-02
   29.0+    28 1  0.8037E-02   0.000      0.2731E-05  0.8854E-06  0.4988E-06  0.2322E-06  0.8033E-02
   29.0+    30 2  0.2506E-02   0.000      0.5177E-06  0.1155E-06  0.1273E-06  0.6182E-07  0.2505E-02
   29.0-    29 1  0.4489E-02   0.000      0.1188E-05  0.3246E-06  0.2550E-06  0.1216E-06  0.4487E-02
   30.0+    30 1  0.2592E-02   0.000      0.5354E-06  0.1459E-06  0.1139E-06  0.5380E-07  0.2591E-02
   30.0-    29 1  0.4642E-02   0.000      0.1229E-05  0.3979E-06  0.2218E-06  0.1019E-06  0.4640E-02
   30.0-    31 2  0.1447E-02   0.000      0.2335E-06  0.5186E-07  0.5708E-07  0.2752E-07  0.1446E-02
   31.0+    30 1  0.2677E-02   0.000      0.5530E-06  0.1789E-06  0.9871E-07  0.4478E-07  0.2676E-02
   31.0+    32 2  0.8338E-03   0.000      0.1053E-06  0.2328E-07  0.2559E-07  0.1226E-07  0.8337E-03
   31.0-    31 1  0.1494E-02   0.000      0.2412E-06  0.6555E-07  0.5090E-07  0.2383E-07  0.1494E-02
   32.0+    32 1  0.8604E-03   0.000      0.1086E-06  0.2946E-07  0.2276E-07  0.1057E-07  0.8602E-03
   32.0-    31 1  0.1542E-02   0.000      0.2488E-06  0.8041E-07  0.4395E-07  0.1971E-07  0.1541E-02
   32.0-    33 2  0.4800E-03   0.000      0.4745E-07  0.1046E-07  0.1148E-07  0.5462E-08  0.4799E-03
   33.0+    32 1  0.8869E-03   0.000      0.1120E-06  0.3615E-07  0.1958E-07  0.8683E-08  0.8867E-03
   33.0+    34 2  0.2759E-03   0.000      0.2139E-07  0.4695E-08  0.5148E-08  0.2436E-08  0.2759E-03
   33.0-    33 1  0.4948E-03   0.000      0.4892E-07  0.1324E-07  0.1018E-07  0.4689E-08  0.4947E-03
   34.0+    34 1  0.2842E-03   0.000      0.2203E-07  0.5951E-08  0.4554E-08  0.2083E-08  0.2841E-03
   34.0-    33 1  0.5095E-03   0.000      0.5038E-07  0.1625E-07  0.8729E-08  0.3831E-08  0.5095E-03
   34.0-    35 2  0.1584E-03   0.000      0.9640E-08  0.2108E-08  0.2310E-08  0.1087E-08  0.1584E-03
   35.0+    34 1  0.2924E-03   0.000      0.2267E-07  0.7306E-08  0.3893E-08  0.1692E-08  0.2924E-03
   35.0+    36 2  0.9087E-04   0.000      0.4344E-08  0.9470E-09  0.1036E-08  0.4852E-09  0.9086E-04
   35.0-    35 1  0.1630E-03   0.000      0.9920E-08  0.2675E-08  0.2038E-08  0.9257E-09  0.1630E-03
   36.0+    36 1  0.9343E-04   0.000      0.4467E-08  0.1202E-08  0.9124E-09  0.4117E-09  0.9342E-04
   36.0-    35 1  0.1676E-03   0.000      0.1020E-07  0.3285E-08  0.1737E-08  0.7481E-09  0.1676E-03
   36.0-    37 2  0.5206E-04   0.000      0.1958E-08  0.4254E-09  0.4651E-09  0.2167E-09  0.5206E-04
   37.0+    36 1  0.9599E-04   0.000      0.4589E-08  0.1477E-08  0.7755E-09  0.3311E-09  0.9599E-04
   37.0+    38 2  0.2980E-04   0.000      0.8821E-09  0.1911E-09  0.2088E-09  0.9681E-10  0.2980E-04
   37.0-    37 1  0.5349E-04   0.000      0.2011E-08  0.5406E-09  0.4086E-09  0.1833E-09  0.5349E-04
   38.0+    38 1  0.3059E-04   0.000      0.9056E-09  0.2430E-09  0.1830E-09  0.8161E-10  0.3059E-04
   38.0-    37 1  0.5492E-04   0.000      0.2065E-08  0.6642E-09  0.3464E-09  0.1466E-09  0.5491E-04
   38.0-    39 2  0.1704E-04   0.000      0.3974E-09  0.8585E-10  0.9373E-10  0.4327E-10  0.1704E-04
   39.0+    38 1  0.3139E-04   0.000      0.9291E-09  0.2987E-09  0.1548E-09  0.6501E-10  0.3139E-04
   39.0+    40 2  0.9734E-05   0.000      0.1791E-09  0.3857E-10  0.4208E-10  0.1935E-10  0.9733E-05
   39.0-    39 1  0.1748E-04   0.000      0.4078E-09  0.1093E-09  0.8200E-10  0.3637E-10  0.1748E-04
   40.0+    40 1  0.9980E-05   0.000      0.1836E-09  0.4913E-10  0.3675E-10  0.1621E-10  0.9980E-05
   40.0-    39 1  0.1792E-04   0.000      0.4181E-09  0.1343E-09  0.6917E-10  0.2884E-10  0.1792E-04
   40.0-    41 2  0.5556E-05   0.000      0.8067E-10  0.1733E-10  0.1890E-10  0.8654E-11  0.5555E-05
   41.0+    40 1  0.1023E-04   0.000      0.1881E-09  0.6040E-10  0.3093E-10  0.1281E-10  0.1023E-04
   41.0+    42 2  0.3168E-05   0.000      0.3634E-10  0.7789E-11  0.8486E-11  0.3872E-11  0.3168E-05
   41.0-    41 1  0.5693E-05   0.000      0.8267E-10  0.2209E-10  0.1647E-10  0.7232E-11  0.5693E-05
   42.0+    42 1  0.3245E-05   0.000      0.3722E-10  0.9934E-11  0.7384E-11  0.3227E-11  0.3245E-05
   42.0-    41 1  0.5830E-05   0.000      0.8466E-10  0.2717E-10  0.1383E-10  0.5690E-11  0.5830E-05
   42.0-    43 2  0.1805E-05   0.000      0.1637E-10  0.3500E-11  0.3811E-11  0.1733E-11  0.1805E-05
   43.0+    42 1  0.3321E-05   0.000      0.3810E-10  0.1222E-10  0.6189E-11  0.2529E-11  0.3321E-05
   43.0+    44 2  0.1028E-05   0.000      0.7375E-11  0.1573E-11  0.1712E-11  0.7757E-12  0.1028E-05
   43.0-    43 1  0.1848E-05   0.000      0.1676E-10  0.4467E-11  0.3311E-11  0.1441E-11  0.1848E-05
   44.0+    44 1  0.1052E-05   0.000      0.7545E-11  0.2009E-11  0.1485E-11  0.6434E-12  0.1052E-05
   44.0-    43 1  0.1890E-05   0.000      0.1714E-10  0.5496E-11  0.2770E-11  0.1125E-11  0.1890E-05
   44.0-    45 2  0.5849E-06   0.000      0.3322E-11  0.7071E-12  0.7690E-12  0.3473E-12  0.5849E-06
   45.0+    44 1  0.1075E-05   0.000      0.7714E-11  0.2472E-11  0.1240E-11  0.5007E-12  0.1075E-05
   45.0+    46 2  0.3325E-06   0.000      0.1496E-11  0.3178E-12  0.3455E-12  0.1556E-12  0.3325E-06
   45.0-    45 1  0.5980E-06   0.000      0.3397E-11  0.9035E-12  0.6660E-12  0.2874E-12  0.5980E-06
   46.0+    46 1  0.3399E-06   0.000      0.1529E-11  0.4063E-12  0.2988E-12  0.1284E-12  0.3398E-06
   46.0-    45 1  0.6112E-06   0.000      0.3471E-11  0.1112E-11  0.5551E-12  0.2230E-12  0.6112E-06
   46.0-    47 2  0.1889E-06   0.000      0.6740E-12  0.1429E-12  0.1552E-12  0.6968E-13  0.1889E-06
   47.0+    46 1  0.3472E-06   0.000      0.1562E-11  0.5001E-12  0.2486E-12  0.9932E-13  0.3472E-06
   47.0+    48 2  0.1073E-06   0.000      0.3035E-12  0.6422E-13  0.6973E-13  0.3122E-13  0.1073E-06
   47.0-    47 1  0.1930E-06   0.000      0.6885E-12  0.1827E-12  0.1341E-12  0.5742E-13  0.1930E-06
   48.0+    48 1  0.1095E-06   0.000      0.3099E-12  0.8219E-13  0.6015E-13  0.2567E-13  0.1095E-06
   48.0-    47 1  0.1971E-06   0.000      0.7029E-12  0.2250E-12  0.1113E-12  0.4426E-13  0.1971E-06
   48.0-    49 2  0.6088E-07   0.000      0.1367E-12  0.2887E-13  0.3133E-13  0.1399E-13  0.6088E-07
   49.0+    48 1  0.1118E-06   0.000      0.3163E-12  0.1012E-12  0.4988E-13  0.1974E-13  0.1118E-06
   49.0+    50 2  0.3453E-07   0.000      0.6157E-13  0.1298E-13  0.1408E-13  0.6271E-14  0.3453E-07
   49.0-    49 1  0.6214E-07   0.000      0.1395E-12  0.3696E-13  0.2699E-13  0.1148E-13  0.6214E-07
   50.0+    50 1  0.3522E-07   0.000      0.6281E-13  0.1663E-13  0.1212E-13  0.5137E-14  0.3522E-07
   50.0-    49 1  0.6339E-07   0.000      0.1423E-12  0.4552E-13  0.2235E-13  0.8802E-14  0.6339E-07
   50.0-    51 2  0.1957E-07   0.000      0.2773E-13  0.5835E-14  0.6327E-14  0.2811E-14  0.1957E-07
   51.0+    50 1  0.3592E-07   0.000      0.6406E-13  0.2048E-13  0.1002E-13  0.3927E-14  0.3592E-07
   51.0+    52 2  0.1109E-07   0.000      0.1249E-13  0.2623E-14  0.2844E-14  0.1263E-14  0.1109E-07
   51.0-    51 1  0.1996E-07   0.000      0.2828E-13  0.7478E-14  0.5438E-14  0.2298E-14  0.1996E-07
   52.0+    52 1  0.1130E-07   0.000      0.1273E-13  0.3364E-14  0.2441E-14  0.1029E-14  0.1130E-07
   52.0-    51 1  0.2034E-07   0.000      0.2883E-13  0.9212E-14  0.4490E-14  0.1753E-14  0.2034E-07
   52.0-    53 2  0.6276E-08   0.000      0.5623E-14  0.1180E-14  0.1278E-14  0.5654E-15  0.6276E-08
   53.0+    52 1  0.1152E-07   0.000      0.1297E-13  0.4144E-14  0.2013E-14  0.7827E-15  0.1152E-07
   53.0+    54 2  0.3552E-08   0.000      0.2532E-14  0.5304E-15  0.5743E-15  0.2534E-15  0.3552E-08
   53.0-    53 1  0.6397E-08   0.000      0.5730E-14  0.1513E-14  0.1096E-14  0.4610E-15  0.6397E-08
   54.0+    54 1  0.3617E-08   0.000      0.2580E-14  0.6806E-15  0.4921E-15  0.2062E-15  0.3617E-08
   54.0-    53 1  0.6515E-08   0.000      0.5837E-14  0.1864E-14  0.9025E-15  0.3495E-15  0.6515E-08
   54.0-    55 2  0.2008E-08   0.000      0.1140E-14  0.2385E-15  0.2583E-15  0.1138E-15  0.2008E-08
   55.0+    54 1  0.3685E-08   0.000      0.2627E-14  0.8387E-15  0.4047E-15  0.1561E-15  0.3685E-08
   55.0+    56 2  0.1135E-08   0.000      0.5135E-15  0.1072E-15  0.1160E-15  0.5073E-16  0.1135E-08
   55.0-    55 1  0.2046E-08   0.000      0.1161E-14  0.3062E-15  0.2210E-15  0.9244E-16  0.2046E-08
   56.0+    56 1  0.1156E-08   0.000      0.5228E-15  0.1377E-15  0.9921E-16  0.4136E-16  0.1156E-08
   56.0-    55 1  0.2083E-08   0.000      0.1182E-14  0.3773E-15  0.1815E-15  0.6977E-16  0.2083E-08
   56.0-    57 2  0.6417E-09   0.000      0.2312E-15  0.4822E-16  0.5222E-16  0.2310E-16  0.6417E-09
   57.0+    56 1  0.1177E-08   0.000      0.5320E-15  0.1697E-15  0.8141E-16  0.3116E-16  0.1177E-08
   57.0+    58 2  0.3626E-09   0.000      0.1041E-15  0.2168E-16  0.2343E-16  0.1033E-16  0.3626E-09
   57.0-    57 1  0.6527E-09   0.000      0.2353E-15  0.6195E-16  0.4458E-16  0.1869E-16  0.6527E-09
   58.0+    58 1  0.3683E-09   0.000      0.1059E-15  0.2787E-16  0.2002E-16  0.8279E-17  0.3683E-09
   58.0-    57 1  0.6652E-09   0.000      0.2394E-15  0.7636E-16  0.3653E-16  0.1397E-16  0.6652E-09
   58.0-    59 2  0.2046E-09   0.000      0.4688E-16  0.9751E-17  0.1057E-16  0.4566E-17  0.2046E-09
   59.0+    58 1  0.3749E-09   0.000      0.1077E-15  0.3436E-16  0.1639E-16  0.6234E-17  0.3749E-09
   59.0+    60 2  0.1158E-09   0.000      0.2111E-16  0.4385E-17  0.4725E-17  0.2064E-17  0.1158E-09
   59.0-    59 1  0.2082E-09   0.000      0.4769E-16  0.1254E-16  0.8993E-17  0.3731E-17  0.2082E-09
   60.0+    60 1  0.1180E-09   0.000      0.2147E-16  0.5640E-17  0.4040E-17  0.1684E-17  0.1180E-09
   60.0-    59 1  0.2111E-09   0.000      0.4849E-16  0.1546E-16  0.7352E-17  0.2791E-17  0.2111E-09
   60.0-    61 2  0.6539E-10   0.000      0.9506E-17  0.1972E-17  0.2127E-17  0.9290E-18  0.6539E-10
