# 178 angles,  1 tensor ranks for 0=projectile
@subtitle   "20O(d,t) @ 30AMeV Haixia (d) + Pang (t)"                                       
@legend ON
@legend x1 0.2
@legend y1 0.8
@g0 type LOGY
@yaxis ticklabel format power
@legend string   0 "Lab energy =   70.0000"
#legend string   0 "Partition=  2 Excit=  2 near/far= 1"
#  Theta       sigma       iT11        T20         T21         T22         Kyy for projectile
   3.000       2.680    
   4.000       3.093    
   5.000       3.405    
   6.000       3.536    
   7.000       3.446    
   8.000       3.142    
   9.000       2.673    
   10.00       2.116    
   11.00       1.551    
   12.00       1.050    
   13.00      0.6606    
   14.00      0.4028    
   15.00      0.2702    
   16.00      0.2372    
   17.00      0.2682    
   18.00      0.3267    
   19.00      0.3825    
   20.00      0.4158    
   21.00      0.4185    
   22.00      0.3922    
   23.00      0.3452    
   24.00      0.2894    
   25.00      0.2363    
   26.00      0.1952    
   27.00      0.1714    
   28.00      0.1660    
   29.00      0.1769    
   30.00      0.1995    
   31.00      0.2284    
   32.00      0.2581    
   33.00      0.2843    
   34.00      0.3040    
   35.00      0.3161    
   36.00      0.3206    
   37.00      0.3187    
   38.00      0.3124    
   39.00      0.3035    
   40.00      0.2938    
   41.00      0.2846    
   42.00      0.2765    
   43.00      0.2697    
   44.00      0.2641    
   45.00      0.2590    
   46.00      0.2538    
   47.00      0.2478    
   48.00      0.2406    
   49.00      0.2319    
   50.00      0.2215    
   51.00      0.2096    
   52.00      0.1965    
   53.00      0.1827    
   54.00      0.1685    
   55.00      0.1545    
   56.00      0.1409    
   57.00      0.1281    
   58.00      0.1163    
   59.00      0.1056    
   60.00      0.9600E-01
   61.00      0.8743E-01
   62.00      0.7979E-01
   63.00      0.7296E-01
   64.00      0.6678E-01
   65.00      0.6115E-01
   66.00      0.5593E-01
   67.00      0.5106E-01
   68.00      0.4648E-01
   69.00      0.4215E-01
   70.00      0.3806E-01
   71.00      0.3420E-01
   72.00      0.3060E-01
   73.00      0.2726E-01
   74.00      0.2419E-01
   75.00      0.2140E-01
   76.00      0.1889E-01
   77.00      0.1666E-01
   78.00      0.1469E-01
   79.00      0.1296E-01
   80.00      0.1145E-01
   81.00      0.1014E-01
   82.00      0.8997E-02
   83.00      0.8004E-02
   84.00      0.7135E-02
   85.00      0.6371E-02
   86.00      0.5693E-02
   87.00      0.5087E-02
   88.00      0.4542E-02
   89.00      0.4049E-02
   90.00      0.3601E-02
   91.00      0.3194E-02
   92.00      0.2823E-02
   93.00      0.2487E-02
   94.00      0.2184E-02
   95.00      0.1911E-02
   96.00      0.1667E-02
   97.00      0.1451E-02
   98.00      0.1261E-02
   99.00      0.1094E-02
   100.0      0.9484E-03
   101.0      0.8226E-03
   102.0      0.7142E-03
   103.0      0.6210E-03
   104.0      0.5412E-03
   105.0      0.4727E-03
   106.0      0.4140E-03
   107.0      0.3635E-03
   108.0      0.3199E-03
   109.0      0.2820E-03
   110.0      0.2490E-03
   111.0      0.2200E-03
   112.0      0.1945E-03
   113.0      0.1720E-03
   114.0      0.1519E-03
   115.0      0.1341E-03
   116.0      0.1183E-03
   117.0      0.1042E-03
   118.0      0.9166E-04
   119.0      0.8057E-04
   120.0      0.7077E-04
   121.0      0.6214E-04
   122.0      0.5457E-04
   123.0      0.4796E-04
   124.0      0.4220E-04
   125.0      0.3721E-04
   126.0      0.3288E-04
   127.0      0.2914E-04
   128.0      0.2591E-04
   129.0      0.2313E-04
   130.0      0.2073E-04
   131.0      0.1865E-04
   132.0      0.1684E-04
   133.0      0.1527E-04
   134.0      0.1390E-04
   135.0      0.1269E-04
   136.0      0.1162E-04
   137.0      0.1066E-04
   138.0      0.9803E-05
   139.0      0.9029E-05
   140.0      0.8327E-05
   141.0      0.7688E-05
   142.0      0.7102E-05
   143.0      0.6564E-05
   144.0      0.6068E-05
   145.0      0.5611E-05
   146.0      0.5190E-05
   147.0      0.4800E-05
   148.0      0.4440E-05
   149.0      0.4107E-05
   150.0      0.3799E-05
   151.0      0.3516E-05
   152.0      0.3254E-05
   153.0      0.3014E-05
   154.0      0.2794E-05
   155.0      0.2595E-05
   156.0      0.2415E-05
   157.0      0.2257E-05
   158.0      0.2120E-05
   159.0      0.2007E-05
   160.0      0.1918E-05
   161.0      0.1855E-05
   162.0      0.1820E-05
   163.0      0.1814E-05
   164.0      0.1838E-05
   165.0      0.1892E-05
   166.0      0.1975E-05
   167.0      0.2086E-05
   168.0      0.2222E-05
   169.0      0.2380E-05
   170.0      0.2555E-05
   171.0      0.2742E-05
   172.0      0.2935E-05
   173.0      0.3126E-05
   174.0      0.3310E-05
   175.0      0.3480E-05
   176.0      0.3628E-05
   177.0      0.3750E-05
   178.0      0.3841E-05
   179.0      0.3897E-05
   180.0      0.3916E-05
 END
