# 178 angles,  1 tensor ranks for 0=projectile
@subtitle   "20O(d,t) @ 30AMeV Haixia (d) + Pang (t)"                                       
@legend ON
@legend x1 0.2
@legend y1 0.8
@g0 type LOGY
@yaxis ticklabel format power
@legend string   0 "Lab energy =   70.0000"
#legend string   0 "Partition=  2 Excit=  3 near/far= 1"
#  Theta       sigma       iT11        T20         T21         T22         Kyy for projectile
   3.000       1.704    
   4.000       1.673    
   5.000       1.685    
   6.000       1.750    
   7.000       1.861    
   8.000       1.993    
   9.000       2.113    
   10.00       2.186    
   11.00       2.185    
   12.00       2.095    
   13.00       1.919    
   14.00       1.673    
   15.00       1.387    
   16.00       1.090    
   17.00      0.8135    
   18.00      0.5794    
   19.00      0.4009    
   20.00      0.2812    
   21.00      0.2146    
   22.00      0.1900    
   23.00      0.1934    
   24.00      0.2113    
   25.00      0.2327    
   26.00      0.2501    
   27.00      0.2603    
   28.00      0.2631    
   29.00      0.2610    
   30.00      0.2576    
   31.00      0.2563    
   32.00      0.2601    
   33.00      0.2702    
   34.00      0.2868    
   35.00      0.3084    
   36.00      0.3329    
   37.00      0.3577    
   38.00      0.3801    
   39.00      0.3980    
   40.00      0.4100    
   41.00      0.4151    
   42.00      0.4135    
   43.00      0.4058    
   44.00      0.3931    
   45.00      0.3767    
   46.00      0.3580    
   47.00      0.3382    
   48.00      0.3184    
   49.00      0.2993    
   50.00      0.2812    
   51.00      0.2644    
   52.00      0.2489    
   53.00      0.2344    
   54.00      0.2207    
   55.00      0.2076    
   56.00      0.1948    
   57.00      0.1822    
   58.00      0.1696    
   59.00      0.1572    
   60.00      0.1448    
   61.00      0.1327    
   62.00      0.1210    
   63.00      0.1098    
   64.00      0.9917E-01
   65.00      0.8926E-01
   66.00      0.8014E-01
   67.00      0.7184E-01
   68.00      0.6434E-01
   69.00      0.5763E-01
   70.00      0.5165E-01
   71.00      0.4634E-01
   72.00      0.4163E-01
   73.00      0.3743E-01
   74.00      0.3368E-01
   75.00      0.3032E-01
   76.00      0.2728E-01
   77.00      0.2453E-01
   78.00      0.2202E-01
   79.00      0.1973E-01
   80.00      0.1763E-01
   81.00      0.1572E-01
   82.00      0.1397E-01
   83.00      0.1239E-01
   84.00      0.1096E-01
   85.00      0.9673E-02
   86.00      0.8524E-02
   87.00      0.7504E-02
   88.00      0.6602E-02
   89.00      0.5809E-02
   90.00      0.5114E-02
   91.00      0.4507E-02
   92.00      0.3978E-02
   93.00      0.3516E-02
   94.00      0.3113E-02
   95.00      0.2760E-02
   96.00      0.2450E-02
   97.00      0.2177E-02
   98.00      0.1935E-02
   99.00      0.1720E-02
   100.0      0.1529E-02
   101.0      0.1357E-02
   102.0      0.1204E-02
   103.0      0.1066E-02
   104.0      0.9425E-03
   105.0      0.8320E-03
   106.0      0.7333E-03
   107.0      0.6454E-03
   108.0      0.5674E-03
   109.0      0.4984E-03
   110.0      0.4376E-03
   111.0      0.3842E-03
   112.0      0.3375E-03
   113.0      0.2968E-03
   114.0      0.2614E-03
   115.0      0.2307E-03
   116.0      0.2040E-03
   117.0      0.1809E-03
   118.0      0.1608E-03
   119.0      0.1434E-03
   120.0      0.1282E-03
   121.0      0.1148E-03
   122.0      0.1031E-03
   123.0      0.9278E-04
   124.0      0.8363E-04
   125.0      0.7547E-04
   126.0      0.6818E-04
   127.0      0.6164E-04
   128.0      0.5576E-04
   129.0      0.5045E-04
   130.0      0.4566E-04
   131.0      0.4133E-04
   132.0      0.3741E-04
   133.0      0.3388E-04
   134.0      0.3068E-04
   135.0      0.2781E-04
   136.0      0.2522E-04
   137.0      0.2289E-04
   138.0      0.2081E-04
   139.0      0.1895E-04
   140.0      0.1729E-04
   141.0      0.1582E-04
   142.0      0.1452E-04
   143.0      0.1337E-04
   144.0      0.1236E-04
   145.0      0.1148E-04
   146.0      0.1071E-04
   147.0      0.1004E-04
   148.0      0.9467E-05
   149.0      0.8969E-05
   150.0      0.8539E-05
   151.0      0.8167E-05
   152.0      0.7845E-05
   153.0      0.7562E-05
   154.0      0.7311E-05
   155.0      0.7084E-05
   156.0      0.6875E-05
   157.0      0.6677E-05
   158.0      0.6487E-05
   159.0      0.6300E-05
   160.0      0.6114E-05
   161.0      0.5928E-05
   162.0      0.5743E-05
   163.0      0.5558E-05
   164.0      0.5377E-05
   165.0      0.5200E-05
   166.0      0.5031E-05
   167.0      0.4872E-05
   168.0      0.4726E-05
   169.0      0.4594E-05
   170.0      0.4479E-05
   171.0      0.4380E-05
   172.0      0.4297E-05
   173.0      0.4231E-05
   174.0      0.4180E-05
   175.0      0.4141E-05
   176.0      0.4113E-05
   177.0      0.4094E-05
   178.0      0.4082E-05
   179.0      0.4076E-05
   180.0      0.4074E-05
 END
