# 178 angles,  1 tensor ranks for 0=projectile
@subtitle   "20O(d,t) @ 30AMeV Haixia (d) + Pang (t)"                                       
@legend ON
@legend x1 0.2
@legend y1 0.8
@g0 type LOGY
@yaxis ticklabel format power
@legend string   0 "Lab energy =   70.0000"
#legend string   0 "Partition=  2 Excit=  1 near/far= 1"
#  Theta       sigma       iT11        T20         T21         T22         Kyy for projectile
   3.000       24.29    
   4.000       18.00    
   5.000       11.93    
   6.000       6.886    
   7.000       3.337    
   8.000       1.382    
   9.000      0.8001    
   10.00       1.171    
   11.00       2.014    
   12.00       2.904    
   13.00       3.550    
   14.00       3.818    
   15.00       3.715    
   16.00       3.341    
   17.00       2.843    
   18.00       2.360    
   19.00       1.996    
   20.00       1.802    
   21.00       1.781    
   22.00       1.895    
   23.00       2.085    
   24.00       2.289    
   25.00       2.450    
   26.00       2.532    
   27.00       2.517    
   28.00       2.407    
   29.00       2.216    
   30.00       1.969    
   31.00       1.693    
   32.00       1.412    
   33.00       1.147    
   34.00      0.9110    
   35.00      0.7123    
   36.00      0.5525    
   37.00      0.4292    
   38.00      0.3376    
   39.00      0.2716    
   40.00      0.2251    
   41.00      0.1927    
   42.00      0.1699    
   43.00      0.1535    
   44.00      0.1413    
   45.00      0.1317    
   46.00      0.1239    
   47.00      0.1172    
   48.00      0.1113    
   49.00      0.1059    
   50.00      0.1008    
   51.00      0.9565E-01
   52.00      0.9040E-01
   53.00      0.8494E-01
   54.00      0.7926E-01
   55.00      0.7344E-01
   56.00      0.6760E-01
   57.00      0.6191E-01
   58.00      0.5656E-01
   59.00      0.5169E-01
   60.00      0.4743E-01
   61.00      0.4383E-01
   62.00      0.4089E-01
   63.00      0.3855E-01
   64.00      0.3672E-01
   65.00      0.3525E-01
   66.00      0.3401E-01
   67.00      0.3287E-01
   68.00      0.3172E-01
   69.00      0.3047E-01
   70.00      0.2905E-01
   71.00      0.2747E-01
   72.00      0.2572E-01
   73.00      0.2384E-01
   74.00      0.2188E-01
   75.00      0.1989E-01
   76.00      0.1794E-01
   77.00      0.1607E-01
   78.00      0.1432E-01
   79.00      0.1274E-01
   80.00      0.1133E-01
   81.00      0.1010E-01
   82.00      0.9038E-02
   83.00      0.8137E-02
   84.00      0.7375E-02
   85.00      0.6729E-02
   86.00      0.6174E-02
   87.00      0.5691E-02
   88.00      0.5258E-02
   89.00      0.4861E-02
   90.00      0.4488E-02
   91.00      0.4131E-02
   92.00      0.3785E-02
   93.00      0.3450E-02
   94.00      0.3126E-02
   95.00      0.2814E-02
   96.00      0.2517E-02
   97.00      0.2237E-02
   98.00      0.1977E-02
   99.00      0.1739E-02
   100.0      0.1523E-02
   101.0      0.1330E-02
   102.0      0.1159E-02
   103.0      0.1010E-02
   104.0      0.8796E-03
   105.0      0.7672E-03
   106.0      0.6703E-03
   107.0      0.5870E-03
   108.0      0.5152E-03
   109.0      0.4530E-03
   110.0      0.3990E-03
   111.0      0.3517E-03
   112.0      0.3100E-03
   113.0      0.2732E-03
   114.0      0.2404E-03
   115.0      0.2112E-03
   116.0      0.1852E-03
   117.0      0.1621E-03
   118.0      0.1418E-03
   119.0      0.1239E-03
   120.0      0.1083E-03
   121.0      0.9492E-04
   122.0      0.8346E-04
   123.0      0.7375E-04
   124.0      0.6558E-04
   125.0      0.5875E-04
   126.0      0.5305E-04
   127.0      0.4829E-04
   128.0      0.4426E-04
   129.0      0.4082E-04
   130.0      0.3780E-04
   131.0      0.3509E-04
   132.0      0.3259E-04
   133.0      0.3022E-04
   134.0      0.2794E-04
   135.0      0.2571E-04
   136.0      0.2351E-04
   137.0      0.2135E-04
   138.0      0.1923E-04
   139.0      0.1718E-04
   140.0      0.1519E-04
   141.0      0.1331E-04
   142.0      0.1154E-04
   143.0      0.9905E-05
   144.0      0.8422E-05
   145.0      0.7101E-05
   146.0      0.5949E-05
   147.0      0.4969E-05
   148.0      0.4160E-05
   149.0      0.3515E-05
   150.0      0.3025E-05
   151.0      0.2677E-05
   152.0      0.2453E-05
   153.0      0.2334E-05
   154.0      0.2300E-05
   155.0      0.2328E-05
   156.0      0.2396E-05
   157.0      0.2484E-05
   158.0      0.2572E-05
   159.0      0.2643E-05
   160.0      0.2683E-05
   161.0      0.2684E-05
   162.0      0.2639E-05
   163.0      0.2547E-05
   164.0      0.2411E-05
   165.0      0.2236E-05
   166.0      0.2031E-05
   167.0      0.1806E-05
   168.0      0.1572E-05
   169.0      0.1340E-05
   170.0      0.1118E-05
   171.0      0.9157E-06
   172.0      0.7379E-06
   173.0      0.5878E-06
   174.0      0.4662E-06
   175.0      0.3719E-06
   176.0      0.3022E-06
   177.0      0.2534E-06
   178.0      0.2220E-06
   179.0      0.2046E-06
   180.0      0.1990E-06
 END
