# 178 angles,  1 tensor ranks for 0=projectile
@subtitle   "20O + d 2+2 inelastic;"                                                        
@legend ON
@legend x1 0.2
@legend y1 0.8
@g0 type LOGY
@yaxis ticklabel format power
@legend string   0 "Lab energy =   70.0000"
#legend string   0 "Partition=  1 Excit=  2 near/far= 1"
#  Theta       sigma       iT11        T20         T21         T22         Kyy for projectile
   3.000       3.800    
   4.000       3.454    
   5.000       3.157    
   6.000       3.057    
   7.000       3.266    
   8.000       3.797    
   9.000       4.556    
   10.00       5.394    
   11.00       6.164    
   12.00       6.761    
   13.00       7.119    
   14.00       7.200    
   15.00       6.985    
   16.00       6.488    
   17.00       5.764    
   18.00       4.906    
   19.00       4.021    
   20.00       3.205    
   21.00       2.524    
   22.00       2.012    
   23.00       1.675    
   24.00       1.501    
   25.00       1.460    
   26.00       1.515    
   27.00       1.621    
   28.00       1.736    
   29.00       1.829    
   30.00       1.879    
   31.00       1.878    
   32.00       1.826    
   33.00       1.729    
   34.00       1.596    
   35.00       1.444    
   36.00       1.287    
   37.00       1.137    
   38.00       1.003    
   39.00      0.8901    
   40.00      0.7997    
   41.00      0.7313    
   42.00      0.6825    
   43.00      0.6488    
   44.00      0.6247    
   45.00      0.6044    
   46.00      0.5834    
   47.00      0.5589    
   48.00      0.5299    
   49.00      0.4962    
   50.00      0.4583    
   51.00      0.4170    
   52.00      0.3737    
   53.00      0.3302    
   54.00      0.2884    
   55.00      0.2495    
   56.00      0.2145    
   57.00      0.1838    
   58.00      0.1577    
   59.00      0.1362    
   60.00      0.1189    
   61.00      0.1052    
   62.00      0.9435E-01
   63.00      0.8566E-01
   64.00      0.7847E-01
   65.00      0.7229E-01
   66.00      0.6672E-01
   67.00      0.6143E-01
   68.00      0.5622E-01
   69.00      0.5105E-01
   70.00      0.4598E-01
   71.00      0.4108E-01
   72.00      0.3642E-01
   73.00      0.3200E-01
   74.00      0.2788E-01
   75.00      0.2412E-01
   76.00      0.2082E-01
   77.00      0.1801E-01
   78.00      0.1566E-01
   79.00      0.1370E-01
   80.00      0.1206E-01
   81.00      0.1070E-01
   82.00      0.9616E-02
   83.00      0.8746E-02
   84.00      0.8020E-02
   85.00      0.7365E-02
   86.00      0.6740E-02
   87.00      0.6144E-02
   88.00      0.5592E-02
   89.00      0.5089E-02
   90.00      0.4617E-02
   91.00      0.4157E-02
   92.00      0.3705E-02
   93.00      0.3278E-02
   94.00      0.2896E-02
   95.00      0.2563E-02
   96.00      0.2274E-02
   97.00      0.2017E-02
   98.00      0.1792E-02
   99.00      0.1604E-02
   100.0      0.1457E-02
   101.0      0.1344E-02
   102.0      0.1251E-02
   103.0      0.1166E-02
   104.0      0.1089E-02
   105.0      0.1021E-02
   106.0      0.9627E-03
   107.0      0.9092E-03
   108.0      0.8539E-03
   109.0      0.7942E-03
   110.0      0.7331E-03
   111.0      0.6752E-03
   112.0      0.6206E-03
   113.0      0.5657E-03
   114.0      0.5089E-03
   115.0      0.4530E-03
   116.0      0.4028E-03
   117.0      0.3612E-03
   118.0      0.3258E-03
   119.0      0.2917E-03
   120.0      0.2563E-03
   121.0      0.2231E-03
   122.0      0.1980E-03
   123.0      0.1829E-03
   124.0      0.1740E-03
   125.0      0.1655E-03
   126.0      0.1537E-03
   127.0      0.1400E-03
   128.0      0.1287E-03
   129.0      0.1225E-03
   130.0      0.1193E-03
   131.0      0.1152E-03
   132.0      0.1089E-03
   133.0      0.1021E-03
   134.0      0.9693E-04
   135.0      0.9398E-04
   136.0      0.9106E-04
   137.0      0.8504E-04
   138.0      0.7553E-04
   139.0      0.6597E-04
   140.0      0.6001E-04
   141.0      0.5798E-04
   142.0      0.5741E-04
   143.0      0.5537E-04
   144.0      0.5035E-04
   145.0      0.4358E-04
   146.0      0.3800E-04
   147.0      0.3505E-04
   148.0      0.3340E-04
   149.0      0.3152E-04
   150.0      0.2943E-04
   151.0      0.2778E-04
   152.0      0.2689E-04
   153.0      0.2678E-04
   154.0      0.2641E-04
   155.0      0.2431E-04
   156.0      0.2086E-04
   157.0      0.1831E-04
   158.0      0.1786E-04
   159.0      0.1860E-04
   160.0      0.1935E-04
   161.0      0.1933E-04
   162.0      0.1790E-04
   163.0      0.1564E-04
   164.0      0.1426E-04
   165.0      0.1410E-04
   166.0      0.1379E-04
   167.0      0.1296E-04
   168.0      0.1258E-04
   169.0      0.1281E-04
   170.0      0.1317E-04
   171.0      0.1380E-04
   172.0      0.1459E-04
   173.0      0.1468E-04
   174.0      0.1446E-04
   175.0      0.1536E-04
   176.0      0.1736E-04
   177.0      0.1946E-04
   178.0      0.2211E-04
   179.0      0.2549E-04
   180.0      0.2723E-04
 END
