# 181 angles,  1 tensor ranks for 0=projectile
@subtitle   "p+O20 2nd ex with BG ;"                                                        
@legend ON
@legend x1 0.2
@legend y1 0.8
@g0 type LOGY
@yaxis ticklabel format power
@legend string   0 "Lab energy =   35.0000"
#legend string   0 "Partition=  1 Excit=  2 near/far= 1"
#  Theta       sigma       iT11        T20         T21         T22         Kyy for projectile
   0.000       24.51    
   1.000       24.57    
   2.000       24.70    
   3.000       24.81    
   4.000       24.79    
   5.000       24.55    
   6.000       24.07    
   7.000       23.39    
   8.000       22.56    
   9.000       21.68    
   10.00       20.80    
   11.00       19.96    
   12.00       19.20    
   13.00       18.51    
   14.00       17.92    
   15.00       17.42    
   16.00       17.03    
   17.00       16.75    
   18.00       16.57    
   19.00       16.49    
   20.00       16.48    
   21.00       16.53    
   22.00       16.60    
   23.00       16.69    
   24.00       16.77    
   25.00       16.82    
   26.00       16.82    
   27.00       16.76    
   28.00       16.62    
   29.00       16.41    
   30.00       16.10    
   31.00       15.70    
   32.00       15.21    
   33.00       14.63    
   34.00       13.99    
   35.00       13.28    
   36.00       12.51    
   37.00       11.72    
   38.00       10.89    
   39.00       10.06    
   40.00       9.233    
   41.00       8.426    
   42.00       7.651    
   43.00       6.919    
   44.00       6.239    
   45.00       5.617    
   46.00       5.058    
   47.00       4.567    
   48.00       4.143    
   49.00       3.787    
   50.00       3.496    
   51.00       3.266    
   52.00       3.093    
   53.00       2.972    
   54.00       2.895    
   55.00       2.855    
   56.00       2.846    
   57.00       2.860    
   58.00       2.890    
   59.00       2.930    
   60.00       2.975    
   61.00       3.019    
   62.00       3.057    
   63.00       3.086    
   64.00       3.101    
   65.00       3.102    
   66.00       3.085    
   67.00       3.052    
   68.00       3.002    
   69.00       2.935    
   70.00       2.852    
   71.00       2.753    
   72.00       2.641    
   73.00       2.518    
   74.00       2.386    
   75.00       2.248    
   76.00       2.104    
   77.00       1.958    
   78.00       1.811    
   79.00       1.665    
   80.00       1.523    
   81.00       1.385    
   82.00       1.253    
   83.00       1.128    
   84.00       1.012    
   85.00      0.9033    
   86.00      0.8041    
   87.00      0.7142    
   88.00      0.6335    
   89.00      0.5621    
   90.00      0.4995    
   91.00      0.4454    
   92.00      0.3993    
   93.00      0.3606    
   94.00      0.3288    
   95.00      0.3030    
   96.00      0.2825    
   97.00      0.2668    
   98.00      0.2550    
   99.00      0.2466    
   100.0      0.2410    
   101.0      0.2374    
   102.0      0.2353    
   103.0      0.2343    
   104.0      0.2339    
   105.0      0.2339    
   106.0      0.2338    
   107.0      0.2334    
   108.0      0.2325    
   109.0      0.2309    
   110.0      0.2285    
   111.0      0.2253    
   112.0      0.2213    
   113.0      0.2164    
   114.0      0.2107    
   115.0      0.2042    
   116.0      0.1971    
   117.0      0.1893    
   118.0      0.1811    
   119.0      0.1725    
   120.0      0.1636    
   121.0      0.1545    
   122.0      0.1453    
   123.0      0.1361    
   124.0      0.1271    
   125.0      0.1183    
   126.0      0.1098    
   127.0      0.1016    
   128.0      0.9375E-01
   129.0      0.8638E-01
   130.0      0.7949E-01
   131.0      0.7309E-01
   132.0      0.6719E-01
   133.0      0.6179E-01
   134.0      0.5689E-01
   135.0      0.5250E-01
   136.0      0.4859E-01
   137.0      0.4513E-01
   138.0      0.4210E-01
   139.0      0.3946E-01
   140.0      0.3716E-01
   141.0      0.3520E-01
   142.0      0.3355E-01
   143.0      0.3218E-01
   144.0      0.3104E-01
   145.0      0.3010E-01
   146.0      0.2931E-01
   147.0      0.2865E-01
   148.0      0.2811E-01
   149.0      0.2768E-01
   150.0      0.2733E-01
   151.0      0.2705E-01
   152.0      0.2682E-01
   153.0      0.2662E-01
   154.0      0.2644E-01
   155.0      0.2629E-01
   156.0      0.2616E-01
   157.0      0.2606E-01
   158.0      0.2598E-01
   159.0      0.2591E-01
   160.0      0.2586E-01
   161.0      0.2583E-01
   162.0      0.2582E-01
   163.0      0.2584E-01
   164.0      0.2587E-01
   165.0      0.2592E-01
   166.0      0.2600E-01
   167.0      0.2609E-01
   168.0      0.2621E-01
   169.0      0.2634E-01
   170.0      0.2648E-01
   171.0      0.2662E-01
   172.0      0.2676E-01
   173.0      0.2690E-01
   174.0      0.2703E-01
   175.0      0.2716E-01
   176.0      0.2727E-01
   177.0      0.2736E-01
   178.0      0.2743E-01
   179.0      0.2747E-01
   180.0      0.2748E-01
 END
