# Fusion cross sections for ELAB=  35.000, ECM=  33.322
     0.5   16.94      1
     0.5   34.51     -1
     1.5   35.10      1
     1.5   69.74     -1
     2.5   52.34      1
     2.5   108.1     -1
     3.5   74.98      1
     3.5   144.8     -1
     4.5   99.01      1
     4.5   161.5     -1
     5.5   33.44      1
     5.5   123.2     -1
     6.5   43.81      1
     6.5   58.32     -1
     7.5   5.828      1
     7.5   23.27     -1
     8.5   6.691      1
     8.5   8.956     -1
     9.5  0.8638      1
     9.5   3.401     -1
    10.5  0.9531      1
    10.5   1.278     -1
    11.5  0.1208      1
    11.5  0.4756     -1
    12.5  0.1309      1
    12.5  0.1754     -1
    13.5  0.1626E-01  1
    13.5  0.6420E-01 -1
    14.5  0.1742E-01  1
    14.5  0.2332E-01 -1
    15.5  0.2127E-02  1
    15.5  0.8419E-02 -1
    16.5  0.2260E-02  1
    16.5  0.3022E-02 -1
    17.5  0.2721E-03  1
    17.5  0.1080E-02 -1
 &
     0.5   16.94      1
     0.5   34.51     -1
     1.5   35.10      1
     1.5   69.74     -1
     2.5   52.34      1
     2.5   108.1     -1
     3.5   74.98      1
     3.5   144.8     -1
     4.5   99.01      1
     4.5   161.5     -1
     5.5   33.44      1
     5.5   123.2     -1
     6.5   43.81      1
     6.5   58.32     -1
     7.5   5.828      1
     7.5   23.27     -1
     8.5   6.691      1
     8.5   8.956     -1
     9.5  0.8638      1
     9.5   3.401     -1
    10.5  0.9531      1
    10.5   1.278     -1
    11.5  0.1208      1
    11.5  0.4756     -1
    12.5  0.1309      1
    12.5  0.1754     -1
    13.5  0.1626E-01  1
    13.5  0.6420E-01 -1
    14.5  0.1742E-01  1
    14.5  0.2332E-01 -1
    15.5  0.2127E-02  1
    15.5  0.8419E-02 -1
    16.5  0.2260E-02  1
    16.5  0.3022E-02 -1
    17.5  0.2721E-03  1
    17.5  0.1080E-02 -1
     0.5   16.94      1
     0.5   34.51     -1
     1.5   35.10      1
     1.5   69.74     -1
     2.5   52.34      1
     2.5   108.1     -1
     3.5   74.98      1
     3.5   144.8     -1
     4.5   99.01      1
     4.5   161.5     -1
     5.5   33.44      1
     5.5   123.2     -1
     6.5   43.81      1
     6.5   58.32     -1
     7.5   5.828      1
     7.5   23.27     -1
     8.5   6.691      1
     8.5   8.956     -1
     9.5  0.8638      1
     9.5   3.401     -1
    10.5  0.9531      1
    10.5   1.278     -1
    11.5  0.1208      1
    11.5  0.4756     -1
    12.5  0.1309      1
    12.5  0.1754     -1
    13.5  0.1626E-01  1
    13.5  0.6420E-01 -1
    14.5  0.1742E-01  1
    14.5  0.2332E-01 -1
    15.5  0.2127E-02  1
    15.5  0.8419E-02 -1
    16.5  0.2260E-02  1
    16.5  0.3022E-02 -1
    17.5  0.2721E-03  1
    17.5  0.1080E-02 -1
     0.5   16.94      1
     0.5   34.51     -1
     1.5   35.10      1
     1.5   69.74     -1
     2.5   52.34      1
     2.5   108.1     -1
     3.5   74.98      1
     3.5   144.8     -1
     4.5   99.01      1
     4.5   161.5     -1
     5.5   33.44      1
     5.5   123.2     -1
     6.5   43.81      1
     6.5   58.32     -1
     7.5   5.828      1
     7.5   23.27     -1
     8.5   6.691      1
     8.5   8.956     -1
     9.5  0.8638      1
     9.5   3.401     -1
    10.5  0.9531      1
    10.5   1.278     -1
    11.5  0.1208      1
    11.5  0.4756     -1
    12.5  0.1309      1
    12.5  0.1754     -1
    13.5  0.1626E-01  1
    13.5  0.6420E-01 -1
    14.5  0.1742E-01  1
    14.5  0.2332E-01 -1
    15.5  0.2127E-02  1
    15.5  0.8419E-02 -1
    16.5  0.2260E-02  1
    16.5  0.3022E-02 -1
    17.5  0.2721E-03  1
    17.5  0.1080E-02 -1
     0.5   16.94      1
     0.5   34.51     -1
     1.5   35.10      1
     1.5   69.74     -1
     2.5   52.34      1
     2.5   108.1     -1
     3.5   74.98      1
     3.5   144.8     -1
     4.5   99.01      1
     4.5   161.5     -1
     5.5   33.44      1
     5.5   123.2     -1
     6.5   43.81      1
     6.5   58.32     -1
     7.5   5.828      1
     7.5   23.27     -1
     8.5   6.691      1
     8.5   8.956     -1
     9.5  0.8638      1
     9.5   3.401     -1
    10.5  0.9531      1
    10.5   1.278     -1
    11.5  0.1208      1
    11.5  0.4756     -1
    12.5  0.1309      1
    12.5  0.1754     -1
    13.5  0.1626E-01  1
    13.5  0.6420E-01 -1
    14.5  0.1742E-01  1
    14.5  0.2332E-01 -1
    15.5  0.2127E-02  1
    15.5  0.8419E-02 -1
    16.5  0.2260E-02  1
    16.5  0.3022E-02 -1
    17.5  0.2721E-03  1
    17.5  0.1080E-02 -1
     0.5   16.94      1
     0.5   34.51     -1
     1.5   35.10      1
     1.5   69.74     -1
     2.5   52.34      1
     2.5   108.1     -1
     3.5   74.98      1
     3.5   144.8     -1
     4.5   99.01      1
     4.5   161.5     -1
     5.5   33.44      1
     5.5   123.2     -1
     6.5   43.81      1
     6.5   58.32     -1
     7.5   5.828      1
     7.5   23.27     -1
     8.5   6.691      1
     8.5   8.956     -1
     9.5  0.8638      1
     9.5   3.401     -1
    10.5  0.9531      1
    10.5   1.278     -1
    11.5  0.1208      1
    11.5  0.4756     -1
    12.5  0.1309      1
    12.5  0.1754     -1
    13.5  0.1626E-01  1
    13.5  0.6420E-01 -1
    14.5  0.1742E-01  1
    14.5  0.2332E-01 -1
    15.5  0.2127E-02  1
    15.5  0.8419E-02 -1
    16.5  0.2260E-02  1
    16.5  0.3022E-02 -1
    17.5  0.2721E-03  1
    17.5  0.1080E-02 -1
     0.5   16.94      1
     0.5   34.51     -1
     1.5   35.10      1
     1.5   69.74     -1
     2.5   52.34      1
     2.5   108.1     -1
     3.5   74.98      1
     3.5   144.8     -1
     4.5   99.01      1
     4.5   161.5     -1
     5.5   33.44      1
     5.5   123.2     -1
     6.5   43.81      1
     6.5   58.32     -1
     7.5   5.828      1
     7.5   23.28     -1
     8.5   6.691      1
     8.5   8.956     -1
     9.5  0.8638      1
     9.5   3.401     -1
    10.5  0.9531      1
    10.5   1.278     -1
    11.5  0.1208      1
    11.5  0.4756     -1
    12.5  0.1309      1
    12.5  0.1754     -1
    13.5  0.1626E-01  1
    13.5  0.6420E-01 -1
    14.5  0.1742E-01  1
    14.5  0.2332E-01 -1
    15.5  0.2127E-02  1
    15.5  0.8419E-02 -1
    16.5  0.2260E-02  1
    16.5  0.3022E-02 -1
    17.5  0.2721E-03  1
    17.5  0.1080E-02 -1
     0.5   16.94      1
     0.5   34.51     -1
     1.5   35.10      1
     1.5   69.74     -1
     2.5   52.34      1
     2.5   108.1     -1
     3.5   74.98      1
     3.5   144.8     -1
     4.5   99.01      1
     4.5   161.5     -1
     5.5   33.44      1
     5.5   123.2     -1
     6.5   43.81      1
     6.5   58.32     -1
     7.5   5.828      1
     7.5   23.27     -1
     8.5   6.691      1
     8.5   8.956     -1
     9.5  0.8638      1
     9.5   3.401     -1
    10.5  0.9531      1
    10.5   1.278     -1
    11.5  0.1208      1
    11.5  0.4756     -1
    12.5  0.1309      1
    12.5  0.1754     -1
    13.5  0.1626E-01  1
    13.5  0.6419E-01 -1
    14.5  0.1742E-01  1
    14.5  0.2332E-01 -1
    15.5  0.2127E-02  1
    15.5  0.8419E-02 -1
    16.5  0.2260E-02  1
    16.5  0.3022E-02 -1
    17.5  0.2721E-03  1
    17.5  0.1080E-02 -1
     0.5   16.94      1
     0.5   34.51     -1
     1.5   35.11      1
     1.5   69.74     -1
     2.5   52.34      1
     2.5   108.1     -1
     3.5   74.98      1
     3.5   144.8     -1
     4.5   99.01      1
     4.5   161.5     -1
     5.5   33.44      1
     5.5   123.2     -1
     6.5   43.81      1
     6.5   58.32     -1
     7.5   5.828      1
     7.5   23.28     -1
     8.5   6.691      1
     8.5   8.956     -1
     9.5  0.8638      1
     9.5   3.401     -1
    10.5  0.9531      1
    10.5   1.278     -1
    11.5  0.1208      1
    11.5  0.4756     -1
    12.5  0.1309      1
    12.5  0.1754     -1
    13.5  0.1626E-01  1
    13.5  0.6420E-01 -1
    14.5  0.1742E-01  1
    14.5  0.2332E-01 -1
    15.5  0.2127E-02  1
    15.5  0.8420E-02 -1
    16.5  0.2260E-02  1
    16.5  0.3022E-02 -1
    17.5  0.2721E-03  1
    17.5  0.1080E-02 -1
     0.5   16.94      1
     0.5   34.51     -1
     1.5   35.10      1
     1.5   69.74     -1
     2.5   52.34      1
     2.5   108.1     -1
     3.5   74.98      1
     3.5   144.8     -1
     4.5   99.01      1
     4.5   161.5     -1
     5.5   33.43      1
     5.5   123.2     -1
     6.5   43.81      1
     6.5   58.32     -1
     7.5   5.828      1
     7.5   23.27     -1
     8.5   6.691      1
     8.5   8.956     -1
     9.5  0.8638      1
     9.5   3.401     -1
    10.5  0.9531      1
    10.5   1.278     -1
    11.5  0.1208      1
    11.5  0.4756     -1
    12.5  0.1309      1
    12.5  0.1754     -1
    13.5  0.1626E-01  1
    13.5  0.6419E-01 -1
    14.5  0.1742E-01  1
    14.5  0.2332E-01 -1
    15.5  0.2127E-02  1
    15.5  0.8419E-02 -1
    16.5  0.2260E-02  1
    16.5  0.3022E-02 -1
    17.5  0.2721E-03  1
    17.5  0.1080E-02 -1
     0.5   16.94      1
     0.5   34.51     -1
     1.5   35.10      1
     1.5   69.74     -1
     2.5   52.34      1
     2.5   108.1     -1
     3.5   74.98      1
     3.5   144.8     -1
     4.5   99.01      1
     4.5   161.5     -1
     5.5   33.44      1
     5.5   123.2     -1
     6.5   43.81      1
     6.5   58.32     -1
     7.5   5.828      1
     7.5   23.28     -1
     8.5   6.691      1
     8.5   8.956     -1
     9.5  0.8638      1
     9.5   3.401     -1
    10.5  0.9531      1
    10.5   1.278     -1
    11.5  0.1208      1
    11.5  0.4756     -1
    12.5  0.1309      1
    12.5  0.1754     -1
    13.5  0.1626E-01  1
    13.5  0.6420E-01 -1
    14.5  0.1742E-01  1
    14.5  0.2332E-01 -1
    15.5  0.2127E-02  1
    15.5  0.8419E-02 -1
    16.5  0.2260E-02  1
    16.5  0.3022E-02 -1
    17.5  0.2721E-03  1
    17.5  0.1080E-02 -1
     0.5   16.94      1
     0.5   34.51     -1
     1.5   35.10      1
     1.5   69.74     -1
     2.5   52.34      1
     2.5   108.1     -1
     3.5   74.98      1
     3.5   144.8     -1
     4.5   99.01      1
     4.5   161.5     -1
     5.5   33.44      1
     5.5   123.2     -1
     6.5   43.81      1
     6.5   58.32     -1
     7.5   5.828      1
     7.5   23.27     -1
     8.5   6.691      1
     8.5   8.956     -1
     9.5  0.8638      1
     9.5   3.401     -1
    10.5  0.9531      1
    10.5   1.278     -1
    11.5  0.1208      1
    11.5  0.4756     -1
    12.5  0.1309      1
    12.5  0.1754     -1
    13.5  0.1626E-01  1
    13.5  0.6419E-01 -1
    14.5  0.1742E-01  1
    14.5  0.2332E-01 -1
    15.5  0.2127E-02  1
    15.5  0.8419E-02 -1
    16.5  0.2260E-02  1
    16.5  0.3022E-02 -1
    17.5  0.2721E-03  1
    17.5  0.1080E-02 -1
     0.5   16.94      1
     0.5   34.51     -1
     1.5   35.11      1
     1.5   69.74     -1
     2.5   52.34      1
     2.5   108.1     -1
     3.5   74.98      1
     3.5   144.8     -1
     4.5   99.01      1
     4.5   161.5     -1
     5.5   33.44      1
     5.5   123.2     -1
     6.5   43.81      1
     6.5   58.32     -1
     7.5   5.829      1
     7.5   23.28     -1
     8.5   6.692      1
     8.5   8.957     -1
     9.5  0.8639      1
     9.5   3.401     -1
    10.5  0.9532      1
    10.5   1.278     -1
    11.5  0.1208      1
    11.5  0.4757     -1
    12.5  0.1310      1
    12.5  0.1755     -1
    13.5  0.1626E-01  1
    13.5  0.6420E-01 -1
    14.5  0.1742E-01  1
    14.5  0.2332E-01 -1
    15.5  0.2127E-02  1
    15.5  0.8420E-02 -1
    16.5  0.2260E-02  1
    16.5  0.3023E-02 -1
    17.5  0.2721E-03  1
    17.5  0.1080E-02 -1
     0.5   16.94      1
     0.5   34.51     -1
     1.5   35.10      1
     1.5   69.74     -1
     2.5   52.33      1
     2.5   108.1     -1
     3.5   74.98      1
     3.5   144.8     -1
     4.5   99.01      1
     4.5   161.5     -1
     5.5   33.43      1
     5.5   123.2     -1
     6.5   43.80      1
     6.5   58.31     -1
     7.5   5.827      1
     7.5   23.27     -1
     8.5   6.690      1
     8.5   8.955     -1
     9.5  0.8637      1
     9.5   3.400     -1
    10.5  0.9530      1
    10.5   1.278     -1
    11.5  0.1208      1
    11.5  0.4756     -1
    12.5  0.1309      1
    12.5  0.1754     -1
    13.5  0.1626E-01  1
    13.5  0.6419E-01 -1
    14.5  0.1742E-01  1
    14.5  0.2332E-01 -1
    15.5  0.2127E-02  1
    15.5  0.8418E-02 -1
    16.5  0.2260E-02  1
    16.5  0.3022E-02 -1
    17.5  0.2721E-03  1
    17.5  0.1079E-02 -1
     0.5   16.94      1
     0.5   34.51     -1
     1.5   35.10      1
     1.5   69.74     -1
     2.5   52.33      1
     2.5   108.1     -1
     3.5   74.98      1
     3.5   144.8     -1
     4.5   99.01      1
     4.5   161.5     -1
     5.5   33.43      1
     5.5   123.2     -1
     6.5   43.80      1
     6.5   58.31     -1
     7.5   5.827      1
     7.5   23.27     -1
     8.5   6.690      1
     8.5   8.955     -1
     9.5  0.8637      1
     9.5   3.400     -1
    10.5  0.9530      1
    10.5   1.278     -1
    11.5  0.1208      1
    11.5  0.4756     -1
    12.5  0.1309      1
    12.5  0.1754     -1
    13.5  0.1626E-01  1
    13.5  0.6419E-01 -1
    14.5  0.1742E-01  1
    14.5  0.2332E-01 -1
    15.5  0.2127E-02  1
    15.5  0.8418E-02 -1
    16.5  0.2260E-02  1
    16.5  0.3022E-02 -1
    17.5  0.2721E-03  1
    17.5  0.1079E-02 -1
     0.5   16.93      1
     0.5   34.51     -1
     1.5   35.10      1
     1.5   69.73     -1
     2.5   52.33      1
     2.5   108.1     -1
     3.5   74.97      1
     3.5   144.7     -1
     4.5   99.00      1
     4.5   161.5     -1
     5.5   33.42      1
     5.5   123.2     -1
     6.5   43.79      1
     6.5   58.29     -1
     7.5   5.824      1
     7.5   23.26     -1
     8.5   6.687      1
     8.5   8.951     -1
     9.5  0.8633      1
     9.5   3.399     -1
    10.5  0.9525      1
    10.5   1.277     -1
    11.5  0.1207      1
    11.5  0.4753     -1
    12.5  0.1309      1
    12.5  0.1753     -1
    13.5  0.1625E-01  1
    13.5  0.6416E-01 -1
    14.5  0.1741E-01  1
    14.5  0.2331E-01 -1
    15.5  0.2126E-02  1
    15.5  0.8414E-02 -1
    16.5  0.2258E-02  1
    16.5  0.3021E-02 -1
    17.5  0.2719E-03  1
    17.5  0.1079E-02 -1
     0.5   16.93      1
     0.5   34.50     -1
     1.5   35.09      1
     1.5   69.71     -1
     2.5   52.31      1
     2.5   108.0     -1
     3.5   74.94      1
     3.5   144.7     -1
     4.5   98.98      1
     4.5   161.4     -1
     5.5   33.39      1
     5.5   123.1     -1
     6.5   43.75      1
     6.5   58.23     -1
     7.5   5.817      1
     7.5   23.23     -1
     8.5   6.679      1
     8.5   8.940     -1
     9.5  0.8622      1
     9.5   3.394     -1
    10.5  0.9513      1
    10.5   1.276     -1
    11.5  0.1206      1
    11.5  0.4747     -1
    12.5  0.1307      1
    12.5  0.1751     -1
    13.5  0.1623E-01  1
    13.5  0.6408E-01 -1
    14.5  0.1739E-01  1
    14.5  0.2328E-01 -1
    15.5  0.2123E-02  1
    15.5  0.8404E-02 -1
    16.5  0.2256E-02  1
    16.5  0.3017E-02 -1
    17.5  0.2716E-03  1
    17.5  0.1078E-02 -1
     0.5   16.91      1
     0.5   34.46     -1
     1.5   35.05      1
     1.5   69.64     -1
     2.5   52.26      1
     2.5   107.9     -1
     3.5   74.88      1
     3.5   144.6     -1
     4.5   98.93      1
     4.5   161.2     -1
     5.5   33.28      1
     5.5   122.9     -1
     6.5   43.62      1
     6.5   58.05     -1
     7.5   5.796      1
     7.5   23.15     -1
     8.5   6.654      1
     8.5   8.907     -1
     9.5  0.8590      1
     9.5   3.382     -1
    10.5  0.9478      1
    10.5   1.271     -1
    11.5  0.1201      1
    11.5  0.4730     -1
    12.5  0.1302      1
    12.5  0.1745     -1
    13.5  0.1617E-01  1
    13.5  0.6384E-01 -1
    14.5  0.1733E-01  1
    14.5  0.2319E-01 -1
    15.5  0.2115E-02  1
    15.5  0.8372E-02 -1
    16.5  0.2247E-02  1
    16.5  0.3006E-02 -1
    17.5  0.2706E-03  1
    17.5  0.1074E-02 -1
     0.5   16.86      1
     0.5   34.36     -1
     1.5   34.95      1
     1.5   69.43     -1
     2.5   52.09      1
     2.5   107.6     -1
     3.5   74.67      1
     3.5   144.1     -1
     4.5   98.77      1
     4.5   160.7     -1
     5.5   32.98      1
     5.5   122.1     -1
     6.5   43.23      1
     6.5   57.52     -1
     7.5   5.732      1
     7.5   22.91     -1
     8.5   6.581      1
     8.5   8.809     -1
     9.5  0.8494      1
     9.5   3.344     -1
    10.5  0.9372      1
    10.5   1.257     -1
    11.5  0.1188      1
    11.5  0.4677     -1
    12.5  0.1287      1
    12.5  0.1725     -1
    13.5  0.1599E-01  1
    13.5  0.6312E-01 -1
    14.5  0.1713E-01  1
    14.5  0.2293E-01 -1
    15.5  0.2091E-02  1
    15.5  0.8278E-02 -1
    16.5  0.2222E-02  1
    16.5  0.2972E-02 -1
    17.5  0.2676E-03  1
    17.5  0.1062E-02 -1
     0.5   16.69      1
     0.5   34.03     -1
     1.5   34.63      1
     1.5   68.79     -1
     2.5   51.57      1
     2.5   106.7     -1
     3.5   74.01      1
     3.5   142.8     -1
     4.5   98.24      1
     4.5   159.0     -1
     5.5   32.04      1
     5.5   119.9     -1
     6.5   42.05      1
     6.5   55.87     -1
     7.5   5.538      1
     7.5   22.16     -1
     8.5   6.359      1
     8.5   8.510     -1
     9.5  0.8201      1
     9.5   3.229     -1
    10.5  0.9049      1
    10.5   1.213     -1
    11.5  0.1147      1
    11.5  0.4515     -1
    12.5  0.1243      1
    12.5  0.1665     -1
    13.5  0.1544E-01  1
    13.5  0.6094E-01 -1
    14.5  0.1654E-01  1
    14.5  0.2214E-01 -1
    15.5  0.2019E-02  1
    15.5  0.7992E-02 -1
    16.5  0.2145E-02  1
    16.5  0.2869E-02 -1
    17.5  0.2583E-03  1
    17.5  0.1025E-02 -1
     0.5   16.29      1
     0.5   33.25     -1
     1.5   33.83      1
     1.5   67.20     -1
     2.5   50.31      1
     2.5   104.4     -1
     3.5   72.32      1
     3.5   139.6     -1
     4.5   96.85      1
     4.5   154.7     -1
     5.5   29.88      1
     5.5   114.5     -1
     6.5   39.33      1
     6.5   52.09     -1
     7.5   5.101      1
     7.5   20.47     -1
     8.5   5.857      1
     8.5   7.836     -1
     9.5  0.7542      1
     9.5   2.970     -1
    10.5  0.8321      1
    10.5   1.116     -1
    11.5  0.1054      1
    11.5  0.4152     -1
    12.5  0.1143      1
    12.5  0.1531     -1
    13.5  0.1419E-01  1
    13.5  0.5603E-01 -1
    14.5  0.1521E-01  1
    14.5  0.2036E-01 -1
    15.5  0.1856E-02  1
    15.5  0.7348E-02 -1
    16.5  0.1972E-02  1
    16.5  0.2638E-02 -1
    17.5  0.2375E-03  1
    17.5  0.9422E-03 -1
     0.5   16.29      1
     0.5   33.25     -1
     1.5   33.83      1
     1.5   67.20     -1
     2.5   50.31      1
     2.5   104.4     -1
     3.5   72.33      1
     3.5   139.6     -1
     4.5   96.85      1
     4.5   154.7     -1
     5.5   29.88      1
     5.5   114.5     -1
     6.5   39.33      1
     6.5   52.09     -1
     7.5   5.101      1
     7.5   20.47     -1
     8.5   5.857      1
     8.5   7.836     -1
     9.5  0.7542      1
     9.5   2.970     -1
    10.5  0.8321      1
    10.5   1.116     -1
    11.5  0.1054      1
    11.5  0.4152     -1
    12.5  0.1143      1
    12.5  0.1531     -1
    13.5  0.1419E-01  1
    13.5  0.5603E-01 -1
    14.5  0.1521E-01  1
    14.5  0.2036E-01 -1
    15.5  0.1856E-02  1
    15.5  0.7348E-02 -1
    16.5  0.1972E-02  1
    16.5  0.2638E-02 -1
    17.5  0.2375E-03  1
    17.5  0.9422E-03 -1
     0.5   16.29      1
     0.5   33.25     -1
     1.5   33.83      1
     1.5   67.20     -1
     2.5   50.31      1
     2.5   104.4     -1
     3.5   72.32      1
     3.5   139.6     -1
     4.5   96.85      1
     4.5   154.7     -1
     5.5   29.88      1
     5.5   114.5     -1
     6.5   39.33      1
     6.5   52.09     -1
     7.5   5.101      1
     7.5   20.47     -1
     8.5   5.857      1
     8.5   7.836     -1
     9.5  0.7542      1
     9.5   2.970     -1
    10.5  0.8321      1
    10.5   1.116     -1
    11.5  0.1054      1
    11.5  0.4152     -1
    12.5  0.1143      1
    12.5  0.1531     -1
    13.5  0.1419E-01  1
    13.5  0.5603E-01 -1
    14.5  0.1521E-01  1
    14.5  0.2036E-01 -1
    15.5  0.1856E-02  1
    15.5  0.7348E-02 -1
    16.5  0.1972E-02  1
    16.5  0.2638E-02 -1
    17.5  0.2375E-03  1
    17.5  0.9422E-03 -1
     0.5   16.29      1
     0.5   33.25     -1
     1.5   33.83      1
     1.5   67.20     -1
     2.5   50.31      1
     2.5   104.4     -1
     3.5   72.33      1
     3.5   139.6     -1
     4.5   96.85      1
     4.5   154.7     -1
     5.5   29.88      1
     5.5   114.5     -1
     6.5   39.33      1
     6.5   52.09     -1
     7.5   5.101      1
     7.5   20.47     -1
     8.5   5.857      1
     8.5   7.836     -1
     9.5  0.7542      1
     9.5   2.970     -1
    10.5  0.8321      1
    10.5   1.116     -1
    11.5  0.1054      1
    11.5  0.4152     -1
    12.5  0.1143      1
    12.5  0.1531     -1
    13.5  0.1419E-01  1
    13.5  0.5603E-01 -1
    14.5  0.1521E-01  1
    14.5  0.2036E-01 -1
    15.5  0.1856E-02  1
    15.5  0.7348E-02 -1
    16.5  0.1972E-02  1
    16.5  0.2638E-02 -1
    17.5  0.2375E-03  1
    17.5  0.9422E-03 -1
     0.5   16.29      1
     0.5   33.25     -1
     1.5   33.83      1
     1.5   67.20     -1
     2.5   50.31      1
     2.5   104.4     -1
     3.5   72.32      1
     3.5   139.6     -1
     4.5   96.85      1
     4.5   154.7     -1
     5.5   29.88      1
     5.5   114.5     -1
     6.5   39.32      1
     6.5   52.09     -1
     7.5   5.101      1
     7.5   20.47     -1
     8.5   5.857      1
     8.5   7.836     -1
     9.5  0.7542      1
     9.5   2.970     -1
    10.5  0.8321      1
    10.5   1.116     -1
    11.5  0.1054      1
    11.5  0.4152     -1
    12.5  0.1143      1
    12.5  0.1531     -1
    13.5  0.1419E-01  1
    13.5  0.5603E-01 -1
    14.5  0.1521E-01  1
    14.5  0.2036E-01 -1
    15.5  0.1856E-02  1
    15.5  0.7348E-02 -1
    16.5  0.1972E-02  1
    16.5  0.2638E-02 -1
    17.5  0.2375E-03  1
    17.5  0.9422E-03 -1
     0.5   16.30      1
     0.5   33.25     -1
     1.5   33.84      1
     1.5   67.21     -1
     2.5   50.32      1
     2.5   104.4     -1
     3.5   72.33      1
     3.5   139.6     -1
     4.5   96.86      1
     4.5   154.7     -1
     5.5   29.89      1
     5.5   114.5     -1
     6.5   39.33      1
     6.5   52.10     -1
     7.5   5.102      1
     7.5   20.47     -1
     8.5   5.858      1
     8.5   7.837     -1
     9.5  0.7543      1
     9.5   2.971     -1
    10.5  0.8323      1
    10.5   1.116     -1
    11.5  0.1055      1
    11.5  0.4152     -1
    12.5  0.1143      1
    12.5  0.1532     -1
    13.5  0.1419E-01  1
    13.5  0.5604E-01 -1
    14.5  0.1521E-01  1
    14.5  0.2036E-01 -1
    15.5  0.1857E-02  1
    15.5  0.7349E-02 -1
    16.5  0.1973E-02  1
    16.5  0.2638E-02 -1
    17.5  0.2375E-03  1
    17.5  0.9424E-03 -1
     0.5   16.29      1
     0.5   33.24     -1
     1.5   33.83      1
     1.5   67.19     -1
     2.5   50.30      1
     2.5   104.4     -1
     3.5   72.32      1
     3.5   139.6     -1
     4.5   96.84      1
     4.5   154.7     -1
     5.5   29.88      1
     5.5   114.5     -1
     6.5   39.32      1
     6.5   52.09     -1
     7.5   5.100      1
     7.5   20.46     -1
     8.5   5.856      1
     8.5   7.834     -1
     9.5  0.7541      1
     9.5   2.970     -1
    10.5  0.8320      1
    10.5   1.116     -1
    11.5  0.1054      1
    11.5  0.4151     -1
    12.5  0.1143      1
    12.5  0.1531     -1
    13.5  0.1419E-01  1
    13.5  0.5602E-01 -1
    14.5  0.1520E-01  1
    14.5  0.2035E-01 -1
    15.5  0.1856E-02  1
    15.5  0.7347E-02 -1
    16.5  0.1972E-02  1
    16.5  0.2637E-02 -1
    17.5  0.2375E-03  1
    17.5  0.9421E-03 -1
     0.5   16.30      1
     0.5   33.26     -1
     1.5   33.84      1
     1.5   67.23     -1
     2.5   50.33      1
     2.5   104.5     -1
     3.5   72.35      1
     3.5   139.6     -1
     4.5   96.87      1
     4.5   154.8     -1
     5.5   29.92      1
     5.5   114.6     -1
     6.5   39.37      1
     6.5   52.15     -1
     7.5   5.107      1
     7.5   20.49     -1
     8.5   5.864      1
     8.5   7.846     -1
     9.5  0.7552      1
     9.5   2.974     -1
    10.5  0.8332      1
    10.5   1.117     -1
    11.5  0.1056      1
    11.5  0.4157     -1
    12.5  0.1144      1
    12.5  0.1533     -1
    13.5  0.1421E-01  1
    13.5  0.5610E-01 -1
    14.5  0.1523E-01  1
    14.5  0.2038E-01 -1
    15.5  0.1859E-02  1
    15.5  0.7358E-02 -1
    16.5  0.1975E-02  1
    16.5  0.2641E-02 -1
    17.5  0.2378E-03  1
    17.5  0.9435E-03 -1
     0.5   16.29      1
     0.5   33.23     -1
     1.5   33.82      1
     1.5   67.18     -1
     2.5   50.29      1
     2.5   104.4     -1
     3.5   72.30      1
     3.5   139.5     -1
     4.5   96.83      1
     4.5   154.7     -1
     5.5   29.85      1
     5.5   114.4     -1
     6.5   39.28      1
     6.5   52.04     -1
     7.5   5.094      1
     7.5   20.44     -1
     8.5   5.849      1
     8.5   7.826     -1
     9.5  0.7532      1
     9.5   2.967     -1
    10.5  0.8310      1
    10.5   1.114     -1
    11.5  0.1053      1
    11.5  0.4146     -1
    12.5  0.1141      1
    12.5  0.1529     -1
    13.5  0.1417E-01  1
    13.5  0.5596E-01 -1
    14.5  0.1519E-01  1
    14.5  0.2033E-01 -1
    15.5  0.1854E-02  1
    15.5  0.7339E-02 -1
    16.5  0.1970E-02  1
    16.5  0.2634E-02 -1
    17.5  0.2372E-03  1
    17.5  0.9410E-03 -1
     0.5   7.308      1
     0.5   15.43     -1
     1.5   16.72      1
     1.5   32.51     -1
     2.5   24.55      1
     2.5   55.77     -1
     3.5   42.97      1
     3.5   78.26     -1
     4.5   62.22      1
     4.5   90.14     -1
     5.5   12.46      1
     5.5   56.84     -1
     6.5   16.63      1
     6.5   21.67     -1
     7.5   1.982      1
     7.5   8.063     -1
     8.5   2.276      1
     8.5   3.041     -1
     9.5  0.2911      1
     9.5   1.148     -1
    10.5  0.3211      1
    10.5  0.4305     -1
    11.5  0.4067E-01  1
    11.5  0.1601     -1
    12.5  0.4408E-01  1
    12.5  0.5906E-01 -1
    13.5  0.5474E-02  1
    13.5  0.2161E-01 -1
    14.5  0.5865E-02  1
    14.5  0.7851E-02 -1
    15.5  0.7159E-03  1
    15.5  0.2834E-02 -1
    16.5  0.7607E-03  1
     0.5   9.618      1
     0.5   19.97     -1
     1.5   20.83      1
     1.5   41.01     -1
     2.5   30.53      1
     2.5   66.65     -1
     3.5   47.70      1
     3.5   89.96     -1
     4.5   69.23      1
     4.5   100.3     -1
     5.5   13.89      1
     5.5   63.25     -1
     6.5   18.56      1
     6.5   24.17     -1
     7.5   2.203      1
     7.5   8.973     -1
     8.5   2.530      1
     8.5   3.379     -1
     9.5  0.3231      1
     9.5   1.275     -1
    10.5  0.3565      1
    10.5  0.4780     -1
    11.5  0.4514E-01  1
    11.5  0.1778     -1
    12.5  0.4893E-01  1
    12.5  0.6555E-01 -1
    13.5  0.6075E-02  1
    13.5  0.2398E-01 -1
    14.5  0.6509E-02  1
    14.5  0.8713E-02 -1
    15.5  0.7946E-03  1
    15.5  0.3145E-02 -1
    16.5  0.8443E-03  1
     0.5   11.54      1
     0.5   23.85     -1
     1.5   24.69      1
     1.5   48.73     -1
     2.5   36.30      1
     2.5   78.10     -1
     3.5   55.21      1
     3.5   104.9     -1
     4.5   78.58      1
     4.5   116.3     -1
     5.5   17.35      1
     5.5   76.17     -1
     6.5   23.12      1
     6.5   30.20     -1
     7.5   2.790      1
     7.5   11.33     -1
     8.5   3.204      1
     8.5   4.281     -1
     9.5  0.4099      1
     9.5   1.616     -1
    10.5  0.4522      1
    10.5  0.6063     -1
    11.5  0.5727E-01  1
    11.5  0.2255     -1
    12.5  0.6207E-01  1
    12.5  0.8316E-01 -1
    13.5  0.7707E-02  1
    13.5  0.3043E-01 -1
    14.5  0.8258E-02  1
    14.5  0.1105E-01 -1
    15.5  0.1008E-02  1
    15.5  0.3990E-02 -1
    16.5  0.1071E-02  1
    16.5  0.1432E-02 -1
    17.5  0.1290E-03  1
    17.5  0.5117E-03 -1
     0.5   13.13      1
     0.5   27.02     -1
     1.5   27.81      1
     1.5   55.01     -1
     2.5   41.02      1
     2.5   87.26     -1
     3.5   61.23      1
     3.5   117.0     -1
     4.5   85.56      1
     4.5   129.3     -1
     5.5   20.76      1
     5.5   87.82     -1
     6.5   27.57      1
     6.5   36.14     -1
     7.5   3.387      1
     7.5   13.72     -1
     8.5   3.890      1
     8.5   5.199     -1
     9.5  0.4984      1
     9.5   1.965     -1
    10.5  0.5499      1
    10.5  0.7372     -1
    11.5  0.6965E-01  1
    11.5  0.2742     -1
    12.5  0.7549E-01  1
    12.5  0.1011     -1
    13.5  0.9373E-02  1
    13.5  0.3701E-01 -1
    14.5  0.1004E-01  1
    14.5  0.1344E-01 -1
    15.5  0.1226E-02  1
    15.5  0.4853E-02 -1
    16.5  0.1303E-02  1
    16.5  0.1742E-02 -1
    17.5  0.1569E-03  1
    17.5  0.6223E-03 -1
     0.5   13.13      1
     0.5   27.02     -1
     1.5   27.81      1
     1.5   55.01     -1
     2.5   41.02      1
     2.5   87.26     -1
     3.5   61.23      1
     3.5   117.0     -1
     4.5   85.56      1
     4.5   129.3     -1
     5.5   20.76      1
     5.5   87.82     -1
     6.5   27.57      1
     6.5   36.14     -1
     7.5   3.387      1
     7.5   13.72     -1
     8.5   3.890      1
     8.5   5.199     -1
     9.5  0.4984      1
     9.5   1.965     -1
    10.5  0.5499      1
    10.5  0.7372     -1
    11.5  0.6965E-01  1
    11.5  0.2742     -1
    12.5  0.7549E-01  1
    12.5  0.1011     -1
    13.5  0.9373E-02  1
    13.5  0.3701E-01 -1
    14.5  0.1004E-01  1
    14.5  0.1344E-01 -1
    15.5  0.1226E-02  1
    15.5  0.4853E-02 -1
    16.5  0.1303E-02  1
    16.5  0.1742E-02 -1
    17.5  0.1569E-03  1
    17.5  0.6223E-03 -1
     0.5   13.13      1
     0.5   27.02     -1
     1.5   27.81      1
     1.5   55.01     -1
     2.5   41.02      1
     2.5   87.27     -1
     3.5   61.23      1
     3.5   117.0     -1
     4.5   85.56      1
     4.5   129.3     -1
     5.5   20.76      1
     5.5   87.81     -1
     6.5   27.57      1
     6.5   36.14     -1
     7.5   3.387      1
     7.5   13.72     -1
     8.5   3.890      1
     8.5   5.199     -1
     9.5  0.4984      1
     9.5   1.965     -1
    10.5  0.5499      1
    10.5  0.7372     -1
    11.5  0.6965E-01  1
    11.5  0.2742     -1
    12.5  0.7549E-01  1
    12.5  0.1011     -1
    13.5  0.9373E-02  1
    13.5  0.3701E-01 -1
    14.5  0.1004E-01  1
    14.5  0.1344E-01 -1
    15.5  0.1226E-02  1
    15.5  0.4853E-02 -1
    16.5  0.1303E-02  1
    16.5  0.1742E-02 -1
    17.5  0.1569E-03  1
    17.5  0.6223E-03 -1
     0.5   13.13      1
     0.5   27.02     -1
     1.5   27.81      1
     1.5   55.01     -1
     2.5   41.02      1
     2.5   87.26     -1
     3.5   61.24      1
     3.5   117.0     -1
     4.5   85.56      1
     4.5   129.3     -1
     5.5   20.76      1
     5.5   87.83     -1
     6.5   27.57      1
     6.5   36.14     -1
     7.5   3.387      1
     7.5   13.72     -1
     8.5   3.890      1
     8.5   5.199     -1
     9.5  0.4984      1
     9.5   1.965     -1
    10.5  0.5499      1
    10.5  0.7373     -1
    11.5  0.6965E-01  1
    11.5  0.2742     -1
    12.5  0.7549E-01  1
    12.5  0.1011     -1
    13.5  0.9373E-02  1
    13.5  0.3701E-01 -1
    14.5  0.1004E-01  1
    14.5  0.1344E-01 -1
    15.5  0.1226E-02  1
    15.5  0.4853E-02 -1
    16.5  0.1303E-02  1
    16.5  0.1742E-02 -1
    17.5  0.1569E-03  1
    17.5  0.6223E-03 -1
     0.5   13.13      1
     0.5   27.02     -1
     1.5   27.81      1
     1.5   55.01     -1
     2.5   41.02      1
     2.5   87.27     -1
     3.5   61.23      1
     3.5   117.0     -1
     4.5   85.56      1
     4.5   129.3     -1
     5.5   20.75      1
     5.5   87.80     -1
     6.5   27.56      1
     6.5   36.14     -1
     7.5   3.387      1
     7.5   13.72     -1
     8.5   3.890      1
     8.5   5.199     -1
     9.5  0.4984      1
     9.5   1.965     -1
    10.5  0.5499      1
    10.5  0.7372     -1
    11.5  0.6965E-01  1
    11.5  0.2742     -1
    12.5  0.7549E-01  1
    12.5  0.1011     -1
    13.5  0.9373E-02  1
    13.5  0.3701E-01 -1
    14.5  0.1004E-01  1
    14.5  0.1344E-01 -1
    15.5  0.1226E-02  1
    15.5  0.4853E-02 -1
    16.5  0.1303E-02  1
    16.5  0.1742E-02 -1
    17.5  0.1569E-03  1
    17.5  0.6223E-03 -1
     0.5   13.13      1
     0.5   27.03     -1
     1.5   27.82      1
     1.5   55.02     -1
     2.5   41.03      1
     2.5   87.28     -1
     3.5   61.24      1
     3.5   117.0     -1
     4.5   85.57      1
     4.5   129.3     -1
     5.5   20.76      1
     5.5   87.83     -1
     6.5   27.57      1
     6.5   36.15     -1
     7.5   3.388      1
     7.5   13.72     -1
     8.5   3.890      1
     8.5   5.200     -1
     9.5  0.4985      1
     9.5   1.965     -1
    10.5  0.5500      1
    10.5  0.7374     -1
    11.5  0.6966E-01  1
    11.5  0.2743     -1
    12.5  0.7550E-01  1
    12.5  0.1012     -1
    13.5  0.9375E-02  1
    13.5  0.3701E-01 -1
    14.5  0.1005E-01  1
    14.5  0.1345E-01 -1
    15.5  0.1226E-02  1
    15.5  0.4854E-02 -1
    16.5  0.1303E-02  1
    16.5  0.1743E-02 -1
    17.5  0.1569E-03  1
    17.5  0.6224E-03 -1
     0.5   13.13      1
     0.5   27.02     -1
     1.5   27.81      1
     1.5   55.00     -1
     2.5   41.01      1
     2.5   87.25     -1
     3.5   61.22      1
     3.5   117.0     -1
     4.5   85.55      1
     4.5   129.3     -1
     5.5   20.75      1
     5.5   87.81     -1
     6.5   27.56      1
     6.5   36.14     -1
     7.5   3.387      1
     7.5   13.72     -1
     8.5   3.889      1
     8.5   5.198     -1
     9.5  0.4983      1
     9.5   1.965     -1
    10.5  0.5498      1
    10.5  0.7371     -1
    11.5  0.6964E-01  1
    11.5  0.2742     -1
    12.5  0.7548E-01  1
    12.5  0.1011     -1
    13.5  0.9372E-02  1
    13.5  0.3700E-01 -1
    14.5  0.1004E-01  1
    14.5  0.1344E-01 -1
    15.5  0.1226E-02  1
    15.5  0.4853E-02 -1
    16.5  0.1302E-02  1
    16.5  0.1742E-02 -1
    17.5  0.1568E-03  1
    17.5  0.6222E-03 -1
     0.5   13.13      1
     0.5   27.03     -1
     1.5   27.82      1
     1.5   55.03     -1
     2.5   41.03      1
     2.5   87.29     -1
     3.5   61.25      1
     3.5   117.0     -1
     4.5   85.59      1
     4.5   129.4     -1
     5.5   20.77      1
     5.5   87.86     -1
     6.5   27.58      1
     6.5   36.16     -1
     7.5   3.390      1
     7.5   13.73     -1
     8.5   3.893      1
     8.5   5.203     -1
     9.5  0.4988      1
     9.5   1.966     -1
    10.5  0.5503      1
    10.5  0.7378     -1
    11.5  0.6970E-01  1
    11.5  0.2745     -1
    12.5  0.7554E-01  1
    12.5  0.1012     -1
    13.5  0.9380E-02  1
    13.5  0.3703E-01 -1
    14.5  0.1005E-01  1
    14.5  0.1345E-01 -1
    15.5  0.1227E-02  1
    15.5  0.4857E-02 -1
    16.5  0.1304E-02  1
    16.5  0.1744E-02 -1
    17.5  0.1570E-03  1
    17.5  0.6228E-03 -1
     0.5   13.13      1
     0.5   27.01     -1
     1.5   27.80      1
     1.5   54.99     -1
     2.5   41.01      1
     2.5   87.24     -1
     3.5   61.21      1
     3.5   117.0     -1
     4.5   85.54      1
     4.5   129.3     -1
     5.5   20.74      1
     5.5   87.77     -1
     6.5   27.55      1
     6.5   36.12     -1
     7.5   3.385      1
     7.5   13.71     -1
     8.5   3.887      1
     8.5   5.195     -1
     9.5  0.4980      1
     9.5   1.963     -1
    10.5  0.5495      1
    10.5  0.7367     -1
    11.5  0.6960E-01  1
    11.5  0.2740     -1
    12.5  0.7543E-01  1
    12.5  0.1011     -1
    13.5  0.9366E-02  1
    13.5  0.3698E-01 -1
    14.5  0.1004E-01  1
    14.5  0.1343E-01 -1
    15.5  0.1225E-02  1
    15.5  0.4850E-02 -1
    16.5  0.1302E-02  1
    16.5  0.1741E-02 -1
    17.5  0.1567E-03  1
    17.5  0.6219E-03 -1
     0.5   13.13      1
     0.5   27.03     -1
     1.5   27.82      1
     1.5   55.02     -1
     2.5   41.03      1
     2.5   87.28     -1
     3.5   61.24      1
     3.5   117.0     -1
     4.5   85.57      1
     4.5   129.3     -1
     5.5   20.76      1
     5.5   87.84     -1
     6.5   27.58      1
     6.5   36.15     -1
     7.5   3.389      1
     7.5   13.72     -1
     8.5   3.891      1
     8.5   5.201     -1
     9.5  0.4986      1
     9.5   1.966     -1
    10.5  0.5501      1
    10.5  0.7375     -1
    11.5  0.6968E-01  1
    11.5  0.2743     -1
    12.5  0.7552E-01  1
    12.5  0.1012     -1
    13.5  0.9377E-02  1
    13.5  0.3702E-01 -1
    14.5  0.1005E-01  1
    14.5  0.1345E-01 -1
    15.5  0.1226E-02  1
    15.5  0.4855E-02 -1
    16.5  0.1303E-02  1
    16.5  0.1743E-02 -1
    17.5  0.1569E-03  1
    17.5  0.6226E-03 -1
     0.5   13.13      1
     0.5   27.02     -1
     1.5   27.81      1
     1.5   55.00     -1
     2.5   41.01      1
     2.5   87.25     -1
     3.5   61.22      1
     3.5   117.0     -1
     4.5   85.55      1
     4.5   129.3     -1
     5.5   20.75      1
     5.5   87.79     -1
     6.5   27.56      1
     6.5   36.13     -1
     7.5   3.386      1
     7.5   13.71     -1
     8.5   3.888      1
     8.5   5.197     -1
     9.5  0.4982      1
     9.5   1.964     -1
    10.5  0.5497      1
    10.5  0.7370     -1
    11.5  0.6962E-01  1
    11.5  0.2741     -1
    12.5  0.7546E-01  1
    12.5  0.1011     -1
    13.5  0.9370E-02  1
    13.5  0.3699E-01 -1
    14.5  0.1004E-01  1
    14.5  0.1344E-01 -1
    15.5  0.1226E-02  1
    15.5  0.4852E-02 -1
    16.5  0.1302E-02  1
    16.5  0.1742E-02 -1
    17.5  0.1568E-03  1
    17.5  0.6221E-03 -1
     0.5   12.69      1
     0.5   26.16     -1
     1.5   27.10      1
     1.5   53.45     -1
     2.5   40.04      1
     2.5   85.43     -1
     3.5   61.20      1
     3.5   115.6     -1
     4.5   84.87      1
     4.5   128.8     -1
     5.5   20.80      1
     5.5   88.31     -1
     6.5   27.65      1
     6.5   36.22     -1
     7.5   3.383      1
     7.5   13.72     -1
     8.5   3.886      1
     8.5   5.193     -1
     9.5  0.4975      1
     9.5   1.962     -1
    10.5  0.5489      1
    10.5  0.7359     -1
    11.5  0.6952E-01  1
    11.5  0.2737     -1
    12.5  0.7535E-01  1
    12.5  0.1010     -1
    13.5  0.9356E-02  1
    13.5  0.3694E-01 -1
    14.5  0.1002E-01  1
    14.5  0.1342E-01 -1
    15.5  0.1224E-02  1
    15.5  0.4844E-02 -1
    16.5  0.1300E-02  1
    16.5  0.1739E-02 -1
    17.5  0.1566E-03  1
    17.5  0.6211E-03 -1
     0.5   11.60      1
     0.5   23.99     -1
     1.5   25.39      1
     1.5   49.55     -1
     2.5   37.70      1
     2.5   80.91     -1
     3.5   61.62      1
     3.5   112.7     -1
     4.5   83.15      1
     4.5   128.3     -1
     5.5   21.25      1
     5.5   91.06     -1
     6.5   28.35      1
     6.5   37.05     -1
     7.5   3.426      1
     7.5   13.93     -1
     8.5   3.935      1
     8.5   5.257     -1
     9.5  0.5029      1
     9.5   1.984     -1
    10.5  0.5549      1
    10.5  0.7438     -1
    11.5  0.7024E-01  1
    11.5  0.2766     -1
    12.5  0.7613E-01  1
    12.5  0.1020     -1
    13.5  0.9453E-02  1
    13.5  0.3732E-01 -1
    14.5  0.1013E-01  1
    14.5  0.1356E-01 -1
    15.5  0.1236E-02  1
    15.5  0.4894E-02 -1
    16.5  0.1314E-02  1
    16.5  0.1757E-02 -1
    17.5  0.1582E-03  1
    17.5  0.6276E-03 -1
     0.5   11.26      1
     0.5   23.25     -1
     1.5   25.01      1
     1.5   48.35     -1
     2.5   37.31      1
     2.5   79.65     -1
     3.5   63.66      1
     3.5   113.7     -1
     4.5   82.85      1
     4.5   131.2     -1
     5.5   22.70      1
     5.5   97.58     -1
     6.5   30.39      1
     6.5   39.63     -1
     7.5   3.623      1
     7.5   14.78     -1
     8.5   4.163      1
     8.5   5.558     -1
     9.5  0.5305      1
     9.5   2.094     -1
    10.5  0.5853      1
    10.5  0.7846     -1
    11.5  0.7407E-01  1
    11.5  0.2917     -1
    12.5  0.8028E-01  1
    12.5  0.1076     -1
    13.5  0.9966E-02  1
    13.5  0.3935E-01 -1
    14.5  0.1068E-01  1
    14.5  0.1429E-01 -1
    15.5  0.1304E-02  1
    15.5  0.5160E-02 -1
    16.5  0.1385E-02  1
    16.5  0.1852E-02 -1
    17.5  0.1668E-03  1
    17.5  0.6617E-03 -1
     0.5   11.30      1
     0.5   23.38     -1
     1.5   24.96      1
     1.5   48.48     -1
     2.5   37.14      1
     2.5   79.71     -1
     3.5   62.22      1
     3.5   112.4     -1
     4.5   82.73      1
     4.5   129.0     -1
     5.5   21.71      1
     5.5   93.25     -1
     6.5   29.00      1
     6.5   37.87     -1
     7.5   3.485      1
     7.5   14.19     -1
     8.5   4.003      1
     8.5   5.347     -1
     9.5  0.5110      1
     9.5   2.016     -1
    10.5  0.5638      1
    10.5  0.7558     -1
    11.5  0.7137E-01  1
    11.5  0.2810     -1
    12.5  0.7735E-01  1
    12.5  0.1036     -1
    13.5  0.9604E-02  1
    13.5  0.3792E-01 -1
    14.5  0.1029E-01  1
    14.5  0.1377E-01 -1
    15.5  0.1256E-02  1
    15.5  0.4972E-02 -1
    16.5  0.1335E-02  1
    16.5  0.1785E-02 -1
    17.5  0.1607E-03  1
    17.5  0.6376E-03 -1
     0.5   11.30      1
     0.5   23.38     -1
     1.5   24.96      1
     1.5   48.48     -1
     2.5   37.14      1
     2.5   79.70     -1
     3.5   62.22      1
     3.5   112.4     -1
     4.5   82.73      1
     4.5   129.0     -1
     5.5   21.71      1
     5.5   93.26     -1
     6.5   29.00      1
     6.5   37.87     -1
     7.5   3.485      1
     7.5   14.19     -1
     8.5   4.003      1
     8.5   5.347     -1
     9.5  0.5110      1
     9.5   2.016     -1
    10.5  0.5638      1
    10.5  0.7558     -1
    11.5  0.7137E-01  1
    11.5  0.2810     -1
    12.5  0.7735E-01  1
    12.5  0.1036     -1
    13.5  0.9604E-02  1
    13.5  0.3792E-01 -1
    14.5  0.1029E-01  1
    14.5  0.1377E-01 -1
    15.5  0.1256E-02  1
    15.5  0.4972E-02 -1
    16.5  0.1335E-02  1
    16.5  0.1785E-02 -1
    17.5  0.1607E-03  1
    17.5  0.6376E-03 -1
     0.5   11.30      1
     0.5   23.38     -1
     1.5   24.96      1
     1.5   48.49     -1
     2.5   37.14      1
     2.5   79.71     -1
     3.5   62.22      1
     3.5   112.4     -1
     4.5   82.73      1
     4.5   129.0     -1
     5.5   21.71      1
     5.5   93.24     -1
     6.5   29.00      1
     6.5   37.87     -1
     7.5   3.485      1
     7.5   14.19     -1
     8.5   4.003      1
     8.5   5.347     -1
     9.5  0.5110      1
     9.5   2.016     -1
    10.5  0.5638      1
    10.5  0.7558     -1
    11.5  0.7137E-01  1
    11.5  0.2810     -1
    12.5  0.7735E-01  1
    12.5  0.1036     -1
    13.5  0.9604E-02  1
    13.5  0.3792E-01 -1
    14.5  0.1029E-01  1
    14.5  0.1377E-01 -1
    15.5  0.1256E-02  1
    15.5  0.4972E-02 -1
    16.5  0.1335E-02  1
    16.5  0.1785E-02 -1
    17.5  0.1607E-03  1
    17.5  0.6376E-03 -1
     0.5   11.30      1
     0.5   23.38     -1
     1.5   24.96      1
     1.5   48.48     -1
     2.5   37.14      1
     2.5   79.70     -1
     3.5   62.22      1
     3.5   112.4     -1
     4.5   82.73      1
     4.5   129.0     -1
     5.5   21.71      1
     5.5   93.26     -1
     6.5   29.00      1
     6.5   37.87     -1
     7.5   3.485      1
     7.5   14.19     -1
     8.5   4.003      1
     8.5   5.347     -1
     9.5  0.5110      1
     9.5   2.016     -1
    10.5  0.5638      1
    10.5  0.7558     -1
    11.5  0.7137E-01  1
    11.5  0.2810     -1
    12.5  0.7735E-01  1
    12.5  0.1036     -1
    13.5  0.9604E-02  1
    13.5  0.3792E-01 -1
    14.5  0.1029E-01  1
    14.5  0.1377E-01 -1
    15.5  0.1256E-02  1
    15.5  0.4972E-02 -1
    16.5  0.1335E-02  1
    16.5  0.1785E-02 -1
    17.5  0.1607E-03  1
    17.5  0.6376E-03 -1
     0.5   11.30      1
     0.5   23.38     -1
     1.5   24.96      1
     1.5   48.49     -1
     2.5   37.14      1
     2.5   79.71     -1
     3.5   62.22      1
     3.5   112.4     -1
     4.5   82.73      1
     4.5   129.0     -1
     5.5   21.71      1
     5.5   93.25     -1
     6.5   29.00      1
     6.5   37.87     -1
     7.5   3.485      1
     7.5   14.19     -1
     8.5   4.003      1
     8.5   5.347     -1
     9.5  0.5110      1
     9.5   2.016     -1
    10.5  0.5638      1
    10.5  0.7558     -1
    11.5  0.7137E-01  1
    11.5  0.2810     -1
    12.5  0.7735E-01  1
    12.5  0.1036     -1
    13.5  0.9604E-02  1
    13.5  0.3792E-01 -1
    14.5  0.1029E-01  1
    14.5  0.1377E-01 -1
    15.5  0.1256E-02  1
    15.5  0.4972E-02 -1
    16.5  0.1335E-02  1
    16.5  0.1785E-02 -1
    17.5  0.1607E-03  1
    17.5  0.6376E-03 -1
     0.5   11.30      1
     0.5   23.38     -1
     1.5   24.96      1
     1.5   48.49     -1
     2.5   37.15      1
     2.5   79.71     -1
     3.5   62.22      1
     3.5   112.4     -1
     4.5   82.73      1
     4.5   129.0     -1
     5.5   21.71      1
     5.5   93.26     -1
     6.5   29.00      1
     6.5   37.87     -1
     7.5   3.485      1
     7.5   14.19     -1
     8.5   4.003      1
     8.5   5.347     -1
     9.5  0.5110      1
     9.5   2.016     -1
    10.5  0.5639      1
    10.5  0.7558     -1
    11.5  0.7137E-01  1
    11.5  0.2811     -1
    12.5  0.7735E-01  1
    12.5  0.1036     -1
    13.5  0.9604E-02  1
    13.5  0.3792E-01 -1
    14.5  0.1029E-01  1
    14.5  0.1377E-01 -1
    15.5  0.1256E-02  1
    15.5  0.4973E-02 -1
    16.5  0.1335E-02  1
    16.5  0.1785E-02 -1
    17.5  0.1607E-03  1
    17.5  0.6376E-03 -1
     0.5   11.30      1
     0.5   23.38     -1
     1.5   24.95      1
     1.5   48.48     -1
     2.5   37.14      1
     2.5   79.70     -1
     3.5   62.22      1
     3.5   112.4     -1
     4.5   82.73      1
     4.5   129.0     -1
     5.5   21.71      1
     5.5   93.25     -1
     6.5   29.00      1
     6.5   37.87     -1
     7.5   3.485      1
     7.5   14.19     -1
     8.5   4.003      1
     8.5   5.347     -1
     9.5  0.5110      1
     9.5   2.016     -1
    10.5  0.5638      1
    10.5  0.7558     -1
    11.5  0.7136E-01  1
    11.5  0.2810     -1
    12.5  0.7735E-01  1
    12.5  0.1036     -1
    13.5  0.9603E-02  1
    13.5  0.3791E-01 -1
    14.5  0.1029E-01  1
    14.5  0.1377E-01 -1
    15.5  0.1256E-02  1
    15.5  0.4972E-02 -1
    16.5  0.1335E-02  1
    16.5  0.1785E-02 -1
    17.5  0.1607E-03  1
    17.5  0.6376E-03 -1
     0.5   11.30      1
     0.5   23.38     -1
     1.5   24.96      1
     1.5   48.49     -1
     2.5   37.15      1
     2.5   79.72     -1
     3.5   62.23      1
     3.5   112.4     -1
     4.5   82.73      1
     4.5   129.0     -1
     5.5   21.71      1
     5.5   93.26     -1
     6.5   29.00      1
     6.5   37.87     -1
     7.5   3.485      1
     7.5   14.19     -1
     8.5   4.004      1
     8.5   5.348     -1
     9.5  0.5111      1
     9.5   2.016     -1
    10.5  0.5639      1
    10.5  0.7559     -1
    11.5  0.7137E-01  1
    11.5  0.2811     -1
    12.5  0.7736E-01  1
    12.5  0.1036     -1
    13.5  0.9604E-02  1
    13.5  0.3792E-01 -1
    14.5  0.1029E-01  1
    14.5  0.1378E-01 -1
    15.5  0.1256E-02  1
    15.5  0.4973E-02 -1
    16.5  0.1335E-02  1
    16.5  0.1785E-02 -1
    17.5  0.1607E-03  1
    17.5  0.6376E-03 -1
     0.5   11.30      1
     0.5   23.37     -1
     1.5   24.95      1
     1.5   48.48     -1
     2.5   37.14      1
     2.5   79.70     -1
     3.5   62.22      1
     3.5   112.4     -1
     4.5   82.72      1
     4.5   129.0     -1
     5.5   21.71      1
     5.5   93.25     -1
     6.5   29.00      1
     6.5   37.87     -1
     7.5   3.485      1
     7.5   14.19     -1
     8.5   4.003      1
     8.5   5.347     -1
     9.5  0.5110      1
     9.5   2.016     -1
    10.5  0.5638      1
    10.5  0.7557     -1
    11.5  0.7136E-01  1
    11.5  0.2810     -1
    12.5  0.7734E-01  1
    12.5  0.1036     -1
    13.5  0.9603E-02  1
    13.5  0.3791E-01 -1
    14.5  0.1029E-01  1
    14.5  0.1377E-01 -1
    15.5  0.1256E-02  1
    15.5  0.4972E-02 -1
    16.5  0.1335E-02  1
    16.5  0.1785E-02 -1
    17.5  0.1607E-03  1
    17.5  0.6375E-03 -1
     0.5   11.30      1
     0.5   23.38     -1
     1.5   24.96      1
     1.5   48.50     -1
     2.5   37.15      1
     2.5   79.72     -1
     3.5   62.23      1
     3.5   112.4     -1
     4.5   82.74      1
     4.5   129.0     -1
     5.5   21.72      1
     5.5   93.28     -1
     6.5   29.01      1
     6.5   37.88     -1
     7.5   3.486      1
     7.5   14.19     -1
     8.5   4.005      1
     8.5   5.349     -1
     9.5  0.5112      1
     9.5   2.017     -1
    10.5  0.5640      1
    10.5  0.7561     -1
    11.5  0.7139E-01  1
    11.5  0.2812     -1
    12.5  0.7738E-01  1
    12.5  0.1037     -1
    13.5  0.9607E-02  1
    13.5  0.3793E-01 -1
    14.5  0.1029E-01  1
    14.5  0.1378E-01 -1
    15.5  0.1257E-02  1
    15.5  0.4974E-02 -1
    16.5  0.1335E-02  1
    16.5  0.1786E-02 -1
    17.5  0.1608E-03  1
    17.5  0.6378E-03 -1
     0.5   11.30      1
     0.5   23.37     -1
     1.5   24.95      1
     1.5   48.47     -1
     2.5   37.13      1
     2.5   79.69     -1
     3.5   62.21      1
     3.5   112.4     -1
     4.5   82.72      1
     4.5   128.9     -1
     5.5   21.70      1
     5.5   93.23     -1
     6.5   28.99      1
     6.5   37.86     -1
     7.5   3.484      1
     7.5   14.18     -1
     8.5   4.002      1
     8.5   5.345     -1
     9.5  0.5108      1
     9.5   2.015     -1
    10.5  0.5636      1
    10.5  0.7555     -1
    11.5  0.7134E-01  1
    11.5  0.2809     -1
    12.5  0.7732E-01  1
    12.5  0.1036     -1
    13.5  0.9600E-02  1
    13.5  0.3790E-01 -1
    14.5  0.1029E-01  1
    14.5  0.1377E-01 -1
    15.5  0.1256E-02  1
    15.5  0.4971E-02 -1
    16.5  0.1334E-02  1
    16.5  0.1784E-02 -1
    17.5  0.1606E-03  1
    17.5  0.6374E-03 -1
     0.5   10.88      1
     0.5   22.51     -1
     1.5   24.20      1
     1.5   46.82     -1
     2.5   36.05      1
     2.5   77.36     -1
     3.5   61.64      1
     3.5   110.2     -1
     4.5   81.11      1
     4.5   127.0     -1
     5.5   21.35      1
     5.5   92.78     -1
     6.5   28.58      1
     6.5   37.26     -1
     7.5   3.400      1
     7.5   13.87     -1
     8.5   3.906      1
     8.5   5.216     -1
     9.5  0.4979      1
     9.5   1.965     -1
    10.5  0.5494      1
    10.5  0.7364     -1
    11.5  0.6952E-01  1
    11.5  0.2738     -1
    12.5  0.7535E-01  1
    12.5  0.1010     -1
    13.5  0.9355E-02  1
    13.5  0.3693E-01 -1
    14.5  0.1002E-01  1
    14.5  0.1342E-01 -1
    15.5  0.1224E-02  1
    15.5  0.4844E-02 -1
    16.5  0.1300E-02  1
    16.5  0.1739E-02 -1
    17.5  0.1565E-03  1
    17.5  0.6211E-03 -1
     0.5   10.82      1
     0.5   22.39     -1
     1.5   24.10      1
     1.5   46.60     -1
     2.5   35.91      1
     2.5   77.03     -1
     3.5   61.57      1
     3.5   109.9     -1
     4.5   80.87      1
     4.5   126.7     -1
     5.5   21.30      1
     5.5   92.74     -1
     6.5   28.53      1
     6.5   37.18     -1
     7.5   3.388      1
     7.5   13.83     -1
     8.5   3.892      1
     8.5   5.197     -1
     9.5  0.4960      1
     9.5   1.958     -1
    10.5  0.5473      1
    10.5  0.7336     -1
    11.5  0.6925E-01  1
    11.5  0.2727     -1
    12.5  0.7506E-01  1
    12.5  0.1006     -1
    13.5  0.9318E-02  1
    13.5  0.3679E-01 -1
    14.5  0.9985E-02  1
    14.5  0.1337E-01 -1
    15.5  0.1219E-02  1
    15.5  0.4825E-02 -1
    16.5  0.1295E-02  1
    16.5  0.1732E-02 -1
    17.5  0.1559E-03  1
    17.5  0.6187E-03 -1
     0.5   10.88      1
     0.5   22.51     -1
     1.5   24.20      1
     1.5   46.82     -1
     2.5   36.05      1
     2.5   77.36     -1
     3.5   61.64      1
     3.5   110.2     -1
     4.5   81.11      1
     4.5   127.0     -1
     5.5   21.35      1
     5.5   92.79     -1
     6.5   28.58      1
     6.5   37.26     -1
     7.5   3.400      1
     7.5   13.87     -1
     8.5   3.906      1
     8.5   5.216     -1
     9.5  0.4979      1
     9.5   1.965     -1
    10.5  0.5494      1
    10.5  0.7364     -1
    11.5  0.6952E-01  1
    11.5  0.2738     -1
    12.5  0.7535E-01  1
    12.5  0.1010     -1
    13.5  0.9355E-02  1
    13.5  0.3693E-01 -1
    14.5  0.1002E-01  1
    14.5  0.1342E-01 -1
    15.5  0.1224E-02  1
    15.5  0.4844E-02 -1
    16.5  0.1300E-02  1
    16.5  0.1739E-02 -1
    17.5  0.1565E-03  1
    17.5  0.6211E-03 -1
     0.5   10.88      1
     0.5   22.51     -1
     1.5   24.20      1
     1.5   46.82     -1
     2.5   36.05      1
     2.5   77.36     -1
     3.5   61.64      1
     3.5   110.2     -1
     4.5   81.11      1
     4.5   127.0     -1
     5.5   21.35      1
     5.5   92.78     -1
     6.5   28.58      1
     6.5   37.26     -1
     7.5   3.400      1
     7.5   13.87     -1
     8.5   3.906      1
     8.5   5.216     -1
     9.5  0.4979      1
     9.5   1.965     -1
    10.5  0.5494      1
    10.5  0.7364     -1
    11.5  0.6952E-01  1
    11.5  0.2738     -1
    12.5  0.7535E-01  1
    12.5  0.1010     -1
    13.5  0.9355E-02  1
    13.5  0.3693E-01 -1
    14.5  0.1002E-01  1
    14.5  0.1342E-01 -1
    15.5  0.1224E-02  1
    15.5  0.4844E-02 -1
    16.5  0.1300E-02  1
    16.5  0.1739E-02 -1
    17.5  0.1565E-03  1
    17.5  0.6211E-03 -1
     0.5   10.88      1
     0.5   22.51     -1
     1.5   24.20      1
     1.5   46.82     -1
     2.5   36.06      1
     2.5   77.36     -1
     3.5   61.65      1
     3.5   110.2     -1
     4.5   81.12      1
     4.5   127.0     -1
     5.5   21.35      1
     5.5   92.79     -1
     6.5   28.58      1
     6.5   37.26     -1
     7.5   3.400      1
     7.5   13.87     -1
     8.5   3.906      1
     8.5   5.216     -1
     9.5  0.4979      1
     9.5   1.965     -1
    10.5  0.5494      1
    10.5  0.7364     -1
    11.5  0.6952E-01  1
    11.5  0.2738     -1
    12.5  0.7535E-01  1
    12.5  0.1010     -1
    13.5  0.9355E-02  1
    13.5  0.3694E-01 -1
    14.5  0.1002E-01  1
    14.5  0.1342E-01 -1
    15.5  0.1224E-02  1
    15.5  0.4844E-02 -1
    16.5  0.1300E-02  1
    16.5  0.1739E-02 -1
    17.5  0.1565E-03  1
    17.5  0.6211E-03 -1
     0.5   10.88      1
     0.5   22.50     -1
     1.5   24.19      1
     1.5   46.81     -1
     2.5   36.05      1
     2.5   77.35     -1
     3.5   61.64      1
     3.5   110.2     -1
     4.5   81.11      1
     4.5   127.0     -1
     5.5   21.35      1
     5.5   92.78     -1
     6.5   28.58      1
     6.5   37.26     -1
     7.5   3.400      1
     7.5   13.87     -1
     8.5   3.906      1
     8.5   5.216     -1
     9.5  0.4979      1
     9.5   1.965     -1
    10.5  0.5493      1
    10.5  0.7364     -1
    11.5  0.6952E-01  1
    11.5  0.2738     -1
    12.5  0.7534E-01  1
    12.5  0.1009     -1
    13.5  0.9354E-02  1
    13.5  0.3693E-01 -1
    14.5  0.1002E-01  1
    14.5  0.1342E-01 -1
    15.5  0.1223E-02  1
    15.5  0.4843E-02 -1
    16.5  0.1300E-02  1
    16.5  0.1739E-02 -1
    17.5  0.1565E-03  1
    17.5  0.6210E-03 -1
     0.5   10.88      1
     0.5   22.51     -1
     1.5   24.20      1
     1.5   46.83     -1
     2.5   36.06      1
     2.5   77.37     -1
     3.5   61.65      1
     3.5   110.2     -1
     4.5   81.12      1
     4.5   127.0     -1
     5.5   21.36      1
     5.5   92.80     -1
     6.5   28.59      1
     6.5   37.27     -1
     7.5   3.401      1
     7.5   13.88     -1
     8.5   3.907      1
     8.5   5.218     -1
     9.5  0.4981      1
     9.5   1.966     -1
    10.5  0.5495      1
    10.5  0.7366     -1
    11.5  0.6954E-01  1
    11.5  0.2739     -1
    12.5  0.7537E-01  1
    12.5  0.1010     -1
    13.5  0.9358E-02  1
    13.5  0.3695E-01 -1
    14.5  0.1003E-01  1
    14.5  0.1342E-01 -1
    15.5  0.1224E-02  1
    15.5  0.4845E-02 -1
    16.5  0.1300E-02  1
    16.5  0.1739E-02 -1
    17.5  0.1566E-03  1
    17.5  0.6213E-03 -1
     0.5   10.88      1
     0.5   22.50     -1
     1.5   24.19      1
     1.5   46.81     -1
     2.5   36.04      1
     2.5   77.34     -1
     3.5   61.63      1
     3.5   110.2     -1
     4.5   81.10      1
     4.5   127.0     -1
     5.5   21.34      1
     5.5   92.76     -1
     6.5   28.57      1
     6.5   37.25     -1
     7.5   3.399      1
     7.5   13.87     -1
     8.5   3.905      1
     8.5   5.214     -1
     9.5  0.4977      1
     9.5   1.964     -1
    10.5  0.5492      1
    10.5  0.7361     -1
    11.5  0.6950E-01  1
    11.5  0.2737     -1
    12.5  0.7532E-01  1
    12.5  0.1009     -1
    13.5  0.9351E-02  1
    13.5  0.3692E-01 -1
    14.5  0.1002E-01  1
    14.5  0.1341E-01 -1
    15.5  0.1223E-02  1
    15.5  0.4842E-02 -1
    16.5  0.1300E-02  1
    16.5  0.1738E-02 -1
    17.5  0.1565E-03  1
    17.5  0.6209E-03 -1
     0.5   10.44      1
     0.5   21.60     -1
     1.5   23.30      1
     1.5   45.00     -1
     2.5   34.72      1
     2.5   74.62     -1
     3.5   60.13      1
     3.5   106.9     -1
     4.5   78.97      1
     4.5   123.3     -1
     5.5   20.39      1
     5.5   89.93     -1
     6.5   27.35      1
     6.5   35.60     -1
     7.5   3.225      1
     7.5   13.18     -1
     8.5   3.705      1
     8.5   4.946     -1
     9.5  0.4717      1
     9.5   1.862     -1
    10.5  0.5205      1
    10.5  0.6977     -1
    11.5  0.6586E-01  1
    11.5  0.2594     -1
    12.5  0.7138E-01  1
    12.5  0.9563E-01 -1
    13.5  0.8862E-02  1
    13.5  0.3499E-01 -1
    14.5  0.9495E-02  1
    14.5  0.1271E-01 -1
    15.5  0.1159E-02  1
    15.5  0.4588E-02 -1
    16.5  0.1232E-02  1
    16.5  0.1647E-02 -1
    17.5  0.1483E-03  1
    17.5  0.5883E-03 -1
     0.5   10.01      1
     0.5   20.72     -1
     1.5   22.42      1
     1.5   43.22     -1
     2.5   33.41      1
     2.5   71.88     -1
     3.5   58.57      1
     3.5   103.5     -1
     4.5   76.74      1
     4.5   119.5     -1
     5.5   19.45      1
     5.5   87.04     -1
     6.5   26.14      1
     6.5   33.96     -1
     7.5   3.054      1
     7.5   12.50     -1
     8.5   3.509      1
     8.5   4.684     -1
     9.5  0.4464      1
     9.5   1.762     -1
    10.5  0.4925      1
    10.5  0.6601     -1
    11.5  0.6231E-01  1
    11.5  0.2454     -1
    12.5  0.6753E-01  1
    12.5  0.9048E-01 -1
    13.5  0.8384E-02  1
    13.5  0.3310E-01 -1
    14.5  0.8983E-02  1
    14.5  0.1202E-01 -1
    15.5  0.1097E-02  1
    15.5  0.4341E-02 -1
    16.5  0.1165E-02  1
    16.5  0.1558E-02 -1
    17.5  0.1403E-03  1
    17.5  0.5566E-03 -1
     0.5   9.868      1
     0.5   20.43     -1
     1.5   22.13      1
     1.5   42.63     -1
     2.5   32.98      1
     2.5   70.97     -1
     3.5   58.03      1
     3.5   102.4     -1
     4.5   75.98      1
     4.5   118.3     -1
     5.5   19.14      1
     5.5   86.07     -1
     6.5   25.73      1
     6.5   33.42     -1
     7.5   2.999      1
     7.5   12.28     -1
     8.5   3.445      1
     8.5   4.598     -1
     9.5  0.4381      1
     9.5   1.730     -1
    10.5  0.4833      1
    10.5  0.6478     -1
    11.5  0.6115E-01  1
    11.5  0.2408     -1
    12.5  0.6627E-01  1
    12.5  0.8879E-01 -1
    13.5  0.8227E-02  1
    13.5  0.3248E-01 -1
    14.5  0.8816E-02  1
    14.5  0.1180E-01 -1
    15.5  0.1076E-02  1
    15.5  0.4260E-02 -1
    16.5  0.1143E-02  1
    16.5  0.1529E-02 -1
    17.5  0.1377E-03  1
    17.5  0.5462E-03 -1
     0.5   9.753      1
     0.5   20.19     -1
     1.5   21.89      1
     1.5   42.15     -1
     2.5   32.62      1
     2.5   70.22     -1
     3.5   57.58      1
     3.5   101.4     -1
     4.5   75.34      1
     4.5   117.2     -1
     5.5   18.88      1
     5.5   85.26     -1
     6.5   25.40      1
     6.5   32.97     -1
     7.5   2.952      1
     7.5   12.10     -1
     8.5   3.392      1
     8.5   4.527     -1
     9.5  0.4312      1
     9.5   1.703     -1
    10.5  0.4758      1
    10.5  0.6377     -1
    11.5  0.6019E-01  1
    11.5  0.2370     -1
    12.5  0.6523E-01  1
    12.5  0.8740E-01 -1
    13.5  0.8098E-02  1
    13.5  0.3197E-01 -1
    14.5  0.8677E-02  1
    14.5  0.1162E-01 -1
    15.5  0.1059E-02  1
    15.5  0.4193E-02 -1
    16.5  0.1125E-02  1
    16.5  0.1505E-02 -1
    17.5  0.1355E-03  1
    17.5  0.5376E-03 -1
     0.5   9.753      1
     0.5   20.19     -1
     1.5   21.89      1
     1.5   42.15     -1
     2.5   32.62      1
     2.5   70.22     -1
     3.5   57.59      1
     3.5   101.4     -1
     4.5   75.34      1
     4.5   117.2     -1
     5.5   18.89      1
     5.5   85.27     -1
     6.5   25.40      1
     6.5   32.97     -1
     7.5   2.952      1
     7.5   12.10     -1
     8.5   3.392      1
     8.5   4.527     -1
     9.5  0.4312      1
     9.5   1.703     -1
    10.5  0.4758      1
    10.5  0.6377     -1
    11.5  0.6019E-01  1
    11.5  0.2370     -1
    12.5  0.6523E-01  1
    12.5  0.8740E-01 -1
    13.5  0.8098E-02  1
    13.5  0.3197E-01 -1
    14.5  0.8677E-02  1
    14.5  0.1162E-01 -1
    15.5  0.1059E-02  1
    15.5  0.4193E-02 -1
    16.5  0.1125E-02  1
    16.5  0.1505E-02 -1
    17.5  0.1355E-03  1
    17.5  0.5376E-03 -1
     0.5   9.753      1
     0.5   20.19     -1
     1.5   21.89      1
     1.5   42.15     -1
     2.5   32.62      1
     2.5   70.22     -1
     3.5   57.58      1
     3.5   101.4     -1
     4.5   75.35      1
     4.5   117.2     -1
     5.5   18.88      1
     5.5   85.26     -1
     6.5   25.40      1
     6.5   32.97     -1
     7.5   2.952      1
     7.5   12.10     -1
     8.5   3.392      1
     8.5   4.527     -1
     9.5  0.4312      1
     9.5   1.703     -1
    10.5  0.4758      1
    10.5  0.6377     -1
    11.5  0.6019E-01  1
    11.5  0.2370     -1
    12.5  0.6523E-01  1
    12.5  0.8740E-01 -1
    13.5  0.8098E-02  1
    13.5  0.3197E-01 -1
    14.5  0.8677E-02  1
    14.5  0.1162E-01 -1
    15.5  0.1059E-02  1
    15.5  0.4193E-02 -1
    16.5  0.1125E-02  1
    16.5  0.1505E-02 -1
    17.5  0.1355E-03  1
    17.5  0.5376E-03 -1
     0.5   9.754      1
     0.5   20.19     -1
     1.5   21.89      1
     1.5   42.15     -1
     2.5   32.62      1
     2.5   70.22     -1
     3.5   57.58      1
     3.5   101.4     -1
     4.5   75.34      1
     4.5   117.2     -1
     5.5   18.88      1
     5.5   85.27     -1
     6.5   25.40      1
     6.5   32.97     -1
     7.5   2.952      1
     7.5   12.10     -1
     8.5   3.392      1
     8.5   4.527     -1
     9.5  0.4312      1
     9.5   1.703     -1
    10.5  0.4758      1
    10.5  0.6377     -1
    11.5  0.6019E-01  1
    11.5  0.2370     -1
    12.5  0.6523E-01  1
    12.5  0.8740E-01 -1
    13.5  0.8098E-02  1
    13.5  0.3197E-01 -1
    14.5  0.8677E-02  1
    14.5  0.1162E-01 -1
    15.5  0.1059E-02  1
    15.5  0.4193E-02 -1
    16.5  0.1125E-02  1
    16.5  0.1505E-02 -1
    17.5  0.1355E-03  1
    17.5  0.5377E-03 -1
     0.5   9.753      1
     0.5   20.19     -1
     1.5   21.89      1
     1.5   42.15     -1
     2.5   32.62      1
     2.5   70.22     -1
     3.5   57.58      1
     3.5   101.4     -1
     4.5   75.34      1
     4.5   117.2     -1
     5.5   18.88      1
     5.5   85.26     -1
     6.5   25.40      1
     6.5   32.97     -1
     7.5   2.952      1
     7.5   12.10     -1
     8.5   3.392      1
     8.5   4.527     -1
     9.5  0.4312      1
     9.5   1.703     -1
    10.5  0.4758      1
    10.5  0.6377     -1
    11.5  0.6019E-01  1
    11.5  0.2370     -1
    12.5  0.6523E-01  1
    12.5  0.8740E-01 -1
    13.5  0.8098E-02  1
    13.5  0.3197E-01 -1
    14.5  0.8677E-02  1
    14.5  0.1162E-01 -1
    15.5  0.1059E-02  1
    15.5  0.4193E-02 -1
    16.5  0.1125E-02  1
    16.5  0.1505E-02 -1
    17.5  0.1355E-03  1
    17.5  0.5376E-03 -1
     0.5   9.756      1
     0.5   20.19     -1
     1.5   21.90      1
     1.5   42.16     -1
     2.5   32.63      1
     2.5   70.23     -1
     3.5   57.59      1
     3.5   101.5     -1
     4.5   75.36      1
     4.5   117.2     -1
     5.5   18.89      1
     5.5   85.29     -1
     6.5   25.41      1
     6.5   32.98     -1
     7.5   2.953      1
     7.5   12.10     -1
     8.5   3.393      1
     8.5   4.529     -1
     9.5  0.4314      1
     9.5   1.703     -1
    10.5  0.4760      1
    10.5  0.6379     -1
    11.5  0.6021E-01  1
    11.5  0.2371     -1
    12.5  0.6526E-01  1
    12.5  0.8743E-01 -1
    13.5  0.8101E-02  1
    13.5  0.3199E-01 -1
    14.5  0.8680E-02  1
    14.5  0.1162E-01 -1
    15.5  0.1060E-02  1
    15.5  0.4195E-02 -1
    16.5  0.1126E-02  1
    16.5  0.1506E-02 -1
    17.5  0.1356E-03  1
    17.5  0.5378E-03 -1
     0.5   9.751      1
     0.5   20.18     -1
     1.5   21.89      1
     1.5   42.14     -1
     2.5   32.61      1
     2.5   70.20     -1
     3.5   57.57      1
     3.5   101.4     -1
     4.5   75.33      1
     4.5   117.2     -1
     5.5   18.88      1
     5.5   85.24     -1
     6.5   25.39      1
     6.5   32.96     -1
     7.5   2.951      1
     7.5   12.09     -1
     8.5   3.391      1
     8.5   4.526     -1
     9.5  0.4310      1
     9.5   1.702     -1
    10.5  0.4756      1
    10.5  0.6375     -1
    11.5  0.6016E-01  1
    11.5  0.2370     -1
    12.5  0.6521E-01  1
    12.5  0.8737E-01 -1
    13.5  0.8095E-02  1
    13.5  0.3196E-01 -1
    14.5  0.8674E-02  1
    14.5  0.1161E-01 -1
    15.5  0.1059E-02  1
    15.5  0.4191E-02 -1
    16.5  0.1125E-02  1
    16.5  0.1505E-02 -1
    17.5  0.1355E-03  1
    17.5  0.5375E-03 -1
     0.5   9.614      1
     0.5   19.89     -1
     1.5   21.60      1
     1.5   41.53     -1
     2.5   32.18      1
     2.5   69.20     -1
     3.5   57.12      1
     3.5   100.3     -1
     4.5   74.41      1
     4.5   115.9     -1
     5.5   18.61      1
     5.5   84.63     -1
     6.5   25.06      1
     6.5   32.50     -1
     7.5   2.897      1
     7.5   11.88     -1
     8.5   3.328      1
     8.5   4.442     -1
     9.5  0.4228      1
     9.5   1.670     -1
    10.5  0.4665      1
    10.5  0.6253     -1
    11.5  0.5901E-01  1
    11.5  0.2324     -1
    12.5  0.6395E-01  1
    12.5  0.8569E-01 -1
    13.5  0.7940E-02  1
    13.5  0.3135E-01 -1
    14.5  0.8507E-02  1
    14.5  0.1139E-01 -1
    15.5  0.1038E-02  1
    15.5  0.4111E-02 -1
    16.5  0.1103E-02  1
    16.5  0.1476E-02 -1
    17.5  0.1329E-03  1
    17.5  0.5271E-03 -1
     0.5   9.668      1
     0.5   20.00     -1
     1.5   21.71      1
     1.5   41.77     -1
     2.5   32.35      1
     2.5   69.60     -1
     3.5   57.31      1
     3.5   100.8     -1
     4.5   74.79      1
     4.5   116.4     -1
     5.5   18.72      1
     5.5   84.88     -1
     6.5   25.20      1
     6.5   32.69     -1
     7.5   2.919      1
     7.5   11.97     -1
     8.5   3.354      1
     8.5   4.477     -1
     9.5  0.4262      1
     9.5   1.683     -1
    10.5  0.4703      1
    10.5  0.6303     -1
    11.5  0.5949E-01  1
    11.5  0.2343     -1
    12.5  0.6447E-01  1
    12.5  0.8638E-01 -1
    13.5  0.8004E-02  1
    13.5  0.3160E-01 -1
    14.5  0.8576E-02  1
    14.5  0.1148E-01 -1
    15.5  0.1047E-02  1
    15.5  0.4144E-02 -1
    16.5  0.1112E-02  1
    16.5  0.1488E-02 -1
    17.5  0.1339E-03  1
    17.5  0.5314E-03 -1
     0.5   9.668      1
     0.5   20.00     -1
     1.5   21.71      1
     1.5   41.77     -1
     2.5   32.35      1
     2.5   69.60     -1
     3.5   57.31      1
     3.5   100.8     -1
     4.5   74.78      1
     4.5   116.4     -1
     5.5   18.72      1
     5.5   84.89     -1
     6.5   25.20      1
     6.5   32.69     -1
     7.5   2.919      1
     7.5   11.97     -1
     8.5   3.354      1
     8.5   4.477     -1
     9.5  0.4262      1
     9.5   1.683     -1
    10.5  0.4703      1
    10.5  0.6303     -1
    11.5  0.5949E-01  1
    11.5  0.2343     -1
    12.5  0.6447E-01  1
    12.5  0.8638E-01 -1
    13.5  0.8004E-02  1
    13.5  0.3160E-01 -1
    14.5  0.8576E-02  1
    14.5  0.1148E-01 -1
    15.5  0.1047E-02  1
    15.5  0.4144E-02 -1
    16.5  0.1112E-02  1
    16.5  0.1488E-02 -1
    17.5  0.1339E-03  1
    17.5  0.5314E-03 -1
     0.5   9.668      1
     0.5   20.00     -1
     1.5   21.71      1
     1.5   41.78     -1
     2.5   32.35      1
     2.5   69.60     -1
     3.5   57.30      1
     3.5   100.8     -1
     4.5   74.79      1
     4.5   116.4     -1
     5.5   18.72      1
     5.5   84.88     -1
     6.5   25.20      1
     6.5   32.69     -1
     7.5   2.919      1
     7.5   11.97     -1
     8.5   3.354      1
     8.5   4.477     -1
     9.5  0.4262      1
     9.5   1.683     -1
    10.5  0.4703      1
    10.5  0.6303     -1
    11.5  0.5949E-01  1
    11.5  0.2343     -1
    12.5  0.6447E-01  1
    12.5  0.8638E-01 -1
    13.5  0.8004E-02  1
    13.5  0.3160E-01 -1
    14.5  0.8576E-02  1
    14.5  0.1148E-01 -1
    15.5  0.1047E-02  1
    15.5  0.4144E-02 -1
    16.5  0.1112E-02  1
    16.5  0.1488E-02 -1
    17.5  0.1339E-03  1
    17.5  0.5314E-03 -1
     0.5   9.668      1
     0.5   20.00     -1
     1.5   21.71      1
     1.5   41.77     -1
     2.5   32.35      1
     2.5   69.60     -1
     3.5   57.31      1
     3.5   100.8     -1
     4.5   74.79      1
     4.5   116.4     -1
     5.5   18.72      1
     5.5   84.88     -1
     6.5   25.20      1
     6.5   32.69     -1
     7.5   2.919      1
     7.5   11.97     -1
     8.5   3.354      1
     8.5   4.477     -1
     9.5  0.4262      1
     9.5   1.683     -1
    10.5  0.4703      1
    10.5  0.6303     -1
    11.5  0.5949E-01  1
    11.5  0.2343     -1
    12.5  0.6447E-01  1
    12.5  0.8638E-01 -1
    13.5  0.8004E-02  1
    13.5  0.3160E-01 -1
    14.5  0.8576E-02  1
    14.5  0.1148E-01 -1
    15.5  0.1047E-02  1
    15.5  0.4144E-02 -1
    16.5  0.1112E-02  1
    16.5  0.1488E-02 -1
    17.5  0.1339E-03  1
    17.5  0.5314E-03 -1
     0.5   9.668      1
     0.5   20.00     -1
     1.5   21.71      1
     1.5   41.78     -1
     2.5   32.35      1
     2.5   69.60     -1
     3.5   57.31      1
     3.5   100.8     -1
     4.5   74.79      1
     4.5   116.4     -1
     5.5   18.72      1
     5.5   84.88     -1
     6.5   25.20      1
     6.5   32.69     -1
     7.5   2.919      1
     7.5   11.97     -1
     8.5   3.354      1
     8.5   4.477     -1
     9.5  0.4262      1
     9.5   1.683     -1
    10.5  0.4703      1
    10.5  0.6303     -1
    11.5  0.5949E-01  1
    11.5  0.2343     -1
    12.5  0.6447E-01  1
    12.5  0.8638E-01 -1
    13.5  0.8004E-02  1
    13.5  0.3160E-01 -1
    14.5  0.8576E-02  1
    14.5  0.1148E-01 -1
    15.5  0.1047E-02  1
    15.5  0.4144E-02 -1
    16.5  0.1112E-02  1
    16.5  0.1488E-02 -1
    17.5  0.1339E-03  1
    17.5  0.5314E-03 -1
     0.5   9.670      1
     0.5   20.01     -1
     1.5   21.72      1
     1.5   41.79     -1
     2.5   32.36      1
     2.5   69.62     -1
     3.5   57.32      1
     3.5   100.8     -1
     4.5   74.80      1
     4.5   116.4     -1
     5.5   18.73      1
     5.5   84.90     -1
     6.5   25.21      1
     6.5   32.70     -1
     7.5   2.921      1
     7.5   11.98     -1
     8.5   3.356      1
     8.5   4.478     -1
     9.5  0.4264      1
     9.5   1.684     -1
    10.5  0.4704      1
    10.5  0.6306     -1
    11.5  0.5951E-01  1
    11.5  0.2344     -1
    12.5  0.6450E-01  1
    12.5  0.8641E-01 -1
    13.5  0.8007E-02  1
    13.5  0.3161E-01 -1
    14.5  0.8579E-02  1
    14.5  0.1148E-01 -1
    15.5  0.1047E-02  1
    15.5  0.4146E-02 -1
    16.5  0.1113E-02  1
    16.5  0.1488E-02 -1
    17.5  0.1340E-03  1
    17.5  0.5316E-03 -1
     0.5   9.665      1
     0.5   20.00     -1
     1.5   21.71      1
     1.5   41.76     -1
     2.5   32.35      1
     2.5   69.58     -1
     3.5   57.29      1
     3.5   100.7     -1
     4.5   74.77      1
     4.5   116.4     -1
     5.5   18.71      1
     5.5   84.86     -1
     6.5   25.19      1
     6.5   32.68     -1
     7.5   2.918      1
     7.5   11.97     -1
     8.5   3.353      1
     8.5   4.475     -1
     9.5  0.4261      1
     9.5   1.683     -1
    10.5  0.4701      1
    10.5  0.6301     -1
    11.5  0.5946E-01  1
    11.5  0.2342     -1
    12.5  0.6445E-01  1
    12.5  0.8635E-01 -1
    13.5  0.8001E-02  1
    13.5  0.3159E-01 -1
    14.5  0.8573E-02  1
    14.5  0.1148E-01 -1
    15.5  0.1046E-02  1
    15.5  0.4143E-02 -1
    16.5  0.1112E-02  1
    16.5  0.1487E-02 -1
    17.5  0.1339E-03  1
    17.5  0.5312E-03 -1
     0.5   9.607      1
     0.5   19.88     -1
     1.5   21.58      1
     1.5   41.51     -1
     2.5   32.16      1
     2.5   69.19     -1
     3.5   57.06      1
     3.5   100.2     -1
     4.5   74.42      1
     4.5   115.8     -1
     5.5   18.58      1
     5.5   84.44     -1
     6.5   25.02      1
     6.5   32.45     -1
     7.5   2.894      1
     7.5   11.87     -1
     8.5   3.325      1
     8.5   4.438     -1
     9.5  0.4225      1
     9.5   1.668     -1
    10.5  0.4661      1
    10.5  0.6248     -1
    11.5  0.5896E-01  1
    11.5  0.2322     -1
    12.5  0.6390E-01  1
    12.5  0.8562E-01 -1
    13.5  0.7933E-02  1
    13.5  0.3132E-01 -1
    14.5  0.8501E-02  1
    14.5  0.1138E-01 -1
    15.5  0.1038E-02  1
    15.5  0.4108E-02 -1
    16.5  0.1102E-02  1
    16.5  0.1475E-02 -1
    17.5  0.1328E-03  1
    17.5  0.5267E-03 -1
     0.5   9.534      1
     0.5   19.72     -1
     1.5   21.43      1
     1.5   41.20     -1
     2.5   31.93      1
     2.5   68.69     -1
     3.5   56.76      1
     3.5   99.61     -1
     4.5   73.99      1
     4.5   115.1     -1
     5.5   18.41      1
     5.5   83.92     -1
     6.5   24.80      1
     6.5   32.16     -1
     7.5   2.864      1
     7.5   11.75     -1
     8.5   3.291      1
     8.5   4.392     -1
     9.5  0.4180      1
     9.5   1.651     -1
    10.5  0.4612      1
    10.5  0.6182     -1
    11.5  0.5834E-01  1
    11.5  0.2298     -1
    12.5  0.6323E-01  1
    12.5  0.8471E-01 -1
    13.5  0.7849E-02  1
    13.5  0.3099E-01 -1
    14.5  0.8411E-02  1
    14.5  0.1126E-01 -1
    15.5  0.1027E-02  1
    15.5  0.4064E-02 -1
    16.5  0.1091E-02  1
    16.5  0.1459E-02 -1
    17.5  0.1314E-03  1
    17.5  0.5211E-03 -1
     0.5   9.534      1
     0.5   19.72     -1
     1.5   21.43      1
     1.5   41.20     -1
     2.5   31.93      1
     2.5   68.69     -1
     3.5   56.76      1
     3.5   99.61     -1
     4.5   73.99      1
     4.5   115.1     -1
     5.5   18.41      1
     5.5   83.93     -1
     6.5   24.80      1
     6.5   32.16     -1
     7.5   2.864      1
     7.5   11.75     -1
     8.5   3.291      1
     8.5   4.392     -1
     9.5  0.4180      1
     9.5   1.651     -1
    10.5  0.4612      1
    10.5  0.6182     -1
    11.5  0.5834E-01  1
    11.5  0.2298     -1
    12.5  0.6323E-01  1
    12.5  0.8471E-01 -1
    13.5  0.7849E-02  1
    13.5  0.3099E-01 -1
    14.5  0.8411E-02  1
    14.5  0.1126E-01 -1
    15.5  0.1027E-02  1
    15.5  0.4064E-02 -1
    16.5  0.1091E-02  1
    16.5  0.1459E-02 -1
    17.5  0.1314E-03  1
    17.5  0.5211E-03 -1
     0.5   9.534      1
     0.5   19.72     -1
     1.5   21.43      1
     1.5   41.20     -1
     2.5   31.93      1
     2.5   68.69     -1
     3.5   56.76      1
     3.5   99.61     -1
     4.5   73.99      1
     4.5   115.1     -1
     5.5   18.41      1
     5.5   83.92     -1
     6.5   24.80      1
     6.5   32.15     -1
     7.5   2.864      1
     7.5   11.75     -1
     8.5   3.291      1
     8.5   4.392     -1
     9.5  0.4180      1
     9.5   1.651     -1
    10.5  0.4612      1
    10.5  0.6182     -1
    11.5  0.5834E-01  1
    11.5  0.2298     -1
    12.5  0.6323E-01  1
    12.5  0.8471E-01 -1
    13.5  0.7849E-02  1
    13.5  0.3099E-01 -1
    14.5  0.8411E-02  1
    14.5  0.1126E-01 -1
    15.5  0.1027E-02  1
    15.5  0.4064E-02 -1
    16.5  0.1091E-02  1
    16.5  0.1459E-02 -1
    17.5  0.1314E-03  1
    17.5  0.5211E-03 -1
     0.5   9.533      1
     0.5   19.72     -1
     1.5   21.43      1
     1.5   41.20     -1
     2.5   31.93      1
     2.5   68.69     -1
     3.5   56.76      1
     3.5   99.61     -1
     4.5   73.99      1
     4.5   115.1     -1
     5.5   18.41      1
     5.5   83.92     -1
     6.5   24.80      1
     6.5   32.15     -1
     7.5   2.864      1
     7.5   11.75     -1
     8.5   3.291      1
     8.5   4.392     -1
     9.5  0.4180      1
     9.5   1.651     -1
    10.5  0.4612      1
    10.5  0.6182     -1
    11.5  0.5834E-01  1
    11.5  0.2298     -1
    12.5  0.6323E-01  1
    12.5  0.8471E-01 -1
    13.5  0.7849E-02  1
    13.5  0.3099E-01 -1
    14.5  0.8411E-02  1
    14.5  0.1126E-01 -1
    15.5  0.1027E-02  1
    15.5  0.4064E-02 -1
    16.5  0.1091E-02  1
    16.5  0.1459E-02 -1
    17.5  0.1313E-03  1
    17.5  0.5211E-03 -1
     0.5   9.534      1
     0.5   19.72     -1
     1.5   21.43      1
     1.5   41.21     -1
     2.5   31.93      1
     2.5   68.69     -1
     3.5   56.76      1
     3.5   99.61     -1
     4.5   73.99      1
     4.5   115.1     -1
     5.5   18.41      1
     5.5   83.92     -1
     6.5   24.80      1
     6.5   32.16     -1
     7.5   2.864      1
     7.5   11.75     -1
     8.5   3.291      1
     8.5   4.392     -1
     9.5  0.4180      1
     9.5   1.651     -1
    10.5  0.4612      1
    10.5  0.6182     -1
    11.5  0.5834E-01  1
    11.5  0.2298     -1
    12.5  0.6323E-01  1
    12.5  0.8471E-01 -1
    13.5  0.7850E-02  1
    13.5  0.3099E-01 -1
    14.5  0.8411E-02  1
    14.5  0.1126E-01 -1
    15.5  0.1027E-02  1
    15.5  0.4064E-02 -1
    16.5  0.1091E-02  1
    16.5  0.1459E-02 -1
    17.5  0.1314E-03  1
    17.5  0.5211E-03 -1
     0.5   9.536      1
     0.5   19.73     -1
     1.5   21.43      1
     1.5   41.21     -1
     2.5   31.94      1
     2.5   68.71     -1
     3.5   56.77      1
     3.5   99.63     -1
     4.5   74.00      1
     4.5   115.1     -1
     5.5   18.42      1
     5.5   83.95     -1
     6.5   24.81      1
     6.5   32.17     -1
     7.5   2.865      1
     7.5   11.76     -1
     8.5   3.292      1
     8.5   4.393     -1
     9.5  0.4182      1
     9.5   1.652     -1
    10.5  0.4614      1
    10.5  0.6184     -1
    11.5  0.5836E-01  1
    11.5  0.2299     -1
    12.5  0.6325E-01  1
    12.5  0.8475E-01 -1
    13.5  0.7852E-02  1
    13.5  0.3100E-01 -1
    14.5  0.8414E-02  1
    14.5  0.1126E-01 -1
    15.5  0.1027E-02  1
    15.5  0.4066E-02 -1
    16.5  0.1091E-02  1
    16.5  0.1460E-02 -1
    17.5  0.1314E-03  1
    17.5  0.5213E-03 -1
     0.5   9.531      1
     0.5   19.72     -1
     1.5   21.42      1
     1.5   41.19     -1
     2.5   31.92      1
     2.5   68.68     -1
     3.5   56.75      1
     3.5   99.59     -1
     4.5   73.98      1
     4.5   115.1     -1
     5.5   18.41      1
     5.5   83.90     -1
     6.5   24.79      1
     6.5   32.14     -1
     7.5   2.863      1
     7.5   11.75     -1
     8.5   3.290      1
     8.5   4.390     -1
     9.5  0.4179      1
     9.5   1.650     -1
    10.5  0.4610      1
    10.5  0.6180     -1
    11.5  0.5832E-01  1
    11.5  0.2297     -1
    12.5  0.6320E-01  1
    12.5  0.8468E-01 -1
    13.5  0.7846E-02  1
    13.5  0.3098E-01 -1
    14.5  0.8407E-02  1
    14.5  0.1125E-01 -1
    15.5  0.1026E-02  1
    15.5  0.4063E-02 -1
    16.5  0.1090E-02  1
    16.5  0.1458E-02 -1
    17.5  0.1313E-03  1
    17.5  0.5209E-03 -1
     0.5   9.524      1
     0.5   19.70     -1
     1.5   21.41      1
     1.5   41.17     -1
     2.5   31.90      1
     2.5   68.63     -1
     3.5   56.72      1
     3.5   99.53     -1
     4.5   73.94      1
     4.5   115.0     -1
     5.5   18.39      1
     5.5   83.85     -1
     6.5   24.77      1
     6.5   32.12     -1
     7.5   2.861      1
     7.5   11.74     -1
     8.5   3.287      1
     8.5   4.386     -1
     9.5  0.4175      1
     9.5   1.649     -1
    10.5  0.4606      1
    10.5  0.6174     -1
    11.5  0.5826E-01  1
    11.5  0.2295     -1
    12.5  0.6315E-01  1
    12.5  0.8460E-01 -1
    13.5  0.7839E-02  1
    13.5  0.3095E-01 -1
    14.5  0.8400E-02  1
    14.5  0.1124E-01 -1
    15.5  0.1025E-02  1
    15.5  0.4059E-02 -1
    16.5  0.1089E-02  1
    16.5  0.1457E-02 -1
    17.5  0.1312E-03  1
    17.5  0.5204E-03 -1
     0.5   9.511      1
     0.5   19.68     -1
     1.5   21.38      1
     1.5   41.11     -1
     2.5   31.86      1
     2.5   68.55     -1
     3.5   56.66      1
     3.5   99.42     -1
     4.5   73.87      1
     4.5   114.9     -1
     5.5   18.36      1
     5.5   83.74     -1
     6.5   24.73      1
     6.5   32.06     -1
     7.5   2.855      1
     7.5   11.72     -1
     8.5   3.281      1
     8.5   4.378     -1
     9.5  0.4167      1
     9.5   1.646     -1
    10.5  0.4598      1
    10.5  0.6162     -1
    11.5  0.5815E-01  1
    11.5  0.2290     -1
    12.5  0.6303E-01  1
    12.5  0.8444E-01 -1
    13.5  0.7824E-02  1
    13.5  0.3089E-01 -1
    14.5  0.8384E-02  1
    14.5  0.1122E-01 -1
    15.5  0.1023E-02  1
    15.5  0.4051E-02 -1
    16.5  0.1087E-02  1
    16.5  0.1454E-02 -1
    17.5  0.1309E-03  1
    17.5  0.5195E-03 -1
     0.5   9.511      1
     0.5   19.68     -1
     1.5   21.38      1
     1.5   41.11     -1
     2.5   31.86      1
     2.5   68.54     -1
     3.5   56.67      1
     3.5   99.42     -1
     4.5   73.86      1
     4.5   114.9     -1
     5.5   18.36      1
     5.5   83.75     -1
     6.5   24.73      1
     6.5   32.06     -1
     7.5   2.855      1
     7.5   11.72     -1
     8.5   3.281      1
     8.5   4.378     -1
     9.5  0.4167      1
     9.5   1.646     -1
    10.5  0.4598      1
    10.5  0.6162     -1
    11.5  0.5815E-01  1
    11.5  0.2290     -1
    12.5  0.6303E-01  1
    12.5  0.8444E-01 -1
    13.5  0.7824E-02  1
    13.5  0.3089E-01 -1
    14.5  0.8384E-02  1
    14.5  0.1122E-01 -1
    15.5  0.1023E-02  1
    15.5  0.4051E-02 -1
    16.5  0.1087E-02  1
    16.5  0.1454E-02 -1
    17.5  0.1309E-03  1
    17.5  0.5195E-03 -1
     0.5   9.511      1
     0.5   19.68     -1
     1.5   21.38      1
     1.5   41.11     -1
     2.5   31.86      1
     2.5   68.55     -1
     3.5   56.66      1
     3.5   99.42     -1
     4.5   73.87      1
     4.5   114.9     -1
     5.5   18.36      1
     5.5   83.74     -1
     6.5   24.73      1
     6.5   32.06     -1
     7.5   2.855      1
     7.5   11.72     -1
     8.5   3.281      1
     8.5   4.378     -1
     9.5  0.4167      1
     9.5   1.646     -1
    10.5  0.4598      1
    10.5  0.6162     -1
    11.5  0.5815E-01  1
    11.5  0.2290     -1
    12.5  0.6303E-01  1
    12.5  0.8444E-01 -1
    13.5  0.7824E-02  1
    13.5  0.3089E-01 -1
    14.5  0.8384E-02  1
    14.5  0.1122E-01 -1
    15.5  0.1023E-02  1
    15.5  0.4051E-02 -1
    16.5  0.1087E-02  1
    16.5  0.1454E-02 -1
    17.5  0.1309E-03  1
    17.5  0.5195E-03 -1
     0.5   9.511      1
     0.5   19.68     -1
     1.5   21.38      1
     1.5   41.11     -1
     2.5   31.86      1
     2.5   68.54     -1
     3.5   56.66      1
     3.5   99.42     -1
     4.5   73.87      1
     4.5   114.9     -1
     5.5   18.36      1
     5.5   83.74     -1
     6.5   24.73      1
     6.5   32.06     -1
     7.5   2.855      1
     7.5   11.72     -1
     8.5   3.281      1
     8.5   4.378     -1
     9.5  0.4167      1
     9.5   1.646     -1
    10.5  0.4597      1
    10.5  0.6162     -1
    11.5  0.5815E-01  1
    11.5  0.2290     -1
    12.5  0.6303E-01  1
    12.5  0.8444E-01 -1
    13.5  0.7824E-02  1
    13.5  0.3089E-01 -1
    14.5  0.8384E-02  1
    14.5  0.1122E-01 -1
    15.5  0.1023E-02  1
    15.5  0.4051E-02 -1
    16.5  0.1087E-02  1
    16.5  0.1454E-02 -1
    17.5  0.1309E-03  1
    17.5  0.5195E-03 -1
     0.5   9.511      1
     0.5   19.68     -1
     1.5   21.38      1
     1.5   41.11     -1
     2.5   31.86      1
     2.5   68.55     -1
     3.5   56.67      1
     3.5   99.42     -1
     4.5   73.87      1
     4.5   114.9     -1
     5.5   18.36      1
     5.5   83.74     -1
     6.5   24.73      1
     6.5   32.06     -1
     7.5   2.855      1
     7.5   11.72     -1
     8.5   3.281      1
     8.5   4.378     -1
     9.5  0.4167      1
     9.5   1.646     -1
    10.5  0.4598      1
    10.5  0.6162     -1
    11.5  0.5815E-01  1
    11.5  0.2290     -1
    12.5  0.6303E-01  1
    12.5  0.8444E-01 -1
    13.5  0.7824E-02  1
    13.5  0.3089E-01 -1
    14.5  0.8384E-02  1
    14.5  0.1122E-01 -1
    15.5  0.1023E-02  1
    15.5  0.4051E-02 -1
    16.5  0.1087E-02  1
    16.5  0.1454E-02 -1
    17.5  0.1309E-03  1
    17.5  0.5195E-03 -1
     0.5   9.514      1
     0.5   19.68     -1
     1.5   21.39      1
     1.5   41.12     -1
     2.5   31.87      1
     2.5   68.56     -1
     3.5   56.68      1
     3.5   99.44     -1
     4.5   73.88      1
     4.5   114.9     -1
     5.5   18.37      1
     5.5   83.77     -1
     6.5   24.74      1
     6.5   32.07     -1
     7.5   2.856      1
     7.5   11.72     -1
     8.5   3.282      1
     8.5   4.380     -1
     9.5  0.4168      1
     9.5   1.646     -1
    10.5  0.4599      1
    10.5  0.6165     -1
    11.5  0.5817E-01  1
    11.5  0.2291     -1
    12.5  0.6305E-01  1
    12.5  0.8448E-01 -1
    13.5  0.7827E-02  1
    13.5  0.3090E-01 -1
    14.5  0.8387E-02  1
    14.5  0.1123E-01 -1
    15.5  0.1024E-02  1
    15.5  0.4053E-02 -1
    16.5  0.1088E-02  1
    16.5  0.1455E-02 -1
    17.5  0.1310E-03  1
    17.5  0.5197E-03 -1
     0.5   9.508      1
     0.5   19.67     -1
     1.5   21.37      1
     1.5   41.10     -1
     2.5   31.85      1
     2.5   68.53     -1
     3.5   56.65      1
     3.5   99.40     -1
     4.5   73.85      1
     4.5   114.9     -1
     5.5   18.35      1
     5.5   83.72     -1
     6.5   24.72      1
     6.5   32.05     -1
     7.5   2.854      1
     7.5   11.71     -1
     8.5   3.279      1
     8.5   4.376     -1
     9.5  0.4165      1
     9.5   1.645     -1
    10.5  0.4596      1
    10.5  0.6160     -1
    11.5  0.5813E-01  1
    11.5  0.2290     -1
    12.5  0.6300E-01  1
    12.5  0.8441E-01 -1
    13.5  0.7821E-02  1
    13.5  0.3088E-01 -1
    14.5  0.8381E-02  1
    14.5  0.1122E-01 -1
    15.5  0.1023E-02  1
    15.5  0.4050E-02 -1
    16.5  0.1087E-02  1
    16.5  0.1454E-02 -1
    17.5  0.1309E-03  1
    17.5  0.5193E-03 -1
     0.5   9.499      1
     0.5   19.65     -1
     1.5   21.36      1
     1.5   41.06     -1
     2.5   31.82      1
     2.5   68.46     -1
     3.5   56.62      1
     3.5   99.32     -1
     4.5   73.79      1
     4.5   114.8     -1
     5.5   18.34      1
     5.5   83.67     -1
     6.5   24.70      1
     6.5   32.02     -1
     7.5   2.851      1
     7.5   11.70     -1
     8.5   3.275      1
     8.5   4.371     -1
     9.5  0.4160      1
     9.5   1.643     -1
    10.5  0.4590      1
    10.5  0.6152     -1
    11.5  0.5806E-01  1
    11.5  0.2287     -1
    12.5  0.6292E-01  1
    12.5  0.8430E-01 -1
    13.5  0.7811E-02  1
    13.5  0.3084E-01 -1
    14.5  0.8370E-02  1
    14.5  0.1120E-01 -1
    15.5  0.1022E-02  1
    15.5  0.4044E-02 -1
    16.5  0.1086E-02  1
    16.5  0.1452E-02 -1
    17.5  0.1307E-03  1
    17.5  0.5186E-03 -1
     0.5   9.463      1
     0.5   19.58     -1
     1.5   21.28      1
     1.5   40.90     -1
     2.5   31.71      1
     2.5   68.21     -1
     3.5   56.48      1
     3.5   99.01     -1
     4.5   73.57      1
     4.5   114.4     -1
     5.5   18.26      1
     5.5   83.44     -1
     6.5   24.60      1
     6.5   31.88     -1
     7.5   2.836      1
     7.5   11.64     -1
     8.5   3.259      1
     8.5   4.349     -1
     9.5  0.4138      1
     9.5   1.634     -1
    10.5  0.4566      1
    10.5  0.6120     -1
    11.5  0.5775E-01  1
    11.5  0.2275     -1
    12.5  0.6259E-01  1
    12.5  0.8386E-01 -1
    13.5  0.7771E-02  1
    13.5  0.3068E-01 -1
    14.5  0.8326E-02  1
    14.5  0.1115E-01 -1
    15.5  0.1016E-02  1
    15.5  0.4023E-02 -1
    16.5  0.1080E-02  1
    16.5  0.1444E-02 -1
    17.5  0.1300E-03  1
    17.5  0.5159E-03 -1
     0.5   9.462      1
     0.5   19.57     -1
     1.5   21.28      1
     1.5   40.90     -1
     2.5   31.71      1
     2.5   68.21     -1
     3.5   56.48      1
     3.5   99.01     -1
     4.5   73.57      1
     4.5   114.4     -1
     5.5   18.26      1
     5.5   83.45     -1
     6.5   24.60      1
     6.5   31.89     -1
     7.5   2.836      1
     7.5   11.64     -1
     8.5   3.259      1
     8.5   4.349     -1
     9.5  0.4138      1
     9.5   1.634     -1
    10.5  0.4566      1
    10.5  0.6120     -1
    11.5  0.5775E-01  1
    11.5  0.2275     -1
    12.5  0.6259E-01  1
    12.5  0.8386E-01 -1
    13.5  0.7771E-02  1
    13.5  0.3068E-01 -1
    14.5  0.8326E-02  1
    14.5  0.1115E-01 -1
    15.5  0.1016E-02  1
    15.5  0.4023E-02 -1
    16.5  0.1080E-02  1
    16.5  0.1444E-02 -1
    17.5  0.1300E-03  1
    17.5  0.5159E-03 -1
     0.5   9.463      1
     0.5   19.58     -1
     1.5   21.28      1
     1.5   40.90     -1
     2.5   31.71      1
     2.5   68.21     -1
     3.5   56.48      1
     3.5   99.01     -1
     4.5   73.57      1
     4.5   114.4     -1
     5.5   18.26      1
     5.5   83.44     -1
     6.5   24.60      1
     6.5   31.88     -1
     7.5   2.836      1
     7.5   11.64     -1
     8.5   3.259      1
     8.5   4.349     -1
     9.5  0.4138      1
     9.5   1.634     -1
    10.5  0.4566      1
    10.5  0.6120     -1
    11.5  0.5775E-01  1
    11.5  0.2275     -1
    12.5  0.6259E-01  1
    12.5  0.8386E-01 -1
    13.5  0.7771E-02  1
    13.5  0.3068E-01 -1
    14.5  0.8326E-02  1
    14.5  0.1115E-01 -1
    15.5  0.1016E-02  1
    15.5  0.4023E-02 -1
    16.5  0.1080E-02  1
    16.5  0.1444E-02 -1
    17.5  0.1300E-03  1
    17.5  0.5159E-03 -1
     0.5   9.462      1
     0.5   19.58     -1
     1.5   21.28      1
     1.5   40.90     -1
     2.5   31.71      1
     2.5   68.21     -1
     3.5   56.48      1
     3.5   99.01     -1
     4.5   73.57      1
     4.5   114.4     -1
     5.5   18.26      1
     5.5   83.44     -1
     6.5   24.60      1
     6.5   31.88     -1
     7.5   2.836      1
     7.5   11.64     -1
     8.5   3.259      1
     8.5   4.349     -1
     9.5  0.4138      1
     9.5   1.634     -1
    10.5  0.4566      1
    10.5  0.6120     -1
    11.5  0.5775E-01  1
    11.5  0.2275     -1
    12.5  0.6259E-01  1
    12.5  0.8386E-01 -1
    13.5  0.7771E-02  1
    13.5  0.3068E-01 -1
    14.5  0.8326E-02  1
    14.5  0.1115E-01 -1
    15.5  0.1016E-02  1
    15.5  0.4023E-02 -1
    16.5  0.1080E-02  1
    16.5  0.1444E-02 -1
    17.5  0.1300E-03  1
    17.5  0.5159E-03 -1
     0.5   9.463      1
     0.5   19.58     -1
     1.5   21.28      1
     1.5   40.90     -1
     2.5   31.71      1
     2.5   68.21     -1
     3.5   56.48      1
     3.5   99.01     -1
     4.5   73.57      1
     4.5   114.4     -1
     5.5   18.26      1
     5.5   83.44     -1
     6.5   24.60      1
     6.5   31.88     -1
     7.5   2.836      1
     7.5   11.64     -1
     8.5   3.259      1
     8.5   4.349     -1
     9.5  0.4138      1
     9.5   1.634     -1
    10.5  0.4566      1
    10.5  0.6120     -1
    11.5  0.5775E-01  1
    11.5  0.2275     -1
    12.5  0.6259E-01  1
    12.5  0.8386E-01 -1
    13.5  0.7771E-02  1
    13.5  0.3068E-01 -1
    14.5  0.8326E-02  1
    14.5  0.1115E-01 -1
    15.5  0.1016E-02  1
    15.5  0.4023E-02 -1
    16.5  0.1080E-02  1
    16.5  0.1444E-02 -1
    17.5  0.1300E-03  1
    17.5  0.5159E-03 -1
     0.5   9.465      1
     0.5   19.58     -1
     1.5   21.28      1
     1.5   40.91     -1
     2.5   31.71      1
     2.5   68.23     -1
     3.5   56.49      1
     3.5   99.04     -1
     4.5   73.58      1
     4.5   114.4     -1
     5.5   18.26      1
     5.5   83.46     -1
     6.5   24.61      1
     6.5   31.90     -1
     7.5   2.837      1
     7.5   11.65     -1
     8.5   3.260      1
     8.5   4.350     -1
     9.5  0.4140      1
     9.5   1.635     -1
    10.5  0.4568      1
    10.5  0.6122     -1
    11.5  0.5778E-01  1
    11.5  0.2276     -1
    12.5  0.6262E-01  1
    12.5  0.8390E-01 -1
    13.5  0.7774E-02  1
    13.5  0.3069E-01 -1
    14.5  0.8330E-02  1
    14.5  0.1115E-01 -1
    15.5  0.1017E-02  1
    15.5  0.4025E-02 -1
    16.5  0.1080E-02  1
    16.5  0.1445E-02 -1
    17.5  0.1301E-03  1
    17.5  0.5161E-03 -1
     0.5   9.460      1
     0.5   19.57     -1
     1.5   21.27      1
     1.5   40.89     -1
     2.5   31.70      1
     2.5   68.19     -1
     3.5   56.47      1
     3.5   98.99     -1
     4.5   73.55      1
     4.5   114.4     -1
     5.5   18.25      1
     5.5   83.42     -1
     6.5   24.59      1
     6.5   31.87     -1
     7.5   2.835      1
     7.5   11.64     -1
     8.5   3.258      1
     8.5   4.347     -1
     9.5  0.4137      1
     9.5   1.634     -1
    10.5  0.4564      1
    10.5  0.6118     -1
    11.5  0.5773E-01  1
    11.5  0.2274     -1
    12.5  0.6257E-01  1
    12.5  0.8383E-01 -1
    13.5  0.7768E-02  1
    13.5  0.3067E-01 -1
    14.5  0.8323E-02  1
    14.5  0.1114E-01 -1
    15.5  0.1016E-02  1
    15.5  0.4022E-02 -1
    16.5  0.1079E-02  1
    16.5  0.1444E-02 -1
    17.5  0.1300E-03  1
    17.5  0.5157E-03 -1
     0.5   9.474      1
     0.5   19.60     -1
     1.5   21.30      1
     1.5   40.95     -1
     2.5   31.74      1
     2.5   68.29     -1
     3.5   56.53      1
     3.5   99.11     -1
     4.5   73.64      1
     4.5   114.5     -1
     5.5   18.28      1
     5.5   83.52     -1
     6.5   24.63      1
     6.5   31.93     -1
     7.5   2.841      1
     7.5   11.66     -1
     8.5   3.264      1
     8.5   4.356     -1
     9.5  0.4145      1
     9.5   1.637     -1
    10.5  0.4574      1
    10.5  0.6130     -1
    11.5  0.5785E-01  1
    11.5  0.2279     -1
    12.5  0.6270E-01  1
    12.5  0.8401E-01 -1
    13.5  0.7784E-02  1
    13.5  0.3073E-01 -1
    14.5  0.8340E-02  1
    14.5  0.1116E-01 -1
    15.5  0.1018E-02  1
    15.5  0.4030E-02 -1
    16.5  0.1082E-02  1
    16.5  0.1447E-02 -1
    17.5  0.1303E-03  1
    17.5  0.5168E-03 -1
     0.5   9.474      1
     0.5   19.60     -1
     1.5   21.30      1
     1.5   40.95     -1
     2.5   31.74      1
     2.5   68.29     -1
     3.5   56.53      1
     3.5   99.11     -1
     4.5   73.63      1
     4.5   114.5     -1
     5.5   18.28      1
     5.5   83.53     -1
     6.5   24.63      1
     6.5   31.93     -1
     7.5   2.841      1
     7.5   11.66     -1
     8.5   3.264      1
     8.5   4.356     -1
     9.5  0.4145      1
     9.5   1.637     -1
    10.5  0.4574      1
    10.5  0.6130     -1
    11.5  0.5785E-01  1
    11.5  0.2279     -1
    12.5  0.6270E-01  1
    12.5  0.8401E-01 -1
    13.5  0.7784E-02  1
    13.5  0.3073E-01 -1
    14.5  0.8340E-02  1
    14.5  0.1116E-01 -1
    15.5  0.1018E-02  1
    15.5  0.4030E-02 -1
    16.5  0.1082E-02  1
    16.5  0.1447E-02 -1
    17.5  0.1303E-03  1
    17.5  0.5168E-03 -1
     0.5   9.474      1
     0.5   19.60     -1
     1.5   21.30      1
     1.5   40.95     -1
     2.5   31.74      1
     2.5   68.29     -1
     3.5   56.53      1
     3.5   99.11     -1
     4.5   73.64      1
     4.5   114.5     -1
     5.5   18.28      1
     5.5   83.52     -1
     6.5   24.63      1
     6.5   31.93     -1
     7.5   2.841      1
     7.5   11.66     -1
     8.5   3.264      1
     8.5   4.356     -1
     9.5  0.4145      1
     9.5   1.637     -1
    10.5  0.4574      1
    10.5  0.6130     -1
    11.5  0.5785E-01  1
    11.5  0.2279     -1
    12.5  0.6270E-01  1
    12.5  0.8401E-01 -1
    13.5  0.7784E-02  1
    13.5  0.3073E-01 -1
    14.5  0.8340E-02  1
    14.5  0.1116E-01 -1
    15.5  0.1018E-02  1
    15.5  0.4030E-02 -1
    16.5  0.1082E-02  1
    16.5  0.1447E-02 -1
    17.5  0.1303E-03  1
    17.5  0.5168E-03 -1
     0.5   9.474      1
     0.5   19.60     -1
     1.5   21.30      1
     1.5   40.95     -1
     2.5   31.74      1
     2.5   68.29     -1
     3.5   56.53      1
     3.5   99.11     -1
     4.5   73.64      1
     4.5   114.5     -1
     5.5   18.28      1
     5.5   83.52     -1
     6.5   24.63      1
     6.5   31.93     -1
     7.5   2.841      1
     7.5   11.66     -1
     8.5   3.264      1
     8.5   4.356     -1
     9.5  0.4145      1
     9.5   1.637     -1
    10.5  0.4574      1
    10.5  0.6130     -1
    11.5  0.5785E-01  1
    11.5  0.2279     -1
    12.5  0.6270E-01  1
    12.5  0.8401E-01 -1
    13.5  0.7784E-02  1
    13.5  0.3073E-01 -1
    14.5  0.8340E-02  1
    14.5  0.1116E-01 -1
    15.5  0.1018E-02  1
    15.5  0.4030E-02 -1
    16.5  0.1082E-02  1
    16.5  0.1447E-02 -1
    17.5  0.1303E-03  1
    17.5  0.5168E-03 -1
     0.5   9.474      1
     0.5   19.60     -1
     1.5   21.30      1
     1.5   40.95     -1
     2.5   31.74      1
     2.5   68.29     -1
     3.5   56.53      1
     3.5   99.11     -1
     4.5   73.64      1
     4.5   114.5     -1
     5.5   18.28      1
     5.5   83.52     -1
     6.5   24.63      1
     6.5   31.93     -1
     7.5   2.841      1
     7.5   11.66     -1
     8.5   3.264      1
     8.5   4.356     -1
     9.5  0.4145      1
     9.5   1.637     -1
    10.5  0.4574      1
    10.5  0.6130     -1
    11.5  0.5785E-01  1
    11.5  0.2279     -1
    12.5  0.6270E-01  1
    12.5  0.8401E-01 -1
    13.5  0.7784E-02  1
    13.5  0.3073E-01 -1
    14.5  0.8340E-02  1
    14.5  0.1116E-01 -1
    15.5  0.1018E-02  1
    15.5  0.4030E-02 -1
    16.5  0.1082E-02  1
    16.5  0.1447E-02 -1
    17.5  0.1303E-03  1
    17.5  0.5168E-03 -1
     0.5   9.477      1
     0.5   19.60     -1
     1.5   21.31      1
     1.5   40.96     -1
     2.5   31.75      1
     2.5   68.31     -1
     3.5   56.54      1
     3.5   99.14     -1
     4.5   73.65      1
     4.5   114.6     -1
     5.5   18.29      1
     5.5   83.54     -1
     6.5   24.64      1
     6.5   31.94     -1
     7.5   2.842      1
     7.5   11.66     -1
     8.5   3.265      1
     8.5   4.357     -1
     9.5  0.4147      1
     9.5   1.638     -1
    10.5  0.4576      1
    10.5  0.6133     -1
    11.5  0.5787E-01  1
    11.5  0.2279     -1
    12.5  0.6272E-01  1
    12.5  0.8404E-01 -1
    13.5  0.7787E-02  1
    13.5  0.3074E-01 -1
    14.5  0.8344E-02  1
    14.5  0.1117E-01 -1
    15.5  0.1018E-02  1
    15.5  0.4032E-02 -1
    16.5  0.1082E-02  1
    16.5  0.1447E-02 -1
    17.5  0.1303E-03  1
    17.5  0.5170E-03 -1
     0.5   9.471      1
     0.5   19.59     -1
     1.5   21.30      1
     1.5   40.94     -1
     2.5   31.73      1
     2.5   68.27     -1
     3.5   56.51      1
     3.5   99.09     -1
     4.5   73.62      1
     4.5   114.5     -1
     5.5   18.28      1
     5.5   83.50     -1
     6.5   24.62      1
     6.5   31.92     -1
     7.5   2.840      1
     7.5   11.65     -1
     8.5   3.263      1
     8.5   4.354     -1
     9.5  0.4144      1
     9.5   1.637     -1
    10.5  0.4572      1
    10.5  0.6128     -1
    11.5  0.5783E-01  1
    11.5  0.2278     -1
    12.5  0.6268E-01  1
    12.5  0.8397E-01 -1
    13.5  0.7781E-02  1
    13.5  0.3072E-01 -1
    14.5  0.8337E-02  1
    14.5  0.1116E-01 -1
    15.5  0.1018E-02  1
    15.5  0.4029E-02 -1
    16.5  0.1081E-02  1
    16.5  0.1446E-02 -1
    17.5  0.1302E-03  1
    17.5  0.5166E-03 -1
     0.5   9.474      1
     0.5   19.60     -1
     1.5   21.30      1
     1.5   40.95     -1
     2.5   31.74      1
     2.5   68.29     -1
     3.5   56.53      1
     3.5   99.11     -1
     4.5   73.64      1
     4.5   114.5     -1
     5.5   18.28      1
     5.5   83.52     -1
     6.5   24.63      1
     6.5   31.93     -1
     7.5   2.841      1
     7.5   11.66     -1
     8.5   3.264      1
     8.5   4.356     -1
     9.5  0.4145      1
     9.5   1.637     -1
    10.5  0.4574      1
    10.5  0.6130     -1
    11.5  0.5785E-01  1
    11.5  0.2279     -1
    12.5  0.6270E-01  1
    12.5  0.8401E-01 -1
    13.5  0.7784E-02  1
    13.5  0.3073E-01 -1
    14.5  0.8340E-02  1
    14.5  0.1116E-01 -1
    15.5  0.1018E-02  1
    15.5  0.4030E-02 -1
    16.5  0.1082E-02  1
    16.5  0.1447E-02 -1
    17.5  0.1303E-03  1
    17.5  0.5168E-03 -1
