# 178 angles,  1 tensor ranks for 0=projectile
@subtitle   "p+O20 1st ex with BG ;"                                                        
@legend ON
@legend x1 0.2
@legend y1 0.8
@g0 type LOGY
@yaxis ticklabel format power
@legend string   0 "Lab energy =   35.0000"
#legend string   0 "Partition=  1 Excit=  2 near/far= 1"
#  Theta       sigma       iT11        T20         T21         T22         Kyy for projectile
   3.000       4.099    
   4.000       4.017    
   5.000       3.916    
   6.000       3.799    
   7.000       3.667    
   8.000       3.526    
   9.000       3.379    
   10.00       3.230    
   11.00       3.083    
   12.00       2.942    
   13.00       2.811    
   14.00       2.693    
   15.00       2.591    
   16.00       2.505    
   17.00       2.437    
   18.00       2.386    
   19.00       2.350    
   20.00       2.326    
   21.00       2.313    
   22.00       2.306    
   23.00       2.301    
   24.00       2.294    
   25.00       2.284    
   26.00       2.266    
   27.00       2.239    
   28.00       2.201    
   29.00       2.151    
   30.00       2.090    
   31.00       2.018    
   32.00       1.935    
   33.00       1.843    
   34.00       1.743    
   35.00       1.637    
   36.00       1.527    
   37.00       1.414    
   38.00       1.299    
   39.00       1.185    
   40.00       1.073    
   41.00      0.9652    
   42.00      0.8626    
   43.00      0.7666    
   44.00      0.6785    
   45.00      0.5992    
   46.00      0.5295    
   47.00      0.4697    
   48.00      0.4201    
   49.00      0.3804    
   50.00      0.3502    
   51.00      0.3288    
   52.00      0.3153    
   53.00      0.3086    
   54.00      0.3076    
   55.00      0.3112    
   56.00      0.3181    
   57.00      0.3272    
   58.00      0.3376    
   59.00      0.3485    
   60.00      0.3590    
   61.00      0.3685    
   62.00      0.3766    
   63.00      0.3828    
   64.00      0.3869    
   65.00      0.3886    
   66.00      0.3877    
   67.00      0.3843    
   68.00      0.3783    
   69.00      0.3698    
   70.00      0.3588    
   71.00      0.3456    
   72.00      0.3305    
   73.00      0.3136    
   74.00      0.2953    
   75.00      0.2760    
   76.00      0.2560    
   77.00      0.2356    
   78.00      0.2153    
   79.00      0.1953    
   80.00      0.1759    
   81.00      0.1574    
   82.00      0.1399    
   83.00      0.1236    
   84.00      0.1086    
   85.00      0.9493E-01
   86.00      0.8262E-01
   87.00      0.7167E-01
   88.00      0.6206E-01
   89.00      0.5375E-01
   90.00      0.4667E-01
   91.00      0.4076E-01
   92.00      0.3595E-01
   93.00      0.3214E-01
   94.00      0.2925E-01
   95.00      0.2716E-01
   96.00      0.2579E-01
   97.00      0.2501E-01
   98.00      0.2472E-01
   99.00      0.2482E-01
   100.0      0.2520E-01
   101.0      0.2577E-01
   102.0      0.2645E-01
   103.0      0.2716E-01
   104.0      0.2784E-01
   105.0      0.2845E-01
   106.0      0.2894E-01
   107.0      0.2930E-01
   108.0      0.2951E-01
   109.0      0.2955E-01
   110.0      0.2944E-01
   111.0      0.2916E-01
   112.0      0.2872E-01
   113.0      0.2812E-01
   114.0      0.2738E-01
   115.0      0.2650E-01
   116.0      0.2550E-01
   117.0      0.2438E-01
   118.0      0.2317E-01
   119.0      0.2188E-01
   120.0      0.2054E-01
   121.0      0.1916E-01
   122.0      0.1778E-01
   123.0      0.1640E-01
   124.0      0.1506E-01
   125.0      0.1375E-01
   126.0      0.1251E-01
   127.0      0.1133E-01
   128.0      0.1023E-01
   129.0      0.9211E-02
   130.0      0.8271E-02
   131.0      0.7411E-02
   132.0      0.6628E-02
   133.0      0.5920E-02
   134.0      0.5283E-02
   135.0      0.4714E-02
   136.0      0.4212E-02
   137.0      0.3775E-02
   138.0      0.3404E-02
   139.0      0.3096E-02
   140.0      0.2851E-02
   141.0      0.2664E-02
   142.0      0.2531E-02
   143.0      0.2446E-02
   144.0      0.2403E-02
   145.0      0.2396E-02
   146.0      0.2418E-02
   147.0      0.2464E-02
   148.0      0.2530E-02
   149.0      0.2613E-02
   150.0      0.2711E-02
   151.0      0.2820E-02
   152.0      0.2940E-02
   153.0      0.3069E-02
   154.0      0.3206E-02
   155.0      0.3350E-02
   156.0      0.3501E-02
   157.0      0.3658E-02
   158.0      0.3821E-02
   159.0      0.3989E-02
   160.0      0.4161E-02
   161.0      0.4333E-02
   162.0      0.4503E-02
   163.0      0.4668E-02
   164.0      0.4826E-02
   165.0      0.4974E-02
   166.0      0.5114E-02
   167.0      0.5246E-02
   168.0      0.5372E-02
   169.0      0.5493E-02
   170.0      0.5613E-02
   171.0      0.5730E-02
   172.0      0.5845E-02
   173.0      0.5955E-02
   174.0      0.6058E-02
   175.0      0.6150E-02
   176.0      0.6228E-02
   177.0      0.6291E-02
   178.0      0.6337E-02
   179.0      0.6365E-02
   180.0      0.6374E-02
 END
