# 178 angles,  1 tensor ranks for 0=projectile
@subtitle   "p+O20 with CH89;"                                                              
@legend ON
@legend x1 0.2
@legend y1 0.8
@g0 type LOGY
@yaxis ticklabel format power
@legend string   0 "Lab energy =   35.0000"
#legend string   0 "Partition=  1 Excit=  1 near/far= 1"
#  Theta       sigma       iT11        T20         T21         T22         Kyy for projectile
   3.000      0.1333E+06
   4.000      0.3884E+05
   5.000      0.1513E+05
   6.000       7406.    
   7.000       4415.    
   8.000       3090.    
   9.000       2422.    
   10.00       2037.    
   11.00       1780.    
   12.00       1583.    
   13.00       1418.    
   14.00       1269.    
   15.00       1131.    
   16.00       1002.    
   17.00       879.6    
   18.00       765.0    
   19.00       658.5    
   20.00       560.6    
   21.00       471.6    
   22.00       391.7    
   23.00       321.1    
   24.00       259.6    
   25.00       207.0    
   26.00       162.9    
   27.00       126.7    
   28.00       97.90    
   29.00       75.71    
   30.00       59.43    
   31.00       48.31    
   32.00       41.57    
   33.00       38.49    
   34.00       38.34    
   35.00       40.47    
   36.00       44.25    
   37.00       49.14    
   38.00       54.65    
   39.00       60.38    
   40.00       65.97    
   41.00       71.16    
   42.00       75.73    
   43.00       79.52    
   44.00       82.43    
   45.00       84.42    
   46.00       85.48    
   47.00       85.62    
   48.00       84.90    
   49.00       83.40    
   50.00       81.20    
   51.00       78.41    
   52.00       75.13    
   53.00       71.47    
   54.00       67.54    
   55.00       63.42    
   56.00       59.23    
   57.00       55.03    
   58.00       50.91    
   59.00       46.92    
   60.00       43.12    
   61.00       39.54    
   62.00       36.22    
   63.00       33.16    
   64.00       30.40    
   65.00       27.91    
   66.00       25.71    
   67.00       23.77    
   68.00       22.09    
   69.00       20.65    
   70.00       19.41    
   71.00       18.37    
   72.00       17.49    
   73.00       16.76    
   74.00       16.14    
   75.00       15.62    
   76.00       15.18    
   77.00       14.79    
   78.00       14.45    
   79.00       14.13    
   80.00       13.83    
   81.00       13.53    
   82.00       13.23    
   83.00       12.93    
   84.00       12.61    
   85.00       12.27    
   86.00       11.92    
   87.00       11.55    
   88.00       11.17    
   89.00       10.78    
   90.00       10.38    
   91.00       9.967    
   92.00       9.553    
   93.00       9.137    
   94.00       8.723    
   95.00       8.313    
   96.00       7.911    
   97.00       7.518    
   98.00       7.136    
   99.00       6.767    
   100.0       6.412    
   101.0       6.072    
   102.0       5.747    
   103.0       5.439    
   104.0       5.146    
   105.0       4.870    
   106.0       4.609    
   107.0       4.364    
   108.0       4.134    
   109.0       3.918    
   110.0       3.717    
   111.0       3.529    
   112.0       3.355    
   113.0       3.193    
   114.0       3.045    
   115.0       2.909    
   116.0       2.785    
   117.0       2.672    
   118.0       2.571    
   119.0       2.482    
   120.0       2.403    
   121.0       2.335    
   122.0       2.277    
   123.0       2.228    
   124.0       2.188    
   125.0       2.156    
   126.0       2.132    
   127.0       2.113    
   128.0       2.099    
   129.0       2.089    
   130.0       2.081    
   131.0       2.076    
   132.0       2.070    
   133.0       2.063    
   134.0       2.054    
   135.0       2.041    
   136.0       2.025    
   137.0       2.004    
   138.0       1.977    
   139.0       1.944    
   140.0       1.905    
   141.0       1.861    
   142.0       1.811    
   143.0       1.756    
   144.0       1.698    
   145.0       1.637    
   146.0       1.575    
   147.0       1.513    
   148.0       1.453    
   149.0       1.396    
   150.0       1.346    
   151.0       1.303    
   152.0       1.270    
   153.0       1.248    
   154.0       1.239    
   155.0       1.244    
   156.0       1.265    
   157.0       1.303    
   158.0       1.358    
   159.0       1.430    
   160.0       1.519    
   161.0       1.625    
   162.0       1.748    
   163.0       1.884    
   164.0       2.034    
   165.0       2.195    
   166.0       2.365    
   167.0       2.541    
   168.0       2.720    
   169.0       2.900    
   170.0       3.078    
   171.0       3.250    
   172.0       3.414    
   173.0       3.566    
   174.0       3.704    
   175.0       3.826    
   176.0       3.929    
   177.0       4.011    
   178.0       4.071    
   179.0       4.107    
   180.0       4.119    
 END
