# 178 angles,  1 tensor ranks for 0=projectile
@subtitle   "20O + d inelastic scattering;"                                                 
@legend ON
@legend x1 0.2
@legend y1 0.8
@g0 type LOGY
@yaxis ticklabel format power
@legend string   0 "Lab energy =   70.0000"
#legend string   0 "Partition=  1 Excit=  1 near/far= 1"
#  Theta       sigma       iT11        T20         T21         T22         Kyy for projectile
   3.000      0.3026E+05
   4.000      0.1243E+05
   5.000       8313.    
   6.000       6575.    
   7.000       5331.    
   8.000       4230.    
   9.000       3232.    
   10.00       2357.    
   11.00       1626.    
   12.00       1049.    
   13.00       621.1    
   14.00       326.9    
   15.00       144.5    
   16.00       48.66    
   17.00       14.28    
   18.00       18.76    
   19.00       43.46    
   20.00       74.41    
   21.00       102.2    
   22.00       121.7    
   23.00       130.8    
   24.00       130.1    
   25.00       121.3    
   26.00       107.0    
   27.00       89.91    
   28.00       72.36    
   29.00       56.10    
   30.00       42.28    
   31.00       31.47    
   32.00       23.71    
   33.00       18.71    
   34.00       15.94    
   35.00       14.81    
   36.00       14.69    
   37.00       15.08    
   38.00       15.55    
   39.00       15.82    
   40.00       15.75    
   41.00       15.26    
   42.00       14.38    
   43.00       13.19    
   44.00       11.80    
   45.00       10.30    
   46.00       8.800    
   47.00       7.380    
   48.00       6.099    
   49.00       4.991    
   50.00       4.070    
   51.00       3.333    
   52.00       2.764    
   53.00       2.337    
   54.00       2.027    
   55.00       1.804    
   56.00       1.642    
   57.00       1.520    
   58.00       1.420    
   59.00       1.331    
   60.00       1.242    
   61.00       1.151    
   62.00       1.055    
   63.00      0.9558    
   64.00      0.8543    
   65.00      0.7534    
   66.00      0.6557    
   67.00      0.5636    
   68.00      0.4791    
   69.00      0.4034    
   70.00      0.3372    
   71.00      0.2807    
   72.00      0.2335    
   73.00      0.1949    
   74.00      0.1639    
   75.00      0.1394    
   76.00      0.1203    
   77.00      0.1055    
   78.00      0.9392E-01
   79.00      0.8481E-01
   80.00      0.7738E-01
   81.00      0.7109E-01
   82.00      0.6549E-01
   83.00      0.6031E-01
   84.00      0.5535E-01
   85.00      0.5051E-01
   86.00      0.4576E-01
   87.00      0.4111E-01
   88.00      0.3660E-01
   89.00      0.3229E-01
   90.00      0.2822E-01
   91.00      0.2446E-01
   92.00      0.2102E-01
   93.00      0.1794E-01
   94.00      0.1523E-01
   95.00      0.1289E-01
   96.00      0.1089E-01
   97.00      0.9222E-02
   98.00      0.7849E-02
   99.00      0.6737E-02
   100.0      0.5850E-02
   101.0      0.5150E-02
   102.0      0.4603E-02
   103.0      0.4177E-02
   104.0      0.3843E-02
   105.0      0.3578E-02
   106.0      0.3360E-02
   107.0      0.3175E-02
   108.0      0.3008E-02
   109.0      0.2852E-02
   110.0      0.2699E-02
   111.0      0.2547E-02
   112.0      0.2392E-02
   113.0      0.2235E-02
   114.0      0.2075E-02
   115.0      0.1914E-02
   116.0      0.1754E-02
   117.0      0.1596E-02
   118.0      0.1442E-02
   119.0      0.1294E-02
   120.0      0.1154E-02
   121.0      0.1022E-02
   122.0      0.8994E-03
   123.0      0.7875E-03
   124.0      0.6866E-03
   125.0      0.5968E-03
   126.0      0.5182E-03
   127.0      0.4505E-03
   128.0      0.3932E-03
   129.0      0.3459E-03
   130.0      0.3077E-03
   131.0      0.2778E-03
   132.0      0.2553E-03
   133.0      0.2392E-03
   134.0      0.2285E-03
   135.0      0.2221E-03
   136.0      0.2192E-03
   137.0      0.2188E-03
   138.0      0.2200E-03
   139.0      0.2221E-03
   140.0      0.2244E-03
   141.0      0.2264E-03
   142.0      0.2274E-03
   143.0      0.2273E-03
   144.0      0.2258E-03
   145.0      0.2227E-03
   146.0      0.2180E-03
   147.0      0.2118E-03
   148.0      0.2041E-03
   149.0      0.1953E-03
   150.0      0.1854E-03
   151.0      0.1749E-03
   152.0      0.1640E-03
   153.0      0.1530E-03
   154.0      0.1423E-03
   155.0      0.1321E-03
   156.0      0.1227E-03
   157.0      0.1143E-03
   158.0      0.1072E-03
   159.0      0.1014E-03
   160.0      0.9704E-04
   161.0      0.9420E-04
   162.0      0.9282E-04
   163.0      0.9286E-04
   164.0      0.9421E-04
   165.0      0.9674E-04
   166.0      0.1003E-03
   167.0      0.1047E-03
   168.0      0.1097E-03
   169.0      0.1152E-03
   170.0      0.1209E-03
   171.0      0.1266E-03
   172.0      0.1323E-03
   173.0      0.1376E-03
   174.0      0.1425E-03
   175.0      0.1469E-03
   176.0      0.1506E-03
   177.0      0.1535E-03
   178.0      0.1557E-03
   179.0      0.1570E-03
   180.0      0.1574E-03
 END
