# 178 angles,  1 tensor ranks for 0=projectile
@subtitle   "20O + d inelastic scattering;"                                                 
@legend ON
@legend x1 0.2
@legend y1 0.8
@g0 type LOGY
@yaxis ticklabel format power
@legend string   0 "Lab energy =   70.0000"
#legend string   0 "Partition=  1 Excit=  2 near/far= 1"
#  Theta       sigma       iT11        T20         T21         T22         Kyy for projectile
   3.000       9.672    
   4.000       8.720    
   5.000       8.044    
   6.000       8.001    
   7.000       8.825    
   8.000       10.53    
   9.000       12.89    
   10.00       15.55    
   11.00       18.11    
   12.00       20.22    
   13.00       21.63    
   14.00       22.17    
   15.00       21.76    
   16.00       20.43    
   17.00       18.33    
   18.00       15.73    
   19.00       12.95    
   20.00       10.28    
   21.00       7.978    
   22.00       6.178    
   23.00       4.945    
   24.00       4.266    
   25.00       4.069    
   26.00       4.235    
   27.00       4.622    
   28.00       5.088    
   29.00       5.510    
   30.00       5.802    
   31.00       5.914    
   32.00       5.833    
   33.00       5.570    
   34.00       5.161    
   35.00       4.655    
   36.00       4.105    
   37.00       3.562    
   38.00       3.068    
   39.00       2.647    
   40.00       2.314    
   41.00       2.069    
   42.00       1.905    
   43.00       1.807    
   44.00       1.754    
   45.00       1.725    
   46.00       1.703    
   47.00       1.673    
   48.00       1.626    
   49.00       1.558    
   50.00       1.469    
   51.00       1.360    
   52.00       1.236    
   53.00       1.104    
   54.00      0.9695    
   55.00      0.8394    
   56.00      0.7186    
   57.00      0.6104    
   58.00      0.5168    
   59.00      0.4385    
   60.00      0.3750    
   61.00      0.3249    
   62.00      0.2863    
   63.00      0.2568    
   64.00      0.2338    
   65.00      0.2154    
   66.00      0.2000    
   67.00      0.1862    
   68.00      0.1731    
   69.00      0.1600    
   70.00      0.1467    
   71.00      0.1331    
   72.00      0.1195    
   73.00      0.1061    
   74.00      0.9323E-01
   75.00      0.8107E-01
   76.00      0.6989E-01
   77.00      0.5984E-01
   78.00      0.5100E-01
   79.00      0.4337E-01
   80.00      0.3691E-01
   81.00      0.3151E-01
   82.00      0.2708E-01
   83.00      0.2348E-01
   84.00      0.2058E-01
   85.00      0.1822E-01
   86.00      0.1626E-01
   87.00      0.1462E-01
   88.00      0.1324E-01
   89.00      0.1206E-01
   90.00      0.1104E-01
   91.00      0.1011E-01
   92.00      0.9253E-02
   93.00      0.8448E-02
   94.00      0.7703E-02
   95.00      0.7023E-02
   96.00      0.6401E-02
   97.00      0.5822E-02
   98.00      0.5273E-02
   99.00      0.4756E-02
   100.0      0.4279E-02
   101.0      0.3849E-02
   102.0      0.3462E-02
   103.0      0.3107E-02
   104.0      0.2773E-02
   105.0      0.2456E-02
   106.0      0.2164E-02
   107.0      0.1904E-02
   108.0      0.1678E-02
   109.0      0.1481E-02
   110.0      0.1306E-02
   111.0      0.1149E-02
   112.0      0.1011E-02
   113.0      0.8973E-03
   114.0      0.8081E-03
   115.0      0.7405E-03
   116.0      0.6878E-03
   117.0      0.6446E-03
   118.0      0.6098E-03
   119.0      0.5844E-03
   120.0      0.5687E-03
   121.0      0.5607E-03
   122.0      0.5558E-03
   123.0      0.5488E-03
   124.0      0.5372E-03
   125.0      0.5229E-03
   126.0      0.5083E-03
   127.0      0.4943E-03
   128.0      0.4796E-03
   129.0      0.4613E-03
   130.0      0.4377E-03
   131.0      0.4098E-03
   132.0      0.3812E-03
   133.0      0.3549E-03
   134.0      0.3309E-03
   135.0      0.3073E-03
   136.0      0.2826E-03
   137.0      0.2566E-03
   138.0      0.2316E-03
   139.0      0.2105E-03
   140.0      0.1942E-03
   141.0      0.1804E-03
   142.0      0.1671E-03
   143.0      0.1538E-03
   144.0      0.1420E-03
   145.0      0.1331E-03
   146.0      0.1280E-03
   147.0      0.1251E-03
   148.0      0.1213E-03
   149.0      0.1157E-03
   150.0      0.1104E-03
   151.0      0.1080E-03
   152.0      0.1090E-03
   153.0      0.1121E-03
   154.0      0.1142E-03
   155.0      0.1126E-03
   156.0      0.1076E-03
   157.0      0.1032E-03
   158.0      0.1024E-03
   159.0      0.1052E-03
   160.0      0.1091E-03
   161.0      0.1111E-03
   162.0      0.1087E-03
   163.0      0.1027E-03
   164.0      0.9715E-04
   165.0      0.9496E-04
   166.0      0.9561E-04
   167.0      0.9697E-04
   168.0      0.9686E-04
   169.0      0.9342E-04
   170.0      0.8683E-04
   171.0      0.8019E-04
   172.0      0.7642E-04
   173.0      0.7566E-04
   174.0      0.7663E-04
   175.0      0.7783E-04
   176.0      0.7706E-04
   177.0      0.7321E-04
   178.0      0.6862E-04
   179.0      0.6617E-04
   180.0      0.6568E-04
 END
