# 178 angles,  1 tensor ranks for 0=projectile
@subtitle   "20O(d,t) @ 30AMeV Haixia (d) + Pang (t)"                                       
@legend ON
@legend x1 0.2
@legend y1 0.8
@g0 type LOGY
@yaxis ticklabel format power
@xaxis label "Scattering angle (degrees)"
@yaxis label "Cross section (mb/sr)"
@legend string   0 "Partition=  1 Excit=  1 near/far= 1"
#legend string   0 "Lab energy =   70.0000"
@s0 linestyle   1
#  Theta       sigma       iT11        T20         T21         T22         Kyy for projectile
   3.000      0.2940E+05
   4.000      0.1220E+05
   5.000       8308.    
   6.000       6646.    
   7.000       5410.    
   8.000       4288.    
   9.000       3260.    
   10.00       2355.    
   11.00       1602.    
   12.00       1012.    
   13.00       579.7    
   14.00       289.5    
   15.00       117.0    
   16.00       34.77    
   17.00       15.30    
   18.00       34.01    
   19.00       70.83    
   20.00       110.8    
   21.00       144.3    
   22.00       166.2    
   23.00       174.9    
   24.00       171.5    
   25.00       158.6    
   26.00       139.6    
   27.00       117.7    
   28.00       95.74    
   29.00       75.79    
   30.00       59.13    
   31.00       46.31    
   32.00       37.30    
   33.00       31.61    
   34.00       28.53    
   35.00       27.27    
   36.00       27.04    
   37.00       27.21    
   38.00       27.28    
   39.00       26.95    
   40.00       26.06    
   41.00       24.61    
   42.00       22.67    
   43.00       20.37    
   44.00       17.88    
   45.00       15.36    
   46.00       12.94    
   47.00       10.74    
   48.00       8.806    
   49.00       7.185    
   50.00       5.875    
   51.00       4.851    
   52.00       4.077    
   53.00       3.506    
   54.00       3.091    
   55.00       2.786    
   56.00       2.554    
   57.00       2.362    
   58.00       2.190    
   59.00       2.022    
   60.00       1.852    
   61.00       1.676    
   62.00       1.498    
   63.00       1.319    
   64.00       1.144    
   65.00      0.9792    
   66.00      0.8271    
   67.00      0.6909    
   68.00      0.5721    
   69.00      0.4712    
   70.00      0.3876    
   71.00      0.3200    
   72.00      0.2663    
   73.00      0.2246    
   74.00      0.1925    
   75.00      0.1679    
   76.00      0.1489    
   77.00      0.1339    
   78.00      0.1215    
   79.00      0.1109    
   80.00      0.1013    
   81.00      0.9224E-01
   82.00      0.8356E-01
   83.00      0.7514E-01
   84.00      0.6698E-01
   85.00      0.5914E-01
   86.00      0.5171E-01
   87.00      0.4479E-01
   88.00      0.3845E-01
   89.00      0.3274E-01
   90.00      0.2769E-01
   91.00      0.2329E-01
   92.00      0.1954E-01
   93.00      0.1637E-01
   94.00      0.1375E-01
   95.00      0.1159E-01
   96.00      0.9855E-02
   97.00      0.8460E-02
   98.00      0.7349E-02
   99.00      0.6467E-02
   100.0      0.5765E-02
   101.0      0.5200E-02
   102.0      0.4740E-02
   103.0      0.4355E-02
   104.0      0.4024E-02
   105.0      0.3732E-02
   106.0      0.3466E-02
   107.0      0.3218E-02
   108.0      0.2983E-02
   109.0      0.2757E-02
   110.0      0.2539E-02
   111.0      0.2328E-02
   112.0      0.2125E-02
   113.0      0.1929E-02
   114.0      0.1743E-02
   115.0      0.1567E-02
   116.0      0.1403E-02
   117.0      0.1250E-02
   118.0      0.1110E-02
   119.0      0.9823E-03
   120.0      0.8680E-03
   121.0      0.7665E-03
   122.0      0.6776E-03
   123.0      0.6007E-03
   124.0      0.5350E-03
   125.0      0.4795E-03
   126.0      0.4334E-03
   127.0      0.3956E-03
   128.0      0.3648E-03
   129.0      0.3401E-03
   130.0      0.3203E-03
   131.0      0.3044E-03
   132.0      0.2916E-03
   133.0      0.2808E-03
   134.0      0.2715E-03
   135.0      0.2630E-03
   136.0      0.2547E-03
   137.0      0.2464E-03
   138.0      0.2377E-03
   139.0      0.2284E-03
   140.0      0.2184E-03
   141.0      0.2078E-03
   142.0      0.1965E-03
   143.0      0.1847E-03
   144.0      0.1725E-03
   145.0      0.1601E-03
   146.0      0.1476E-03
   147.0      0.1353E-03
   148.0      0.1234E-03
   149.0      0.1120E-03
   150.0      0.1012E-03
   151.0      0.9135E-04
   152.0      0.8240E-04
   153.0      0.7448E-04
   154.0      0.6763E-04
   155.0      0.6189E-04
   156.0      0.5723E-04
   157.0      0.5360E-04
   158.0      0.5094E-04
   159.0      0.4915E-04
   160.0      0.4811E-04
   161.0      0.4769E-04
   162.0      0.4776E-04
   163.0      0.4818E-04
   164.0      0.4882E-04
   165.0      0.4955E-04
   166.0      0.5026E-04
   167.0      0.5088E-04
   168.0      0.5132E-04
   169.0      0.5155E-04
   170.0      0.5155E-04
   171.0      0.5133E-04
   172.0      0.5090E-04
   173.0      0.5032E-04
   174.0      0.4963E-04
   175.0      0.4890E-04
   176.0      0.4819E-04
   177.0      0.4757E-04
   178.0      0.4708E-04
   179.0      0.4677E-04
   180.0      0.4666E-04
 END
@legend string   1 "Partition=  2 Excit=  1 near/far= 1"
#legend string   0 "Lab energy =   70.0000"
@s1 linestyle   2
#  Theta       sigma       iT11        T20         T21         T22         Kyy for projectile
   3.000       17.96    
   4.000       14.50    
   5.000       10.88    
   6.000       7.491    
   7.000       4.639    
   8.000       2.505    
   9.000       1.132    
   10.00      0.4435    
   11.00      0.2830    
   12.00      0.4576    
   13.00      0.7809    
   14.00       1.105    
   15.00       1.336    
   16.00       1.439    
   17.00       1.426    
   18.00       1.338    
   19.00       1.232    
   20.00       1.156    
   21.00       1.146    
   22.00       1.216    
   23.00       1.357    
   24.00       1.547    
   25.00       1.753    
   26.00       1.942    
   27.00       2.083    
   28.00       2.158    
   29.00       2.157    
   30.00       2.081    
   31.00       1.941    
   32.00       1.754    
   33.00       1.538    
   34.00       1.314    
   35.00       1.097    
   36.00      0.8984    
   37.00      0.7272    
   38.00      0.5860    
   39.00      0.4742    
   40.00      0.3884    
   41.00      0.3237    
   42.00      0.2749    
   43.00      0.2368    
   44.00      0.2053    
   45.00      0.1775    
   46.00      0.1515    
   47.00      0.1266    
   48.00      0.1029    
   49.00      0.8077E-01
   50.00      0.6096E-01
   51.00      0.4412E-01
   52.00      0.3070E-01
   53.00      0.2085E-01
   54.00      0.1444E-01
   55.00      0.1109E-01
   56.00      0.1020E-01
   57.00      0.1113E-01
   58.00      0.1320E-01
   59.00      0.1579E-01
   60.00      0.1841E-01
   61.00      0.2070E-01
   62.00      0.2247E-01
   63.00      0.2361E-01
   64.00      0.2417E-01
   65.00      0.2423E-01
   66.00      0.2394E-01
   67.00      0.2344E-01
   68.00      0.2287E-01
   69.00      0.2232E-01
   70.00      0.2186E-01
   71.00      0.2153E-01
   72.00      0.2132E-01
   73.00      0.2118E-01
   74.00      0.2109E-01
   75.00      0.2097E-01
   76.00      0.2079E-01
   77.00      0.2049E-01
   78.00      0.2005E-01
   79.00      0.1946E-01
   80.00      0.1871E-01
   81.00      0.1783E-01
   82.00      0.1684E-01
   83.00      0.1577E-01
   84.00      0.1466E-01
   85.00      0.1354E-01
   86.00      0.1245E-01
   87.00      0.1142E-01
   88.00      0.1045E-01
   89.00      0.9572E-02
   90.00      0.8781E-02
   91.00      0.8081E-02
   92.00      0.7465E-02
   93.00      0.6925E-02
   94.00      0.6450E-02
   95.00      0.6029E-02
   96.00      0.5649E-02
   97.00      0.5301E-02
   98.00      0.4975E-02
   99.00      0.4665E-02
   100.0      0.4365E-02
   101.0      0.4073E-02
   102.0      0.3787E-02
   103.0      0.3506E-02
   104.0      0.3233E-02
   105.0      0.2967E-02
   106.0      0.2712E-02
   107.0      0.2469E-02
   108.0      0.2240E-02
   109.0      0.2025E-02
   110.0      0.1827E-02
   111.0      0.1645E-02
   112.0      0.1479E-02
   113.0      0.1328E-02
   114.0      0.1193E-02
   115.0      0.1072E-02
   116.0      0.9642E-03
   117.0      0.8677E-03
   118.0      0.7817E-03
   119.0      0.7049E-03
   120.0      0.6363E-03
   121.0      0.5748E-03
   122.0      0.5195E-03
   123.0      0.4698E-03
   124.0      0.4249E-03
   125.0      0.3844E-03
   126.0      0.3478E-03
   127.0      0.3148E-03
   128.0      0.2851E-03
   129.0      0.2584E-03
   130.0      0.2346E-03
   131.0      0.2134E-03
   132.0      0.1946E-03
   133.0      0.1781E-03
   134.0      0.1636E-03
   135.0      0.1510E-03
   136.0      0.1399E-03
   137.0      0.1303E-03
   138.0      0.1218E-03
   139.0      0.1143E-03
   140.0      0.1075E-03
   141.0      0.1011E-03
   142.0      0.9513E-04
   143.0      0.8928E-04
   144.0      0.8348E-04
   145.0      0.7763E-04
   146.0      0.7171E-04
   147.0      0.6571E-04
   148.0      0.5966E-04
   149.0      0.5362E-04
   150.0      0.4769E-04
   151.0      0.4195E-04
   152.0      0.3649E-04
   153.0      0.3140E-04
   154.0      0.2675E-04
   155.0      0.2259E-04
   156.0      0.1893E-04
   157.0      0.1577E-04
   158.0      0.1308E-04
   159.0      0.1084E-04
   160.0      0.8997E-05
   161.0      0.7493E-05
   162.0      0.6288E-05
   163.0      0.5348E-05
   164.0      0.4650E-05
   165.0      0.4188E-05
   166.0      0.3966E-05
   167.0      0.3997E-05
   168.0      0.4295E-05
   169.0      0.4870E-05
   170.0      0.5722E-05
   171.0      0.6831E-05
   172.0      0.8162E-05
   173.0      0.9656E-05
   174.0      0.1123E-04
   175.0      0.1281E-04
   176.0      0.1428E-04
   177.0      0.1554E-04
   178.0      0.1652E-04
   179.0      0.1713E-04
   180.0      0.1734E-04
 END
@legend string   2 "Partition=  2 Excit=  2 near/far= 1"
#legend string   0 "Lab energy =   70.0000"
@s2 linestyle   3
#  Theta       sigma       iT11        T20         T21         T22         Kyy for projectile
   3.000       1.791    
   4.000       2.124    
   5.000       2.418    
   6.000       2.615    
   7.000       2.678    
   8.000       2.596    
   9.000       2.383    
   10.00       2.076    
   11.00       1.722    
   12.00       1.368    
   13.00       1.055    
   14.00      0.8088    
   15.00      0.6407    
   16.00      0.5469    
   17.00      0.5128    
   18.00      0.5182    
   19.00      0.5417    
   20.00      0.5650    
   21.00      0.5756    
   22.00      0.5675    
   23.00      0.5407    
   24.00      0.4998    
   25.00      0.4518    
   26.00      0.4044    
   27.00      0.3641    
   28.00      0.3354    
   29.00      0.3203    
   30.00      0.3183    
   31.00      0.3272    
   32.00      0.3433    
   33.00      0.3630    
   34.00      0.3828    
   35.00      0.3998    
   36.00      0.4124    
   37.00      0.4198    
   38.00      0.4223    
   39.00      0.4208    
   40.00      0.4164    
   41.00      0.4104    
   42.00      0.4039    
   43.00      0.3977    
   44.00      0.3922    
   45.00      0.3874    
   46.00      0.3830    
   47.00      0.3786    
   48.00      0.3737    
   49.00      0.3676    
   50.00      0.3599    
   51.00      0.3504    
   52.00      0.3390    
   53.00      0.3258    
   54.00      0.3110    
   55.00      0.2951    
   56.00      0.2783    
   57.00      0.2613    
   58.00      0.2443    
   59.00      0.2278    
   60.00      0.2120    
   61.00      0.1971    
   62.00      0.1832    
   63.00      0.1703    
   64.00      0.1584    
   65.00      0.1474    
   66.00      0.1372    
   67.00      0.1276    
   68.00      0.1187    
   69.00      0.1102    
   70.00      0.1022    
   71.00      0.9452E-01
   72.00      0.8721E-01
   73.00      0.8024E-01
   74.00      0.7362E-01
   75.00      0.6735E-01
   76.00      0.6146E-01
   77.00      0.5596E-01
   78.00      0.5086E-01
   79.00      0.4616E-01
   80.00      0.4187E-01
   81.00      0.3796E-01
   82.00      0.3442E-01
   83.00      0.3122E-01
   84.00      0.2835E-01
   85.00      0.2576E-01
   86.00      0.2342E-01
   87.00      0.2132E-01
   88.00      0.1941E-01
   89.00      0.1768E-01
   90.00      0.1610E-01
   91.00      0.1466E-01
   92.00      0.1333E-01
   93.00      0.1211E-01
   94.00      0.1098E-01
   95.00      0.9947E-02
   96.00      0.8992E-02
   97.00      0.8115E-02
   98.00      0.7312E-02
   99.00      0.6578E-02
   100.0      0.5909E-02
   101.0      0.5303E-02
   102.0      0.4755E-02
   103.0      0.4262E-02
   104.0      0.3819E-02
   105.0      0.3423E-02
   106.0      0.3068E-02
   107.0      0.2752E-02
   108.0      0.2470E-02
   109.0      0.2219E-02
   110.0      0.1995E-02
   111.0      0.1794E-02
   112.0      0.1615E-02
   113.0      0.1455E-02
   114.0      0.1311E-02
   115.0      0.1181E-02
   116.0      0.1064E-02
   117.0      0.9589E-03
   118.0      0.8639E-03
   119.0      0.7780E-03
   120.0      0.7005E-03
   121.0      0.6306E-03
   122.0      0.5674E-03
   123.0      0.5105E-03
   124.0      0.4592E-03
   125.0      0.4130E-03
   126.0      0.3715E-03
   127.0      0.3341E-03
   128.0      0.3006E-03
   129.0      0.2705E-03
   130.0      0.2435E-03
   131.0      0.2193E-03
   132.0      0.1976E-03
   133.0      0.1781E-03
   134.0      0.1606E-03
   135.0      0.1448E-03
   136.0      0.1307E-03
   137.0      0.1180E-03
   138.0      0.1065E-03
   139.0      0.9620E-04
   140.0      0.8690E-04
   141.0      0.7849E-04
   142.0      0.7089E-04
   143.0      0.6401E-04
   144.0      0.5777E-04
   145.0      0.5211E-04
   146.0      0.4698E-04
   147.0      0.4232E-04
   148.0      0.3809E-04
   149.0      0.3425E-04
   150.0      0.3078E-04
   151.0      0.2765E-04
   152.0      0.2484E-04
   153.0      0.2233E-04
   154.0      0.2010E-04
   155.0      0.1813E-04
   156.0      0.1643E-04
   157.0      0.1496E-04
   158.0      0.1371E-04
   159.0      0.1267E-04
   160.0      0.1181E-04
   161.0      0.1112E-04
   162.0      0.1058E-04
   163.0      0.1015E-04
   164.0      0.9823E-05
   165.0      0.9566E-05
   166.0      0.9359E-05
   167.0      0.9181E-05
   168.0      0.9013E-05
   169.0      0.8842E-05
   170.0      0.8658E-05
   171.0      0.8456E-05
   172.0      0.8236E-05
   173.0      0.8003E-05
   174.0      0.7764E-05
   175.0      0.7532E-05
   176.0      0.7318E-05
   177.0      0.7135E-05
   178.0      0.6995E-05
   179.0      0.6907E-05
   180.0      0.6877E-05
 END
@legend string   3 "Partition=  2 Excit=  3 near/far= 1"
#legend string   0 "Lab energy =   70.0000"
@s3 linestyle   4
#  Theta       sigma       iT11        T20         T21         T22         Kyy for projectile
   3.000      0.7582    
   4.000      0.7220    
   5.000      0.7188    
   6.000      0.7618    
   7.000      0.8532    
   8.000      0.9830    
   9.000       1.131    
   10.00       1.272    
   11.00       1.379    
   12.00       1.433    
   13.00       1.423    
   14.00       1.349    
   15.00       1.220    
   16.00       1.052    
   17.00      0.8674    
   18.00      0.6854    
   19.00      0.5229    
   20.00      0.3913    
   21.00      0.2957    
   22.00      0.2352    
   23.00      0.2048    
   24.00      0.1965    
   25.00      0.2018    
   26.00      0.2131    
   27.00      0.2243    
   28.00      0.2321    
   29.00      0.2354    
   30.00      0.2349    
   31.00      0.2326    
   32.00      0.2311    
   33.00      0.2327    
   34.00      0.2390    
   35.00      0.2507    
   36.00      0.2676    
   37.00      0.2885    
   38.00      0.3117    
   39.00      0.3352    
   40.00      0.3571    
   41.00      0.3755    
   42.00      0.3893    
   43.00      0.3978    
   44.00      0.4009    
   45.00      0.3989    
   46.00      0.3925    
   47.00      0.3827    
   48.00      0.3705    
   49.00      0.3568    
   50.00      0.3424    
   51.00      0.3281    
   52.00      0.3141    
   53.00      0.3008    
   54.00      0.2881    
   55.00      0.2760    
   56.00      0.2644    
   57.00      0.2530    
   58.00      0.2416    
   59.00      0.2301    
   60.00      0.2184    
   61.00      0.2064    
   62.00      0.1943    
   63.00      0.1821    
   64.00      0.1699    
   65.00      0.1579    
   66.00      0.1461    
   67.00      0.1348    
   68.00      0.1241    
   69.00      0.1139    
   70.00      0.1045    
   71.00      0.9579E-01
   72.00      0.8778E-01
   73.00      0.8045E-01
   74.00      0.7376E-01
   75.00      0.6766E-01
   76.00      0.6209E-01
   77.00      0.5700E-01
   78.00      0.5231E-01
   79.00      0.4800E-01
   80.00      0.4401E-01
   81.00      0.4030E-01
   82.00      0.3686E-01
   83.00      0.3366E-01
   84.00      0.3069E-01
   85.00      0.2793E-01
   86.00      0.2537E-01
   87.00      0.2301E-01
   88.00      0.2084E-01
   89.00      0.1886E-01
   90.00      0.1705E-01
   91.00      0.1540E-01
   92.00      0.1391E-01
   93.00      0.1257E-01
   94.00      0.1136E-01
   95.00      0.1027E-01
   96.00      0.9291E-02
   97.00      0.8413E-02
   98.00      0.7624E-02
   99.00      0.6913E-02
   100.0      0.6272E-02
   101.0      0.5692E-02
   102.0      0.5167E-02
   103.0      0.4690E-02
   104.0      0.4255E-02
   105.0      0.3859E-02
   106.0      0.3498E-02
   107.0      0.3168E-02
   108.0      0.2866E-02
   109.0      0.2592E-02
   110.0      0.2341E-02
   111.0      0.2113E-02
   112.0      0.1906E-02
   113.0      0.1719E-02
   114.0      0.1549E-02
   115.0      0.1397E-02
   116.0      0.1259E-02
   117.0      0.1135E-02
   118.0      0.1024E-02
   119.0      0.9250E-03
   120.0      0.8360E-03
   121.0      0.7563E-03
   122.0      0.6848E-03
   123.0      0.6208E-03
   124.0      0.5633E-03
   125.0      0.5117E-03
   126.0      0.4652E-03
   127.0      0.4233E-03
   128.0      0.3854E-03
   129.0      0.3511E-03
   130.0      0.3200E-03
   131.0      0.2917E-03
   132.0      0.2661E-03
   133.0      0.2428E-03
   134.0      0.2215E-03
   135.0      0.2022E-03
   136.0      0.1846E-03
   137.0      0.1686E-03
   138.0      0.1540E-03
   139.0      0.1408E-03
   140.0      0.1287E-03
   141.0      0.1177E-03
   142.0      0.1077E-03
   143.0      0.9867E-04
   144.0      0.9044E-04
   145.0      0.8300E-04
   146.0      0.7628E-04
   147.0      0.7023E-04
   148.0      0.6479E-04
   149.0      0.5994E-04
   150.0      0.5562E-04
   151.0      0.5180E-04
   152.0      0.4842E-04
   153.0      0.4544E-04
   154.0      0.4282E-04
   155.0      0.4049E-04
   156.0      0.3843E-04
   157.0      0.3656E-04
   158.0      0.3486E-04
   159.0      0.3328E-04
   160.0      0.3178E-04
   161.0      0.3034E-04
   162.0      0.2895E-04
   163.0      0.2759E-04
   164.0      0.2627E-04
   165.0      0.2500E-04
   166.0      0.2378E-04
   167.0      0.2264E-04
   168.0      0.2159E-04
   169.0      0.2065E-04
   170.0      0.1984E-04
   171.0      0.1915E-04
   172.0      0.1860E-04
   173.0      0.1817E-04
   174.0      0.1785E-04
   175.0      0.1764E-04
   176.0      0.1750E-04
   177.0      0.1742E-04
   178.0      0.1738E-04
   179.0      0.1736E-04
   180.0      0.1735E-04
 END
@legend string   4 "Partition=  2 Excit=  4 near/far= 1"
#legend string   0 "Lab energy =   70.0000"
@s4 linestyle   5
#  Theta       sigma       iT11        T20         T21         T22         Kyy for projectile
   3.000      0.1627    
   4.000      0.1955    
   5.000      0.2282    
   6.000      0.2578    
   7.000      0.2836    
   8.000      0.3067    
   9.000      0.3297    
   10.00      0.3554    
   11.00      0.3852    
   12.00      0.4191    
   13.00      0.4546    
   14.00      0.4874    
   15.00      0.5125    
   16.00      0.5248    
   17.00      0.5209    
   18.00      0.4991    
   19.00      0.4606    
   20.00      0.4084    
   21.00      0.3477    
   22.00      0.2841    
   23.00      0.2235    
   24.00      0.1706    
   25.00      0.1288    
   26.00      0.9967E-01
   27.00      0.8294E-01
   28.00      0.7701E-01
   29.00      0.7924E-01
   30.00      0.8657E-01
   31.00      0.9601E-01
   32.00      0.1050    
   33.00      0.1119    
   34.00      0.1156    
   35.00      0.1161    
   36.00      0.1138    
   37.00      0.1098    
   38.00      0.1050    
   39.00      0.1007    
   40.00      0.9771E-01
   41.00      0.9657E-01
   42.00      0.9752E-01
   43.00      0.1004    
   44.00      0.1049    
   45.00      0.1103    
   46.00      0.1160    
   47.00      0.1213    
   48.00      0.1256    
   49.00      0.1286    
   50.00      0.1300    
   51.00      0.1296    
   52.00      0.1277    
   53.00      0.1244    
   54.00      0.1199    
   55.00      0.1147    
   56.00      0.1090    
   57.00      0.1031    
   58.00      0.9732E-01
   59.00      0.9178E-01
   60.00      0.8659E-01
   61.00      0.8180E-01
   62.00      0.7741E-01
   63.00      0.7338E-01
   64.00      0.6964E-01
   65.00      0.6611E-01
   66.00      0.6273E-01
   67.00      0.5943E-01
   68.00      0.5616E-01
   69.00      0.5291E-01
   70.00      0.4965E-01
   71.00      0.4641E-01
   72.00      0.4318E-01
   73.00      0.4002E-01
   74.00      0.3693E-01
   75.00      0.3397E-01
   76.00      0.3114E-01
   77.00      0.2848E-01
   78.00      0.2601E-01
   79.00      0.2373E-01
   80.00      0.2164E-01
   81.00      0.1973E-01
   82.00      0.1801E-01
   83.00      0.1646E-01
   84.00      0.1505E-01
   85.00      0.1378E-01
   86.00      0.1263E-01
   87.00      0.1158E-01
   88.00      0.1062E-01
   89.00      0.9738E-02
   90.00      0.8924E-02
   91.00      0.8169E-02
   92.00      0.7468E-02
   93.00      0.6816E-02
   94.00      0.6210E-02
   95.00      0.5648E-02
   96.00      0.5128E-02
   97.00      0.4648E-02
   98.00      0.4208E-02
   99.00      0.3805E-02
   100.0      0.3439E-02
   101.0      0.3106E-02
   102.0      0.2806E-02
   103.0      0.2536E-02
   104.0      0.2294E-02
   105.0      0.2077E-02
   106.0      0.1883E-02
   107.0      0.1709E-02
   108.0      0.1553E-02
   109.0      0.1414E-02
   110.0      0.1288E-02
   111.0      0.1174E-02
   112.0      0.1071E-02
   113.0      0.9769E-03
   114.0      0.8911E-03
   115.0      0.8125E-03
   116.0      0.7403E-03
   117.0      0.6739E-03
   118.0      0.6127E-03
   119.0      0.5564E-03
   120.0      0.5046E-03
   121.0      0.4570E-03
   122.0      0.4134E-03
   123.0      0.3735E-03
   124.0      0.3371E-03
   125.0      0.3040E-03
   126.0      0.2741E-03
   127.0      0.2472E-03
   128.0      0.2229E-03
   129.0      0.2012E-03
   130.0      0.1819E-03
   131.0      0.1647E-03
   132.0      0.1494E-03
   133.0      0.1358E-03
   134.0      0.1238E-03
   135.0      0.1132E-03
   136.0      0.1038E-03
   137.0      0.9542E-04
   138.0      0.8795E-04
   139.0      0.8124E-04
   140.0      0.7520E-04
   141.0      0.6971E-04
   142.0      0.6469E-04
   143.0      0.6008E-04
   144.0      0.5582E-04
   145.0      0.5187E-04
   146.0      0.4819E-04
   147.0      0.4476E-04
   148.0      0.4157E-04
   149.0      0.3860E-04
   150.0      0.3584E-04
   151.0      0.3329E-04
   152.0      0.3094E-04
   153.0      0.2879E-04
   154.0      0.2683E-04
   155.0      0.2506E-04
   156.0      0.2347E-04
   157.0      0.2205E-04
   158.0      0.2081E-04
   159.0      0.1972E-04
   160.0      0.1878E-04
   161.0      0.1799E-04
   162.0      0.1733E-04
   163.0      0.1679E-04
   164.0      0.1637E-04
   165.0      0.1604E-04
   166.0      0.1581E-04
   167.0      0.1565E-04
   168.0      0.1556E-04
   169.0      0.1553E-04
   170.0      0.1554E-04
   171.0      0.1558E-04
   172.0      0.1564E-04
   173.0      0.1572E-04
   174.0      0.1580E-04
   175.0      0.1588E-04
   176.0      0.1595E-04
   177.0      0.1601E-04
   178.0      0.1606E-04
   179.0      0.1608E-04
   180.0      0.1609E-04
 END
