# 178 angles,  1 tensor ranks for 0=projectile
@subtitle   "20O(d,t) @ 30AMeV Haixia (d) + Pang (t)"                                       
@legend ON
@legend x1 0.2
@legend y1 0.8
@g0 type LOGY
@yaxis ticklabel format power
@legend string   0 "Lab energy =   70.0000"
#legend string   0 "Partition=  2 Excit=  3 near/far= 1"
#  Theta       sigma       iT11        T20         T21         T22         Kyy for projectile
   3.000      0.9916    
   4.000      0.9526    
   5.000      0.9509    
   6.000       1.001    
   7.000       1.102    
   8.000       1.243    
   9.000       1.399    
   10.00       1.541    
   11.00       1.640    
   12.00       1.675    
   13.00       1.636    
   14.00       1.525    
   15.00       1.357    
   16.00       1.151    
   17.00      0.9328    
   18.00      0.7240    
   19.00      0.5430    
   20.00      0.4007    
   21.00      0.3010    
   22.00      0.2414    
   23.00      0.2145    
   24.00      0.2108    
   25.00      0.2204    
   26.00      0.2349    
   27.00      0.2482    
   28.00      0.2571    
   29.00      0.2610    
   30.00      0.2612    
   31.00      0.2603    
   32.00      0.2610    
   33.00      0.2659    
   34.00      0.2763    
   35.00      0.2927    
   36.00      0.3143    
   37.00      0.3397    
   38.00      0.3666    
   39.00      0.3928    
   40.00      0.4161    
   41.00      0.4349    
   42.00      0.4479    
   43.00      0.4548    
   44.00      0.4555    
   45.00      0.4507    
   46.00      0.4413    
   47.00      0.4285    
   48.00      0.4133    
   49.00      0.3968    
   50.00      0.3800    
   51.00      0.3632    
   52.00      0.3471    
   53.00      0.3317    
   54.00      0.3171    
   55.00      0.3030    
   56.00      0.2894    
   57.00      0.2760    
   58.00      0.2626    
   59.00      0.2490    
   60.00      0.2353    
   61.00      0.2215    
   62.00      0.2076    
   63.00      0.1936    
   64.00      0.1799    
   65.00      0.1664    
   66.00      0.1535    
   67.00      0.1411    
   68.00      0.1294    
   69.00      0.1185    
   70.00      0.1084    
   71.00      0.9916E-01
   72.00      0.9068E-01
   73.00      0.8294E-01
   74.00      0.7590E-01
   75.00      0.6949E-01
   76.00      0.6363E-01
   77.00      0.5828E-01
   78.00      0.5336E-01
   79.00      0.4883E-01
   80.00      0.4464E-01
   81.00      0.4076E-01
   82.00      0.3716E-01
   83.00      0.3382E-01
   84.00      0.3073E-01
   85.00      0.2788E-01
   86.00      0.2524E-01
   87.00      0.2282E-01
   88.00      0.2061E-01
   89.00      0.1860E-01
   90.00      0.1677E-01
   91.00      0.1511E-01
   92.00      0.1362E-01
   93.00      0.1228E-01
   94.00      0.1108E-01
   95.00      0.9997E-02
   96.00      0.9030E-02
   97.00      0.8163E-02
   98.00      0.7384E-02
   99.00      0.6683E-02
   100.0      0.6051E-02
   101.0      0.5480E-02
   102.0      0.4963E-02
   103.0      0.4493E-02
   104.0      0.4066E-02
   105.0      0.3677E-02
   106.0      0.3323E-02
   107.0      0.3001E-02
   108.0      0.2707E-02
   109.0      0.2440E-02
   110.0      0.2198E-02
   111.0      0.1979E-02
   112.0      0.1780E-02
   113.0      0.1601E-02
   114.0      0.1440E-02
   115.0      0.1295E-02
   116.0      0.1165E-02
   117.0      0.1049E-02
   118.0      0.9449E-03
   119.0      0.8520E-03
   120.0      0.7689E-03
   121.0      0.6946E-03
   122.0      0.6282E-03
   123.0      0.5687E-03
   124.0      0.5154E-03
   125.0      0.4675E-03
   126.0      0.4244E-03
   127.0      0.3855E-03
   128.0      0.3504E-03
   129.0      0.3187E-03
   130.0      0.2899E-03
   131.0      0.2638E-03
   132.0      0.2401E-03
   133.0      0.2186E-03
   134.0      0.1991E-03
   135.0      0.1814E-03
   136.0      0.1653E-03
   137.0      0.1506E-03
   138.0      0.1373E-03
   139.0      0.1252E-03
   140.0      0.1143E-03
   141.0      0.1043E-03
   142.0      0.9535E-04
   143.0      0.8720E-04
   144.0      0.7984E-04
   145.0      0.7320E-04
   146.0      0.6722E-04
   147.0      0.6185E-04
   148.0      0.5705E-04
   149.0      0.5276E-04
   150.0      0.4895E-04
   151.0      0.4557E-04
   152.0      0.4257E-04
   153.0      0.3992E-04
   154.0      0.3757E-04
   155.0      0.3547E-04
   156.0      0.3358E-04
   157.0      0.3187E-04
   158.0      0.3030E-04
   159.0      0.2883E-04
   160.0      0.2745E-04
   161.0      0.2612E-04
   162.0      0.2485E-04
   163.0      0.2363E-04
   164.0      0.2245E-04
   165.0      0.2132E-04
   166.0      0.2026E-04
   167.0      0.1928E-04
   168.0      0.1838E-04
   169.0      0.1758E-04
   170.0      0.1689E-04
   171.0      0.1631E-04
   172.0      0.1584E-04
   173.0      0.1548E-04
   174.0      0.1520E-04
   175.0      0.1501E-04
   176.0      0.1488E-04
   177.0      0.1480E-04
   178.0      0.1476E-04
   179.0      0.1473E-04
   180.0      0.1473E-04
 END
