# 178 angles,  1 tensor ranks for 0=projectile
@subtitle   "p+O20 with CH89;"                                                              
@legend ON
@legend x1 0.2
@legend y1 0.8
@g0 type LOGY
@yaxis ticklabel format power
@legend string   0 "Lab energy =   35.0000"
#legend string   0 "Partition=  1 Excit=  1 near/far= 1"
#  Theta       sigma       iT11        T20         T21         T22         Kyy for projectile
   3.000      0.1298E+06
   4.000      0.3552E+05
   5.000      0.1230E+05
   6.000       5026.    
   7.000       2412.    
   8.000       1399.    
   9.000       994.9    
   10.00       834.2    
   11.00       771.9    
   12.00       746.8    
   13.00       732.6    
   14.00       718.1    
   15.00       699.3    
   16.00       674.8    
   17.00       645.1    
   18.00       611.0    
   19.00       573.6    
   20.00       533.9    
   21.00       493.1    
   22.00       451.8    
   23.00       411.0    
   24.00       371.2    
   25.00       332.9    
   26.00       296.5    
   27.00       262.2    
   28.00       230.3    
   29.00       200.9    
   30.00       174.0    
   31.00       149.6    
   32.00       127.8    
   33.00       108.2    
   34.00       91.02    
   35.00       75.93    
   36.00       62.84    
   37.00       51.58    
   38.00       42.00    
   39.00       33.92    
   40.00       27.18    
   41.00       21.63    
   42.00       17.11    
   43.00       13.49    
   44.00       10.63    
   45.00       8.423    
   46.00       6.751    
   47.00       5.520    
   48.00       4.645    
   49.00       4.051    
   50.00       3.673    
   51.00       3.459    
   52.00       3.360    
   53.00       3.340    
   54.00       3.368    
   55.00       3.421    
   56.00       3.478    
   57.00       3.527    
   58.00       3.559    
   59.00       3.566    
   60.00       3.546    
   61.00       3.497    
   62.00       3.420    
   63.00       3.316    
   64.00       3.189    
   65.00       3.042    
   66.00       2.879    
   67.00       2.703    
   68.00       2.519    
   69.00       2.330    
   70.00       2.140    
   71.00       1.951    
   72.00       1.766    
   73.00       1.588    
   74.00       1.419    
   75.00       1.259    
   76.00       1.111    
   77.00      0.9743    
   78.00      0.8497    
   79.00      0.7375    
   80.00      0.6375    
   81.00      0.5493    
   82.00      0.4724    
   83.00      0.4062    
   84.00      0.3501    
   85.00      0.3031    
   86.00      0.2644    
   87.00      0.2331    
   88.00      0.2085    
   89.00      0.1895    
   90.00      0.1755    
   91.00      0.1656    
   92.00      0.1590    
   93.00      0.1552    
   94.00      0.1536    
   95.00      0.1535    
   96.00      0.1545    
   97.00      0.1562    
   98.00      0.1582    
   99.00      0.1603    
   100.0      0.1622    
   101.0      0.1637    
   102.0      0.1647    
   103.0      0.1650    
   104.0      0.1646    
   105.0      0.1635    
   106.0      0.1616    
   107.0      0.1590    
   108.0      0.1557    
   109.0      0.1517    
   110.0      0.1471    
   111.0      0.1420    
   112.0      0.1364    
   113.0      0.1304    
   114.0      0.1241    
   115.0      0.1176    
   116.0      0.1109    
   117.0      0.1041    
   118.0      0.9728E-01
   119.0      0.9049E-01
   120.0      0.8379E-01
   121.0      0.7722E-01
   122.0      0.7084E-01
   123.0      0.6467E-01
   124.0      0.5875E-01
   125.0      0.5310E-01
   126.0      0.4775E-01
   127.0      0.4271E-01
   128.0      0.3800E-01
   129.0      0.3361E-01
   130.0      0.2955E-01
   131.0      0.2583E-01
   132.0      0.2243E-01
   133.0      0.1935E-01
   134.0      0.1659E-01
   135.0      0.1413E-01
   136.0      0.1195E-01
   137.0      0.1006E-01
   138.0      0.8420E-02
   139.0      0.7031E-02
   140.0      0.5874E-02
   141.0      0.4934E-02
   142.0      0.4194E-02
   143.0      0.3639E-02
   144.0      0.3254E-02
   145.0      0.3024E-02
   146.0      0.2936E-02
   147.0      0.2974E-02
   148.0      0.3127E-02
   149.0      0.3381E-02
   150.0      0.3725E-02
   151.0      0.4147E-02
   152.0      0.4637E-02
   153.0      0.5184E-02
   154.0      0.5780E-02
   155.0      0.6416E-02
   156.0      0.7083E-02
   157.0      0.7773E-02
   158.0      0.8481E-02
   159.0      0.9199E-02
   160.0      0.9920E-02
   161.0      0.1064E-01
   162.0      0.1135E-01
   163.0      0.1205E-01
   164.0      0.1274E-01
   165.0      0.1340E-01
   166.0      0.1404E-01
   167.0      0.1465E-01
   168.0      0.1522E-01
   169.0      0.1577E-01
   170.0      0.1627E-01
   171.0      0.1674E-01
   172.0      0.1716E-01
   173.0      0.1753E-01
   174.0      0.1786E-01
   175.0      0.1815E-01
   176.0      0.1838E-01
   177.0      0.1856E-01
   178.0      0.1869E-01
   179.0      0.1877E-01
   180.0      0.1880E-01
 END
