# 178 angles,  1 tensor ranks for 0=projectile
@subtitle   "20O + d inelastic scattering;"                                                 
@legend ON
@legend x1 0.2
@legend y1 0.8
@g0 type LOGY
@yaxis ticklabel format power
@legend string   0 "Lab energy =   70.0000"
#legend string   0 "Partition=  1 Excit=  2 near/far= 1"
#  Theta       sigma       iT11        T20         T21         T22         Kyy for projectile
   3.000       4.515    
   4.000       5.955    
   5.000       7.505    
   6.000       9.002    
   7.000       10.33    
   8.000       11.44    
   9.000       12.35    
   10.00       13.14    
   11.00       13.90    
   12.00       14.72    
   13.00       15.63    
   14.00       16.61    
   15.00       17.60    
   16.00       18.47    
   17.00       19.11    
   18.00       19.40    
   19.00       19.23    
   20.00       18.58    
   21.00       17.47    
   22.00       15.97    
   23.00       14.20    
   24.00       12.31    
   25.00       10.43    
   26.00       8.714    
   27.00       7.256    
   28.00       6.126    
   29.00       5.351    
   30.00       4.913    
   31.00       4.764    
   32.00       4.832    
   33.00       5.032    
   34.00       5.282    
   35.00       5.509    
   36.00       5.655    
   37.00       5.686    
   38.00       5.586    
   39.00       5.358    
   40.00       5.022    
   41.00       4.605    
   42.00       4.142    
   43.00       3.665    
   44.00       3.206    
   45.00       2.788    
   46.00       2.428    
   47.00       2.133    
   48.00       1.903    
   49.00       1.734    
   50.00       1.614    
   51.00       1.533    
   52.00       1.476    
   53.00       1.432    
   54.00       1.390    
   55.00       1.343    
   56.00       1.285    
   57.00       1.214    
   58.00       1.130    
   59.00       1.036    
   60.00      0.9345    
   61.00      0.8290    
   62.00      0.7238    
   63.00      0.6226    
   64.00      0.5283    
   65.00      0.4433    
   66.00      0.3688    
   67.00      0.3055    
   68.00      0.2531    
   69.00      0.2109    
   70.00      0.1777    
   71.00      0.1523    
   72.00      0.1330    
   73.00      0.1185    
   74.00      0.1075    
   75.00      0.9884E-01
   76.00      0.9167E-01
   77.00      0.8532E-01
   78.00      0.7932E-01
   79.00      0.7342E-01
   80.00      0.6748E-01
   81.00      0.6148E-01
   82.00      0.5547E-01
   83.00      0.4955E-01
   84.00      0.4380E-01
   85.00      0.3834E-01
   86.00      0.3325E-01
   87.00      0.2859E-01
   88.00      0.2440E-01
   89.00      0.2069E-01
   90.00      0.1745E-01
   91.00      0.1466E-01
   92.00      0.1229E-01
   93.00      0.1031E-01
   94.00      0.8663E-02
   95.00      0.7315E-02
   96.00      0.6221E-02
   97.00      0.5346E-02
   98.00      0.4659E-02
   99.00      0.4133E-02
   100.0      0.3739E-02
   101.0      0.3454E-02
   102.0      0.3256E-02
   103.0      0.3127E-02
   104.0      0.3050E-02
   105.0      0.3010E-02
   106.0      0.2994E-02
   107.0      0.2988E-02
   108.0      0.2980E-02
   109.0      0.2961E-02
   110.0      0.2924E-02
   111.0      0.2866E-02
   112.0      0.2784E-02
   113.0      0.2676E-02
   114.0      0.2545E-02
   115.0      0.2391E-02
   116.0      0.2218E-02
   117.0      0.2031E-02
   118.0      0.1834E-02
   119.0      0.1634E-02
   120.0      0.1437E-02
   121.0      0.1247E-02
   122.0      0.1068E-02
   123.0      0.9033E-03
   124.0      0.7567E-03
   125.0      0.6303E-03
   126.0      0.5252E-03
   127.0      0.4413E-03
   128.0      0.3776E-03
   129.0      0.3324E-03
   130.0      0.3044E-03
   131.0      0.2919E-03
   132.0      0.2928E-03
   133.0      0.3044E-03
   134.0      0.3235E-03
   135.0      0.3471E-03
   136.0      0.3731E-03
   137.0      0.3996E-03
   138.0      0.4251E-03
   139.0      0.4483E-03
   140.0      0.4675E-03
   141.0      0.4818E-03
   142.0      0.4906E-03
   143.0      0.4940E-03
   144.0      0.4924E-03
   145.0      0.4859E-03
   146.0      0.4744E-03
   147.0      0.4582E-03
   148.0      0.4379E-03
   149.0      0.4145E-03
   150.0      0.3894E-03
   151.0      0.3634E-03
   152.0      0.3370E-03
   153.0      0.3104E-03
   154.0      0.2837E-03
   155.0      0.2575E-03
   156.0      0.2324E-03
   157.0      0.2093E-03
   158.0      0.1884E-03
   159.0      0.1696E-03
   160.0      0.1528E-03
   161.0      0.1379E-03
   162.0      0.1250E-03
   163.0      0.1140E-03
   164.0      0.1047E-03
   165.0      0.9703E-04
   166.0      0.9052E-04
   167.0      0.8506E-04
   168.0      0.8068E-04
   169.0      0.7744E-04
   170.0      0.7522E-04
   171.0      0.7366E-04
   172.0      0.7224E-04
   173.0      0.7068E-04
   174.0      0.6903E-04
   175.0      0.6765E-04
   176.0      0.6701E-04
   177.0      0.6729E-04
   178.0      0.6823E-04
   179.0      0.6920E-04
   180.0      0.6960E-04
 END
