# Fusion cross sections for ELAB=  70.000, ECM=  63.596
     0.0   1.738       1.754      0.1569E-01
     1.0   15.64       15.78      0.1418    
     2.0   26.14       26.36      0.2261    
     3.0   36.75       37.04      0.2902    
     4.0   47.51       47.84      0.3311    
     5.0   58.47       58.82      0.3480    
     6.0   69.56       69.90      0.3464    
     7.0   80.70       81.04      0.3359    
     8.0   91.26       91.61      0.3535    
     9.0   99.34       99.80      0.4567    
    10.0   102.1       102.7      0.6520    
    11.0   96.15       97.04      0.8933    
    12.0   79.92       81.00       1.080    
    13.0   58.28       59.36       1.079    
    14.0   38.74       39.63      0.8931    
    15.0   24.48       25.12      0.6391    
    16.0   15.10       15.51      0.4125    
    17.0   9.201       9.449      0.2482    
    18.0   5.573       5.715      0.1426    
    19.0   3.362       3.441      0.7948E-01
    20.0   2.022       2.065      0.4344E-01
    21.0   1.212       1.236      0.2344E-01
    22.0  0.7252      0.7378      0.1255E-01
    23.0  0.4327      0.4394      0.6682E-02
    24.0  0.2575      0.2611      0.3546E-02
    25.0  0.1529      0.1548      0.1878E-02
    26.0  0.9061E-01  0.9161E-01  0.9929E-03
    27.0  0.5358E-01  0.5410E-01  0.5246E-03
    28.0  0.3162E-01  0.3189E-01  0.2771E-03
    29.0  0.1862E-01  0.1877E-01  0.1463E-03
    30.0  0.1095E-01  0.1103E-01  0.7720E-04
    31.0  0.6428E-02  0.6469E-02  0.4075E-04
    32.0  0.3768E-02  0.3789E-02  0.2151E-04
    33.0  0.2205E-02  0.2217E-02  0.1135E-04
    34.0  0.1289E-02  0.1295E-02  0.5990E-05
    35.0  0.7525E-03  0.7557E-03  0.3161E-05
    36.0  0.4388E-03  0.4404E-03  0.1669E-05
    37.0  0.2555E-03  0.2564E-03  0.8807E-06
    38.0  0.1487E-03  0.1491E-03  0.4648E-06
    39.0  0.8640E-04  0.8665E-04  0.2454E-06
    40.0  0.5017E-04  0.5030E-04  0.1295E-06
    41.0  0.2910E-04  0.2917E-04  0.6837E-07
    42.0  0.1687E-04  0.1690E-04  0.3610E-07
    43.0  0.9767E-05  0.9786E-05  0.1906E-07
    44.0  0.5652E-05  0.5662E-05  0.1007E-07
    45.0  0.3268E-05  0.3273E-05  0.5316E-08
    46.0  0.1888E-05  0.1891E-05  0.2807E-08
    47.0  0.1090E-05  0.1092E-05  0.1482E-08
    48.0  0.6290E-06  0.6298E-06  0.7825E-09
    49.0  0.3627E-06  0.3631E-06  0.4132E-09
    50.0  0.2090E-06  0.2092E-06  0.2182E-09
    51.0  0.1204E-06  0.1205E-06  0.1152E-09
    52.0  0.6929E-07  0.6935E-07  0.6085E-10
    53.0  0.3986E-07  0.3990E-07  0.3213E-10
    54.0  0.2292E-07  0.2294E-07  0.1697E-10
    55.0  0.1317E-07  0.1318E-07  0.8963E-11
    56.0  0.7568E-08  0.7573E-08  0.4734E-11
    57.0  0.4346E-08  0.4348E-08  0.2500E-11
    58.0  0.2493E-08  0.2494E-08  0.1321E-11
    59.0  0.1430E-08  0.1431E-08  0.6974E-12
    60.0  0.8206E-09  0.8209E-09  0.3683E-12
 &
