# 178 angles,  1 tensor ranks for 0=projectile
@subtitle   "20O + d 2+2 inelastic;"                                                        
@legend ON
@legend x1 0.2
@legend y1 0.8
@g0 type LOGY
@yaxis ticklabel format power
@legend string   0 "Lab energy =   70.0000"
#legend string   0 "Partition=  1 Excit=  2 near/far= 1"
#  Theta       sigma       iT11        T20         T21         T22         Kyy for projectile
   3.000       14.30    
   4.000       13.07    
   5.000       12.42    
   6.000       12.85    
   7.000       14.67    
   8.000       17.80    
   9.000       21.83    
   10.00       26.10    
   11.00       29.97    
   12.00       32.91    
   13.00       34.55    
   14.00       34.71    
   15.00       33.37    
   16.00       30.69    
   17.00       27.00    
   18.00       22.78    
   19.00       18.52    
   20.00       14.64    
   21.00       11.45    
   22.00       9.105    
   23.00       7.628    
   24.00       6.943    
   25.00       6.895    
   26.00       7.281    
   27.00       7.886    
   28.00       8.510    
   29.00       9.004    
   30.00       9.273    
   31.00       9.275    
   32.00       9.015    
   33.00       8.527    
   34.00       7.871    
   35.00       7.120    
   36.00       6.344    
   37.00       5.604    
   38.00       4.942    
   39.00       4.382    
   40.00       3.932    
   41.00       3.587    
   42.00       3.333    
   43.00       3.148    
   44.00       3.008    
   45.00       2.888    
   46.00       2.768    
   47.00       2.637    
   48.00       2.486    
   49.00       2.317    
   50.00       2.130    
   51.00       1.930    
   52.00       1.724    
   53.00       1.521    
   54.00       1.327    
   55.00       1.148    
   56.00      0.9876    
   57.00      0.8483    
   58.00      0.7304    
   59.00      0.6331    
   60.00      0.5544    
   61.00      0.4916    
   62.00      0.4413    
   63.00      0.4005    
   64.00      0.3663    
   65.00      0.3365    
   66.00      0.3093    
   67.00      0.2836    
   68.00      0.2587    
   69.00      0.2341    
   70.00      0.2102    
   71.00      0.1873    
   72.00      0.1655    
   73.00      0.1452    
   74.00      0.1265    
   75.00      0.1097    
   76.00      0.9497E-01
   77.00      0.8240E-01
   78.00      0.7182E-01
   79.00      0.6299E-01
   80.00      0.5564E-01
   81.00      0.4955E-01
   82.00      0.4454E-01
   83.00      0.4039E-01
   84.00      0.3686E-01
   85.00      0.3370E-01
   86.00      0.3077E-01
   87.00      0.2802E-01
   88.00      0.2545E-01
   89.00      0.2306E-01
   90.00      0.2081E-01
   91.00      0.1867E-01
   92.00      0.1664E-01
   93.00      0.1476E-01
   94.00      0.1308E-01
   95.00      0.1160E-01
   96.00      0.1032E-01
   97.00      0.9195E-02
   98.00      0.8221E-02
   99.00      0.7400E-02
   100.0      0.6730E-02
   101.0      0.6187E-02
   102.0      0.5731E-02
   103.0      0.5329E-02
   104.0      0.4967E-02
   105.0      0.4642E-02
   106.0      0.4350E-02
   107.0      0.4077E-02
   108.0      0.3805E-02
   109.0      0.3529E-02
   110.0      0.3255E-02
   111.0      0.2992E-02
   112.0      0.2742E-02
   113.0      0.2500E-02
   114.0      0.2263E-02
   115.0      0.2036E-02
   116.0      0.1830E-02
   117.0      0.1650E-02
   118.0      0.1493E-02
   119.0      0.1346E-02
   120.0      0.1205E-02
   121.0      0.1077E-02
   122.0      0.9720E-03
   123.0      0.8949E-03
   124.0      0.8370E-03
   125.0      0.7845E-03
   126.0      0.7290E-03
   127.0      0.6724E-03
   128.0      0.6228E-03
   129.0      0.5847E-03
   130.0      0.5542E-03
   131.0      0.5237E-03
   132.0      0.4907E-03
   133.0      0.4585E-03
   134.0      0.4319E-03
   135.0      0.4109E-03
   136.0      0.3898E-03
   137.0      0.3623E-03
   138.0      0.3282E-03
   139.0      0.2949E-03
   140.0      0.2702E-03
   141.0      0.2553E-03
   142.0      0.2447E-03
   143.0      0.2317E-03
   144.0      0.2132E-03
   145.0      0.1920E-03
   146.0      0.1736E-03
   147.0      0.1603E-03
   148.0      0.1500E-03
   149.0      0.1398E-03
   150.0      0.1299E-03
   151.0      0.1218E-03
   152.0      0.1166E-03
   153.0      0.1133E-03
   154.0      0.1090E-03
   155.0      0.1013E-03
   156.0      0.9125E-04
   157.0      0.8313E-04
   158.0      0.7936E-04
   159.0      0.7856E-04
   160.0      0.7795E-04
   161.0      0.7555E-04
   162.0      0.7084E-04
   163.0      0.6532E-04
   164.0      0.6131E-04
   165.0      0.5884E-04
   166.0      0.5589E-04
   167.0      0.5192E-04
   168.0      0.4852E-04
   169.0      0.4657E-04
   170.0      0.4560E-04
   171.0      0.4512E-04
   172.0      0.4445E-04
   173.0      0.4284E-04
   174.0      0.4126E-04
   175.0      0.4142E-04
   176.0      0.4272E-04
   177.0      0.4331E-04
   178.0      0.4348E-04
   179.0      0.4438E-04
   180.0      0.4506E-04
 END
