155 33308
157 18561
157 32663
157 36403
158 338
158 43675
159 8279
159 25533
159 47330
160 27577
160 41430
160 59474
161 40588
162 49694
163 25185
163 37435
163 55978
164 11121
164 27124
164 40956
164 45170
165 29196
165 32528
166 5870
167 62043
168 32475
169 582
169 29694
169 36750
169 42552
169 53952
169 58749
169 63344
169 66351
170 20333
170 27828
170 51324
171 33261
171 52482
172 26193
172 52061
172 79814
173 14124
173 28828
173 35828
173 68395
175 890
175 17464
175 24713
175 50384
176 57003
177 28481
177 33666
177 37315
178 16897
178 19734
178 35957
179 1760
179 8380
179 43912
180 38445
181 5073
181 29502
181 40325
181 46323
181 58738
182 46029
182 56702
182 68979
183 319
186 4842
186 31269
186 31652
186 50016
187 14800
187 16493
187 38768
187 62707
188 28199
188 35517
188 41538
188 54982
188 56848
189 17258
189 18788
189 46921
190 4840
190 5004
190 32160
190 44902
191 65083
191 66350
192 36486
193 30849
193 44727
193 45896
193 52000
194 16603
194 16852
194 44009
195 26773
195 28541
196 3103
197 1192
197 25277
197 39074
197 44232
197 57908
200 358
200 1282
200 5060
200 6510
200 11145
200 20484
200 21324
200 21611
200 27637
200 28727
200 28903
200 29584
200 39104
200 41019
200 42243
200 44374
200 46454
200 47993
200 48887
200 50635
200 54710
200 59565
200 60556
200 61891
200 65360
201 458
201 9111
201 35887
202 23892
202 60140
203 32813
203 40105
203 57351
204 32870
204 44450
204 51058
205 43330
205 60960
206 24097
206 28624
206 55946
207 4238
207 9292
207 14349
207 29287
208 22769
208 23220
208 37273
208 70573
208 78351
208 89036
208 97482
208 98200
209 3412
209 19637
209 66127
210 13172
210 19193
210 43606
210 48366
210 55795
210 82703
210 85003
210 97924
211 7468
212 19533
212 28081
212 53774
212 99721
212 131726
212 148900
213 24792
213 73354
213 91799
213 129533
213 155820
215 1552
215 12032
215 45293
215 64592
215 153528
216 23150
216 30010
216 40053
216 76530
216 95845
216 110723
218 2137
218 3987
218 7202
218 8986
218 11504
218 17331
218 36410
220 11662
221 2614
221 22642
221 31975
221 38686
221 74178
222 11884
222 31598
222 44687
222 69590
222 73099
223 16566
223 17613
223 18857
223 21923
223 64665
224 20156
224 23891
225 13439
226 19404
226 34936
226 35041
227 5196
227 6063
227 18049
227 19002
227 41309
227 71386
227 72717
228 22958
228 22984
228 28461
228 50728
228 52799
228 55186
228 57114
230 3112
230 4939
230 5433
230 5698
230 6045
230 20406
230 31200
230 34183
230 37597
230 45639
231 18671
231 41323
231 71329
232 24946
232 25724
232 30317
232 33602
232 35112
232 44861
232 46132
232 51829
232 53584
232 61175
232 62199
232 66230
232 68617
232 73491
232 73693
233 9044
233 36489
233 50192
234 7691
234 10685
234 18744
234 35183
234 71763
234 71872
234 87087
235 2149
235 11498
235 12987
235 14125
235 16476
235 44738
235 56518
235 58788
235 64714
235 72382
236 3009
236 5890
236 11826
236 24026
236 33182
236 36823
236 41417
236 42662
236 45908
236 68415
236 74315
237 5770
237 12540
237 29170
237 59587
237 79423
238 9910
238 10980
238 13701
238 16765
238 51215
238 53623
238 59057
239 4519
239 24940
239 35831
239 50388
239 65766
239 66214
240 1911
240 10827
240 31380
240 32709
240 57405
240 59617
241 8293
241 40313
242 4375
242 20370
242 26010
242 46047
242 60460
243 20279
243 40934
243 59373
244 4501
244 13208
244 62890
244 63406
245 4430
245 25835
245 54690
245 54718
245 58077
245 77021
246 25584
247 15679
247 20905
247 44891
247 52438
247 62005
248 4444
248 28484
248 31622
248 53862
248 56149
249 19624
249 36509
249 38536
249 43330
250 32604
250 74124
250 82315
250 82547
250 83010
251 5354
251 27679
251 42167
251 43852
252 5161
252 46750
252 50239
252 59350
253 8692
253 9989
253 23605
253 54919
254 15732
254 16710
254 19390
255 10510
255 14583
255 19917
255 22698
255 28592
256 60271
257 28965
259 15676
260 24964
260 52166
261 312
261 2034
261 20413
261 29123
261 38319
262 12921
262 83272
262 85085
262 86226
262 100810
263 6085
263 7739
263 10210
263 11187
263 17146
263 22057
263 56712
264 11647
264 36410
264 53320
264 53561
264 63072
264 65981
265 24675
265 33307
265 43444
265 46107
265 46396
265 52058
265 54315
266 12728
266 39086
266 40903
267 239
267 12768
267 14116
267 16129
267 17525
267 20099
267 21758
267 22003
267 35687
267 36531
267 38999
268 5317
268 7620
268 10802
268 21269
268 24318
268 27867
268 33780
268 34979
268 35493
268 37431
268 39355
268 43755
268 43775
268 45319
268 46031
268 46895
268 47115
268 56924
268 67896
268 69971
268 73852
269 7033
269 8183
269 9927
269 10991
269 12151
269 14379
269 16618
269 19629
269 26553
269 28052
269 29398
269 35777
269 36157
269 36347
269 40553
269 46964
269 47877
269 48610
269 51557
269 55114
269 60715
269 74018
269 81584
269 81665
269 88244
269 88558
269 89972
269 90432
269 92780
269 93076
269 105209
269 110404
270 663
270 3141
270 4041
270 4951
270 8938
270 10953
270 23455
270 28310
271 8812
271 11875
271 13897
271 14162
271 23075
271 30866
271 42840
271 56655
272 14748
272 36003
272 38371
272 53875
272 54405
272 90394
273 2062
273 8330
273 21333
273 23210
273 23249
273 26738
273 27483
273 28938
273 29803
273 52886
273 74412
273 77696
273 86871
273 88325
274 3199
274 7717
274 19926
274 24632
274 32728
274 44058
274 62166
274 84366
274 91567
274 99997
274 103083
275 720
275 841
275 8841
275 11170
275 13085
275 32981
275 33137
275 47445
275 58220
275 61159
275 63289
275 79086
275 94939
275 97520
275 102453
275 103850
275 104699
275 105339
276 2266
276 7422
276 9915
276 12021
276 15706
276 15955
276 17922
276 22868
276 36977
276 41899
276 53576
276 62994
276 64501
276 69524
276 73405
276 83896
276 90630
276 94644
276 99921
276 101745
277 18460
277 18623
277 23061
277 36718
277 37389
277 54233
277 66777
277 69428
277 70499
277 85379
277 87440
277 89047
278 16953
278 23506
278 33676
278 41268
278 47653
278 62836
278 66173
278 67512
278 83906
278 89900
278 90516
279 200
279 10829
279 21555
279 23267
279 25808
279 28393
279 38598
279 39015
279 42197
279 51868
280 24472
280 24815
280 27374
280 40717
280 48071
280 68996
281 12424
281 18127
281 35289
281 36520
281 39698
281 42055
281 44369
281 45762
281 47906
281 49922
281 54483
281 57181
281 61160
281 62771
281 64406
281 67523
281 76743
281 88411
281 92355
282 8512
282 40182
282 44016
282 48321
282 48848
282 50249
282 58325
282 61136
282 67194
282 70498
282 71636
282 85250
282 91225
282 93324
282 127581
282 129352
282 133702
282 145221
283 4617
283 13823
283 20059
283 20669
283 21303
283 30873
283 49379
283 50700
284 12404
284 15867
284 29881
284 32138
284 63290
284 71453
284 77669
285 1346
285 3085
285 9262
285 15564
285 17523
285 18195
285 18357
285 26513
285 28396
285 42060
285 50916
285 63691
285 76262
285 79660
286 4551
286 10282
286 15583
286 15965
286 22335
286 29820
286 36833
286 39862
286 40115
286 40940
286 48234
286 60041
286 60541
286 65308
286 68847
286 73331
293 5915
293 6092
293 9216
293 13513
293 22908
293 27572
293 27913
293 34907
293 42918
293 56286
293 72562
293 74278
293 84422
293 97038
294 18554
294 26593
294 36752
294 45265
294 47156
294 55921
294 57864
294 58740
294 78686
294 85196
295 8321
295 22209
295 25180
295 32578
295 41362
295 53032
295 54856
295 59401
295 69394
295 81915
296 1009
296 22297
296 23259
296 32113
296 33904
297 24459
297 33195
297 35944
297 41430
297 45202
297 65569
297 72090
297 76511
297 79031
297 79308
297 79636
298 414
298 14906
298 26571
298 27174
298 43343
298 59993
298 75684
298 81547
299 708
299 7686
299 26057
300 561
300 1069
300 4069
300 14889
300 16940
300 48319
300 57629
300 74202
301 4676
301 15275
301 19085
301 36929
301 46956
301 52292
301 54789
301 81572
302 891
302 9427
302 24723
302 25017
302 27620
302 36587
302 47705
302 50507
302 52497
302 52850
302 74420
302 75591
303 25173
304 74
304 240
304 2899
304 7363
304 22522
304 28981
304 44716
304 54797
304 63623
304 63948
304 65841
304 80590
305 991
305 8536
305 12196
305 13737
305 14129
305 18967
305 27113
305 28989
