# 178 angles,  1 tensor ranks for 0=projectile
@subtitle   "20O + d inelastic scattering;"                                                 
@legend ON
@legend x1 0.2
@legend y1 0.8
@g0 type LOGY
@yaxis ticklabel format power
@legend string   0 "Lab energy =   70.0000"
#legend string   0 "Partition=  1 Excit=  1 near/far= 1"
#  Theta       sigma       iT11        T20         T21         T22         Kyy for projectile
   3.000      0.2949E+05
   4.000      0.1220E+05
   5.000       8290.    
   6.000       6625.    
   7.000       5395.    
   8.000       4282.    
   9.000       3261.    
   10.00       2364.    
   11.00       1615.    
   12.00       1025.    
   13.00       592.2    
   14.00       299.2    
   15.00       122.8    
   16.00       36.12    
   17.00       12.38    
   18.00       27.42    
   19.00       61.41    
   20.00       99.62    
   21.00       132.3    
   22.00       154.2    
   23.00       163.6    
   24.00       161.5    
   25.00       150.1    
   26.00       132.6    
   27.00       112.1    
   28.00       91.30    
   29.00       72.25    
   30.00       56.21    
   31.00       43.75    
   32.00       34.89    
   33.00       29.21    
   34.00       26.06    
   35.00       24.69    
   36.00       24.38    
   37.00       24.51    
   38.00       24.62    
   39.00       24.39    
   40.00       23.67    
   41.00       22.43    
   42.00       20.73    
   43.00       18.69    
   44.00       16.45    
   45.00       14.16    
   46.00       11.95    
   47.00       9.910    
   48.00       8.112    
   49.00       6.588    
   50.00       5.346    
   51.00       4.368    
   52.00       3.624    
   53.00       3.073    
   54.00       2.672    
   55.00       2.382    
   56.00       2.166    
   57.00       1.996    
   58.00       1.849    
   59.00       1.711    
   60.00       1.573    
   61.00       1.431    
   62.00       1.286    
   63.00       1.140    
   64.00      0.9965    
   65.00      0.8587    
   66.00      0.7301    
   67.00      0.6135    
   68.00      0.5105    
   69.00      0.4219    
   70.00      0.3474    
   71.00      0.2864    
   72.00      0.2373    
   73.00      0.1987    
   74.00      0.1687    
   75.00      0.1456    
   76.00      0.1278    
   77.00      0.1138    
   78.00      0.1026    
   79.00      0.9327E-01
   80.00      0.8505E-01
   81.00      0.7755E-01
   82.00      0.7047E-01
   83.00      0.6368E-01
   84.00      0.5712E-01
   85.00      0.5080E-01
   86.00      0.4477E-01
   87.00      0.3910E-01
   88.00      0.3385E-01
   89.00      0.2905E-01
   90.00      0.2475E-01
   91.00      0.2095E-01
   92.00      0.1764E-01
   93.00      0.1481E-01
   94.00      0.1241E-01
   95.00      0.1042E-01
   96.00      0.8775E-02
   97.00      0.7435E-02
   98.00      0.6350E-02
   99.00      0.5479E-02
   100.0      0.4779E-02
   101.0      0.4218E-02
   102.0      0.3765E-02
   103.0      0.3394E-02
   104.0      0.3087E-02
   105.0      0.2827E-02
   106.0      0.2601E-02
   107.0      0.2401E-02
   108.0      0.2219E-02
   109.0      0.2051E-02
   110.0      0.1893E-02
   111.0      0.1744E-02
   112.0      0.1601E-02
   113.0      0.1464E-02
   114.0      0.1334E-02
   115.0      0.1210E-02
   116.0      0.1092E-02
   117.0      0.9813E-03
   118.0      0.8776E-03
   119.0      0.7815E-03
   120.0      0.6931E-03
   121.0      0.6126E-03
   122.0      0.5401E-03
   123.0      0.4754E-03
   124.0      0.4184E-03
   125.0      0.3687E-03
   126.0      0.3261E-03
   127.0      0.2899E-03
   128.0      0.2597E-03
   129.0      0.2349E-03
   130.0      0.2147E-03
   131.0      0.1986E-03
   132.0      0.1859E-03
   133.0      0.1760E-03
   134.0      0.1683E-03
   135.0      0.1623E-03
   136.0      0.1574E-03
   137.0      0.1532E-03
   138.0      0.1495E-03
   139.0      0.1458E-03
   140.0      0.1419E-03
   141.0      0.1378E-03
   142.0      0.1332E-03
   143.0      0.1282E-03
   144.0      0.1226E-03
   145.0      0.1166E-03
   146.0      0.1103E-03
   147.0      0.1036E-03
   148.0      0.9684E-04
   149.0      0.8998E-04
   150.0      0.8318E-04
   151.0      0.7657E-04
   152.0      0.7024E-04
   153.0      0.6428E-04
   154.0      0.5878E-04
   155.0      0.5378E-04
   156.0      0.4931E-04
   157.0      0.4539E-04
   158.0      0.4200E-04
   159.0      0.3913E-04
   160.0      0.3671E-04
   161.0      0.3470E-04
   162.0      0.3304E-04
   163.0      0.3165E-04
   164.0      0.3046E-04
   165.0      0.2942E-04
   166.0      0.2845E-04
   167.0      0.2752E-04
   168.0      0.2659E-04
   169.0      0.2562E-04
   170.0      0.2462E-04
   171.0      0.2359E-04
   172.0      0.2253E-04
   173.0      0.2148E-04
   174.0      0.2046E-04
   175.0      0.1952E-04
   176.0      0.1868E-04
   177.0      0.1798E-04
   178.0      0.1746E-04
   179.0      0.1714E-04
   180.0      0.1703E-04
 END
