# Fusion cross sections for ELAB=  70.000, ECM=  63.596
     0.0   1.735     -1
     1.0   10.41      1
     1.0   15.61     -1
     2.0   8.691      1
     2.0   26.10     -1
     3.0   24.48      1
     3.0   36.70     -1
     4.0   15.80      1
     4.0   47.47     -1
     5.0   38.98      1
     5.0   58.42     -1
     6.0   23.18      1
     6.0   69.52     -1
     7.0   53.73      1
     7.0   80.67     -1
     8.0   30.82      1
     8.0   91.24     -1
     9.0   64.84      1
     9.0   99.33     -1
    10.0   35.83      1
    10.0   102.1     -1
    11.0   63.61      1
    11.0   96.22     -1
    12.0   25.63      1
    12.0   80.00     -1
    13.0   40.40      1
    13.0   58.36     -1
    14.0   11.73      1
    14.0   38.80     -1
    15.0   17.16      1
    15.0   24.53     -1
    16.0   4.545      1
    16.0   15.13     -1
    17.0   6.453      1
    17.0   9.226     -1
    18.0   1.681      1
    18.0   5.588     -1
    19.0   2.356      1
    19.0   3.371     -1
    20.0  0.6102      1
    20.0   2.027     -1
    21.0  0.8493      1
    21.0   1.215     -1
    22.0  0.2188      1
    22.0  0.7266     -1
    23.0  0.3029      1
    23.0  0.4334     -1
    24.0  0.7761E-01  1
    24.0  0.2578     -1
    25.0  0.1070      1
    25.0  0.1531     -1
    26.0  0.2728E-01  1
    26.0  0.9066E-01 -1
    27.0  0.3747E-01  1
    27.0  0.5359E-01 -1
    28.0  0.9507E-02  1
    28.0  0.3162E-01 -1
    29.0  0.1302E-01  1
    29.0  0.1862E-01 -1
    30.0  0.3290E-02  1
    30.0  0.1095E-01 -1
    31.0  0.4493E-02  1
    31.0  0.6424E-02 -1
    32.0  0.1131E-02  1
    32.0  0.3765E-02 -1
    33.0  0.1541E-02  1
    33.0  0.2203E-02 -1
    34.0  0.3867E-03  1
    34.0  0.1287E-02 -1
    35.0  0.5258E-03  1
    35.0  0.7515E-03 -1
    36.0  0.1315E-03  1
    36.0  0.4381E-03 -1
    37.0  0.1785E-03  1
    37.0  0.2551E-03 -1
    38.0  0.4454E-04  1
    38.0  0.1484E-03 -1
    39.0  0.6035E-04  1
    39.0  0.8624E-04 -1
    40.0  0.1502E-04  1
    40.0  0.5006E-04 -1
    41.0  0.2033E-04  1
    41.0  0.2904E-04 -1
    42.0  0.5049E-05  1
    42.0  0.1683E-04 -1
    43.0  0.6821E-05  1
    43.0  0.9745E-05 -1
    44.0  0.1691E-05  1
    44.0  0.5638E-05 -1
    45.0  0.2282E-05  1
    45.0  0.3260E-05 -1
    46.0  0.5648E-06  1
    46.0  0.1883E-05 -1
    47.0  0.7612E-06  1
    47.0  0.1087E-05 -1
    48.0  0.1881E-06  1
    48.0  0.6273E-06 -1
    49.0  0.2533E-06  1
    49.0  0.3617E-06 -1
    50.0  0.6250E-07  1
    50.0  0.2084E-06 -1
    51.0  0.8405E-07  1
    51.0  0.1200E-06 -1
    52.0  0.2071E-07  1
    52.0  0.6910E-07 -1
    53.0  0.2783E-07  1
    53.0  0.3975E-07 -1
    54.0  0.6851E-08  1
    54.0  0.2286E-07 -1
    55.0  0.9199E-08  1
    55.0  0.1314E-07 -1
    56.0  0.2261E-08  1
    56.0  0.7545E-08 -1
    57.0  0.3034E-08  1
    57.0  0.4332E-08 -1
    58.0  0.7444E-09  1
    58.0  0.2486E-08 -1
    59.0  0.9991E-09  1
    59.0  0.1426E-08 -1
    60.0  0.2451E-09  1
    60.0  0.8182E-09 -1
 &
