# 178 angles,  1 tensor ranks for 0=projectile
@subtitle   "20O(d,t) @ 30AMeV Daeh (d) + Pang (t)"                                         
@legend ON
@legend x1 0.2
@legend y1 0.8
@g0 type LOGY
@yaxis ticklabel format power
@xaxis label "Scattering angle (degrees)"
@yaxis label "Cross section (mb/sr)"
@legend string   0 "Partition=  1 Excit=  1 near/far= 1"
#legend string   0 "Lab energy =   70.0000"
@s0 linestyle   1
#  Theta       sigma       iT11        T20         T21         T22         Kyy for projectile
   3.000      0.2708E+05
   4.000      0.1161E+05
   5.000       8340.    
   6.000       6868.    
   7.000       5642.    
   8.000       4463.    
   9.000       3362.    
   10.00       2396.    
   11.00       1603.    
   12.00       993.9    
   13.00       561.4    
   14.00       282.2    
   15.00       125.8    
   16.00       59.56    
   17.00       52.49    
   18.00       78.38    
   19.00       117.0    
   20.00       154.3    
   21.00       182.1    
   22.00       196.8    
   23.00       198.4    
   24.00       188.8    
   25.00       171.4    
   26.00       149.5    
   27.00       126.2    
   28.00       104.0    
   29.00       84.51    
   30.00       68.57    
   31.00       56.37    
   32.00       47.61    
   33.00       41.70    
   34.00       37.92    
   35.00       35.54    
   36.00       33.92    
   37.00       32.56    
   38.00       31.12    
   39.00       29.41    
   40.00       27.37    
   41.00       25.03    
   42.00       22.48    
   43.00       19.84    
   44.00       17.24    
   45.00       14.77    
   46.00       12.53    
   47.00       10.55    
   48.00       8.877    
   49.00       7.489    
   50.00       6.370    
   51.00       5.484    
   52.00       4.788    
   53.00       4.241    
   54.00       3.802    
   55.00       3.440    
   56.00       3.126    
   57.00       2.844    
   58.00       2.579    
   59.00       2.327    
   60.00       2.084    
   61.00       1.852    
   62.00       1.632    
   63.00       1.428    
   64.00       1.242    
   65.00       1.076    
   66.00      0.9298    
   67.00      0.8044    
   68.00      0.6984    
   69.00      0.6098    
   70.00      0.5365    
   71.00      0.4760    
   72.00      0.4258    
   73.00      0.3835    
   74.00      0.3473    
   75.00      0.3154    
   76.00      0.2866    
   77.00      0.2602    
   78.00      0.2354    
   79.00      0.2121    
   80.00      0.1901    
   81.00      0.1695    
   82.00      0.1503    
   83.00      0.1327    
   84.00      0.1167    
   85.00      0.1024    
   86.00      0.8977E-01
   87.00      0.7881E-01
   88.00      0.6938E-01
   89.00      0.6135E-01
   90.00      0.5455E-01
   91.00      0.4880E-01
   92.00      0.4393E-01
   93.00      0.3977E-01
   94.00      0.3616E-01
   95.00      0.3299E-01
   96.00      0.3013E-01
   97.00      0.2752E-01
   98.00      0.2509E-01
   99.00      0.2281E-01
   100.0      0.2066E-01
   101.0      0.1862E-01
   102.0      0.1670E-01
   103.0      0.1491E-01
   104.0      0.1324E-01
   105.0      0.1171E-01
   106.0      0.1032E-01
   107.0      0.9073E-02
   108.0      0.7966E-02
   109.0      0.6996E-02
   110.0      0.6154E-02
   111.0      0.5430E-02
   112.0      0.4812E-02
   113.0      0.4287E-02
   114.0      0.3842E-02
   115.0      0.3464E-02
   116.0      0.3140E-02
   117.0      0.2859E-02
   118.0      0.2613E-02
   119.0      0.2394E-02
   120.0      0.2194E-02
   121.0      0.2011E-02
   122.0      0.1840E-02
   123.0      0.1679E-02
   124.0      0.1526E-02
   125.0      0.1382E-02
   126.0      0.1246E-02
   127.0      0.1119E-02
   128.0      0.9999E-03
   129.0      0.8902E-03
   130.0      0.7900E-03
   131.0      0.6992E-03
   132.0      0.6179E-03
   133.0      0.5459E-03
   134.0      0.4826E-03
   135.0      0.4275E-03
   136.0      0.3800E-03
   137.0      0.3393E-03
   138.0      0.3044E-03
   139.0      0.2748E-03
   140.0      0.2495E-03
   141.0      0.2279E-03
   142.0      0.2094E-03
   143.0      0.1933E-03
   144.0      0.1793E-03
   145.0      0.1670E-03
   146.0      0.1559E-03
   147.0      0.1460E-03
   148.0      0.1369E-03
   149.0      0.1286E-03
   150.0      0.1209E-03
   151.0      0.1137E-03
   152.0      0.1069E-03
   153.0      0.1005E-03
   154.0      0.9423E-04
   155.0      0.8815E-04
   156.0      0.8220E-04
   157.0      0.7633E-04
   158.0      0.7056E-04
   159.0      0.6489E-04
   160.0      0.5940E-04
   161.0      0.5416E-04
   162.0      0.4927E-04
   163.0      0.4487E-04
   164.0      0.4107E-04
   165.0      0.3801E-04
   166.0      0.3579E-04
   167.0      0.3450E-04
   168.0      0.3416E-04
   169.0      0.3479E-04
   170.0      0.3632E-04
   171.0      0.3865E-04
   172.0      0.4162E-04
   173.0      0.4505E-04
   174.0      0.4869E-04
   175.0      0.5233E-04
   176.0      0.5570E-04
   177.0      0.5860E-04
   178.0      0.6082E-04
   179.0      0.6221E-04
   180.0      0.6269E-04
 END
@legend string   1 "Partition=  2 Excit=  1 near/far= 1"
#legend string   0 "Lab energy =   70.0000"
@s1 linestyle   2
#  Theta       sigma       iT11        T20         T21         T22         Kyy for projectile
   3.000       20.20    
   4.000       14.49    
   5.000       9.133    
   6.000       4.877    
   7.000       2.108    
   8.000      0.8392    
   9.000      0.7850    
   10.00       1.493    
   11.00       2.489    
   12.00       3.385    
   13.00       3.943    
   14.00       4.083    
   15.00       3.855    
   16.00       3.383    
   17.00       2.817    
   18.00       2.289    
   19.00       1.890    
   20.00       1.656    
   21.00       1.581    
   22.00       1.625    
   23.00       1.734    
   24.00       1.855    
   25.00       1.943    
   26.00       1.971    
   27.00       1.927    
   28.00       1.817    
   29.00       1.653    
   30.00       1.455    
   31.00       1.243    
   32.00       1.034    
   33.00      0.8413    
   34.00      0.6737    
   35.00      0.5345    
   36.00      0.4239    
   37.00      0.3391    
   38.00      0.2762    
   39.00      0.2309    
   40.00      0.1987    
   41.00      0.1761    
   42.00      0.1602    
   43.00      0.1486    
   44.00      0.1400    
   45.00      0.1331    
   46.00      0.1271    
   47.00      0.1216    
   48.00      0.1161    
   49.00      0.1104    
   50.00      0.1042    
   51.00      0.9768E-01
   52.00      0.9071E-01
   53.00      0.8344E-01
   54.00      0.7603E-01
   55.00      0.6870E-01
   56.00      0.6165E-01
   57.00      0.5508E-01
   58.00      0.4914E-01
   59.00      0.4391E-01
   60.00      0.3944E-01
   61.00      0.3570E-01
   62.00      0.3261E-01
   63.00      0.3007E-01
   64.00      0.2796E-01
   65.00      0.2615E-01
   66.00      0.2453E-01
   67.00      0.2299E-01
   68.00      0.2148E-01
   69.00      0.1995E-01
   70.00      0.1838E-01
   71.00      0.1678E-01
   72.00      0.1517E-01
   73.00      0.1359E-01
   74.00      0.1207E-01
   75.00      0.1063E-01
   76.00      0.9310E-02
   77.00      0.8126E-02
   78.00      0.7086E-02
   79.00      0.6192E-02
   80.00      0.5437E-02
   81.00      0.4808E-02
   82.00      0.4288E-02
   83.00      0.3858E-02
   84.00      0.3501E-02
   85.00      0.3199E-02
   86.00      0.2935E-02
   87.00      0.2699E-02
   88.00      0.2481E-02
   89.00      0.2275E-02
   90.00      0.2077E-02
   91.00      0.1885E-02
   92.00      0.1700E-02
   93.00      0.1523E-02
   94.00      0.1355E-02
   95.00      0.1197E-02
   96.00      0.1052E-02
   97.00      0.9207E-03
   98.00      0.8029E-03
   99.00      0.6989E-03
   100.0      0.6084E-03
   101.0      0.5305E-03
   102.0      0.4639E-03
   103.0      0.4075E-03
   104.0      0.3597E-03
   105.0      0.3194E-03
   106.0      0.2851E-03
   107.0      0.2558E-03
   108.0      0.2305E-03
   109.0      0.2085E-03
   110.0      0.1891E-03
   111.0      0.1720E-03
   112.0      0.1567E-03
   113.0      0.1431E-03
   114.0      0.1310E-03
   115.0      0.1202E-03
   116.0      0.1107E-03
   117.0      0.1022E-03
   118.0      0.9485E-04
   119.0      0.8836E-04
   120.0      0.8266E-04
   121.0      0.7760E-04
   122.0      0.7306E-04
   123.0      0.6889E-04
   124.0      0.6498E-04
   125.0      0.6123E-04
   126.0      0.5754E-04
   127.0      0.5385E-04
   128.0      0.5012E-04
   129.0      0.4634E-04
   130.0      0.4250E-04
   131.0      0.3863E-04
   132.0      0.3476E-04
   133.0      0.3094E-04
   134.0      0.2721E-04
   135.0      0.2363E-04
   136.0      0.2024E-04
   137.0      0.1709E-04
   138.0      0.1421E-04
   139.0      0.1163E-04
   140.0      0.9366E-05
   141.0      0.7431E-05
   142.0      0.5821E-05
   143.0      0.4529E-05
   144.0      0.3541E-05
   145.0      0.2835E-05
   146.0      0.2388E-05
   147.0      0.2171E-05
   148.0      0.2156E-05
   149.0      0.2310E-05
   150.0      0.2602E-05
   151.0      0.3001E-05
   152.0      0.3473E-05
   153.0      0.3989E-05
   154.0      0.4519E-05
   155.0      0.5035E-05
   156.0      0.5512E-05
   157.0      0.5929E-05
   158.0      0.6268E-05
   159.0      0.6514E-05
   160.0      0.6657E-05
   161.0      0.6695E-05
   162.0      0.6627E-05
   163.0      0.6458E-05
   164.0      0.6197E-05
   165.0      0.5858E-05
   166.0      0.5455E-05
   167.0      0.5007E-05
   168.0      0.4530E-05
   169.0      0.4042E-05
   170.0      0.3559E-05
   171.0      0.3096E-05
   172.0      0.2665E-05
   173.0      0.2274E-05
   174.0      0.1931E-05
   175.0      0.1639E-05
   176.0      0.1400E-05
   177.0      0.1215E-05
   178.0      0.1084E-05
   179.0      0.1006E-05
   180.0      0.9797E-06
 END
@legend string   2 "Partition=  2 Excit=  2 near/far= 1"
#legend string   0 "Lab energy =   70.0000"
@s2 linestyle   3
#  Theta       sigma       iT11        T20         T21         T22         Kyy for projectile
   3.000       7.498    
   4.000       7.470    
   5.000       7.199    
   6.000       6.635    
   7.000       5.799    
   8.000       4.774    
   9.000       3.679    
   10.00       2.642    
   11.00       1.763    
   12.00       1.104    
   13.00      0.6781    
   14.00      0.4577    
   15.00      0.3908    
   16.00      0.4159    
   17.00      0.4765    
   18.00      0.5306    
   19.00      0.5545    
   20.00      0.5419    
   21.00      0.4994    
   22.00      0.4406    
   23.00      0.3809    
   24.00      0.3333    
   25.00      0.3057    
   26.00      0.3003    
   27.00      0.3147    
   28.00      0.3429    
   29.00      0.3778    
   30.00      0.4123    
   31.00      0.4410    
   32.00      0.4604    
   33.00      0.4694    
   34.00      0.4686    
   35.00      0.4600    
   36.00      0.4463    
   37.00      0.4299    
   38.00      0.4133    
   39.00      0.3977    
   40.00      0.3841    
   41.00      0.3724    
   42.00      0.3621    
   43.00      0.3525    
   44.00      0.3426    
   45.00      0.3319    
   46.00      0.3196    
   47.00      0.3057    
   48.00      0.2901    
   49.00      0.2731    
   50.00      0.2551    
   51.00      0.2368    
   52.00      0.2186    
   53.00      0.2009    
   54.00      0.1843    
   55.00      0.1688    
   56.00      0.1547    
   57.00      0.1419    
   58.00      0.1304    
   59.00      0.1201    
   60.00      0.1107    
   61.00      0.1021    
   62.00      0.9422E-01
   63.00      0.8684E-01
   64.00      0.7989E-01
   65.00      0.7331E-01
   66.00      0.6708E-01
   67.00      0.6118E-01
   68.00      0.5563E-01
   69.00      0.5044E-01
   70.00      0.4562E-01
   71.00      0.4119E-01
   72.00      0.3715E-01
   73.00      0.3349E-01
   74.00      0.3020E-01
   75.00      0.2726E-01
   76.00      0.2463E-01
   77.00      0.2229E-01
   78.00      0.2020E-01
   79.00      0.1832E-01
   80.00      0.1663E-01
   81.00      0.1511E-01
   82.00      0.1372E-01
   83.00      0.1245E-01
   84.00      0.1128E-01
   85.00      0.1021E-01
   86.00      0.9223E-02
   87.00      0.8316E-02
   88.00      0.7483E-02
   89.00      0.6722E-02
   90.00      0.6030E-02
   91.00      0.5402E-02
   92.00      0.4835E-02
   93.00      0.4326E-02
   94.00      0.3871E-02
   95.00      0.3466E-02
   96.00      0.3105E-02
   97.00      0.2785E-02
   98.00      0.2501E-02
   99.00      0.2248E-02
   100.0      0.2024E-02
   101.0      0.1824E-02
   102.0      0.1645E-02
   103.0      0.1485E-02
   104.0      0.1341E-02
   105.0      0.1211E-02
   106.0      0.1094E-02
   107.0      0.9874E-03
   108.0      0.8910E-03
   109.0      0.8035E-03
   110.0      0.7243E-03
   111.0      0.6525E-03
   112.0      0.5876E-03
   113.0      0.5289E-03
   114.0      0.4760E-03
   115.0      0.4283E-03
   116.0      0.3854E-03
   117.0      0.3467E-03
   118.0      0.3120E-03
   119.0      0.2808E-03
   120.0      0.2528E-03
   121.0      0.2275E-03
   122.0      0.2047E-03
   123.0      0.1842E-03
   124.0      0.1657E-03
   125.0      0.1490E-03
   126.0      0.1338E-03
   127.0      0.1202E-03
   128.0      0.1078E-03
   129.0      0.9670E-04
   130.0      0.8667E-04
   131.0      0.7765E-04
   132.0      0.6957E-04
   133.0      0.6235E-04
   134.0      0.5591E-04
   135.0      0.5018E-04
   136.0      0.4510E-04
   137.0      0.4061E-04
   138.0      0.3665E-04
   139.0      0.3315E-04
   140.0      0.3006E-04
   141.0      0.2733E-04
   142.0      0.2492E-04
   143.0      0.2278E-04
   144.0      0.2087E-04
   145.0      0.1916E-04
   146.0      0.1761E-04
   147.0      0.1621E-04
   148.0      0.1492E-04
   149.0      0.1374E-04
   150.0      0.1265E-04
   151.0      0.1163E-04
   152.0      0.1068E-04
   153.0      0.9789E-05
   154.0      0.8955E-05
   155.0      0.8175E-05
   156.0      0.7450E-05
   157.0      0.6779E-05
   158.0      0.6164E-05
   159.0      0.5608E-05
   160.0      0.5112E-05
   161.0      0.4679E-05
   162.0      0.4309E-05
   163.0      0.4003E-05
   164.0      0.3759E-05
   165.0      0.3576E-05
   166.0      0.3450E-05
   167.0      0.3376E-05
   168.0      0.3349E-05
   169.0      0.3361E-05
   170.0      0.3406E-05
   171.0      0.3475E-05
   172.0      0.3562E-05
   173.0      0.3658E-05
   174.0      0.3756E-05
   175.0      0.3851E-05
   176.0      0.3936E-05
   177.0      0.4008E-05
   178.0      0.4061E-05
   179.0      0.4094E-05
   180.0      0.4106E-05
 END
@legend string   3 "Partition=  2 Excit=  3 near/far= 1"
#legend string   0 "Lab energy =   70.0000"
@s3 linestyle   4
#  Theta       sigma       iT11        T20         T21         T22         Kyy for projectile
   3.000       9.313    
   4.000       9.049    
   5.000       8.723    
   6.000       8.328    
   7.000       7.853    
   8.000       7.283    
   9.000       6.612    
   10.00       5.850    
   11.00       5.021    
   12.00       4.166    
   13.00       3.333    
   14.00       2.570    
   15.00       1.917    
   16.00       1.399    
   17.00       1.025    
   18.00      0.7861    
   19.00      0.6628    
   20.00      0.6273    
   21.00      0.6501    
   22.00      0.7043    
   23.00      0.7686    
   24.00      0.8289    
   25.00      0.8781    
   26.00      0.9147    
   27.00      0.9413    
   28.00      0.9622    
   29.00      0.9817    
   30.00       1.003    
   31.00       1.028    
   32.00       1.055    
   33.00       1.083    
   34.00       1.109    
   35.00       1.128    
   36.00       1.139    
   37.00       1.139    
   38.00       1.127    
   39.00       1.103    
   40.00       1.068    
   41.00       1.023    
   42.00      0.9716    
   43.00      0.9155    
   44.00      0.8571    
   45.00      0.7982    
   46.00      0.7405    
   47.00      0.6851    
   48.00      0.6326    
   49.00      0.5833    
   50.00      0.5372    
   51.00      0.4941    
   52.00      0.4537    
   53.00      0.4158    
   54.00      0.3800    
   55.00      0.3463    
   56.00      0.3145    
   57.00      0.2846    
   58.00      0.2565    
   59.00      0.2303    
   60.00      0.2061    
   61.00      0.1838    
   62.00      0.1634    
   63.00      0.1450    
   64.00      0.1285    
   65.00      0.1137    
   66.00      0.1006    
   67.00      0.8897E-01
   68.00      0.7868E-01
   69.00      0.6959E-01
   70.00      0.6156E-01
   71.00      0.5445E-01
   72.00      0.4814E-01
   73.00      0.4254E-01
   74.00      0.3755E-01
   75.00      0.3310E-01
   76.00      0.2913E-01
   77.00      0.2560E-01
   78.00      0.2246E-01
   79.00      0.1967E-01
   80.00      0.1720E-01
   81.00      0.1503E-01
   82.00      0.1312E-01
   83.00      0.1145E-01
   84.00      0.9993E-02
   85.00      0.8726E-02
   86.00      0.7626E-02
   87.00      0.6671E-02
   88.00      0.5843E-02
   89.00      0.5124E-02
   90.00      0.4498E-02
   91.00      0.3952E-02
   92.00      0.3475E-02
   93.00      0.3056E-02
   94.00      0.2688E-02
   95.00      0.2364E-02
   96.00      0.2078E-02
   97.00      0.1825E-02
   98.00      0.1603E-02
   99.00      0.1408E-02
   100.0      0.1236E-02
   101.0      0.1085E-02
   102.0      0.9531E-03
   103.0      0.8380E-03
   104.0      0.7378E-03
   105.0      0.6506E-03
   106.0      0.5748E-03
   107.0      0.5089E-03
   108.0      0.4514E-03
   109.0      0.4013E-03
   110.0      0.3575E-03
   111.0      0.3189E-03
   112.0      0.2849E-03
   113.0      0.2548E-03
   114.0      0.2281E-03
   115.0      0.2042E-03
   116.0      0.1829E-03
   117.0      0.1639E-03
   118.0      0.1468E-03
   119.0      0.1315E-03
   120.0      0.1179E-03
   121.0      0.1056E-03
   122.0      0.9475E-04
   123.0      0.8506E-04
   124.0      0.7644E-04
   125.0      0.6878E-04
   126.0      0.6199E-04
   127.0      0.5596E-04
   128.0      0.5060E-04
   129.0      0.4584E-04
   130.0      0.4158E-04
   131.0      0.3777E-04
   132.0      0.3434E-04
   133.0      0.3124E-04
   134.0      0.2842E-04
   135.0      0.2585E-04
   136.0      0.2350E-04
   137.0      0.2134E-04
   138.0      0.1934E-04
   139.0      0.1750E-04
   140.0      0.1579E-04
   141.0      0.1422E-04
   142.0      0.1278E-04
   143.0      0.1145E-04
   144.0      0.1023E-04
   145.0      0.9133E-05
   146.0      0.8140E-05
   147.0      0.7252E-05
   148.0      0.6468E-05
   149.0      0.5782E-05
   150.0      0.5192E-05
   151.0      0.4691E-05
   152.0      0.4276E-05
   153.0      0.3938E-05
   154.0      0.3671E-05
   155.0      0.3467E-05
   156.0      0.3317E-05
   157.0      0.3211E-05
   158.0      0.3141E-05
   159.0      0.3097E-05
   160.0      0.3070E-05
   161.0      0.3051E-05
   162.0      0.3033E-05
   163.0      0.3007E-05
   164.0      0.2970E-05
   165.0      0.2916E-05
   166.0      0.2842E-05
   167.0      0.2747E-05
   168.0      0.2631E-05
   169.0      0.2497E-05
   170.0      0.2346E-05
   171.0      0.2184E-05
   172.0      0.2015E-05
   173.0      0.1845E-05
   174.0      0.1681E-05
   175.0      0.1529E-05
   176.0      0.1395E-05
   177.0      0.1285E-05
   178.0      0.1203E-05
   179.0      0.1152E-05
   180.0      0.1135E-05
 END
