# 178 angles,  1 tensor ranks for 0=projectile
@subtitle   "20O(d,t) @ 30AMeV Haixia (d) + Pang (t)"                                       
@legend ON
@legend x1 0.2
@legend y1 0.8
@g0 type LOGY
@yaxis ticklabel format power
@legend string   0 "Lab energy =   70.0000"
#legend string   0 "Partition=  2 Excit=  3 near/far= 1"
#  Theta       sigma       iT11        T20         T21         T22         Kyy for projectile
   3.000       9.332    
   4.000       9.065    
   5.000       8.736    
   6.000       8.339    
   7.000       7.860    
   8.000       7.287    
   9.000       6.614    
   10.00       5.850    
   11.00       5.019    
   12.00       4.163    
   13.00       3.329    
   14.00       2.567    
   15.00       1.914    
   16.00       1.397    
   17.00       1.024    
   18.00      0.7858    
   19.00      0.6636    
   20.00      0.6293    
   21.00      0.6531    
   22.00      0.7081    
   23.00      0.7730    
   24.00      0.8337    
   25.00      0.8831    
   26.00      0.9197    
   27.00      0.9461    
   28.00      0.9666    
   29.00      0.9857    
   30.00       1.007    
   31.00       1.031    
   32.00       1.058    
   33.00       1.085    
   34.00       1.110    
   35.00       1.129    
   36.00       1.140    
   37.00       1.140    
   38.00       1.127    
   39.00       1.103    
   40.00       1.068    
   41.00       1.023    
   42.00      0.9714    
   43.00      0.9152    
   44.00      0.8566    
   45.00      0.7977    
   46.00      0.7400    
   47.00      0.6845    
   48.00      0.6320    
   49.00      0.5827    
   50.00      0.5365    
   51.00      0.4934    
   52.00      0.4531    
   53.00      0.4152    
   54.00      0.3795    
   55.00      0.3458    
   56.00      0.3141    
   57.00      0.2842    
   58.00      0.2561    
   59.00      0.2300    
   60.00      0.2058    
   61.00      0.1835    
   62.00      0.1632    
   63.00      0.1449    
   64.00      0.1283    
   65.00      0.1136    
   66.00      0.1005    
   67.00      0.8886E-01
   68.00      0.7859E-01
   69.00      0.6951E-01
   70.00      0.6149E-01
   71.00      0.5439E-01
   72.00      0.4809E-01
   73.00      0.4250E-01
   74.00      0.3751E-01
   75.00      0.3307E-01
   76.00      0.2911E-01
   77.00      0.2558E-01
   78.00      0.2245E-01
   79.00      0.1966E-01
   80.00      0.1720E-01
   81.00      0.1502E-01
   82.00      0.1312E-01
   83.00      0.1145E-01
   84.00      0.9991E-02
   85.00      0.8725E-02
   86.00      0.7625E-02
   87.00      0.6671E-02
   88.00      0.5843E-02
   89.00      0.5124E-02
   90.00      0.4498E-02
   91.00      0.3953E-02
   92.00      0.3475E-02
   93.00      0.3057E-02
   94.00      0.2688E-02
   95.00      0.2364E-02
   96.00      0.2078E-02
   97.00      0.1826E-02
   98.00      0.1604E-02
   99.00      0.1408E-02
   100.0      0.1236E-02
   101.0      0.1085E-02
   102.0      0.9534E-03
   103.0      0.8383E-03
   104.0      0.7380E-03
   105.0      0.6507E-03
   106.0      0.5749E-03
   107.0      0.5089E-03
   108.0      0.4514E-03
   109.0      0.4012E-03
   110.0      0.3573E-03
   111.0      0.3188E-03
   112.0      0.2848E-03
   113.0      0.2547E-03
   114.0      0.2279E-03
   115.0      0.2041E-03
   116.0      0.1828E-03
   117.0      0.1637E-03
   118.0      0.1467E-03
   119.0      0.1314E-03
   120.0      0.1177E-03
   121.0      0.1055E-03
   122.0      0.9461E-04
   123.0      0.8492E-04
   124.0      0.7630E-04
   125.0      0.6864E-04
   126.0      0.6185E-04
   127.0      0.5583E-04
   128.0      0.5047E-04
   129.0      0.4571E-04
   130.0      0.4146E-04
   131.0      0.3765E-04
   132.0      0.3423E-04
   133.0      0.3113E-04
   134.0      0.2832E-04
   135.0      0.2576E-04
   136.0      0.2341E-04
   137.0      0.2125E-04
   138.0      0.1926E-04
   139.0      0.1742E-04
   140.0      0.1573E-04
   141.0      0.1416E-04
   142.0      0.1272E-04
   143.0      0.1140E-04
   144.0      0.1019E-04
   145.0      0.9089E-05
   146.0      0.8100E-05
   147.0      0.7215E-05
   148.0      0.6433E-05
   149.0      0.5750E-05
   150.0      0.5162E-05
   151.0      0.4664E-05
   152.0      0.4250E-05
   153.0      0.3914E-05
   154.0      0.3648E-05
   155.0      0.3445E-05
   156.0      0.3295E-05
   157.0      0.3190E-05
   158.0      0.3120E-05
   159.0      0.3076E-05
   160.0      0.3048E-05
   161.0      0.3029E-05
   162.0      0.3010E-05
   163.0      0.2985E-05
   164.0      0.2947E-05
   165.0      0.2893E-05
   166.0      0.2820E-05
   167.0      0.2726E-05
   168.0      0.2611E-05
   169.0      0.2478E-05
   170.0      0.2329E-05
   171.0      0.2168E-05
   172.0      0.2001E-05
   173.0      0.1833E-05
   174.0      0.1671E-05
   175.0      0.1521E-05
   176.0      0.1389E-05
   177.0      0.1280E-05
   178.0      0.1199E-05
   179.0      0.1149E-05
   180.0      0.1132E-05
 END
