# 178 angles,  1 tensor ranks for 0=projectile
@subtitle   "20O + d inelastic scattering;"                                                 
@legend ON
@legend x1 0.2
@legend y1 0.8
@g0 type LOGY
@yaxis ticklabel format power
@legend string   0 "Lab energy =   70.0000"
#legend string   0 "Partition=  1 Excit=  1 near/far= 1"
#  Theta       sigma       iT11        T20         T21         T22         Kyy for projectile
   3.000      0.2966E+05
   4.000      0.1227E+05
   5.000       8311.    
   6.000       6625.    
   7.000       5387.    
   8.000       4271.    
   9.000       3252.    
   10.00       2356.    
   11.00       1610.    
   12.00       1023.    
   13.00       592.0    
   14.00       300.4    
   15.00       124.7    
   16.00       38.22    
   17.00       14.14    
   18.00       28.49    
   19.00       61.61    
   20.00       98.86    
   21.00       130.6    
   22.00       151.7    
   23.00       160.5    
   24.00       157.9    
   25.00       146.3    
   26.00       128.7    
   27.00       108.3    
   28.00       87.68    
   29.00       68.87    
   30.00       53.12    
   31.00       40.96    
   32.00       32.38    
   33.00       26.96    
   34.00       24.03    
   35.00       22.86    
   36.00       22.71    
   37.00       22.98    
   38.00       23.21    
   39.00       23.09    
   40.00       22.48    
   41.00       21.34    
   42.00       19.75    
   43.00       17.82    
   44.00       15.69    
   45.00       13.51    
   46.00       11.40    
   47.00       9.464    
   48.00       7.762    
   49.00       6.326    
   50.00       5.160    
   51.00       4.248    
   52.00       3.557    
   53.00       3.048    
   54.00       2.678    
   55.00       2.410    
   56.00       2.207    
   57.00       2.044    
   58.00       1.898    
   59.00       1.758    
   60.00       1.616    
   61.00       1.468    
   62.00       1.317    
   63.00       1.165    
   64.00       1.016    
   65.00      0.8732    
   66.00      0.7408    
   67.00      0.6213    
   68.00      0.5163    
   69.00      0.4263    
   70.00      0.3511    
   71.00      0.2897    
   72.00      0.2407    
   73.00      0.2022    
   74.00      0.1723    
   75.00      0.1494    
   76.00      0.1316    
   77.00      0.1177    
   78.00      0.1063    
   79.00      0.9670E-01
   80.00      0.8817E-01
   81.00      0.8029E-01
   82.00      0.7280E-01
   83.00      0.6557E-01
   84.00      0.5859E-01
   85.00      0.5188E-01
   86.00      0.4550E-01
   87.00      0.3954E-01
   88.00      0.3404E-01
   89.00      0.2906E-01
   90.00      0.2462E-01
   91.00      0.2074E-01
   92.00      0.1740E-01
   93.00      0.1457E-01
   94.00      0.1221E-01
   95.00      0.1026E-01
   96.00      0.8683E-02
   97.00      0.7411E-02
   98.00      0.6395E-02
   99.00      0.5588E-02
   100.0      0.4945E-02
   101.0      0.4430E-02
   102.0      0.4011E-02
   103.0      0.3664E-02
   104.0      0.3369E-02
   105.0      0.3110E-02
   106.0      0.2877E-02
   107.0      0.2662E-02
   108.0      0.2460E-02
   109.0      0.2267E-02
   110.0      0.2083E-02
   111.0      0.1905E-02
   112.0      0.1735E-02
   113.0      0.1573E-02
   114.0      0.1420E-02
   115.0      0.1275E-02
   116.0      0.1140E-02
   117.0      0.1015E-02
   118.0      0.8998E-03
   119.0      0.7955E-03
   120.0      0.7015E-03
   121.0      0.6176E-03
   122.0      0.5436E-03
   123.0      0.4788E-03
   124.0      0.4226E-03
   125.0      0.3745E-03
   126.0      0.3336E-03
   127.0      0.2992E-03
   128.0      0.2705E-03
   129.0      0.2466E-03
   130.0      0.2270E-03
   131.0      0.2108E-03
   132.0      0.1974E-03
   133.0      0.1862E-03
   134.0      0.1766E-03
   135.0      0.1683E-03
   136.0      0.1608E-03
   137.0      0.1538E-03
   138.0      0.1470E-03
   139.0      0.1403E-03
   140.0      0.1336E-03
   141.0      0.1267E-03
   142.0      0.1196E-03
   143.0      0.1124E-03
   144.0      0.1050E-03
   145.0      0.9754E-04
   146.0      0.9009E-04
   147.0      0.8273E-04
   148.0      0.7554E-04
   149.0      0.6863E-04
   150.0      0.6208E-04
   151.0      0.5596E-04
   152.0      0.5035E-04
   153.0      0.4530E-04
   154.0      0.4084E-04
   155.0      0.3700E-04
   156.0      0.3378E-04
   157.0      0.3118E-04
   158.0      0.2916E-04
   159.0      0.2768E-04
   160.0      0.2670E-04
   161.0      0.2614E-04
   162.0      0.2595E-04
   163.0      0.2605E-04
   164.0      0.2638E-04
   165.0      0.2686E-04
   166.0      0.2743E-04
   167.0      0.2803E-04
   168.0      0.2863E-04
   169.0      0.2918E-04
   170.0      0.2965E-04
   171.0      0.3003E-04
   172.0      0.3032E-04
   173.0      0.3053E-04
   174.0      0.3065E-04
   175.0      0.3071E-04
   176.0      0.3073E-04
   177.0      0.3071E-04
   178.0      0.3069E-04
   179.0      0.3067E-04
   180.0      0.3066E-04
 END
