# Fusion cross sections for ELAB=  70.000, ECM=  63.597
     0.0   1.754       1.787      0.3315E-01
     1.0   15.79       16.08      0.2925    
     2.0   26.36       26.80      0.4426    
     3.0   37.01       37.55      0.5403    
     4.0   47.78       48.37      0.5847    
     5.0   58.72       59.33      0.6090    
     6.0   69.84       70.46      0.6167    
     7.0   81.30       81.98      0.6805    
     8.0   92.51       93.38      0.8755    
     9.0   101.0       102.1       1.164    
    10.0   103.0       104.5       1.452    
    11.0   95.47       97.00       1.529    
    12.0   78.75       80.05       1.296    
    13.0   58.03       58.92      0.8881    
    14.0   39.18       39.68      0.4994    
    15.0   24.98       25.21      0.2346    
    16.0   15.39       15.48      0.9531E-01
    17.0   9.290       9.325      0.3479E-01
    18.0   5.545       5.556      0.1168E-01
    19.0   3.286       3.289      0.3647E-02
    20.0   1.938       1.939      0.1087E-02
    21.0   1.139       1.139      0.3683E-03
    22.0  0.6676      0.6678      0.2132E-03
    23.0  0.3903      0.3905      0.2049E-03
    24.0  0.2277      0.2279      0.2195E-03
    25.0  0.1325      0.1328      0.2270E-03
    26.0  0.7701E-01  0.7724E-01  0.2245E-03
    27.0  0.4467E-01  0.4488E-01  0.2150E-03
    28.0  0.2587E-01  0.2607E-01  0.2019E-03
    29.0  0.1495E-01  0.1514E-01  0.1873E-03
    30.0  0.8632E-02  0.8804E-02  0.1727E-03
    31.0  0.4976E-02  0.5134E-02  0.1588E-03
    32.0  0.2864E-02  0.3010E-02  0.1459E-03
    33.0  0.1647E-02  0.1781E-02  0.1341E-03
    34.0  0.9456E-03  0.1069E-02  0.1234E-03
    35.0  0.5424E-03  0.6561E-03  0.1136E-03
    36.0  0.3108E-03  0.4157E-03  0.1049E-03
    37.0  0.1779E-03  0.2749E-03  0.9698E-04
    38.0  0.1017E-03  0.1915E-03  0.8983E-04
    39.0  0.5811E-04  0.1415E-03  0.8336E-04
    40.0  0.3317E-04  0.1106E-03  0.7747E-04
    41.0  0.1891E-04  0.9105E-04  0.7214E-04
    42.0  0.1078E-04  0.7804E-04  0.6726E-04
    43.0  0.6137E-05  0.6895E-04  0.6281E-04
    44.0  0.3491E-05  0.6224E-04  0.5875E-04
    45.0  0.1985E-05  0.5699E-04  0.5501E-04
    46.0  0.1128E-05  0.5271E-04  0.5158E-04
    47.0  0.6402E-06  0.4906E-04  0.4842E-04
    48.0  0.3632E-06  0.4587E-04  0.4551E-04
    49.0  0.2059E-06  0.4303E-04  0.4282E-04
    50.0  0.1166E-06  0.4044E-04  0.4033E-04
 &
