# 181 angles,  1 tensor ranks for 0=projectile
@subtitle   "p+O20 2nd ex with BG ;"                                                        
@legend ON
@legend x1 0.2
@legend y1 0.8
@g0 type LOGY
@yaxis ticklabel format power
@legend string   0 "Lab energy =   35.0000"
#legend string   0 "Partition=  1 Excit=  2 near/far= 1"
#  Theta       sigma       iT11        T20         T21         T22         Kyy for projectile
   0.000       42.28    
   1.000       42.31    
   2.000       42.35    
   3.000       42.30    
   4.000       42.00    
   5.000       41.38    
   6.000       40.40    
   7.000       39.13    
   8.000       37.69    
   9.000       36.18    
   10.00       34.71    
   11.00       33.35    
   12.00       32.13    
   13.00       31.08    
   14.00       30.21    
   15.00       29.55    
   16.00       29.10    
   17.00       28.85    
   18.00       28.80    
   19.00       28.92    
   20.00       29.17    
   21.00       29.51    
   22.00       29.89    
   23.00       30.29    
   24.00       30.64    
   25.00       30.93    
   26.00       31.10    
   27.00       31.13    
   28.00       31.00    
   29.00       30.70    
   30.00       30.21    
   31.00       29.53    
   32.00       28.66    
   33.00       27.62    
   34.00       26.43    
   35.00       25.11    
   36.00       23.69    
   37.00       22.18    
   38.00       20.63    
   39.00       19.05    
   40.00       17.48    
   41.00       15.95    
   42.00       14.47    
   43.00       13.08    
   44.00       11.78    
   45.00       10.60    
   46.00       9.536    
   47.00       8.599    
   48.00       7.792    
   49.00       7.112    
   50.00       6.555    
   51.00       6.115    
   52.00       5.782    
   53.00       5.545    
   54.00       5.393    
   55.00       5.311    
   56.00       5.285    
   57.00       5.303    
   58.00       5.351    
   59.00       5.418    
   60.00       5.493    
   61.00       5.567    
   62.00       5.630    
   63.00       5.674    
   64.00       5.695    
   65.00       5.689    
   66.00       5.652    
   67.00       5.584    
   68.00       5.486    
   69.00       5.356    
   70.00       5.198    
   71.00       5.013    
   72.00       4.804    
   73.00       4.577    
   74.00       4.333    
   75.00       4.079    
   76.00       3.816    
   77.00       3.550    
   78.00       3.283    
   79.00       3.019    
   80.00       2.762    
   81.00       2.514    
   82.00       2.277    
   83.00       2.054    
   84.00       1.845    
   85.00       1.652    
   86.00       1.476    
   87.00       1.316    
   88.00       1.172    
   89.00       1.046    
   90.00      0.9343    
   91.00      0.8380    
   92.00      0.7557    
   93.00      0.6864    
   94.00      0.6288    
   95.00      0.5816    
   96.00      0.5437    
   97.00      0.5137    
   98.00      0.4905    
   99.00      0.4729    
   100.0      0.4598    
   101.0      0.4502    
   102.0      0.4432    
   103.0      0.4379    
   104.0      0.4337    
   105.0      0.4300    
   106.0      0.4262    
   107.0      0.4220    
   108.0      0.4170    
   109.0      0.4110    
   110.0      0.4038    
   111.0      0.3954    
   112.0      0.3858    
   113.0      0.3750    
   114.0      0.3630    
   115.0      0.3500    
   116.0      0.3361    
   117.0      0.3214    
   118.0      0.3062    
   119.0      0.2906    
   120.0      0.2748    
   121.0      0.2589    
   122.0      0.2431    
   123.0      0.2275    
   124.0      0.2124    
   125.0      0.1978    
   126.0      0.1838    
   127.0      0.1705    
   128.0      0.1581    
   129.0      0.1464    
   130.0      0.1357    
   131.0      0.1258    
   132.0      0.1168    
   133.0      0.1087    
   134.0      0.1014    
   135.0      0.9493E-01
   136.0      0.8927E-01
   137.0      0.8434E-01
   138.0      0.8005E-01
   139.0      0.7635E-01
   140.0      0.7316E-01
   141.0      0.7044E-01
   142.0      0.6814E-01
   143.0      0.6619E-01
   144.0      0.6452E-01
   145.0      0.6307E-01
   146.0      0.6176E-01
   147.0      0.6056E-01
   148.0      0.5944E-01
   149.0      0.5837E-01
   150.0      0.5733E-01
   151.0      0.5629E-01
   152.0      0.5522E-01
   153.0      0.5411E-01
   154.0      0.5296E-01
   155.0      0.5176E-01
   156.0      0.5053E-01
   157.0      0.4927E-01
   158.0      0.4799E-01
   159.0      0.4670E-01
   160.0      0.4541E-01
   161.0      0.4414E-01
   162.0      0.4290E-01
   163.0      0.4169E-01
   164.0      0.4053E-01
   165.0      0.3942E-01
   166.0      0.3838E-01
   167.0      0.3742E-01
   168.0      0.3655E-01
   169.0      0.3577E-01
   170.0      0.3507E-01
   171.0      0.3445E-01
   172.0      0.3389E-01
   173.0      0.3342E-01
   174.0      0.3302E-01
   175.0      0.3269E-01
   176.0      0.3245E-01
   177.0      0.3226E-01
   178.0      0.3214E-01
   179.0      0.3206E-01
   180.0      0.3204E-01
 END
