# 178 angles,  1 tensor ranks for 0=projectile
@subtitle   "p+O20 1st with BG ;"                                                           
@legend ON
@legend x1 0.2
@legend y1 0.8
@g0 type LOGY
@yaxis ticklabel format power
@legend string   0 "Lab energy =   43.2700"
#legend string   0 "Partition=  1 Excit=  2 near/far= 1"
#  Theta       sigma       iT11        T20         T21         T22         Kyy for projectile
   3.000       41.83    
   4.000       41.02    
   5.000       39.85    
   6.000       38.40    
   7.000       36.78    
   8.000       35.14    
   9.000       33.60    
   10.00       32.24    
   11.00       31.11    
   12.00       30.25    
   13.00       29.69    
   14.00       29.45    
   15.00       29.52    
   16.00       29.86    
   17.00       30.42    
   18.00       31.14    
   19.00       31.98    
   20.00       32.88    
   21.00       33.78    
   22.00       34.61    
   23.00       35.29    
   24.00       35.76    
   25.00       35.97    
   26.00       35.91    
   27.00       35.58    
   28.00       34.97    
   29.00       34.08    
   30.00       32.92    
   31.00       31.50    
   32.00       29.88    
   33.00       28.09    
   34.00       26.18    
   35.00       24.20    
   36.00       22.20    
   37.00       20.21    
   38.00       18.26    
   39.00       16.40    
   40.00       14.65    
   41.00       13.04    
   42.00       11.59    
   43.00       10.30    
   44.00       9.187    
   45.00       8.235    
   46.00       7.447    
   47.00       6.811    
   48.00       6.315    
   49.00       5.942    
   50.00       5.673    
   51.00       5.492    
   52.00       5.380    
   53.00       5.322    
   54.00       5.301    
   55.00       5.300    
   56.00       5.305    
   57.00       5.303    
   58.00       5.288    
   59.00       5.253    
   60.00       5.194    
   61.00       5.107    
   62.00       4.989    
   63.00       4.841    
   64.00       4.663    
   65.00       4.460    
   66.00       4.235    
   67.00       3.994    
   68.00       3.739    
   69.00       3.475    
   70.00       3.206    
   71.00       2.936    
   72.00       2.670    
   73.00       2.412    
   74.00       2.165    
   75.00       1.931    
   76.00       1.713    
   77.00       1.511    
   78.00       1.327    
   79.00       1.161    
   80.00       1.014    
   81.00      0.8856    
   82.00      0.7742    
   83.00      0.6792    
   84.00      0.5993    
   85.00      0.5333    
   86.00      0.4800    
   87.00      0.4376    
   88.00      0.4048    
   89.00      0.3798    
   90.00      0.3614    
   91.00      0.3483    
   92.00      0.3392    
   93.00      0.3331    
   94.00      0.3289    
   95.00      0.3259    
   96.00      0.3232    
   97.00      0.3204    
   98.00      0.3170    
   99.00      0.3129    
   100.0      0.3076    
   101.0      0.3010    
   102.0      0.2932    
   103.0      0.2840    
   104.0      0.2737    
   105.0      0.2624    
   106.0      0.2501    
   107.0      0.2372    
   108.0      0.2236    
   109.0      0.2096    
   110.0      0.1954    
   111.0      0.1813    
   112.0      0.1673    
   113.0      0.1537    
   114.0      0.1405    
   115.0      0.1278    
   116.0      0.1158    
   117.0      0.1045    
   118.0      0.9399E-01
   119.0      0.8428E-01
   120.0      0.7539E-01
   121.0      0.6734E-01
   122.0      0.6013E-01
   123.0      0.5375E-01
   124.0      0.4814E-01
   125.0      0.4323E-01
   126.0      0.3897E-01
   127.0      0.3534E-01
   128.0      0.3230E-01
   129.0      0.2982E-01
   130.0      0.2783E-01
   131.0      0.2626E-01
   132.0      0.2500E-01
   133.0      0.2402E-01
   134.0      0.2329E-01
   135.0      0.2279E-01
   136.0      0.2249E-01
   137.0      0.2235E-01
   138.0      0.2229E-01
   139.0      0.2226E-01
   140.0      0.2225E-01
   141.0      0.2224E-01
   142.0      0.2224E-01
   143.0      0.2223E-01
   144.0      0.2218E-01
   145.0      0.2208E-01
   146.0      0.2189E-01
   147.0      0.2163E-01
   148.0      0.2130E-01
   149.0      0.2090E-01
   150.0      0.2043E-01
   151.0      0.1990E-01
   152.0      0.1929E-01
   153.0      0.1863E-01
   154.0      0.1792E-01
   155.0      0.1718E-01
   156.0      0.1639E-01
   157.0      0.1558E-01
   158.0      0.1473E-01
   159.0      0.1388E-01
   160.0      0.1303E-01
   161.0      0.1221E-01
   162.0      0.1141E-01
   163.0      0.1063E-01
   164.0      0.9870E-02
   165.0      0.9135E-02
   166.0      0.8441E-02
   167.0      0.7801E-02
   168.0      0.7221E-02
   169.0      0.6697E-02
   170.0      0.6221E-02
   171.0      0.5786E-02
   172.0      0.5392E-02
   173.0      0.5046E-02
   174.0      0.4755E-02
   175.0      0.4520E-02
   176.0      0.4336E-02
   177.0      0.4196E-02
   178.0      0.4096E-02
   179.0      0.4034E-02
   180.0      0.4012E-02
 END
