# 178 angles,  1 tensor ranks for 0=projectile
@subtitle   "20O + d inelastic scattering;"                                                 
@legend ON
@legend x1 0.2
@legend y1 0.8
@g0 type LOGY
@yaxis ticklabel format power
@legend string   0 "Lab energy =   70.0000"
#legend string   0 "Partition=  1 Excit=  2 near/far= 1"
#  Theta       sigma       iT11        T20         T21         T22         Kyy for projectile
   3.000       18.41    
   4.000       16.67    
   5.000       15.84    
   6.000       16.66    
   7.000       19.57    
   8.000       24.51    
   9.000       30.92    
   10.00       37.92    
   11.00       44.54    
   12.00       49.91    
   13.00       53.37    
   14.00       54.50    
   15.00       53.14    
   16.00       49.48    
   17.00       43.96    
   18.00       37.29    
   19.00       30.25    
   20.00       23.60    
   21.00       17.92    
   22.00       13.56    
   23.00       10.68    
   24.00       9.231    
   25.00       8.993    
   26.00       9.655    
   27.00       10.84    
   28.00       12.20    
   29.00       13.40    
   30.00       14.25    
   31.00       14.60    
   32.00       14.45    
   33.00       13.81    
   34.00       12.79    
   35.00       11.52    
   36.00       10.13    
   37.00       8.760    
   38.00       7.501    
   39.00       6.426    
   40.00       5.567    
   41.00       4.930    
   42.00       4.494    
   43.00       4.222    
   44.00       4.067    
   45.00       3.977    
   46.00       3.909    
   47.00       3.829    
   48.00       3.714    
   49.00       3.554    
   50.00       3.346    
   51.00       3.096    
   52.00       2.813    
   53.00       2.512    
   54.00       2.207    
   55.00       1.913    
   56.00       1.640    
   57.00       1.396    
   58.00       1.185    
   59.00       1.009    
   60.00      0.8649    
   61.00      0.7509    
   62.00      0.6619    
   63.00      0.5927    
   64.00      0.5382    
   65.00      0.4937    
   66.00      0.4559    
   67.00      0.4217    
   68.00      0.3894    
   69.00      0.3576    
   70.00      0.3260    
   71.00      0.2944    
   72.00      0.2633    
   73.00      0.2332    
   74.00      0.2047    
   75.00      0.1782    
   76.00      0.1541    
   77.00      0.1326    
   78.00      0.1138    
   79.00      0.9771E-01
   80.00      0.8404E-01
   81.00      0.7257E-01
   82.00      0.6304E-01
   83.00      0.5517E-01
   84.00      0.4864E-01
   85.00      0.4317E-01
   86.00      0.3851E-01
   87.00      0.3449E-01
   88.00      0.3098E-01
   89.00      0.2789E-01
   90.00      0.2516E-01
   91.00      0.2269E-01
   92.00      0.2044E-01
   93.00      0.1838E-01
   94.00      0.1653E-01
   95.00      0.1488E-01
   96.00      0.1341E-01
   97.00      0.1209E-01
   98.00      0.1089E-01
   99.00      0.9795E-02
   100.0      0.8813E-02
   101.0      0.7941E-02
   102.0      0.7164E-02
   103.0      0.6456E-02
   104.0      0.5794E-02
   105.0      0.5170E-02
   106.0      0.4590E-02
   107.0      0.4062E-02
   108.0      0.3590E-02
   109.0      0.3168E-02
   110.0      0.2786E-02
   111.0      0.2442E-02
   112.0      0.2138E-02
   113.0      0.1879E-02
   114.0      0.1666E-02
   115.0      0.1495E-02
   116.0      0.1356E-02
   117.0      0.1242E-02
   118.0      0.1151E-02
   119.0      0.1084E-02
   120.0      0.1039E-02
   121.0      0.1010E-02
   122.0      0.9899E-03
   123.0      0.9701E-03
   124.0      0.9462E-03
   125.0      0.9197E-03
   126.0      0.8936E-03
   127.0      0.8688E-03
   128.0      0.8429E-03
   129.0      0.8115E-03
   130.0      0.7715E-03
   131.0      0.7241E-03
   132.0      0.6745E-03
   133.0      0.6275E-03
   134.0      0.5839E-03
   135.0      0.5415E-03
   136.0      0.4979E-03
   137.0      0.4527E-03
   138.0      0.4088E-03
   139.0      0.3706E-03
   140.0      0.3398E-03
   141.0      0.3139E-03
   142.0      0.2899E-03
   143.0      0.2670E-03
   144.0      0.2466E-03
   145.0      0.2311E-03
   146.0      0.2212E-03
   147.0      0.2147E-03
   148.0      0.2075E-03
   149.0      0.1983E-03
   150.0      0.1897E-03
   151.0      0.1853E-03
   152.0      0.1860E-03
   153.0      0.1896E-03
   154.0      0.1915E-03
   155.0      0.1878E-03
   156.0      0.1795E-03
   157.0      0.1719E-03
   158.0      0.1693E-03
   159.0      0.1718E-03
   160.0      0.1757E-03
   161.0      0.1766E-03
   162.0      0.1711E-03
   163.0      0.1607E-03
   164.0      0.1509E-03
   165.0      0.1457E-03
   166.0      0.1447E-03
   167.0      0.1447E-03
   168.0      0.1425E-03
   169.0      0.1355E-03
   170.0      0.1244E-03
   171.0      0.1134E-03
   172.0      0.1063E-03
   173.0      0.1037E-03
   174.0      0.1036E-03
   175.0      0.1038E-03
   176.0      0.1011E-03
   177.0      0.9444E-04
   178.0      0.8659E-04
   179.0      0.8151E-04
   180.0      0.8002E-04
 END
