155 17
155 31
155 119
155 583
155 918
155 969
155 1044
155 1080
155 1095
155 1251
155 1296
155 1564
155 1657
155 1714
155 1832
155 1887
155 1952
155 2654
155 2674
155 2819
155 2930
155 2934
155 3315
155 3320
155 3405
155 3422
155 3439
155 3462
155 3483
155 3694
155 3744
155 3793
155 3815
155 3821
155 3881
155 4296
155 4547
155 4687
155 4738
155 4808
155 4820
155 4918
155 4950
155 5456
155 5486
155 5687
155 5784
155 5826
155 5849
155 6298
155 6570
155 6639
155 6738
155 7190
155 7493
155 7502
155 7517
155 7518
155 7566
155 7601
155 7724
155 7750
155 7944
155 8181
155 8533
155 8556
155 8907
155 9414
155 9536
155 9538
155 9609
155 9946
155 9961
155 10001
155 10450
155 10487
155 11293
155 11378
155 11392
155 11406
155 11449
155 11456
155 11504
155 11527
155 11556
155 12165
155 12258
155 12300
155 12442
155 12487
155 12624
155 12651
155 12680
155 12957
155 13004
155 13470
155 13528
155 13613
155 13959
155 14074
155 14453
155 14469
155 14990
155 15015
155 15148
155 15398
155 15427
155 15585
155 15729
155 15954
155 16440
155 16534
155 16987
155 17117
155 17369
155 17497
155 17763
155 18096
155 18099
155 18104
155 18430
155 18496
155 18567
155 18671
155 19257
155 19448
155 19582
155 19787
155 19987
155 20042
155 20344
155 20486
155 20507
155 20677
155 20758
155 20816
155 20981
155 21132
155 21146
155 21183
155 21251
155 21271
155 21315
155 21576
155 21732
155 22063
155 22286
155 22348
155 22364
155 22703
155 22750
155 22777
155 22864
155 22904
155 23219
155 23227
155 23368
155 23505
155 23549
155 23862
155 24222
155 24229
155 24332
155 24457
155 24874
155 25403
155 25464
155 25504
155 25510
155 25526
155 25557
155 25590
155 25635
155 25824
155 26264
155 26320
155 26331
155 26466
155 26641
155 26695
155 26863
155 26928
155 27201
155 27371
155 27395
155 27401
155 27433
155 27688
155 27833
155 28270
155 28311
155 28476
155 28531
155 28558
155 28770
155 29291
155 29690
155 29691
155 29778
155 29898
155 29924
155 30034
155 30109
155 30142
155 30499
155 30565
155 30880
155 31504
155 31593
155 31770
155 31775
155 31859
155 31911
155 31948
155 32130
155 32276
155 32312
155 32348
155 32363
155 32521
155 32641
155 32667
155 33127
155 33137
155 33141
155 34040
155 34445
155 34617
155 34640
155 34706
155 34830
155 35656
155 36047
155 36245
155 36263
155 36273
155 36324
155 36328
155 36560
155 36798
155 37021
155 37242
155 37310
155 37333
155 37415
156 306
156 525
156 561
156 609
156 614
156 653
156 693
156 707
156 845
156 1037
156 1258
156 1323
156 2057
156 2334
156 2443
156 2464
156 2586
156 2601
156 2926
156 2989
156 3030
156 3202
156 3249
156 3653
156 3811
156 4226
156 4303
156 4588
156 4746
156 5151
156 5247
156 5491
156 5760
156 5761
156 5886
156 5972
156 6481
156 6760
156 6828
156 6888
156 6995
156 7069
156 7102
156 7344
156 7679
156 7798
156 7955
156 8251
156 8259
156 8273
156 8522
156 8536
156 8790
156 9097
156 9895
156 10026
156 10249
156 10289
156 10480
156 10546
156 10751
156 10888
156 11017
156 11332
156 11540
156 11775
156 12048
156 12094
156 12164
156 12501
156 12632
156 12922
156 13055
156 13367
156 13508
156 13673
156 13735
156 13906
156 14126
156 14195
156 14234
156 14450
156 14489
156 14637
156 14648
156 14987
156 15002
156 15088
156 15179
156 15424
156 15744
156 15776
156 15787
156 16195
156 16252
156 16318
156 16444
156 16986
156 17095
156 17175
156 17336
156 17436
156 17537
156 17995
156 18126
156 18239
156 18314
156 18535
156 18545
156 18678
156 18761
156 19024
156 19030
156 19614
156 19615
156 19851
156 20116
156 20239
156 20245
156 20366
156 20589
156 20979
156 21197
156 21436
156 21540
156 21557
156 23000
156 23340
156 23424
156 23614
156 23735
156 24086
156 24288
156 24384
156 24400
156 24456
156 24692
156 24861
156 24937
156 24985
156 25027
156 25155
156 25225
156 25386
156 25420
156 25508
156 25519
156 25578
156 25748
156 25993
156 26128
156 26213
156 26431
156 26683
156 26970
156 26997
156 27022
156 27319
156 27767
156 27795
156 27869
156 27913
156 28067
156 28090
156 28318
156 28944
156 29010
156 29034
156 29189
156 29240
156 29358
156 29956
156 29982
156 30116
156 30143
156 30232
156 30326
156 30493
156 30559
156 30664
156 30794
156 30886
156 31167
156 31175
156 31202
156 31297
156 31597
156 31844
156 32000
156 32085
156 32282
156 32370
156 32411
156 33162
156 33405
156 33549
156 33580
156 33719
156 34049
156 34150
156 34151
156 34200
156 34755
156 34864
156 34936
156 34984
156 35010
156 35131
156 35557
156 35872
156 35964
156 36221
156 36648
156 36921
156 37089
156 37143
156 37231
156 37408
156 37523
156 37529
156 37554
156 37743
156 37774
156 37948
156 38011
156 38180
156 38219
156 38273
156 38775
156 38843
156 38952
156 39330
156 39474
156 39507
156 39951
156 40650
156 40745
156 40770
156 40814
156 40908
156 41070
156 41071
156 41484
156 41610
156 41723
156 41905
156 41913
156 41924
156 42229
156 42273
156 42686
156 42762
156 42921
156 43275
156 43424
156 43494
156 43500
156 43550
156 43746
156 43914
156 44271
156 44358
156 44394
156 44451
156 44550
156 44977
156 45031
156 45093
156 45213
156 45254
156 45275
156 45528
156 45643
156 45733
156 45764
156 45792
156 46048
156 46121
156 46252
156 46300
156 46618
156 46658
156 46928
156 47043
156 47198
156 47314
156 47576
156 48079
156 48590
156 48739
156 48748
156 48768
156 49517
156 49584
156 49792
156 50088
156 50092
156 50323
156 50422
156 50573
156 51094
156 51143
156 51319
156 51399
156 51475
156 51502
156 51741
156 52243
156 52368
156 52476
156 52611
156 52639
156 52699
156 52750
156 52888
156 52908
156 53113
156 53177
156 53403
156 53412
156 53572
156 53823
156 53882
156 54024
156 54204
156 54248
156 54282
156 54303
156 54348
156 54620
156 54762
156 54792
156 55025
156 55061
156 55190
156 55321
156 55444
156 55534
156 55700
156 55705
156 55785
156 56245
156 56274
156 56737
156 56834
156 57344
156 57580
156 57785
156 57787
156 57850
156 57912
156 58133
156 58194
156 58415
156 58512
156 58616
156 58669
156 58731
156 58759
156 58837
156 58857
156 59073
156 59148
156 59266
156 59344
156 59468
156 59563
157 243
157 305
157 488
157 695
157 754
157 983
157 1094
157 1619
157 1691
157 1700
157 1736
157 1850
157 1901
157 1982
157 2024
157 2052
157 2517
157 2547
157 2778
157 2835
157 2924
157 3125
157 3222
157 3266
157 3386
157 3437
157 3598
157 3668
157 3709
157 3741
157 3808
157 3900
157 4257
157 4356
157 4616
157 4658
157 4710
157 4817
157 4848
157 4908
157 4953
157 5064
157 5387
157 5814
157 5998
157 6111
157 6148
157 6215
157 6600
157 6674
157 6685
157 6726
157 6749
157 7047
157 7092
157 7151
157 7226
157 7392
157 8039
157 9065
157 9484
157 9502
157 9717
157 9734
157 9763
157 9780
157 9866
157 9990
157 10340
157 10541
157 10602
157 10729
157 10892
157 11000
157 11014
157 11079
157 11146
157 11158
157 11380
157 11645
157 11696
157 11799
157 12018
157 12028
157 12044
157 12128
157 12144
157 12565
157 12575
157 12651
157 13149
157 13250
157 13326
157 13593
157 13638
157 13683
157 13885
157 13927
157 13946
157 14007
157 14102
157 14203
157 14618
157 14769
157 15068
157 15069
157 15203
157 15204
157 15310
157 15439
157 15611
157 15648
157 15696
157 15986
157 16636
157 16669
157 16818
157 16853
157 16979
157 17028
157 17206
157 17244
157 17310
157 17324
157 17423
157 17519
157 17540
157 17606
157 17756
157 17814
157 18005
157 18249
157 18256
157 18272
157 18441
157 18457
157 18544
157 18748
157 18954
157 19064
157 19069
157 19178
157 19300
157 19424
157 19435
157 19441
157 19457
157 19565
157 19978
157 20026
157 20032
157 20106
157 20321
157 20420
157 20501
157 20554
157 20581
157 20663
157 20764
157 20796
157 20862
157 20879
157 20960
157 21028
157 21031
157 21061
157 21236
157 21308
157 21597
157 21629
157 21964
157 22019
157 22205
157 22292
157 22423
157 22598
157 22854
157 22998
157 23172
157 23390
157 23447
157 23500
157 23516
157 23660
157 23667
157 23684
157 23697
157 23737
157 23746
157 23767
157 23972
157 24653
157 25025
157 25042
157 25428
157 25482
157 25970
157 26040
157 26073
157 26242
157 26372
157 26487
157 26511
157 26688
157 26791
157 27199
157 27435
157 27612
157 27810
157 27908
157 27942
157 28181
157 28186
157 28399
157 28599
157 28642
157 28685
157 28841
157 28842
157 29017
157 29076
157 29269
157 29270
157 29647
157 29926
157 29956
157 30011
157 30103
157 30203
157 30246
157 30574
157 30916
157 31097
157 31224
157 31444
157 32102
157 32144
157 32357
157 32419
157 32435
157 32461
157 32544
157 32649
157 33326
157 33407
157 33474
157 33513
157 33574
157 33608
157 33715
157 33979
157 34562
157 34607
157 34710
157 35068
157 35482
157 35888
157 35935
157 36167
157 36489
157 36518
157 36681
157 36702
157 36755
157 36812
157 36831
157 37126
157 37299
157 37475
157 37502
157 37677
157 38109
157 38191
157 38246
157 38476
157 38608
157 38629
157 38637
157 38696
157 39138
157 39221
157 39452
157 39611
157 39735
157 39819
157 39852
157 39973
157 40185
157 40236
157 40268
157 40444
157 40466
157 40617
157 40707
157 40900
157 41038
157 41264
157 41513
157 41519
157 41595
157 41750
157 41764
157 41962
157 42047
157 42501
157 42546
157 42958
157 42980
157 43129
157 43236
157 43537
157 43662
157 44248
157 44261
157 44321
157 44372
157 44406
157 44646
157 44705
157 44931
157 44959
157 44991
157 45151
157 45251
157 45296
157 45632
157 45654
157 45853
157 46148
157 46290
157 46528
157 46581
157 46772
157 46913
157 47030
157 47067
157 47363
157 47426
157 47427
157 47527
157 47553
157 47602
157 47651
157 47902
157 47943
157 47972
157 48066
157 48118
157 48610
157 48731
157 48847
157 49180
157 49440
157 49461
157 49526
157 49897
157 50215
157 50443
157 50590
157 50723
157 50818
157 50858
157 51156
157 51176
157 51196
157 51215
157 51329
157 51499
157 51668
157 51685
157 51731
157 51923
157 51980
157 52000
157 52058
157 52738
157 52813
157 52890
157 53101
157 53499
157 53736
157 53992
157 54113
157 54192
157 54799
157 54825
157 54916
157 55185
157 55292
157 55500
157 55808
157 55892
157 56309
157 56367
157 56468
157 56537
157 56546
157 56914
157 57138
157 57198
157 57358
157 57378
157 57437
157 57849
157 57896
157 57934
157 58064
157 58219
157 58252
157 58449
157 58661
157 58740
157 58831
157 58846
157 58984
157 59189
157 59198
157 59272
157 59441
157 59777
157 59813
157 60329
157 60501
157 60545
157 60585
157 60653
157 60990
157 61068
157 61227
157 61330
157 61331
157 61961
157 61974
157 62080
157 62111
157 62165
157 62359
157 62687
157 62812
157 63060
157 63114
157 63204
157 63227
157 63339
157 63394
157 63770
157 63782
157 64029
157 64047
157 64057
157 64196
158 420
158 504
158 712
158 753
158 973
158 1159
158 1181
158 1323
158 1399
158 1400
158 1480
158 1695
158 1945
158 2231
158 2905
158 3356
158 3495
158 3574
158 3755
158 3771
158 3821
158 3849
158 3886
158 3914
158 4009
158 4291
158 4361
158 4486
158 4542
158 4573
158 4851
158 5054
158 5228
158 5428
158 5698
158 5776
158 5883
158 6224
158 6330
158 6345
158 6455
158 6558
158 6562
158 6615
158 6717
158 6880
158 6927
158 7386
158 7673
158 7874
158 7982
158 8068
158 8093
158 8125
158 8330
158 8445
158 8549
158 8578
158 8755
158 8794
158 8840
158 8983
158 9064
158 9203
158 9249
158 9352
158 9471
158 9631
158 10128
158 10198
158 10352
158 10981
158 11433
158 11658
158 11710
158 11835
158 12131
158 12326
158 12443
158 12488
158 12628
158 12681
158 13008
158 13815
158 13922
158 14566
158 15080
158 15166
158 15256
158 15267
158 15583
158 15599
158 15776
158 15812
158 15834
158 15874
158 15918
158 16170
158 16345
158 16430
158 16535
158 16681
158 16755
158 16875
158 17033
158 17056
158 17063
158 17227
158 17416
158 17438
158 17448
158 17684
158 17915
158 18606
158 18870
158 19320
158 19333
158 19423
158 19645
158 19718
158 19750
158 19891
158 20087
158 20106
158 20407
158 20456
158 20668
158 20758
158 21057
158 21084
158 21432
158 21552
158 21661
158 21844
158 21888
158 22047
158 22189
158 22442
158 22931
158 23002
158 23038
158 23418
158 23788
158 23894
158 24476
158 24777
158 25083
158 25163
158 25168
158 25340
158 25410
158 25603
158 25959
158 26380
158 26398
158 26426
158 26465
158 26642
158 26738
158 26971
158 27149
158 27318
158 27351
158 27470
158 27500
158 27680
158 27724
158 27891
158 27931
158 27957
158 28010
158 28127
158 28148
158 28305
158 28383
158 28478
158 28490
158 28586
158 28629
158 28811
158 28888
158 29093
158 29137
158 29149
158 29196
158 29356
158 29363
158 29420
158 29616
158 29750
158 29788
158 29803
158 29947
158 29960
158 30115
158 30158
158 30319
158 30357
158 30506
158 30578
158 30919
158 31077
158 31187
158 31851
158 31951
158 31964
158 32077
158 32108
158 32297
158 32400
158 32537
158 32645
158 32703
158 32834
158 32944
158 33291
158 33566
158 33648
158 33681
158 33716
158 33863
158 33911
158 33962
158 34037
158 34241
158 34612
158 34627
158 34704
158 35104
158 35443
158 35521
158 35811
158 35879
158 36231
158 36240
158 36335
158 36806
158 36934
158 37205
158 37224
158 37240
158 37460
158 37505
158 37688
158 37712
158 37848
158 37982
158 38275
158 38333
158 38530
158 38546
158 38564
158 38596
158 38667
158 38729
158 38788
158 39434
158 39538
158 39928
158 40457
158 40464
158 40549
158 40583
158 40649
158 41117
158 41123
158 41291
158 41643
158 41657
158 41753
158 41881
158 41976
158 42157
158 42450
158 42484
158 42641
158 42754
158 43043
158 43295
158 43472
158 43623
158 43785
158 43869
158 43935
158 44740
158 44866
158 45226
158 45230
158 45249
158 45398
158 45444
158 45615
158 45633
158 45706
158 46406
158 46511
158 46549
158 46558
158 46944
158 47135
158 47673
158 48010
158 48014
158 48295
158 48391
158 48433
158 48754
158 48948
158 49070
158 49319
158 49452
158 49463
158 49523
158 49623
158 49667
158 50066
158 50137
158 50248
158 50688
158 50926
158 50961
158 51170
158 51624
158 51736
158 51908
158 52008
158 52050
158 52198
158 52539
158 52620
158 52909
158 53027
158 53214
158 53344
158 53365
158 53786
158 53996
158 54103
158 54109
158 54207
158 54256
158 54325
158 54368
158 54460
158 54574
158 54750
158 54980
158 54991
158 55220
158 55628
158 55636
158 55708
158 56047
158 56065
158 56223
158 56302
158 56398
158 56538
158 56620
158 56736
158 56835
158 56859
158 56968
158 57077
158 57102
158 57127
158 57261
158 57473
158 57485
158 57663
158 57831
158 57882
158 58036
159 18
159 215
159 271
159 319
159 357
159 376
159 456
159 570
159 596
159 656
159 683
159 688
159 947
159 1000
159 1148
159 1162
159 1498
159 1537
159 1607
159 1866
159 1884
159 1956
159 2059
159 2163
159 2181
159 2184
159 2214
159 2246
159 2317
159 2378
159 2416
159 2453
159 2495
159 2779
159 2793
159 2801
159 2882
159 2917
159 2919
159 3046
159 3244
159 3344
159 3421
159 3608
159 3618
159 3857
159 3951
159 3990
159 4124
159 4660
159 4854
159 5350
159 5536
159 5555
159 5725
159 5797
159 5804
159 6182
159 6188
159 6239
159 6769
159 6932
159 7151
159 7501
159 8123
159 8378
159 9272
159 9599
159 9698
159 9968
159 10032
159 10048
159 10270
159 10326
159 10473
159 10674
159 11029
159 11089
159 11094
159 11249
159 11346
159 11596
159 11745
159 12087
159 12116
159 12200
159 12389
159 12623
159 12740
159 12852
159 13004
159 13185
159 13310
159 13472
159 13537
159 13738
159 13967
159 14049
159 14281
159 14446
159 14586
159 14594
159 14623
159 14956
159 14972
159 15188
159 15336
159 15446
159 15509
159 15515
159 15549
159 15576
159 15577
159 15616
159 16139
159 16151
159 16264
159 16303
159 16424
159 16440
159 16596
159 16633
159 16768
159 16777
159 16890
159 16896
159 16936
159 17133
159 17145
159 17413
159 17634
159 17656
159 17657
159 17728
159 17995
159 18052
159 18137
159 18505
159 19410
159 19584
159 19590
159 19632
159 19708
159 19895
159 19932
159 20540
159 21292
159 21391
159 21567
159 21705
159 21755
159 21839
159 21867
159 21876
159 22031
159 22100
159 22686
159 22727
159 23018
159 23069
159 23368
159 23375
159 23511
159 23541
159 23695
159 24002
159 24217
159 24352
159 24387
159 24582
159 24663
159 24827
159 24949
159 25048
159 25117
159 25169
159 25415
159 25430
159 25624
159 25658
159 25660
159 25951
159 25990
159 26027
159 26274
159 26500
159 26793
159 26824
159 27201
159 27219
159 27297
159 27369
159 27656
159 27658
159 27677
159 27978
159 28539
159 28553
159 28566
159 28695
159 28735
159 29327
159 29465
159 29466
159 29472
159 29563
159 29581
159 30765
159 30855
159 31051
159 31399
159 31406
159 31465
159 31966
159 32043
159 32071
159 32289
159 32320
159 32340
159 32348
159 32350
159 32416
159 32655
159 32963
159 33008
159 33559
159 33817
159 33931
159 33943
159 33954
159 33972
159 34081
159 34121
159 34593
159 34641
159 34714
159 34876
159 34895
159 35023
159 35097
159 35250
159 35331
159 35355
159 35429
159 35727
159 35734
159 36133
159 36206
159 36369
159 36397
159 36416
159 36733
159 37139
159 37177
159 37576
159 37637
159 37720
159 37727
159 37784
159 37948
159 38804
159 38981
159 39009
159 39328
159 39712
159 39919
159 40073
159 40137
159 40254
159 41000
159 41211
159 41774
159 41934
159 42007
159 42045
159 42051
159 42058
159 42122
159 42230
159 42984
159 43050
159 43418
159 43460
159 43638
159 43663
159 43730
159 44389
159 44595
159 44913
159 45759
159 45834
159 45920
159 46146
159 46225
159 46543
159 46653
159 47138
159 47361
159 47369
159 47370
159 47446
159 47539
159 47548
159 47617
159 47747
159 47907
159 48308
159 48375
159 48418
159 48484
159 48536
159 48540
159 48610
159 48780
159 48795
159 49123
159 49135
159 49168
159 49595
159 49841
159 50282
159 50287
159 50348
159 50390
159 50492
159 50516
159 50562
159 51130
159 51278
159 51313
159 51584
159 51871
159 52102
159 52218
159 52245
159 52273
159 52276
159 52344
159 52608
159 52864
159 52950
159 53025
159 53088
159 53359
159 53368
159 53420
159 53499
159 53871
159 53947
159 54396
159 54860
159 54890
159 55148
159 55241
159 55320
159 55338
159 55424
159 55893
159 56022
159 56117
159 56486
160 164
160 397
160 436
160 519
160 581
160 735
160 745
160 1274
160 1486
160 1572
160 2013
160 2453
160 2543
160 2657
160 2681
160 2833
160 2870
160 3237
160 3327
160 3422
160 3765
160 4051
160 4262
160 4457
160 4662
160 4787
160 4915
160 4984
160 5466
160 5676
160 5841
160 5878
160 6464
160 6504
160 6585
160 6638
160 6700
160 6741
160 6783
160 6985
160 7021
160 7118
160 7229
160 7276
160 7286
160 7304
160 7391
160 8000
160 8578
160 8697
160 8730
160 8849
160 8944
160 9225
160 9268
160 9392
160 9404
160 9431
160 9568
160 9583
160 9702
160 9758
160 9842
160 9857
160 10127
160 10319
160 10467
160 10730
160 10755
160 10925
160 11007
160 11154
160 11260
160 11578
160 11851
160 11870
160 11914
160 12108
160 12462
160 12476
160 12561
160 12714
160 13054
160 13311
160 13457
160 13489
160 13493
160 13622
160 13812
160 14024
160 14222
160 14327
160 14490
160 14608
160 14685
160 15317
160 15359
160 15412
160 15644
160 15761
160 15790
160 15824
160 16073
160 16102
160 16248
160 16352
160 16480
160 16523
160 16851
160 17054
160 17070
160 17155
160 17206
160 17437
160 17675
160 17703
160 17721
160 17892
160 17894
160 18421
160 18826
160 18860
160 18960
160 19023
160 19072
160 19081
160 19254
160 19452
160 19462
160 19754
160 19972
160 19979
160 20043
160 20114
160 20426
160 20712
160 20795
160 21000
160 21062
160 21138
160 21233
160 21278
160 22274
160 22286
160 22312
160 22316
160 22516
160 22558
160 22666
160 22704
160 22813
160 23067
160 23130
160 23207
160 23914
160 23947
160 24071
160 24106
160 24132
160 24146
160 24222
160 24307
160 24348
160 24411
160 24622
160 24799
160 24816
160 25062
160 25172
160 25356
160 25415
160 25565
160 25600
160 26050
160 26146
160 26366
160 26368
160 26413
160 26746
160 26835
160 26850
160 27297
160 27405
160 27731
160 27830
160 27955
160 28306
160 28627
160 28712
160 29007
160 29042
160 29068
160 29263
160 29431
160 29875
160 30098
160 30380
160 30606
160 30895
160 31208
160 31428
160 31496
160 31591
160 31752
160 31774
160 31803
160 31814
160 31851
160 31906
160 31969
160 32293
160 32375
160 32741
160 32837
160 33029
160 33429
160 33621
160 33716
160 33974
160 34166
160 34359
160 34429
160 34537
160 34950
160 35085
160 35279
160 35439
160 35688
160 35713
160 35723
160 35784
160 35843
160 35908
160 35915
160 35921
160 35971
160 36153
160 36174
160 36185
160 36360
160 36636
160 36639
160 36762
160 36971
160 37036
160 37140
160 37151
160 37253
160 37288
160 37410
160 37502
160 37518
160 37562
160 37627
160 37748
160 37838
160 38812
160 38921
160 38987
160 39015
160 39110
160 39166
160 39508
160 39766
160 39778
160 39819
160 40005
160 40227
160 40379
160 40439
160 40696
160 40705
160 40840
160 40869
160 41029
160 41032
160 41040
160 41149
160 41460
160 41523
160 41619
160 41708
160 41858
160 42003
160 42391
160 42753
160 42774
160 43015
160 43254
160 43442
160 43503
160 43565
160 43649
160 43685
160 43761
160 43821
160 43846
160 44013
160 44024
160 44148
160 44719
160 44959
160 45023
160 45154
160 45178
160 45275
160 45399
160 45408
160 45410
160 45580
160 45653
160 45720
160 46907
160 46991
160 47474
160 47630
160 48105
160 48330
160 48559
160 48718
160 48769
160 49121
160 49508
160 49571
160 49614
160 49663
160 49949
160 50080
160 50658
160 51097
160 51380
160 51733
160 51868
160 52035
160 52304
160 52672
160 53079
160 53152
160 53534
160 53612
160 53682
160 53732
160 53895
160 54020
160 54036
160 54145
160 54159
160 54175
160 54365
160 54397
160 54430
160 54436
160 54608
160 54859
160 54862
160 54910
160 55091
160 55110
160 55337
160 55631
160 55677
160 56334
160 56510
160 56516
160 56564
160 56700
160 56889
160 56946
160 57022
160 57088
160 57089
160 57205
160 57216
160 57714
160 57796
160 57959
160 58122
160 58378
160 58751
160 58815
160 58956
160 59191
160 59264
160 59443
160 59727
160 60001
161 32
161 344
161 613
161 750
161 850
161 1241
161 1533
161 1567
161 1582
161 1700
161 2001
161 2159
161 2166
161 2380
161 2708
161 2897
161 2904
161 3023
161 3058
161 3411
161 3531
161 3605
161 3672
161 3716
161 3793
161 4257
161 4598
161 4645
161 4907
161 4933
161 4945
161 4994
161 4997
161 5107
161 5165
161 5352
161 5355
161 5388
161 5396
161 5499
161 5553
161 5604
161 5661
161 5693
161 5797
161 6084
161 6157
161 6235
161 6323
161 6713
161 6833
161 6998
161 7080
161 7580
161 7750
161 7881
161 8125
161 8580
161 8666
161 8804
161 8902
161 8962
161 9020
161 9071
161 9153
161 9426
161 9524
161 9758
161 10073
161 10074
161 10244
161 10331
161 10333
161 10466
161 10517
161 10544
161 10736
161 10751
161 10827
161 10960
161 11022
161 11058
161 11116
161 11202
161 11587
161 11622
161 11636
161 11715
161 11748
161 11804
161 12068
161 12499
161 12932
161 13388
161 13427
161 13495
161 14162
161 14208
161 14764
161 15167
161 15356
161 15381
161 15466
161 15471
161 15561
161 15759
161 15935
161 16056
161 16133
161 16230
161 16539
161 16715
161 16849
161 17195
161 17422
161 17603
161 17625
161 17687
161 17769
161 17920
161 18318
161 18410
161 18762
161 18930
161 18932
161 18955
161 18996
161 19177
161 19254
161 19377
161 19747
161 19885
161 19927
161 19951
161 19957
161 20085
161 20430
161 20697
161 20768
161 20832
161 20926
161 21030
161 21109
161 21150
161 21557
161 21809
161 22063
161 22132
161 22553
161 22597
161 22635
161 22751
161 22782
161 23004
161 23032
161 23043
161 23199
161 23247
161 23400
161 23411
161 23442
161 23974
161 24089
161 24131
161 24166
161 24187
161 24190
161 24220
161 24536
161 24559
161 24797
161 24958
161 25035
161 25057
161 25126
161 25270
161 25366
161 25422
161 25519
161 25547
161 25561
161 25582
161 25644
161 25724
161 25889
161 25960
161 25995
161 26030
161 26278
161 26585
161 26731
161 26795
161 26804
161 26825
161 26848
161 27301
161 27345
161 27638
161 27731
161 28135
161 28245
161 28421
161 28499
161 28835
161 28898
161 28917
161 29052
161 29244
161 29289
161 29529
161 29567
161 29858
161 29945
161 30103
161 30144
161 30265
161 30594
161 30825
161 31146
161 31459
161 31651
161 31786
161 31936
161 32007
161 32428
161 32431
161 32675
161 32777
161 32856
161 32949
161 32983
161 33335
161 33459
161 33544
161 33785
161 34195
161 34711
161 34907
161 34908
161 35058
161 35268
161 35366
161 35429
161 35478
161 35723
161 35742
161 35757
161 36014
161 36016
161 36277
161 36355
161 36675
161 36754
161 36801
161 36970
161 37091
161 37229
161 37232
161 37372
161 37725
161 37762
161 37904
161 37996
161 38224
161 38242
161 38465
161 38626
161 38795
161 39137
161 39233
161 39296
161 39538
161 39585
161 39839
161 40020
161 40057
161 41163
161 41174
161 41347
161 41706
161 41785
161 41895
161 41922
161 42011
161 42194
161 42406
161 42454
161 42752
161 42791
161 42881
161 42956
161 42992
161 43260
161 43403
161 43910
161 43915
161 44135
161 44837
161 45020
161 45265
161 45438
161 45664
161 45729
161 45776
161 45786
161 45802
161 46049
161 46219
161 46249
161 46316
161 46499
161 46576
161 46650
161 46970
161 47127
161 47168
161 47334
161 47420
161 47444
161 47657
161 47772
161 47937
161 48011
161 48059
161 48178
161 48699
161 48740
161 48784
161 49035
161 49065
161 49072
161 49225
161 49723
161 49965
161 50026
161 50027
161 50102
161 50369
161 50559
161 50899
161 50925
161 51151
161 51216
161 51282
161 51562
161 51609
161 51905
161 52631
161 53637
161 53648
161 53649
161 53666
161 53820
161 54039
161 54237
161 54422
161 54472
161 54985
161 55045
161 55056
161 55211
161 55295
161 55451
161 55693
161 55872
161 55881
161 55937
161 56225
161 56268
161 56278
161 56625
161 56659
161 56756
161 56886
161 57078
161 57198
161 57417
161 57729
161 57785
161 57968
161 58040
161 58058
161 58219
161 58341
161 58391
161 58538
161 58651
161 58660
161 58678
161 58738
161 58871
161 59134
161 59384
161 59501
161 59569
161 59601
161 59796
161 59990
162 56
162 140
162 211
162 452
162 644
162 891
162 902
162 928
162 960
162 1420
162 1450
162 1458
162 1558
162 1643
162 1891
162 1934
162 2154
162 2432
162 2482
162 2665
162 2768
162 2910
162 3262
162 3325
162 3371
162 3511
162 3612
162 3661
162 3751
162 3990
162 4281
162 4322
162 4338
162 4399
162 4426
162 4440
162 4616
162 5124
162 5298
162 5373
162 5510
162 5697
162 5731
162 5750
162 5911
162 6342
162 6981
162 6992
162 7099
162 7142
162 7169
162 7195
162 7226
162 7245
162 7409
162 7537
162 7845
162 7853
162 8142
162 8144
162 8280
162 8446
162 8582
162 8611
162 9033
162 9184
162 9334
162 9581
162 9669
162 9881
162 10292
162 10432
162 10848
162 10930
162 11066
162 11104
162 11659
162 11665
162 11725
162 11980
162 12052
162 12321
162 12366
162 12395
162 12441
162 12457
162 12510
162 12536
162 12591
162 12722
162 12872
162 13103
162 13205
162 13348
162 13351
162 13353
162 13363
162 13458
162 13684
162 13896
162 14109
162 14325
162 14332
162 14516
162 14546
162 14551
162 14554
162 14599
162 14652
162 14666
162 14945
162 14986
162 15109
162 15527
162 15562
162 15638
162 15640
162 16049
162 16272
162 16394
162 16532
162 17248
162 17357
162 17617
162 17658
162 17972
162 18245
162 18278
162 18286
162 18287
162 18320
162 18450
162 18523
162 18557
162 18795
162 18820
162 19010
162 19053
162 19178
162 19179
162 19604
162 19642
162 19678
162 19820
162 19850
162 20438
162 20734
162 21126
162 21233
162 21445
162 21789
162 21889
162 21984
162 21989
162 22054
162 22095
162 22210
162 22512
162 22574
162 22590
162 22918
162 23032
162 23326
162 23455
162 23461
162 23678
162 23776
162 24071
162 24693
162 24861
162 24878
162 24912
162 24977
162 24980
162 25059
162 25108
162 25512
162 25807
162 25811
162 25843
162 26486
162 26662
162 26889
162 27153
162 27207
162 27404
162 27541
162 27567
162 27596
162 27964
162 28105
162 28331
162 28411
162 28415
162 28660
162 29134
162 29187
162 29417
162 29556
162 29658
162 29836
162 29927
162 30086
162 30212
162 30253
162 30388
162 30608
162 30613
162 30711
162 30794
162 30863
162 30922
162 30982
162 31013
162 31231
162 31322
162 31379
162 31412
162 31990
162 32095
162 32115
162 32314
162 32328
162 32517
162 32594
162 32734
162 32888
162 33105
162 33190
162 33264
162 33305
162 33307
162 33387
162 33737
162 33767
162 33845
162 33857
162 33918
162 34115
162 34171
162 34178
162 34239
162 34249
162 34250
162 34440
162 34521
162 34532
162 34817
162 34834
162 34939
162 34960
162 35205
162 35447
162 35827
162 36193
162 36197
162 36224
162 36255
162 36334
162 36360
162 36386
162 36401
162 36494
162 36541
162 36794
162 37129
162 37362
162 37566
162 37602
162 38025
162 38109
162 38371
162 38381
162 38821
162 38982
162 39027
162 39046
162 39075
162 39151
162 39487
162 39615
162 39637
162 39785
162 39976
162 40099
162 40198
162 40219
162 40300
162 40480
162 40676
162 41081
162 41402
162 41496
162 41529
162 41738
162 41958
162 42607
162 42627
162 42938
162 43207
162 43238
162 43300
162 43340
162 43452
162 43530
162 43543
162 43634
162 43741
162 44327
162 44841
162 44874
162 45565
162 45846
162 45951
162 46094
162 46288
162 46473
162 46745
162 46903
162 46946
162 47129
162 47553
162 47640
162 47786
162 48015
162 48196
162 48243
162 48741
162 48991
162 49099
162 49148
162 49375
162 49529
162 49963
162 50002
162 50054
162 50138
162 50214
162 50290
162 50476
162 50636
162 50775
162 50868
162 50869
162 51037
162 51412
162 51469
162 51688
162 51787
162 51800
162 51803
162 52108
162 52153
162 52759
162 52822
162 52885
162 53206
162 53499
162 53642
162 53741
162 53958
162 54007
162 54030
162 54321
162 54716
162 55312
162 55495
162 55558
162 55632
162 55643
162 55822
162 55853
162 55995
162 56003
162 56041
162 56091
162 56136
163 3
163 55
163 279
163 352
163 504
163 1125
163 1227
163 1298
163 1392
163 1459
163 1554
163 1745
163 1961
163 1970
163 2232
163 2237
163 2424
163 2463
163 2474
163 2548
163 2628
163 2673
163 2741
163 2768
163 2784
163 2868
163 2990
163 3076
163 3316
163 4039
163 4276
163 4467
163 4473
163 4677
163 4875
163 4958
163 5119
163 5326
163 5461
163 5655
163 6254
163 6493
163 6662
163 6680
163 6708
163 6781
163 6951
163 7003
163 7049
163 7177
163 7299
163 7394
163 7404
163 7592
163 7647
163 7793
163 8016
163 8032
163 8324
163 8405
163 8533
163 8995
163 9025
163 9576
163 9622
163 9654
163 9801
163 9818
163 10100
163 10132
163 10247
163 10358
163 10553
163 10562
163 10690
163 10710
163 10731
163 10737
163 10841
163 11433
163 11583
163 11622
163 11641
163 11915
163 11949
163 12031
163 12298
163 12397
163 12590
163 12654
163 12938
163 13368
163 13403
163 13426
163 13741
163 14073
163 14190
163 14537
163 15260
163 15262
163 15522
163 15858
163 15865
163 16056
163 16135
163 16548
163 16751
163 17326
163 17334
163 17349
163 17760
163 17815
163 18033
163 18163
163 18183
163 18201
163 18235
163 19126
163 19283
163 19336
163 19447
163 19790
163 19801
163 19882
163 19883
163 19895
163 19983
163 20262
163 20823
163 21039
163 21375
163 21522
163 21739
163 21873
163 21884
163 21898
163 22009
163 22152
163 22280
163 22343
163 22468
163 22646
163 22801
163 22808
163 22899
163 23077
163 23189
163 23218
163 23356
163 23385
163 23514
163 23533
163 23818
163 23848
163 24176
163 24413
163 24706
163 24776
163 24888
163 25007
163 25219
163 25263
163 25292
163 25330
163 25629
163 25725
163 26067
163 26131
163 26269
163 26285
163 26320
163 26625
163 27006
163 27080
163 27316
163 27447
163 27501
163 27708
163 27770
163 27848
163 27902
163 27980
163 28034
163 28295
163 28352
163 28499
163 28676
163 28733
163 29056
163 29133
163 29748
163 29912
163 30146
163 30155
163 30164
163 30405
163 30529
163 30725
163 31187
163 31546
163 31799
163 31965
163 32081
163 32167
163 32202
163 32326
163 32426
163 32816
163 33062
163 33063
163 33184
163 33485
163 33680
163 33719
163 34199
163 34417
163 34482
163 34689
163 35163
163 35171
163 35583
163 35744
163 35776
163 35824
163 35856
163 36078
163 36172
163 36196
163 36219
163 36283
163 36369
163 36502
163 36554
163 36646
163 36655
163 36759
163 36943
163 37053
163 37366
163 37412
163 37664
163 37867
163 37886
163 37897
163 38211
163 38286
163 38328
163 38449
163 38485
163 38511
163 38536
163 38643
163 38688
163 38865
163 38996
163 39234
163 39346
163 39547
163 39600
163 39647
163 39702
163 39745
163 40190
163 40238
163 40247
163 40279
163 40712
163 40787
163 40978
163 41078
163 41103
163 41508
163 41551
163 41712
163 41722
163 41969
163 42069
163 42516
163 42615
163 42722
163 43297
163 43820
163 43965
163 44173
163 44578
163 44687
163 45117
163 45164
163 45815
163 45835
163 45857
163 45866
163 45889
163 45990
163 46053
163 46067
163 46166
163 46290
163 46555
163 46693
163 46811
163 47113
163 47143
163 47151
163 47388
163 47648
163 47800
163 47823
163 48126
163 48427
163 48590
163 48612
163 48836
163 48891
163 48902
163 49021
163 49098
163 49838
163 49959
163 50061
163 50170
163 50313
163 50822
163 50857
163 51039
163 51164
163 51465
163 51491
163 51644
163 52631
163 52710
163 52900
163 53119
163 53298
163 53419
163 53627
163 53641
163 53647
163 53733
163 53740
163 53891
163 54172
163 54199
163 54327
163 54372
163 54421
163 54714
163 54873
163 54902
163 54911
163 54967
163 55743
163 55802
163 55945
163 55982
163 56246
163 56338
163 56706
163 56714
163 56850
163 57062
163 57284
163 57388
163 57512
163 57546
163 57693
163 57833
163 57950
163 58242
163 58281
163 58378
163 58449
163 58656
163 58886
163 58965
163 59077
163 59087
163 59488
163 59647
163 59669
163 59678
164 49
164 87
164 350
164 1148
164 1520
164 1545
164 2001
164 2205
164 2271
164 2504
164 2586
164 2629
164 2642
164 2977
164 3554
164 3721
164 3877
164 3905
164 4055
164 4354
164 4467
164 4583
164 4608
164 4643
164 4647
164 4807
164 4944
164 5031
164 5114
164 5121
164 5124
164 5510
164 5585
164 5945
164 6157
164 6413
164 6432
164 6490
164 6624
164 6736
164 6746
164 6919
164 6967
164 7294
164 7421
164 7835
164 8361
164 8686
164 8905
164 9226
164 9264
164 9502
164 9682
164 9700
164 9701
164 9898
164 10249
164 10481
164 10584
164 10853
164 10898
164 11322
164 11625
164 11627
164 11661
164 11922
164 12022
164 12255
164 12653
164 12734
164 12776
164 12818
164 12960
164 13009
164 13028
164 13111
164 13214
164 13299
164 13581
164 13624
164 13668
164 13843
164 14011
164 14086
164 14147
164 14176
164 14573
164 14732
164 14830
164 14995
164 15019
164 15039
164 15143
164 15602
164 15610
164 15715
164 15747
164 15835
164 16011
164 16062
164 16128
164 16145
164 16171
164 16301
164 16526
164 16572
164 16809
164 17104
164 17231
164 17637
164 17847
164 17884
164 18409
164 18573
164 18959
164 19022
164 19048
164 19122
164 19156
164 19181
164 19243
164 19672
164 19884
164 19948
164 20642
164 20755
164 20848
164 21099
164 21222
164 21508
164 21553
164 21602
164 22108
164 22165
164 22432
164 22830
164 22845
164 22946
164 23050
164 23192
164 23248
164 23277
164 23538
164 23853
164 23869
164 24093
164 24236
164 24266
164 24283
164 24337
164 24470
164 24873
164 24901
164 24931
164 25218
164 25318
164 25909
164 26198
164 26215
164 26512
164 26600
164 26824
164 26840
164 27018
164 27252
164 27336
164 27630
164 27927
164 28275
164 28285
164 28378
164 28400
164 28534
164 28903
164 29044
164 29075
164 29090
164 29323
164 29752
164 30056
164 30109
164 30244
164 30522
164 30712
164 30935
164 31380
164 31386
164 31438
164 31655
164 31754
164 31828
164 31837
164 31877
164 31878
164 32061
164 32130
164 32677
164 32704
164 32818
164 32827
164 33027
164 33114
164 33253
164 33627
164 33663
164 34285
164 34723
164 34858
164 35195
164 35371
164 35542
164 35709
164 35916
164 35968
164 35978
164 36038
164 36169
164 36417
164 36628
164 36738
164 37428
164 37461
164 37572
164 38555
164 38610
164 38646
164 38990
164 38999
164 39079
164 39325
164 39404
164 39599
164 39752
164 39803
164 40041
164 40172
164 40291
164 40496
164 40531
164 40616
164 41145
164 41468
164 41604
164 41610
164 41652
164 41864
164 41942
164 42036
164 42144
164 42238
164 42305
164 42424
164 42480
164 42490
164 42640
164 42687
164 42916
164 42982
164 43261
164 43491
164 43794
164 43931
164 44022
164 44038
164 44315
164 44486
164 44564
164 44633
164 44733
164 44935
164 45090
164 45158
164 45413
164 45838
164 45997
164 46007
164 46148
164 46252
164 46274
164 46293
164 46364
164 46443
164 46529
164 46589
164 46707
164 46756
164 47193
164 47511
164 47547
164 47622
164 47628
164 48088
164 48296
164 48401
164 48664
164 48668
164 48818
164 49065
164 49172
164 49336
164 49404
164 49592
164 49701
164 49825
164 49917
164 50010
164 50161
164 50455
164 50792
164 51272
164 51592
164 51789
164 52093
164 52297
164 52559
164 52625
164 52857
164 53131
164 53617
164 53924
164 53950
164 53966
164 54114
164 54158
164 54183
164 54194
164 54573
164 54590
164 54600
164 54613
164 54903
164 55052
164 55059
164 55179
164 55201
164 55281
164 55706
165 41
165 158
165 192
165 329
165 330
165 346
165 359
165 542
165 545
165 694
165 701
165 933
165 940
165 967
165 1300
165 1352
165 1543
165 1627
165 1735
165 1767
165 2001
165 2051
165 2536
165 2541
165 2720
165 2737
165 2910
165 2920
165 3315
165 3637
165 3734
165 3810
165 3886
165 4115
165 4117
165 4564
165 4586
165 4702
165 4969
165 5070
165 5080
165 5708
165 5767
165 5864
165 5946
165 6199
165 6367
165 6368
165 6389
165 6391
165 6642
165 6655
165 6825
165 7303
165 7501
165 7688
165 7786
165 7944
165 7947
165 8176
165 8263
165 8648
165 8656
165 8834
165 8845
165 8941
165 9114
165 9186
165 9451
165 9492
165 9508
165 9538
165 9542
165 9568
165 9645
165 9665
165 9704
165 9892
165 9911
165 9934
165 9939
165 9956
165 10507
165 10736
165 10789
165 10835
165 10902
165 10983
165 10997
165 11073
165 11168
165 11252
165 11665
165 12368
165 12373
165 12463
165 12606
165 12759
165 12977
165 13449
165 13466
165 13509
165 13953
165 13993
165 14267
165 14281
165 14350
165 14378
165 14382
165 14685
165 15029
165 15321
165 15430
165 15437
165 15485
165 15532
165 15824
165 15831
165 15836
165 16709
165 16934
165 17112
165 17178
165 17421
165 17447
165 17505
165 17570
165 17872
165 17873
165 17945
165 17982
165 18064
165 18591
165 18691
165 18728
165 18853
165 19048
165 19270
165 19395
165 19615
165 19880
165 19924
165 20122
165 20134
165 20210
165 20245
165 20382
165 20891
165 21640
165 21765
165 21906
165 21983
165 22008
165 22066
165 22152
165 22156
165 22160
165 22173
165 22335
165 22399
165 22652
165 22680
165 22748
165 23162
165 23211
165 23273
165 23562
165 23619
165 23666
165 23781
165 23808
165 23812
165 23846
165 23933
165 24343
165 24526
165 24609
165 24654
165 24662
165 24677
165 24873
165 24887
165 24893
165 24912
165 25256
165 25322
165 25347
165 25376
165 25396
165 25526
165 25633
165 25794
165 25836
165 25900
165 25974
165 25988
165 26281
165 26448
165 26474
165 26530
165 26704
165 26735
165 26814
165 27129
165 27136
165 27161
165 27641
165 27990
165 27997
165 28069
165 28233
165 28305
165 28495
165 28541
165 28953
165 28956
165 29006
165 29037
165 29187
165 29215
165 29392
165 29450
165 29569
165 29651
165 29673
165 30148
165 30235
165 30293
165 30614
165 30665
165 30699
165 30878
165 31308
165 31599
165 31871
165 32219
165 32366
165 33095
165 33179
165 33272
165 33602
165 33635
165 33802
165 33853
165 33908
165 33984
165 34052
165 34282
165 34378
165 34651
165 34757
165 34994
165 35142
165 35657
165 35705
165 35827
165 35892
165 36029
165 36055
165 36072
165 36371
165 36628
165 36681
165 36716
165 36731
165 36883
165 37060
165 37079
165 37279
165 37415
165 37655
165 37707
165 37728
165 37826
165 38024
165 38227
165 38326
165 38379
165 38400
165 38403
165 38446
165 38608
165 38623
165 38951
165 39429
165 39562
165 39616
165 39828
165 39927
165 40217
165 40319
165 40707
165 40792
165 40876
165 40930
165 41045
165 41066
165 41282
165 41599
165 41699
165 41772
165 41824
165 42439
165 42490
165 42817
165 42843
165 42849
165 42980
165 43028
165 43249
165 43673
165 43762
165 44006
165 44302
165 44401
165 44529
165 44729
165 44811
165 44834
165 44895
165 44929
165 44945
165 44959
165 44988
165 45038
165 45481
165 45556
165 45630
165 45739
165 46296
165 46461
165 46474
165 46858
165 46882
165 46894
165 46969
165 47244
165 47470
165 47499
165 47502
165 47528
165 47585
165 47590
165 47646
165 48030
165 48133
165 48159
165 48740
165 48868
165 49033
165 49042
165 49177
165 49285
165 49660
165 49719
165 49725
165 49743
165 49975
165 50019
165 50115
165 50460
165 50625
165 50871
165 50904
165 50949
165 51108
165 51182
165 51199
165 51253
165 51425
165 51437
165 51643
165 51698
165 51784
165 52233
165 52795
165 52859
165 52923
165 53026
165 53045
165 53123
165 53195
165 53475
165 53644
165 53702
165 54186
165 54197
165 54244
165 54276
165 54280
165 54426
165 54492
165 54551
165 54656
165 54739
165 54824
165 54900
165 54914
165 54942
165 55280
166 250
166 291
166 522
166 800
166 877
166 949
166 1195
166 1753
166 2242
166 2279
166 2614
166 2650
166 2689
166 2709
166 2918
166 3040
166 3054
166 3202
166 3213
166 3288
166 3614
166 3635
166 3831
166 4021
166 4082
166 4135
166 4342
166 5004
166 5170
166 5521
166 5891
166 6007
166 6010
166 6209
166 6507
166 7029
166 7165
166 7184
166 7222
166 7839
166 8060
166 8124
166 8247
166 8745
166 8847
166 8962
166 9046
166 9063
166 9244
166 9364
166 9377
166 9445
166 9561
166 9655
166 9690
166 9696
166 9785
166 9807
166 9854
166 10173
166 10264
166 10310
166 10633
166 10637
166 10676
166 11134
166 11144
166 11219
166 11384
166 11488
166 12014
166 12213
166 12455
166 12683
166 12926
166 13093
166 13605
166 13651
166 14101
166 14383
166 14529
166 14588
166 14789
166 14934
166 15005
166 15217
166 15481
166 15493
166 15630
166 15719
166 16090
166 16686
166 16860
166 16909
166 17103
166 17150
166 17195
166 17249
166 17295
166 17334
166 17708
166 17764
166 17958
166 18192
166 18314
166 18431
166 18455
166 18462
166 18530
166 18612
166 18783
166 18808
166 19029
166 19063
166 19064
166 19279
166 19542
166 19548
166 19581
166 19694
166 19812
166 19821
166 19907
166 20134
166 20381
166 20382
166 20386
166 20554
166 20730
166 20751
166 20788
166 20981
166 20990
166 21524
166 21564
166 21637
166 22040
166 22041
166 22094
166 22194
166 22223
166 22487
166 22515
166 22560
166 22703
166 22909
166 23222
166 23581
166 23627
166 23690
166 23875
166 23996
166 24242
166 24389
166 24460
166 24499
166 24586
166 25072
166 25136
166 25178
166 25325
166 25613
166 25858
166 25981
166 26057
166 26257
166 26466
166 26544
166 26805
166 26818
166 27244
166 27296
166 27351
166 27548
166 27614
166 27675
166 27961
166 28071
166 28105
166 28148
166 28281
166 28441
166 28443
166 28671
166 28724
166 28766
166 28825
166 29248
166 29353
166 29354
166 29515
166 29590
166 29673
166 29954
166 29992
166 30357
166 30662
166 30717
166 30809
166 31045
166 31337
166 31354
166 31520
166 31554
166 31563
166 31567
166 31571
166 31585
166 31858
166 32277
166 32575
166 32838
166 32948
166 33047
166 33322
166 33519
166 33563
166 33626
166 33659
166 34339
166 34361
166 34446
166 34552
166 34857
166 34859
166 35145
166 35162
166 35328
166 35404
166 35862
166 35922
166 35935
166 36100
166 36209
166 36344
166 36539
166 36545
166 36610
166 36796
166 37023
166 37505
166 37512
166 37514
166 37592
166 37702
166 37755
166 38085
166 38119
166 38414
166 38703
166 39216
166 39244
166 39251
166 39339
166 39447
166 39634
166 39639
166 39657
166 39665
166 39769
166 40096
166 40244
166 40431
166 41311
166 41430
166 41764
166 41775
166 42134
166 42562
166 42599
166 42640
166 42955
166 43001
166 43301
166 43329
166 43511
166 43555
166 43570
166 43685
166 44233
166 44488
166 44945
166 45260
166 45348
166 45440
166 45656
166 45802
166 46040
166 46212
166 46264
166 46270
166 46464
166 46511
166 46626
166 46712
166 46772
166 46818
166 46879
166 46925
166 47188
166 47321
166 47343
166 47430
166 47504
166 47764
166 47979
166 48000
166 48337
166 48595
166 48897
166 48905
166 48969
166 48980
166 49020
166 49036
166 49238
166 49284
166 49355
166 49484
166 49688
166 49892
166 50468
166 50608
166 50841
166 50872
166 50912
166 51145
166 51258
166 51355
166 51360
166 51644
166 51816
166 51859
166 51956
166 52026
166 52172
166 52176
166 52182
166 52358
166 52683
166 52699
166 52773
166 53234
166 53365
166 53372
166 53530
166 53612
166 54046
166 54376
166 54580
166 54641
166 54655
166 54690
166 54704
166 54707
166 54893
166 55208
166 55258
166 55297
166 55814
166 55820
166 55945
166 56156
166 56380
166 56396
166 56525
166 56555
166 56602
167 39
167 89
167 126
167 251
167 265
167 493
167 559
167 628
167 674
167 687
167 734
167 881
167 953
167 981
167 1320
167 1542
167 1567
167 1672
167 1703
167 1739
167 1761
167 1873
167 1880
167 2313
167 2336
167 2420
167 2562
167 3231
167 3266
167 3304
167 3333
167 3339
167 3352
167 4947
167 4956
167 5039
167 5202
167 5217
167 5442
167 5486
167 5617
167 5631
167 5677
167 5739
167 5979
167 6019
167 6164
167 6177
167 6322
167 6544
167 6696
167 6778
167 6921
167 7280
167 7328
167 7459
167 7503
167 7817
167 7886
167 8246
167 8712
167 8738
167 9036
167 9128
167 9177
167 9694
167 9849
167 9971
167 10068
167 10197
167 10367
167 10422
167 10572
167 10707
167 10723
167 10889
167 10928
167 10962
167 11097
167 11102
167 11117
167 11171
167 11283
167 11334
167 11389
167 11475
167 11598
167 11609
167 11763
167 11785
167 11810
167 11834
167 11912
167 11934
167 12015
167 12036
167 12172
167 12213
167 12609
167 12669
167 12704
167 12955
167 13180
167 13558
167 13624
167 13645
167 13732
167 13734
167 14135
167 14272
167 14521
167 14704
167 15309
167 15352
167 16017
167 16193
167 16779
167 17361
167 17474
167 17616
167 18226
167 18339
167 18442
167 18475
167 18849
167 19121
167 19216
167 19246
167 19258
167 19597
167 19712
167 19876
167 20305
167 20445
167 20528
167 20822
167 20857
167 20912
167 21070
167 21565
167 21588
167 21648
167 21802
167 21847
167 21882
167 21911
167 22012
167 22042
167 22163
167 22245
167 22341
167 22877
167 22998
167 23205
167 23329
167 23483
167 23516
167 23548
167 23674
167 23704
167 24120
167 24141
167 24157
167 24424
167 24851
167 24938
167 25080
167 25214
167 25341
167 25365
167 25422
167 25428
167 25982
167 26120
167 26126
167 26149
167 26275
167 26301
167 26525
167 26710
167 26839
167 27139
167 27333
167 27683
167 27704
167 27798
167 27801
167 27826
167 27892
167 27972
167 28156
167 28281
167 28316
167 28475
167 28577
167 28579
167 28730
167 28740
167 29039
167 29296
167 29370
167 29682
167 29696
167 30031
167 30168
167 30186
167 30502
167 30578
167 30772
167 30826
167 30865
167 30942
167 31013
167 31324
167 31497
167 31629
167 31668
167 31717
167 31729
167 31982
167 32084
167 32129
167 32240
167 32329
167 32365
167 32504
167 32546
167 32727
167 32845
167 32895
167 33136
167 33224
167 33413
167 33455
167 33521
167 33580
167 33612
167 33621
167 33634
167 33771
167 33829
167 33960
167 34053
167 34092
167 34621
167 34624
167 34793
167 35179
167 35378
167 35627
167 35793
167 35873
167 35961
167 36039
167 36080
167 36472
167 36496
167 36715
167 36786
167 36891
167 37033
167 37249
167 37322
167 37551
167 37610
167 37754
167 37778
167 37787
167 37931
167 38088
167 38136
167 38276
167 38496
167 38580
167 38838
167 38879
167 39066
167 39808
167 39869
167 40048
167 40146
167 40260
167 40308
167 40369
167 40381
167 40528
167 40808
167 40894
167 40919
167 41005
167 41044
167 41339
167 41795
167 41974
167 42155
167 42328
167 42679
167 43010
167 43392
167 43974
167 44358
167 44670
167 45152
167 45381
167 45409
167 45583
167 45809
167 45933
167 46004
167 46241
167 46793
167 47465
167 47499
167 47513
167 47736
167 47875
167 47959
167 48400
167 48442
167 48481
167 48700
167 48794
167 49066
167 49151
167 49200
167 49294
167 49296
167 49538
167 49582
167 49782
167 50090
167 50123
167 50132
167 50140
167 50183
167 50345
167 50438
167 50580
167 50635
167 50665
167 50903
167 50926
167 50993
167 51087
167 51175
167 51402
167 51419
167 51923
167 51954
167 52195
167 52606
167 52652
167 52708
167 52718
167 52809
167 52822
167 53037
167 53038
167 53076
167 53263
167 53301
167 53309
167 53359
167 53462
167 53463
167 53540
167 53774
167 53846
167 54041
167 54206
167 54309
167 54577
167 54887
167 54896
167 55163
167 55264
167 55483
167 55501
167 55635
167 55905
167 56381
167 56595
167 56738
167 56811
167 56863
167 56886
167 56915
167 57121
167 57579
167 57616
167 57619
167 57704
167 57726
167 58035
167 58038
167 58044
167 58239
167 58322
167 58368
167 58529
167 58535
167 58832
167 59101
167 59128
167 59158
167 59277
167 59522
167 59589
167 59825
167 60070
167 60200
167 60262
167 60263
167 60655
167 60719
167 61184
167 61206
167 61342
167 61796
167 61860
167 61866
167 61895
167 61947
167 62113
167 62188
167 62731
167 62869
167 62904
167 63022
167 63101
167 63154
168 43
168 83
168 496
168 623
168 686
168 971
168 1074
168 1101
168 1244
168 1264
168 1369
168 1559
168 1653
168 1875
168 1930
168 1985
168 2133
168 2214
168 2276
168 2294
168 2295
168 2555
168 2564
168 2682
168 2724
168 2734
168 3275
168 3574
168 3684
168 3727
168 3841
168 3988
168 4001
168 4219
168 4276
168 4315
168 4317
168 4800
168 4829
168 4962
168 5012
168 5106
168 5509
168 5522
168 5535
168 6162
168 6183
168 6220
168 6494
168 6878
168 7017
168 7416
168 7653
168 8022
168 8514
168 8638
168 8644
168 8709
168 8887
168 9240
168 9319
168 9478
168 9520
168 9675
168 9800
168 9857
168 9913
168 9952
168 10074
168 10388
168 10608
168 10627
168 10774
168 10786
168 10839
168 11058
168 11274
168 11908
168 11913
168 11929
168 12014
168 12042
168 12056
168 12101
168 12135
168 12460
168 12545
168 12677
168 12718
168 12724
168 12803
168 12977
168 13022
168 13290
168 13333
168 13372
168 13429
168 13445
168 13582
168 13647
168 13886
168 14605
168 14814
168 15114
168 15313
168 15522
168 15801
168 15902
168 15965
168 16362
168 16811
168 17025
168 17367
168 17496
168 17555
168 17618
168 17788
168 17862
168 17917
168 18064
168 18088
168 18107
168 18561
168 18651
168 18679
168 18762
168 18788
168 19030
168 19193
168 19276
168 19436
168 19961
168 19970
168 20149
168 20276
168 20392
168 20395
168 20836
168 21424
168 21560
168 21629
168 21810
168 21816
168 21818
168 21980
168 22207
168 22829
168 22922
168 23003
168 23384
168 23393
168 23581
168 23838
168 23874
168 24327
168 24422
168 24472
168 24603
168 24618
168 24720
168 24881
168 25354
168 25376
168 25446
168 25615
168 25622
168 25995
168 26131
168 26338
168 26414
168 26539
168 26903
168 27059
168 27218
168 27426
168 27446
168 27906
168 28006
168 28153
168 28342
168 28566
168 28688
168 29063
168 29431
168 29566
168 29715
168 29913
168 30096
168 30181
168 30605
168 30614
168 30653
168 30810
168 30813
168 30950
168 31141
168 31221
168 31310
168 31342
168 31647
168 31716
168 31780
168 31879
168 31966
168 32033
168 32195
168 32321
168 32342
168 33079
168 33125
168 33154
168 33354
168 33733
168 33842
168 34105
168 34320
168 34509
168 34698
168 35163
168 35505
168 35576
168 35969
168 36124
168 36506
168 36928
168 36936
168 37017
168 37019
168 37033
168 37352
168 37521
168 37576
168 37610
168 37712
168 37722
168 38037
168 38174
168 38355
168 38414
168 38633
168 38735
168 39074
168 39109
168 39146
168 39555
168 39591
168 39708
168 40085
168 40351
168 40528
168 41288
168 41628
168 41696
168 41702
168 41976
168 42068
168 42561
168 42726
168 42785
168 42854
168 43083
168 43090
168 43175
168 43273
168 43280
168 43839
168 43978
168 44552
168 44580
168 44816
168 44866
168 44900
168 45646
168 45731
168 45992
168 46211
168 46338
168 46421
168 46509
168 46633
168 46640
168 46766
168 46813
168 47304
168 47333
168 47340
168 47826
168 47855
168 47890
168 48009
168 48157
168 48476
168 48663
168 48822
168 48830
168 48895
168 49021
168 49123
168 49206
168 49592
168 49601
168 49647
168 49770
168 49811
168 49851
168 50112
168 50562
168 50645
168 50723
168 51047
168 51080
168 51214
168 51386
168 51403
168 51404
168 51522
168 51557
168 52043
168 52063
168 52782
168 52847
168 53230
168 53497
168 53572
168 53844
168 53873
168 54394
168 54573
168 54630
168 54665
168 55129
168 55351
168 55424
168 55453
168 55637
168 56029
168 56344
168 56499
168 56616
168 56735
168 56800
168 57006
168 57227
168 57297
168 57308
168 57738
168 57997
168 58020
168 58699
168 58790
168 59369
168 59489
168 59812
168 60076
168 60131
168 60224
168 60237
168 60261
168 60400
168 60834
168 60857
168 60940
168 61026
168 61146
168 61200
168 61202
168 61390
168 61775
168 61830
168 62116
168 62155
168 62204
168 62302
168 62371
168 62396
168 62829
168 63292
168 63423
168 63640
168 63906
168 64089
168 64512
168 64697
168 65051
168 65148
168 65340
168 65484
168 65580
168 65635
168 65736
168 65872
168 65915
168 66102
168 66154
169 119
169 369
169 713
169 757
169 950
169 1271
169 1296
169 1325
169 1383
169 1596
169 1630
169 1695
169 1718
169 1885
169 2012
169 2021
169 2052
169 2165
169 2545
169 2664
169 2837
169 3280
169 3631
169 3707
169 3763
169 4008
169 4052
169 4154
169 4269
169 4531
169 5000
169 5283
169 5284
169 5386
169 5407
169 5570
169 5777
169 6050
169 6172
169 6489
169 6514
169 6811
169 6961
169 7074
169 7220
169 7843
169 8033
169 8145
169 8182
169 8338
169 8373
169 8474
169 8564
169 8569
169 8744
169 8769
169 8968
169 9270
169 9421
169 9442
169 9668
169 9687
169 9833
169 10016
169 10221
169 10479
169 10612
169 10756
169 10902
169 10947
169 11301
169 11529
169 11584
169 11776
169 11835
169 11909
169 11923
169 12422
169 12606
169 12656
169 12661
169 12748
169 12853
169 13293
169 13375
169 13626
169 13774
169 13809
169 13850
169 13925
169 13942
169 13978
169 14015
169 14061
169 14602
169 14738
169 14744
169 14865
169 14988
169 15185
169 15441
169 15447
169 15619
169 15845
169 16049
169 16215
169 16382
169 16944
169 17127
169 17403
169 17416
169 17432
169 17834
169 17868
169 17880
169 18380
169 18434
169 18606
169 18717
169 18769
169 19132
169 19376
169 19566
169 19929
169 20019
169 20116
169 20135
169 20708
169 20843
169 21164
169 21275
169 21367
169 21408
169 22089
169 22105
169 22139
169 22183
169 22369
169 22422
169 22589
169 22740
169 22891
169 22964
169 23015
169 23107
169 23178
169 23207
169 23357
169 23528
169 23716
169 23724
169 23731
169 23831
169 23885
169 23886
169 23999
169 24206
169 24257
169 24277
169 24402
169 24417
169 24586
169 24593
169 24864
169 25166
169 25272
169 25633
169 25849
169 25987
169 26202
169 26298
169 26385
169 26618
169 26959
169 27637
169 27923
169 27944
169 28050
169 28137
169 28255
169 28273
169 28424
169 28438
169 28748
169 28829
169 28830
169 29061
169 29146
169 29207
169 29225
169 29431
169 29669
169 30207
169 30208
169 30413
169 30435
169 30484
169 30717
169 30964
169 31022
169 31102
169 31239
169 31345
169 31795
169 31798
169 31839
169 31850
169 32027
169 32067
169 32414
169 32422
169 32523
169 32971
169 33341
169 33350
169 34065
169 34076
169 34333
169 34827
169 35048
169 35198
169 35225
169 35578
169 35630
169 36007
169 36085
169 36164
169 36365
169 36405
169 36487
169 37160
169 37162
169 37203
169 37208
169 37423
169 37796
169 38355
169 38357
169 38584
169 38688
169 38905
169 38982
169 39123
169 39129
169 39152
169 39423
169 39447
169 39497
169 39821
169 39916
169 39980
169 40054
169 40130
169 40202
169 40207
169 40230
169 40361
169 40484
169 40740
169 40846
169 40884
169 41076
169 41146
169 41252
169 41370
169 41801
169 41932
169 41939
169 41994
169 42083
169 42600
169 42661
169 42708
169 42932
169 42965
169 42981
169 43180
169 43308
169 43312
169 43484
169 43906
169 44070
169 44291
169 44713
169 45021
169 45055
169 45107
169 45191
169 45201
169 45226
169 45230
169 45328
169 45346
169 45520
169 45547
169 45735
169 46024
169 46182
169 46278
169 46301
169 46306
169 46491
169 46513
169 46535
169 46699
169 46813
169 46959
169 47011
169 47058
169 47197
169 47420
169 47504
169 47628
169 47642
169 47644
169 48179
169 48190
169 48246
169 48379
169 48618
169 48899
169 49252
169 49307
169 50000
169 50198
169 50253
169 50305
169 50411
169 50540
169 50630
169 50700
169 50857
169 51264
169 51295
169 51301
169 51421
169 51600
169 51658
169 51710
169 51835
169 51971
169 52139
169 52228
169 52313
169 52442
169 52651
169 52772
169 52892
169 52919
169 52941
169 53069
169 53233
169 53260
169 53458
169 53461
169 53721
169 53748
169 53799
169 54051
169 54145
169 54437
169 54519
169 54577
169 54610
169 54621
169 54679
169 54749
169 55112
169 55287
169 55289
169 55295
169 55540
169 55782
169 55836
169 55838
169 55887
169 55956
169 56132
169 56143
169 56494
169 56647
169 56681
169 56699
169 56772
169 56802
169 57169
169 57226
169 57233
169 57270
169 57305
169 57310
169 57427
169 57428
169 57643
169 57897
169 57992
169 58036
169 58364
169 58966
169 59020
169 59105
169 59499
169 59530
169 59765
169 60118
169 60123
169 60127
169 60129
169 60160
169 60225
169 60253
169 60364
169 60455
169 60570
169 60584
169 60622
169 61018
169 61126
169 61331
169 61355
169 61377
169 61649
169 61665
169 62049
169 62507
169 62571
169 62738
169 62987
169 63162
169 63398
169 63479
169 63568
169 63614
169 63854
169 64257
169 64288
169 64716
169 64721
169 64906
169 65106
169 65214
169 65233
169 65582
169 65922
169 66127
169 66206
169 66213
169 66366
169 66511
169 66593
169 66701
169 66872
169 66954
169 67373
169 67380
169 67601
169 67737
169 67818
169 67829
169 67908
169 68156
169 68383
169 68478
169 68495
169 68545
169 68605
169 68633
169 68666
169 68679
169 68822
169 68862
169 68982
169 69118
169 69352
169 69545
169 69617
169 69666
169 70163
169 70192
169 70259
169 70622
169 70635
169 70893
169 71064
169 71207
169 71544
169 71627
169 71844
169 71911
169 72044
169 72115
169 72246
169 72587
169 72875
169 72985
169 72994
169 73141
170 3
170 340
170 466
170 745
170 858
170 922
170 930
170 1140
170 1423
170 1534
170 1570
170 1648
170 2406
170 2916
170 2972
170 3238
170 3305
170 3524
170 3530
170 3689
170 3774
170 4096
170 4280
170 4569
170 4735
170 4850
170 4856
170 4972
170 4981
170 5020
170 5231
170 5397
170 5523
170 6272
170 6446
170 6836
170 6936
170 6984
170 7342
170 7526
170 7548
170 7633
170 7872
170 7912
170 7980
170 8057
170 8068
170 8089
170 8483
170 8599
170 8782
170 8882
170 9138
170 9709
170 9866
170 9990
170 10247
170 10257
170 10331
170 10342
170 10384
170 10532
170 10546
170 10668
170 10690
170 11048
170 11178
170 11313
170 11389
170 12045
170 12067
170 12266
170 12379
170 12438
170 12702
170 12724
170 12977
170 13080
170 13110
170 13210
170 13789
170 13952
170 14003
170 14200
170 14417
170 15364
170 15534
170 15782
170 15849
170 15872
170 15937
170 16114
170 16246
170 16259
170 16304
170 16766
170 16851
170 16907
170 17147
170 17541
170 17679
170 17758
170 17769
170 17776
170 17820
170 17935
170 17940
170 18118
170 18130
170 18208
170 18232
170 18246
170 18340
170 18933
170 19088
170 19103
170 19301
170 19332
170 19409
170 19492
170 19494
170 19501
170 19587
170 19602
170 19613
170 19642
170 19683
170 19949
170 20047
170 20218
170 20304
170 20461
170 20689
170 20851
170 21054
170 21070
170 21082
170 21298
170 21425
170 21487
170 21685
170 21752
170 21798
170 22434
170 22737
170 22791
170 23145
170 23295
170 23704
170 23728
170 23795
170 23918
170 23949
170 24108
170 24331
170 24575
170 24671
170 24919
170 24936
170 25087
170 25140
170 25206
170 25221
170 25432
170 25631
170 25800
170 25801
170 25882
170 25975
170 25983
170 26142
170 26236
170 26318
170 26402
170 26514
170 26644
170 26735
170 27061
170 27080
170 27098
170 27132
170 27142
170 27271
170 27601
170 27656
170 27758
170 28205
170 28635
170 28682
170 28738
170 28790
170 28983
170 29095
170 29351
170 29799
170 29843
170 29870
170 29931
170 30494
170 30585
170 31704
170 31785
170 31862
170 32164
170 32210
170 32440
170 32704
170 32947
170 32951
170 32976
170 33149
170 33152
170 33177
170 33236
170 33282
170 33788
170 34041
170 34118
170 34366
170 34496
170 34731
170 35045
170 35108
170 35820
170 35951
170 36000
170 36153
170 36161
170 36214
170 36380
170 36788
170 37109
170 37242
170 37328
170 37589
170 38020
170 38286
170 38565
170 38615
170 38847
170 38935
170 39275
170 39638
170 39640
170 40183
170 40491
170 40638
170 40760
170 40904
170 41059
170 41141
170 41269
170 41300
170 41417
170 41588
170 41726
170 41863
170 41991
170 42110
170 42123
170 42178
170 42262
170 42614
170 42643
170 42789
170 42914
170 43057
170 43232
170 43417
170 43602
170 43607
170 43668
170 44115
170 44217
170 44397
170 44512
170 44564
170 44613
170 45035
170 45301
170 45678
170 45896
170 45949
170 46092
170 46258
170 46286
170 46329
170 46541
170 46591
170 46712
170 47048
170 47179
170 47244
170 47279
170 47313
170 47339
170 47376
170 47377
170 47446
170 47998
170 48042
170 48833
170 48942
170 49012
170 49204
170 49393
170 49465
170 49593
170 50194
170 50452
170 50535
170 50597
170 50727
170 50766
170 50863
170 50961
170 51046
170 51235
170 51291
170 51506
170 51508
170 51861
170 51959
170 51990
170 52202
170 52490
170 52679
170 52692
170 52887
170 52947
170 52964
170 52975
170 53042
170 53077
170 53132
170 53429
170 53508
170 53517
170 53678
170 53679
170 53858
170 53923
170 54084
170 54267
170 54735
170 54841
170 54926
170 55147
170 55244
170 55252
170 55260
170 55342
170 55488
170 55657
170 55698
170 56107
170 56156
170 56420
170 56440
170 56671
170 56742
170 56956
170 56998
170 57191
170 57574
170 57755
170 58048
170 58098
170 58196
170 59005
170 59039
170 59080
170 59535
170 59777
170 59840
170 59908
170 60059
170 60141
170 60214
170 60415
170 60615
170 60708
170 60891
170 60924
170 61878
170 62140
170 62530
170 63288
170 63470
170 63596
170 63652
170 63815
170 63867
170 64666
170 64705
170 64711
170 64922
170 65317
170 65353
170 65575
170 65800
170 66065
170 66319
170 66350
170 66619
170 66725
170 66794
170 67056
170 67098
170 67216
170 67224
170 67434
170 67540
170 67669
170 67797
170 68280
170 68352
170 68507
170 68690
170 69016
170 69557
170 69679
170 70101
170 70107
170 70344
170 70428
170 70659
170 71021
170 71195
171 68
171 120
171 176
171 407
171 667
171 767
171 1052
171 1146
171 1323
171 1536
171 1699
171 2061
171 2227
171 2927
171 2939
171 3090
171 3093
171 3188
171 3204
171 3275
171 3280
171 3591
171 3759
171 4192
171 4429
171 4639
171 4739
171 4761
171 4797
171 4997
171 5046
171 5191
171 5251
171 5471
171 5550
171 5620
171 6062
171 6236
171 6546
171 6565
171 6722
171 7257
171 7416
171 7556
171 7950
171 8051
171 8106
171 8194
171 8408
171 8706
171 8712
171 8949
171 9146
171 9212
171 9233
171 9235
171 9374
171 9665
171 9687
171 9937
171 10329
171 10405
171 10485
171 10654
171 10747
171 10959
171 10974
171 11012
171 11520
171 11836
171 12024
171 12095
171 12154
171 12268
171 12554
171 12594
171 12802
171 13047
171 13191
171 13433
171 13925
171 14065
171 14181
171 14668
171 14980
171 15044
171 15086
171 15223
171 15282
171 15535
171 15604
171 15743
171 15751
171 15945
171 16069
171 16131
171 16259
171 16505
171 16528
171 16690
171 17622
171 17779
171 17941
171 18115
171 18638
171 18641
171 18759
171 18845
171 18878
171 19187
171 19216
171 19282
171 19293
171 19537
171 19571
171 19630
171 19746
171 20057
171 20120
171 20138
171 20214
171 20264
171 20533
171 20540
171 20931
171 21085
171 21200
171 21244
171 21361
171 21494
171 21592
171 21593
171 21776
171 21963
171 22018
171 22085
171 22486
171 22560
171 22869
171 22893
171 22912
171 23016
171 23112
171 23139
171 23495
171 23590
171 23904
171 24003
171 24147
171 24287
171 24652
171 24812
171 24839
171 24964
171 25196
171 25659
171 25701
171 25715
171 25776
171 25849
171 26373
171 27133
171 27303
171 27564
171 27857
171 28005
171 28084
171 28644
171 28901
171 29007
171 29040
171 29374
171 29637
171 29872
171 29985
171 30057
171 30081
171 30201
171 30625
171 30785
171 31071
171 31229
171 31361
171 31758
171 32017
171 32550
171 32782
171 32785
171 33221
171 33237
171 33308
171 33352
171 33450
171 33479
171 33733
171 33942
171 33944
171 34055
171 34356
171 34442
171 34909
171 35153
171 35309
171 35329
171 35387
171 35398
171 35506
171 35538
171 35735
171 35859
171 36022
171 36488
171 36583
171 36617
171 36688
171 36717
171 36762
171 37189
171 37254
171 37361
171 37547
171 37595
171 37942
171 37952
171 38263
171 38286
171 38596
171 38829
171 39537
171 39548
171 39771
171 39840
171 40256
171 40396
171 40477
171 40539
171 40700
171 40762
171 40789
171 40826
171 41040
171 41202
171 41221
171 41242
171 41283
171 41462
171 41671
171 41687
171 41978
171 42005
171 42075
171 42292
171 42439
171 42560
171 42648
171 42825
171 43338
171 43352
171 43471
171 43562
171 43716
171 43888
171 43937
171 44121
171 44809
171 44928
171 45397
171 45555
171 46110
171 46446
171 46507
171 46570
171 46772
171 46835
171 47202
171 47347
171 47417
171 47461
171 47948
171 48169
171 48272
171 48314
171 48632
171 48714
171 49077
171 49417
171 49521
171 49791
171 49798
171 49994
171 50001
171 50062
171 50286
171 50463
171 50492
171 50678
171 50742
171 50903
171 51092
171 51360
171 51476
171 51850
171 52073
171 52169
171 52234
171 52237
171 52569
171 52726
171 52732
171 52900
171 52958
171 53157
171 53224
171 54285
171 54371
171 54732
171 54748
171 54754
171 54858
171 54959
171 55024
171 55366
171 55420
171 55683
171 56029
171 56172
171 56399
171 56575
171 56932
171 57420
171 57730
171 58138
171 58383
171 59246
171 59516
171 59566
171 59662
171 59835
171 59933
171 59975
171 60340
171 60375
171 60531
171 60950
171 61040
171 61576
171 62102
171 62159
171 62343
171 62424
171 62488
171 62647
171 62782
171 62908
171 62979
171 63260
171 63299
171 63343
171 63444
171 63454
171 63553
171 63675
171 63806
171 64034
171 64182
171 64607
171 64654
171 64671
171 64791
171 64801
171 65295
171 65383
171 65510
171 65558
171 65599
171 65633
171 65680
171 65895
171 66105
171 66250
171 66350
171 66416
171 66494
171 66635
171 66947
171 66958
171 67059
171 67116
171 67127
171 67306
171 67522
171 68181
171 68199
171 68472
171 68488
171 68552
171 68823
171 69268
171 69310
171 69316
171 69482
171 69609
171 69646
171 69802
171 69954
171 69992
171 70008
171 70097
171 70124
171 70144
171 70182
171 70245
171 70339
171 70500
171 70548
171 70977
171 71089
172 24
172 102
172 236
172 252
172 506
172 559
172 700
172 735
172 758
172 1033
172 1059
172 1303
172 1531
172 1567
172 1656
172 1712
172 2453
172 2534
172 2635
172 2657
172 2738
172 2892
172 2957
172 2981
172 3080
172 3206
172 3414
172 3693
172 3871
172 4239
172 4353
172 4487
172 4610
172 4895
172 5008
172 5083
172 5127
172 5142
172 5323
172 5499
172 5503
172 6347
172 6439
172 6516
172 6903
172 6928
172 7152
172 7335
172 7705
172 7819
172 8179
172 8227
172 8422
172 8764
172 8774
172 8775
172 8890
172 9066
172 9219
172 9419
172 9543
172 9557
172 9692
172 9876
172 9888
172 9954
172 10007
172 10607
172 10637
172 10734
172 10735
172 10965
172 11030
172 11044
172 11367
172 11513
172 11843
172 11971
172 12308
172 12326
172 12474
172 12726
172 12786
172 12947
172 13028
172 13077
172 13205
172 13271
172 13327
172 13478
172 13641
172 13786
172 14079
172 14090
172 14287
172 14552
172 14646
172 14661
172 14720
172 15024
172 15597
172 15964
172 16044
172 16262
172 16413
172 16483
172 16505
172 16678
172 16858
172 16910
172 17059
172 17097
172 17243
172 17464
172 17517
172 17759
172 17804
172 18058
172 18177
172 18225
172 18682
172 19130
172 19336
172 19392
172 19613
172 19753
172 19820
172 19993
172 20012
172 20411
172 20554
172 20610
172 20617
172 20659
172 20687
172 20742
172 20838
172 20886
172 21189
172 22047
172 22065
172 22149
172 22378
172 22486
172 22632
172 22682
172 22710
172 22907
172 22936
172 23435
172 23528
172 23845
172 23953
172 24142
172 24283
172 24378
172 24778
172 24918
172 25192
172 25252
172 25474
172 25663
172 26255
172 26337
172 26471
172 26846
172 27115
172 27342
172 27363
172 27401
172 27422
172 27474
172 27770
172 27876
172 27956
172 28043
172 28050
172 28859
172 28965
172 28994
172 29009
172 29297
172 29461
172 29637
172 29707
172 30087
172 30186
172 30202
172 30226
172 30446
172 30600
172 30804
172 31443
172 31720
172 31872
172 31922
172 31927
172 32141
172 32356
172 32760
172 32974
172 33019
172 33111
172 33121
172 33131
172 33733
172 34056
172 34457
172 34770
172 35071
172 35192
172 35257
172 35400
172 35643
172 35771
172 35802
172 35853
172 36006
172 36021
172 36328
172 36400
172 36483
172 36550
172 36638
172 36946
172 37047
172 37486
172 37519
172 37625
172 37688
172 37836
172 38174
172 38276
172 38325
172 38484
172 39161
172 39172
172 39215
172 39837
172 39884
172 40443
172 40772
172 40845
172 40858
172 40872
172 41061
172 41174
172 41233
172 41507
172 42014
172 42157
172 42577
172 42735
172 42812
172 42974
172 42998
172 43617
172 43847
172 44105
172 44161
172 44794
172 44963
172 45195
172 45441
172 45707
172 45841
172 45904
172 46015
172 46036
172 46136
172 46370
172 46378
172 46508
172 46545
172 46775
172 46850
172 47082
172 47213
172 47320
172 47337
172 47474
172 47570
172 47796
172 47815
172 47981
172 48017
172 48202
172 48271
172 48311
172 48499
172 48725
172 49001
172 49003
172 49017
172 49051
172 49062
172 49103
172 49268
172 49416
172 49443
172 49548
172 49607
172 49855
172 49916
172 50253
172 51092
172 51215
172 51636
172 51760
172 52223
172 52333
172 52696
172 53148
172 53369
172 53441
172 53609
172 53623
172 53908
172 53943
172 54015
172 54044
172 54284
172 54359
172 54458
172 55111
172 55423
172 55894
172 56208
172 56304
172 56313
172 56432
172 56526
172 56800
172 56848
172 57078
172 57082
172 57172
172 57200
172 57215
172 57561
172 57744
172 57867
172 57878
172 58015
172 58108
172 58381
172 58496
172 58500
172 58554
172 58604
172 58710
172 58771
172 59021
172 59158
172 59166
172 59302
172 59357
172 59680
172 60076
172 60082
172 60432
172 60676
172 60758
172 60874
172 61311
172 61429
172 61482
172 61508
172 61756
172 61872
172 62441
172 62523
172 62615
172 62734
172 62756
172 63023
172 63466
172 63476
172 63627
172 63663
172 63727
172 64379
172 64389
172 64426
172 64593
172 64768
172 64770
172 64797
172 64829
172 64952
172 65053
172 65059
172 65143
172 65210
172 65318
172 65485
172 65502
172 65565
172 65585
172 65634
172 65787
172 66242
172 66262
172 66288
172 66291
172 66540
172 66623
172 66862
172 66878
172 66917
172 66989
172 67053
172 67276
172 67380
172 67483
172 67526
172 68580
172 69105
172 69356
172 69723
172 69724
172 69754
172 70336
172 70469
172 70725
172 70800
172 70887
172 70995
172 71033
172 71099
172 71166
172 71199
172 71649
172 71651
172 71791
172 72297
172 72391
172 72639
172 72744
172 73081
172 73512
172 73673
172 73716
172 73934
172 74224
172 74277
172 74286
172 74382
172 74545
172 74686
172 74824
172 75035
172 75118
172 75165
172 75170
172 75398
172 75467
172 75557
172 75595
172 75874
172 75893
172 76301
172 76952
172 77045
172 77159
172 77377
172 77420
172 77519
172 77699
172 77939
172 78166
172 78410
172 78591
172 79384
172 79487
172 79490
172 79853
172 80001
172 80326
172 80594
172 80646
172 80816
172 80871
172 80889
172 80916
172 81003
172 81057
172 81405
172 81418
172 81494
172 81788
172 81797
172 81935
172 82152
172 82332
172 82420
172 82851
172 83045
172 83093
172 83167
172 83449
172 83478
172 83612
172 83657
172 84090
172 84306
172 84335
172 84411
172 84641
172 84796
172 84808
172 85398
173 22
173 89
173 235
173 300
173 461
173 511
173 541
173 642
173 1052
173 1078
173 1149
173 1377
173 1719
173 1784
173 1926
173 1981
173 2348
173 2490
173 2568
173 2583
173 2691
173 2766
173 3047
173 3161
173 3367
173 3731
173 4398
173 4488
173 4500
173 4502
173 4668
173 4761
173 4836
173 4850
173 5005
173 5218
173 5609
173 5911
173 6176
173 6324
173 6387
173 6570
173 6580
173 6988
173 7028
173 7070
173 7364
173 7521
173 7666
173 8046
173 8441
173 8945
173 9000
173 9026
173 9178
173 9315
173 9320
173 9362
173 9653
173 9704
173 9887
173 9920
173 10061
173 10089
173 10141
173 10437
173 10467
173 10496
173 10842
173 11071
173 11233
173 11829
173 11848
173 11902
173 12232
173 12284
173 12386
173 12501
173 12535
173 12600
173 12636
173 12952
173 12980
173 12990
173 13202
173 13433
173 13492
173 13537
173 13854
173 14159
173 14455
173 14699
173 14938
173 15015
173 15028
173 15107
173 15136
173 15183
173 15272
173 15580
173 15651
173 15884
173 15971
173 16026
173 16237
173 16434
173 16644
173 16692
173 16793
173 17429
173 17598
173 17696
173 17873
173 17914
173 18185
173 18201
173 18257
173 18318
173 18461
173 18596
173 18608
173 18632
173 18761
173 19216
173 19370
173 19495
173 19881
173 19984
173 20013
173 20076
173 20443
173 20514
173 20564
173 20762
173 21028
173 21035
173 21055
173 21103
173 21426
173 21557
173 21566
173 21623
173 21710
173 21719
173 21967
173 22084
173 22273
173 22440
173 22590
173 22608
173 22903
173 22975
173 23116
173 23192
173 23389
173 23591
173 23712
173 23731
173 24431
173 24776
173 25115
173 25245
173 25248
173 25685
173 25776
173 26009
173 26065
173 26133
173 26278
173 26283
173 26430
173 26447
173 26463
173 26792
173 26893
173 27113
173 27858
173 27944
173 28426
173 28472
173 29092
173 29472
173 29514
173 29532
173 29544
173 29620
173 29820
173 29931
173 30449
173 30529
173 30545
173 30787
173 31024
173 31192
173 31377
173 31609
173 31796
173 31871
173 32370
173 32395
173 32512
173 32574
173 32578
173 32823
173 32902
173 33249
173 33615
173 33719
173 34116
173 34189
173 34274
173 34562
173 34644
173 35193
173 35203
173 35212
173 35623
173 35866
173 36692
173 36706
173 36855
173 36926
173 37535
173 37606
173 37624
173 37675
173 37812
173 38045
173 38116
173 38395
173 38578
173 38585
173 38852
173 38910
173 39017
173 39060
173 39160
173 39179
173 39207
173 39301
173 39371
173 39604
173 39770
173 40145
173 40381
173 41587
173 41664
173 41725
173 41739
173 41807
173 41894
173 42012
173 42056
173 42141
173 42278
173 42320
173 42487
173 42556
173 42874
173 42890
173 42916
173 43025
173 43150
173 43156
173 43564
173 43605
173 43636
173 43786
173 43868
173 43991
173 44004
173 44041
173 44216
173 44723
173 44855
173 45411
173 45637
173 45764
173 45847
173 45935
173 45988
173 46259
173 46403
173 46583
173 46915
173 46988
173 47306
173 47314
173 47413
173 47519
173 47656
173 47727
173 47939
173 47942
173 48030
173 48165
173 48273
173 48319
173 48411
173 48576
173 48616
173 48627
173 48840
173 49159
173 49223
173 49298
173 49748
173 49798
173 49803
173 50182
173 50546
173 50620
173 50701
173 50817
173 50909
173 50958
173 51251
173 51256
173 51714
173 51797
173 51877
173 52008
173 52009
173 52110
173 52389
173 52563
173 52944
173 53013
173 53086
173 53201
173 53277
173 53565
173 53865
173 53910
173 54024
173 54180
173 54181
173 54194
173 54225
173 54228
173 54415
173 54816
173 54870
173 54913
173 54987
173 55308
173 55314
173 55459
173 55700
173 55749
173 56145
173 56149
173 56323
173 56419
173 56951
173 57198
173 57348
173 57717
173 57856
173 58006
173 58196
173 58800
173 58929
173 58971
173 59390
173 59471
173 60108
173 60237
173 60447
173 60878
173 60938
173 60962
173 61088
173 61090
173 61197
173 61410
173 61660
173 61761
173 61795
173 61839
173 62002
173 62525
173 62682
173 63254
173 63731
173 64071
173 64085
173 64219
173 64242
173 64534
173 64790
173 64826
173 64870
173 64970
173 65551
173 65583
173 65645
173 65964
173 66189
173 66256
173 66644
173 66681
173 66704
173 66860
173 67095
173 67264
173 67304
173 67628
173 67732
173 68244
173 68287
173 68601
173 68712
173 68824
173 68994
173 69045
173 69163
173 69414
173 69648
173 69772
173 69794
173 69865
173 69900
173 70017
173 70357
173 70550
173 70917
173 70946
173 70994
173 71190
173 71326
173 71360
173 71396
173 71410
173 71575
173 71599
173 71689
173 71768
173 71895
173 71969
173 72136
173 72193
173 72347
173 72484
173 72661
173 72674
174 330
174 403
174 483
174 512
174 641
174 775
174 811
174 940
174 1045
174 1095
174 1197
174 1388
174 2077
174 2123
174 2262
174 2586
174 2613
174 2670
174 2813
174 3011
174 3043
174 3047
174 3413
174 3573
174 3796
174 4079
174 4625
174 4726
174 4728
174 4734
174 4855
174 5242
174 5544
174 5672
174 6012
174 6020
174 6022
174 6330
174 6505
174 6637
174 6645
174 6740
174 6898
174 7132
174 7352
174 7522
174 8138
174 8207
174 8332
174 8343
174 8367
174 8460
174 8545
174 8920
174 9053
174 9561
174 9631
174 9881
174 10034
174 10078
174 10200
174 10673
174 10841
174 11174
174 11181
174 11666
174 11724
174 11920
174 11953
174 12004
174 12491
174 12501
174 12590
174 13025
174 13196
174 13504
174 13630
174 13850
174 14189
174 14378
174 14859
174 15142
174 15190
174 15336
174 15713
174 15968
174 16151
174 16412
174 16466
174 16745
174 17119
174 17718
174 17916
174 17971
174 18025
174 18042
174 18044
174 18332
174 18391
174 18629
174 18738
174 18784
174 19106
174 19397
174 19411
174 19446
174 19800
174 20120
174 20231
174 20382
174 20847
174 20960
174 21082
174 21297
174 21371
174 21425
174 21468
174 21504
174 21576
174 21643
174 21953
174 21972
174 22448
174 22499
174 22533
174 22538
174 22906
174 22976
174 23269
174 23389
174 23445
174 23547
174 23674
174 23910
174 23923
174 24013
174 24225
174 24348
174 24509
174 24561
174 24695
174 24802
174 24827
174 24874
174 24937
174 24958
174 25805
174 25826
174 25886
174 25956
174 25962
174 26227
174 26266
174 26275
174 26321
174 26340
174 26387
174 26428
174 26467
174 26638
174 26694
174 26764
174 26787
174 26826
174 26893
174 27249
174 27526
174 27842
174 28033
174 28131
174 28538
174 28612
174 29078
174 29575
174 29877
174 30096
174 30609
174 30625
174 30626
174 30705
174 30824
174 30875
174 31271
174 31540
174 31655
174 31882
174 31960
174 32081
174 32089
174 32358
174 32569
174 32709
174 32795
174 32935
174 32979
174 33019
174 33189
174 33204
174 33220
174 33419
174 34359
174 34433
174 34903
174 34928
174 35105
174 35246
174 35298
174 35520
174 35526
174 35617
174 35623
174 35697
174 35769
174 36061
174 36099
174 36289
174 36324
174 36383
174 36413
174 36642
174 36658
174 36742
174 36909
174 36918
174 37078
174 37203
174 37269
174 37396
174 37476
174 37663
174 37685
174 37880
174 38274
174 38488
174 38527
174 38531
174 38646
174 39102
174 39133
174 39269
174 39297
174 39492
174 39875
174 39880
174 39977
174 40020
174 40025
174 40043
174 40701
174 40702
174 40733
174 40961
174 41053
174 41195
174 41245
174 41418
174 41440
174 41685
174 41954
174 41956
174 42078
174 42132
174 42263
174 42404
174 42531
174 42567
174 42763
174 42893
174 43356
174 43463
174 43503
174 43636
174 43681
174 43855
174 44050
174 44138
174 44202
174 44332
174 44369
174 44482
174 44600
174 45018
174 45022
174 45054
174 45190
174 45230
174 45299
174 45606
174 45848
174 45898
174 45904
174 46196
174 46358
174 46725
174 46810
174 46967
174 47338
174 47497
174 47510
174 47513
174 47637
174 47901
174 47924
174 48014
174 48179
174 48219
174 48366
174 48403
174 48577
174 49132
174 49169
174 49301
174 49364
174 49747
174 50217
174 50221
174 50387
174 50663
174 50820
174 50844
174 50944
174 50994
174 51067
174 51236
174 51395
174 51409
174 51751
174 51806
174 51831
174 51950
174 52309
174 52452
174 52599
174 52684
174 53050
174 53108
174 53160
174 53305
174 53382
174 53430
174 53485
174 53624
174 53635
174 53787
174 54151
174 54517
174 54623
174 54795
174 55101
174 55231
174 55575
174 55630
174 55678
174 55821
174 56165
174 56486
174 56495
174 56963
174 56988
174 57125
174 57178
174 57222
174 57507
174 57509
174 57691
174 58222
174 58299
174 59168
174 59321
174 59381
174 59685
174 59759
174 59762
174 59865
174 60170
174 60172
174 60238
174 60436
174 60464
174 60523
174 60718
174 60834
174 61108
174 61123
174 61152
174 61229
174 61280
174 61398
174 61406
174 61414
174 61479
174 61728
174 61742
174 61850
174 62018
174 62083
174 62153
174 62490
174 62623
174 62656
174 62757
174 63368
174 63531
174 63595
174 63600
174 63879
174 63898
174 64066
174 64131
174 64139
174 64169
174 64202
174 64382
174 64455
174 64592
174 64612
174 64838
174 65045
174 65321
174 65428
174 65575
174 65750
174 65954
174 66698
174 66909
174 67016
174 67152
174 67332
174 67344
174 67539
174 67880
174 68092
174 68191
174 68203
174 68382
174 68471
174 68511
174 68729
174 68873
174 69031
174 69032
174 69110
174 69292
174 69480
174 69614
174 69775
174 69799
174 70020
174 70164
174 70318
174 70331
174 70376
174 70517
174 70600
174 70786
174 70919
174 70954
174 71185
174 71231
174 71333
174 71437
174 71534
174 71586
174 71907
174 71947
174 72488
174 73049
174 73050
174 73227
174 73289
174 73383
174 73711
174 73952
174 74031
174 74130
174 74458
174 74565
174 74582
174 74637
174 74668
174 74760
174 74845
174 74909
174 74985
174 75011
174 75084
174 75252
174 75538
174 75632
174 75861
174 76028
174 76208
174 76579
174 76588
174 76727
174 76768
174 77042
174 77427
174 77439
174 77671
174 77760
174 77806
174 77948
174 78064
174 78109
174 78261
174 78877
174 79553
174 79640
174 79642
175 84
175 161
175 330
175 412
175 443
175 730
175 800
175 996
175 1113
175 1482
175 1628
175 1689
175 1744
175 1834
175 2032
175 2198
175 2896
175 3409
175 3528
175 3656
175 3886
175 3926
175 4103
175 4588
175 4625
175 4785
175 4799
175 4863
175 4874
175 5009
175 5090
175 5134
175 5172
175 5177
175 5226
175 5354
175 5405
175 5686
175 5851
175 5906
175 5953
175 5975
175 6008
175 6134
175 6397
175 6418
175 6610
175 6712
175 6770
175 7684
175 7692
175 7909
175 8000
175 8065
175 8151
175 8225
175 8323
175 8358
175 8645
175 8716
175 8866
175 9042
175 9077
175 9335
175 9529
175 9623
175 9641
175 9776
175 9835
175 9890
175 9939
175 10259
175 10314
175 10526
175 10562
175 10572
175 10860
175 10929
175 11161
175 11291
175 11439
175 11493
175 11574
175 11700
175 11705
175 11804
175 11869
175 11877
175 11904
175 12053
175 12115
175 12877
175 13013
175 13100
175 13186
175 13254
175 13308
175 13423
175 13711
175 13751
175 13907
175 13930
175 13970
175 14460
175 14846
175 15042
175 15306
175 15363
175 15493
175 15586
175 15975
175 16085
175 16275
175 16277
175 16427
175 16832
175 16888
175 16981
175 17004
175 17277
175 17435
175 17701
175 17789
175 17820
175 18006
175 18073
175 18255
175 18286
175 18302
175 18702
175 18870
175 18978
175 19710
175 19867
175 19885
175 19966
175 20093
175 20321
175 20578
175 20711
175 20780
175 21051
175 21256
175 21400
175 22037
175 22156
175 22286
175 22582
175 22887
175 23171
175 23342
175 23360
175 23426
175 23445
175 23719
175 23737
175 23791
175 23796
175 24034
175 24169
175 24221
175 24289
175 24348
175 24461
175 24517
175 24677
175 24720
175 24773
175 24800
175 24819
175 24838
175 25282
175 25444
175 25811
175 25936
175 25980
175 26394
175 26689
175 26735
175 26775
175 26843
175 26938
175 27112
175 27266
175 27314
175 27480
175 27537
175 27678
175 27850
175 27934
175 28002
175 28091
175 28159
175 28454
175 28626
175 28636
175 28843
175 29118
175 29408
175 29416
175 29502
175 29674
175 30038
175 30146
175 30222
175 30608
175 30714
175 30755
175 30768
175 30834
175 31346
175 31376
175 31565
175 31628
175 31654
175 31746
175 32005
175 32052
175 32162
175 32310
175 32699
175 32781
175 32937
175 33296
175 33634
175 33716
175 33768
175 34306
175 34375
175 34430
175 34780
175 34890
175 35102
175 35486
175 35599
175 35650
175 35766
175 35811
175 35835
175 36110
175 36227
175 36267
175 36448
175 37085
175 37096
175 37987
175 38163
175 38487
175 38621
175 38661
175 38925
175 39118
175 39127
175 39363
175 39391
175 39438
175 39634
175 39783
175 39983
175 40026
175 40050
175 40773
175 40878
175 41662
175 41760
175 42026
175 42088
175 42199
175 42314
175 42432
175 42609
175 42738
175 42879
175 42885
175 42971
175 43084
175 43329
175 43768
175 43874
175 43988
175 44025
175 44100
175 44413
175 44519
175 44550
175 44615
175 44620
175 44652
175 44850
175 44901
175 44913
175 45105
175 45349
175 45494
175 45535
175 45777
175 45864
175 45894
175 46181
175 46635
175 46729
175 47034
175 47501
175 48151
175 48498
175 48933
175 48953
175 49484
175 49521
175 49550
175 49605
175 49863
175 49997
175 50188
175 50782
175 50903
175 51040
175 51049
175 51160
175 51350
175 51437
175 51822
175 51841
175 51858
175 51960
175 52204
175 52275
175 52424
175 52502
175 52521
175 52533
175 52614
175 52884
175 52955
175 53114
175 53194
175 53429
175 53496
175 54137
175 54229
175 54453
