# 181 angles,  1 tensor ranks for 0=projectile
@subtitle   "p+O20 1st ex with BG ;"                                                        
@legend ON
@legend x1 0.2
@legend y1 0.8
@g0 type LOGY
@yaxis ticklabel format power
@legend string   0 "Lab energy =   35.0000"
#legend string   0 "Partition=  1 Excit=  2 near/far= 1"
#  Theta       sigma       iT11        T20         T21         T22         Kyy for projectile
   0.000       43.54    
   1.000       43.52    
   2.000       43.41    
   3.000       43.10    
   4.000       42.50    
   5.000       41.53    
   6.000       40.23    
   7.000       38.69    
   8.000       37.06    
   9.000       35.44    
   10.00       33.89    
   11.00       32.47    
   12.00       31.22    
   13.00       30.15    
   14.00       29.29    
   15.00       28.67    
   16.00       28.27    
   17.00       28.08    
   18.00       28.07    
   19.00       28.23    
   20.00       28.52    
   21.00       28.90    
   22.00       29.33    
   23.00       29.75    
   24.00       30.11    
   25.00       30.36    
   26.00       30.50    
   27.00       30.48    
   28.00       30.30    
   29.00       29.94    
   30.00       29.38    
   31.00       28.62    
   32.00       27.67    
   33.00       26.55    
   34.00       25.29    
   35.00       23.91    
   36.00       22.45    
   37.00       20.91    
   38.00       19.34    
   39.00       17.76    
   40.00       16.21    
   41.00       14.71    
   42.00       13.28    
   43.00       11.96    
   44.00       10.74    
   45.00       9.636    
   46.00       8.663    
   47.00       7.822    
   48.00       7.113    
   49.00       6.531    
   50.00       6.069    
   51.00       5.718    
   52.00       5.466    
   53.00       5.302    
   54.00       5.213    
   55.00       5.184    
   56.00       5.199    
   57.00       5.246    
   58.00       5.312    
   59.00       5.386    
   60.00       5.460    
   61.00       5.524    
   62.00       5.569    
   63.00       5.589    
   64.00       5.579    
   65.00       5.539    
   66.00       5.467    
   67.00       5.364    
   68.00       5.230    
   69.00       5.067    
   70.00       4.877    
   71.00       4.662    
   72.00       4.429    
   73.00       4.180    
   74.00       3.921    
   75.00       3.656    
   76.00       3.387    
   77.00       3.119    
   78.00       2.854    
   79.00       2.597    
   80.00       2.351    
   81.00       2.117    
   82.00       1.897    
   83.00       1.693    
   84.00       1.505    
   85.00       1.334    
   86.00       1.181    
   87.00       1.044    
   88.00      0.9245    
   89.00      0.8206    
   90.00      0.7316    
   91.00      0.6564    
   92.00      0.5938    
   93.00      0.5427    
   94.00      0.5019    
   95.00      0.4698    
   96.00      0.4452    
   97.00      0.4268    
   98.00      0.4136    
   99.00      0.4044    
   100.0      0.3983    
   101.0      0.3942    
   102.0      0.3914    
   103.0      0.3892    
   104.0      0.3872    
   105.0      0.3848    
   106.0      0.3817    
   107.0      0.3776    
   108.0      0.3722    
   109.0      0.3655    
   110.0      0.3575    
   111.0      0.3482    
   112.0      0.3376    
   113.0      0.3259    
   114.0      0.3132    
   115.0      0.2995    
   116.0      0.2851    
   117.0      0.2702    
   118.0      0.2550    
   119.0      0.2397    
   120.0      0.2243    
   121.0      0.2091    
   122.0      0.1942    
   123.0      0.1798    
   124.0      0.1660    
   125.0      0.1528    
   126.0      0.1403    
   127.0      0.1286    
   128.0      0.1178    
   129.0      0.1078    
   130.0      0.9879E-01
   131.0      0.9064E-01
   132.0      0.8333E-01
   133.0      0.7681E-01
   134.0      0.7108E-01
   135.0      0.6611E-01
   136.0      0.6189E-01
   137.0      0.5834E-01
   138.0      0.5537E-01
   139.0      0.5288E-01
   140.0      0.5079E-01
   141.0      0.4908E-01
   142.0      0.4771E-01
   143.0      0.4666E-01
   144.0      0.4584E-01
   145.0      0.4519E-01
   146.0      0.4462E-01
   147.0      0.4410E-01
   148.0      0.4361E-01
   149.0      0.4315E-01
   150.0      0.4269E-01
   151.0      0.4222E-01
   152.0      0.4170E-01
   153.0      0.4111E-01
   154.0      0.4047E-01
   155.0      0.3976E-01
   156.0      0.3901E-01
   157.0      0.3821E-01
   158.0      0.3737E-01
   159.0      0.3649E-01
   160.0      0.3561E-01
   161.0      0.3474E-01
   162.0      0.3389E-01
   163.0      0.3306E-01
   164.0      0.3223E-01
   165.0      0.3141E-01
   166.0      0.3064E-01
   167.0      0.2993E-01
   168.0      0.2932E-01
   169.0      0.2878E-01
   170.0      0.2829E-01
   171.0      0.2783E-01
   172.0      0.2740E-01
   173.0      0.2703E-01
   174.0      0.2673E-01
   175.0      0.2651E-01
   176.0      0.2635E-01
   177.0      0.2623E-01
   178.0      0.2614E-01
   179.0      0.2607E-01
   180.0      0.2604E-01
 END
