# 181 angles,  1 tensor ranks for 0=projectile
@subtitle   "p+O20 2nd ex with BG ;"                                                        
@legend ON
@legend x1 0.2
@legend y1 0.8
@g0 type LOGY
@yaxis ticklabel format power
@legend string   0 "Lab energy =   35.0000"
#legend string   0 "Partition=  1 Excit=  1 near/far= 1"
#  Theta       sigma       iT11        T20         T21         T22         Kyy for projectile
  0.1000E-01  0.1288E+16
   1.000      0.1251E+08
   2.000      0.7253E+06
   3.000      0.1297E+06
   4.000      0.3719E+05
   5.000      0.1438E+05
   6.000       7112.    
   7.000       4380.    
   8.000       3210.    
   9.000       2639.    
   10.00       2313.    
   11.00       2093.    
   12.00       1918.    
   13.00       1763.    
   14.00       1617.    
   15.00       1475.    
   16.00       1337.    
   17.00       1203.    
   18.00       1074.    
   19.00       950.3    
   20.00       833.9    
   21.00       725.1    
   22.00       624.6    
   23.00       532.7    
   24.00       449.8    
   25.00       375.6    
   26.00       310.1    
   27.00       253.0    
   28.00       203.8    
   29.00       162.1    
   30.00       127.2    
   31.00       98.48    
   32.00       75.36    
   33.00       57.15    
   34.00       43.20    
   35.00       32.90    
   36.00       25.66    
   37.00       20.93    
   38.00       18.20    
   39.00       17.04    
   40.00       17.03    
   41.00       17.85    
   42.00       19.19    
   43.00       20.81    
   44.00       22.51    
   45.00       24.15    
   46.00       25.60    
   47.00       26.78    
   48.00       27.64    
   49.00       28.16    
   50.00       28.32    
   51.00       28.14    
   52.00       27.63    
   53.00       26.84    
   54.00       25.79    
   55.00       24.53    
   56.00       23.10    
   57.00       21.56    
   58.00       19.92    
   59.00       18.25    
   60.00       16.57    
   61.00       14.91    
   62.00       13.30    
   63.00       11.77    
   64.00       10.32    
   65.00       8.976    
   66.00       7.742    
   67.00       6.625    
   68.00       5.627    
   69.00       4.747    
   70.00       3.982    
   71.00       3.326    
   72.00       2.772    
   73.00       2.314    
   74.00       1.942    
   75.00       1.647    
   76.00       1.420    
   77.00       1.252    
   78.00       1.133    
   79.00       1.055    
   80.00       1.011    
   81.00      0.9928    
   82.00      0.9939    
   83.00       1.009    
   84.00       1.032    
   85.00       1.060    
   86.00       1.088    
   87.00       1.114    
   88.00       1.136    
   89.00       1.152    
   90.00       1.161    
   91.00       1.162    
   92.00       1.154    
   93.00       1.139    
   94.00       1.116    
   95.00       1.085    
   96.00       1.048    
   97.00       1.005    
   98.00      0.9578    
   99.00      0.9062    
   100.0      0.8517    
   101.0      0.7951    
   102.0      0.7372    
   103.0      0.6790    
   104.0      0.6212    
   105.0      0.5645    
   106.0      0.5094    
   107.0      0.4565    
   108.0      0.4061    
   109.0      0.3587    
   110.0      0.3145    
   111.0      0.2736    
   112.0      0.2362    
   113.0      0.2023    
   114.0      0.1719    
   115.0      0.1449    
   116.0      0.1213    
   117.0      0.1010    
   118.0      0.8365E-01
   119.0      0.6919E-01
   120.0      0.5738E-01
   121.0      0.4801E-01
   122.0      0.4084E-01
   123.0      0.3566E-01
   124.0      0.3224E-01
   125.0      0.3034E-01
   126.0      0.2975E-01
   127.0      0.3026E-01
   128.0      0.3167E-01
   129.0      0.3378E-01
   130.0      0.3643E-01
   131.0      0.3944E-01
   132.0      0.4268E-01
   133.0      0.4599E-01
   134.0      0.4926E-01
   135.0      0.5239E-01
   136.0      0.5528E-01
   137.0      0.5785E-01
   138.0      0.6005E-01
   139.0      0.6181E-01
   140.0      0.6311E-01
   141.0      0.6392E-01
   142.0      0.6423E-01
   143.0      0.6404E-01
   144.0      0.6336E-01
   145.0      0.6221E-01
   146.0      0.6062E-01
   147.0      0.5863E-01
   148.0      0.5628E-01
   149.0      0.5362E-01
   150.0      0.5071E-01
   151.0      0.4760E-01
   152.0      0.4434E-01
   153.0      0.4101E-01
   154.0      0.3765E-01
   155.0      0.3432E-01
   156.0      0.3108E-01
   157.0      0.2798E-01
   158.0      0.2505E-01
   159.0      0.2234E-01
   160.0      0.1987E-01
   161.0      0.1768E-01
   162.0      0.1577E-01
   163.0      0.1416E-01
   164.0      0.1284E-01
   165.0      0.1182E-01
   166.0      0.1107E-01
   167.0      0.1058E-01
   168.0      0.1033E-01
   169.0      0.1028E-01
   170.0      0.1040E-01
   171.0      0.1066E-01
   172.0      0.1101E-01
   173.0      0.1144E-01
   174.0      0.1188E-01
   175.0      0.1233E-01
   176.0      0.1274E-01
   177.0      0.1308E-01
   178.0      0.1335E-01
   179.0      0.1351E-01
   180.0      0.1357E-01
 END
