# Fusion cross sections for ELAB=  70.000, ECM=  63.596
     0.0   1.732       1.754      0.2242E-01
     1.0   15.59       15.79      0.2000    
     2.0   26.06       26.37      0.3143    
     3.0   36.65       37.05      0.3951    
     4.0   47.41       47.85      0.4379    
     5.0   58.38       58.82      0.4427    
     6.0   69.48       69.90      0.4182    
     7.0   80.65       81.03      0.3802    
     8.0   91.22       91.59      0.3704    
     9.0   99.32       99.75      0.4278    
    10.0   102.1       102.6      0.5415    
    11.0   96.22       96.92      0.7059    
    12.0   79.98       80.85      0.8679    
    13.0   58.34       59.23      0.8861    
    14.0   38.80       39.53      0.7318    
    15.0   24.54       25.05      0.5097    
    16.0   15.15       15.46      0.3154    
    17.0   9.238       9.419      0.1809    
    18.0   5.598       5.697      0.9888E-01
    19.0   3.378       3.430      0.5248E-01
    20.0   2.031       2.058      0.2735E-01
    21.0   1.218       1.232      0.1409E-01
    22.0  0.7281      0.7353      0.7209E-02
    23.0  0.4342      0.4379      0.3671E-02
    24.0  0.2583      0.2602      0.1865E-02
    25.0  0.1533      0.1543      0.9454E-03
    26.0  0.9081E-01  0.9129E-01  0.4788E-03
    27.0  0.5367E-01  0.5392E-01  0.2423E-03
    28.0  0.3166E-01  0.3178E-01  0.1226E-03
    29.0  0.1864E-01  0.1871E-01  0.6202E-04
    30.0  0.1096E-01  0.1099E-01  0.3137E-04
    31.0  0.6431E-02  0.6447E-02  0.1587E-04
    32.0  0.3768E-02  0.3777E-02  0.8025E-05
    33.0  0.2205E-02  0.2209E-02  0.4059E-05
    34.0  0.1289E-02  0.1291E-02  0.2053E-05
    35.0  0.7521E-03  0.7531E-03  0.1038E-05
    36.0  0.4384E-03  0.4389E-03  0.5252E-06
    37.0  0.2553E-03  0.2555E-03  0.2657E-06
    38.0  0.1485E-03  0.1486E-03  0.1344E-06
    39.0  0.8628E-04  0.8635E-04  0.6800E-07
    40.0  0.5009E-04  0.5013E-04  0.3440E-07
    41.0  0.2905E-04  0.2907E-04  0.1740E-07
    42.0  0.1684E-04  0.1684E-04  0.8806E-08
    43.0  0.9749E-05  0.9753E-05  0.4456E-08
    44.0  0.5640E-05  0.5642E-05  0.2255E-08
    45.0  0.3261E-05  0.3262E-05  0.1141E-08
    46.0  0.1884E-05  0.1884E-05  0.5774E-09
    47.0  0.1088E-05  0.1088E-05  0.2922E-09
    48.0  0.6275E-06  0.6276E-06  0.1479E-09
    49.0  0.3618E-06  0.3619E-06  0.7482E-10
    50.0  0.2085E-06  0.2085E-06  0.3787E-10
    51.0  0.1201E-06  0.1201E-06  0.1916E-10
    52.0  0.6911E-07  0.6912E-07  0.9699E-11
    53.0  0.3976E-07  0.3976E-07  0.4908E-11
    54.0  0.2286E-07  0.2286E-07  0.2484E-11
    55.0  0.1314E-07  0.1314E-07  0.1257E-11
    56.0  0.7545E-08  0.7546E-08  0.6363E-12
    57.0  0.4333E-08  0.4333E-08  0.3220E-12
    58.0  0.2486E-08  0.2486E-08  0.1630E-12
    59.0  0.1426E-08  0.1426E-08  0.8250E-13
    60.0  0.8184E-09  0.8184E-09  0.4176E-13
 &
