# 178 angles,  1 tensor ranks for 0=projectile
@subtitle   "p+O20 with CH89;"                                                              
@legend ON
@legend x1 0.2
@legend y1 0.8
@g0 type LOGY
@yaxis ticklabel format power
@legend string   0 "Lab energy =   35.0000"
#legend string   0 "Partition=  1 Excit=  1 near/far= 1"
#  Theta       sigma       iT11        T20         T21         T22         Kyy for projectile
   3.000      0.1275E+06
   4.000      0.3547E+05
   5.000      0.1302E+05
   6.000       6021.    
   7.000       3495.    
   8.000       2486.    
   9.000       2046.    
   10.00       1830.    
   11.00       1704.    
   12.00       1609.    
   13.00       1525.    
   14.00       1440.    
   15.00       1352.    
   16.00       1261.    
   17.00       1168.    
   18.00       1074.    
   19.00       979.6    
   20.00       887.3    
   21.00       797.8    
   22.00       712.1    
   23.00       631.0    
   24.00       555.0    
   25.00       484.6    
   26.00       419.9    
   27.00       361.1    
   28.00       308.2    
   29.00       261.1    
   30.00       219.5    
   31.00       183.1    
   32.00       151.7    
   33.00       124.9    
   34.00       102.2    
   35.00       83.31    
   36.00       67.80    
   37.00       55.26    
   38.00       45.30    
   39.00       37.56    
   40.00       31.70    
   41.00       27.39    
   42.00       24.35    
   43.00       22.32    
   44.00       21.07    
   45.00       20.40    
   46.00       20.15    
   47.00       20.16    
   48.00       20.32    
   49.00       20.55    
   50.00       20.76    
   51.00       20.90    
   52.00       20.94    
   53.00       20.84    
   54.00       20.61    
   55.00       20.23    
   56.00       19.71    
   57.00       19.05    
   58.00       18.29    
   59.00       17.42    
   60.00       16.48    
   61.00       15.48    
   62.00       14.44    
   63.00       13.37    
   64.00       12.31    
   65.00       11.25    
   66.00       10.23    
   67.00       9.239    
   68.00       8.298    
   69.00       7.413    
   70.00       6.588    
   71.00       5.829    
   72.00       5.137    
   73.00       4.512    
   74.00       3.954    
   75.00       3.461    
   76.00       3.030    
   77.00       2.658    
   78.00       2.340    
   79.00       2.072    
   80.00       1.849    
   81.00       1.666    
   82.00       1.520    
   83.00       1.403    
   84.00       1.313    
   85.00       1.245    
   86.00       1.195    
   87.00       1.159    
   88.00       1.135    
   89.00       1.118    
   90.00       1.106    
   91.00       1.098    
   92.00       1.092    
   93.00       1.085    
   94.00       1.077    
   95.00       1.067    
   96.00       1.054    
   97.00       1.037    
   98.00       1.017    
   99.00      0.9941    
   100.0      0.9672    
   101.0      0.9370    
   102.0      0.9039    
   103.0      0.8681    
   104.0      0.8301    
   105.0      0.7904    
   106.0      0.7493    
   107.0      0.7073    
   108.0      0.6650    
   109.0      0.6227    
   110.0      0.5807    
   111.0      0.5396    
   112.0      0.4996    
   113.0      0.4611    
   114.0      0.4241    
   115.0      0.3891    
   116.0      0.3560    
   117.0      0.3251    
   118.0      0.2964    
   119.0      0.2699    
   120.0      0.2457    
   121.0      0.2238    
   122.0      0.2040    
   123.0      0.1864    
   124.0      0.1708    
   125.0      0.1571    
   126.0      0.1451    
   127.0      0.1349    
   128.0      0.1261    
   129.0      0.1187    
   130.0      0.1126    
   131.0      0.1076    
   132.0      0.1035    
   133.0      0.1003    
   134.0      0.9786E-01
   135.0      0.9601E-01
   136.0      0.9467E-01
   137.0      0.9378E-01
   138.0      0.9325E-01
   139.0      0.9301E-01
   140.0      0.9303E-01
   141.0      0.9325E-01
   142.0      0.9366E-01
   143.0      0.9422E-01
   144.0      0.9493E-01
   145.0      0.9579E-01
   146.0      0.9680E-01
   147.0      0.9796E-01
   148.0      0.9931E-01
   149.0      0.1008    
   150.0      0.1026    
   151.0      0.1046    
   152.0      0.1068    
   153.0      0.1093    
   154.0      0.1120    
   155.0      0.1151    
   156.0      0.1184    
   157.0      0.1220    
   158.0      0.1259    
   159.0      0.1301    
   160.0      0.1346    
   161.0      0.1393    
   162.0      0.1441    
   163.0      0.1492    
   164.0      0.1543    
   165.0      0.1596    
   166.0      0.1649    
   167.0      0.1701    
   168.0      0.1753    
   169.0      0.1803    
   170.0      0.1851    
   171.0      0.1897    
   172.0      0.1939    
   173.0      0.1978    
   174.0      0.2013    
   175.0      0.2044    
   176.0      0.2069    
   177.0      0.2089    
   178.0      0.2103    
   179.0      0.2112    
   180.0      0.2115    
 END
