# 178 angles,  1 tensor ranks for 0=projectile
@subtitle   "20O + d 3-?;"                                                                  
@legend ON
@legend x1 0.2
@legend y1 0.8
@g0 type LOGY
@yaxis ticklabel format power
@legend string   0 "Lab energy =   70.0000"
#legend string   0 "Partition=  1 Excit=  2 near/far= 1"
#  Theta       sigma       iT11        T20         T21         T22         Kyy for projectile
   3.000       8.658    
   4.000       10.39    
   5.000       12.21    
   6.000       13.91    
   7.000       15.37    
   8.000       16.58    
   9.000       17.61    
   10.00       18.58    
   11.00       19.61    
   12.00       20.80    
   13.00       22.16    
   14.00       23.60    
   15.00       25.01    
   16.00       26.19    
   17.00       26.96    
   18.00       27.17    
   19.00       26.72    
   20.00       25.61    
   21.00       23.90    
   22.00       21.72    
   23.00       19.27    
   24.00       16.74    
   25.00       14.32    
   26.00       12.17    
   27.00       10.39    
   28.00       9.060    
   29.00       8.170    
   30.00       7.681    
   31.00       7.517    
   32.00       7.579    
   33.00       7.764    
   34.00       7.977    
   35.00       8.137    
   36.00       8.189    
   37.00       8.101    
   38.00       7.865    
   39.00       7.493    
   40.00       7.012    
   41.00       6.454    
   42.00       5.859    
   43.00       5.261    
   44.00       4.691    
   45.00       4.172    
   46.00       3.717    
   47.00       3.331    
   48.00       3.011    
   49.00       2.752    
   50.00       2.542    
   51.00       2.368    
   52.00       2.219    
   53.00       2.084    
   54.00       1.954    
   55.00       1.823    
   56.00       1.687    
   57.00       1.546    
   58.00       1.402    
   59.00       1.257    
   60.00       1.113    
   61.00      0.9752    
   62.00      0.8457    
   63.00      0.7274    
   64.00      0.6220    
   65.00      0.5302    
   66.00      0.4523    
   67.00      0.3875    
   68.00      0.3347    
   69.00      0.2923    
   70.00      0.2584    
   71.00      0.2313    
   72.00      0.2093    
   73.00      0.1909    
   74.00      0.1750    
   75.00      0.1607    
   76.00      0.1473    
   77.00      0.1344    
   78.00      0.1219    
   79.00      0.1097    
   80.00      0.9803E-01
   81.00      0.8691E-01
   82.00      0.7650E-01
   83.00      0.6692E-01
   84.00      0.5830E-01
   85.00      0.5068E-01
   86.00      0.4409E-01
   87.00      0.3848E-01
   88.00      0.3377E-01
   89.00      0.2984E-01
   90.00      0.2659E-01
   91.00      0.2389E-01
   92.00      0.2164E-01
   93.00      0.1972E-01
   94.00      0.1804E-01
   95.00      0.1653E-01
   96.00      0.1514E-01
   97.00      0.1383E-01
   98.00      0.1259E-01
   99.00      0.1141E-01
   100.0      0.1028E-01
   101.0      0.9214E-02
   102.0      0.8216E-02
   103.0      0.7303E-02
   104.0      0.6482E-02
   105.0      0.5757E-02
   106.0      0.5126E-02
   107.0      0.4588E-02
   108.0      0.4138E-02
   109.0      0.3768E-02
   110.0      0.3468E-02
   111.0      0.3223E-02
   112.0      0.3021E-02
   113.0      0.2852E-02
   114.0      0.2709E-02
   115.0      0.2582E-02
   116.0      0.2462E-02
   117.0      0.2343E-02
   118.0      0.2219E-02
   119.0      0.2090E-02
   120.0      0.1955E-02
   121.0      0.1816E-02
   122.0      0.1673E-02
   123.0      0.1528E-02
   124.0      0.1384E-02
   125.0      0.1245E-02
   126.0      0.1112E-02
   127.0      0.9875E-03
   128.0      0.8720E-03
   129.0      0.7661E-03
   130.0      0.6710E-03
   131.0      0.5880E-03
   132.0      0.5178E-03
   133.0      0.4598E-03
   134.0      0.4127E-03
   135.0      0.3752E-03
   136.0      0.3462E-03
   137.0      0.3244E-03
   138.0      0.3084E-03
   139.0      0.2963E-03
   140.0      0.2866E-03
   141.0      0.2785E-03
   142.0      0.2721E-03
   143.0      0.2673E-03
   144.0      0.2635E-03
   145.0      0.2594E-03
   146.0      0.2536E-03
   147.0      0.2455E-03
   148.0      0.2355E-03
   149.0      0.2246E-03
   150.0      0.2136E-03
   151.0      0.2026E-03
   152.0      0.1915E-03
   153.0      0.1801E-03
   154.0      0.1686E-03
   155.0      0.1572E-03
   156.0      0.1462E-03
   157.0      0.1358E-03
   158.0      0.1259E-03
   159.0      0.1168E-03
   160.0      0.1088E-03
   161.0      0.1022E-03
   162.0      0.9697E-04
   163.0      0.9294E-04
   164.0      0.8972E-04
   165.0      0.8709E-04
   166.0      0.8510E-04
   167.0      0.8391E-04
   168.0      0.8359E-04
   169.0      0.8407E-04
   170.0      0.8521E-04
   171.0      0.8689E-04
   172.0      0.8905E-04
   173.0      0.9162E-04
   174.0      0.9433E-04
   175.0      0.9677E-04
   176.0      0.9850E-04
   177.0      0.9936E-04
   178.0      0.9949E-04
   179.0      0.9927E-04
   180.0      0.9914E-04
 END
