# 178 angles,  1 tensor ranks for 0=projectile
@subtitle   "p+O20 with CH89;"                                                              
@legend ON
@legend x1 0.2
@legend y1 0.8
@g0 type LOGY
@yaxis ticklabel format power
@legend string   0 "Lab energy =   35.0000"
#legend string   0 "Partition=  1 Excit=  1 near/far= 1"
#  Theta       sigma       iT11        T20         T21         T22         Kyy for projectile
   3.000      0.1273E+06
   4.000      0.3571E+05
   5.000      0.1336E+05
   6.000       6395.    
   7.000       3865.    
   8.000       2841.    
   9.000       2380.    
   10.00       2142.    
   11.00       1992.    
   12.00       1875.    
   13.00       1768.    
   14.00       1661.    
   15.00       1553.    
   16.00       1442.    
   17.00       1330.    
   18.00       1219.    
   19.00       1109.    
   20.00       1002.    
   21.00       898.7    
   22.00       801.0    
   23.00       709.2    
   24.00       623.8    
   25.00       545.2    
   26.00       473.6    
   27.00       408.9    
   28.00       351.2    
   29.00       300.2    
   30.00       255.5    
   31.00       216.9    
   32.00       183.8    
   33.00       155.9    
   34.00       132.6    
   35.00       113.4    
   36.00       97.86    
   37.00       85.51    
   38.00       75.87    
   39.00       68.52    
   40.00       63.05    
   41.00       59.11    
   42.00       56.37    
   43.00       54.54    
   44.00       53.36    
   45.00       52.64    
   46.00       52.19    
   47.00       51.85    
   48.00       51.53    
   49.00       51.13    
   50.00       50.59    
   51.00       49.86    
   52.00       48.92    
   53.00       47.77    
   54.00       46.40    
   55.00       44.83    
   56.00       43.08    
   57.00       41.17    
   58.00       39.14    
   59.00       37.02    
   60.00       34.83    
   61.00       32.61    
   62.00       30.39    
   63.00       28.19    
   64.00       26.04    
   65.00       23.96    
   66.00       21.96    
   67.00       20.07    
   68.00       18.29    
   69.00       16.62    
   70.00       15.08    
   71.00       13.67    
   72.00       12.38    
   73.00       11.22    
   74.00       10.18    
   75.00       9.252    
   76.00       8.434    
   77.00       7.718    
   78.00       7.096    
   79.00       6.558    
   80.00       6.097    
   81.00       5.704    
   82.00       5.371    
   83.00       5.090    
   84.00       4.852    
   85.00       4.652    
   86.00       4.481    
   87.00       4.336    
   88.00       4.209    
   89.00       4.097    
   90.00       3.995    
   91.00       3.900    
   92.00       3.808    
   93.00       3.718    
   94.00       3.628    
   95.00       3.536    
   96.00       3.440    
   97.00       3.342    
   98.00       3.239    
   99.00       3.132    
   100.0       3.022    
   101.0       2.908    
   102.0       2.791    
   103.0       2.673    
   104.0       2.552    
   105.0       2.431    
   106.0       2.310    
   107.0       2.190    
   108.0       2.072    
   109.0       1.956    
   110.0       1.844    
   111.0       1.735    
   112.0       1.630    
   113.0       1.531    
   114.0       1.437    
   115.0       1.348    
   116.0       1.265    
   117.0       1.188    
   118.0       1.117    
   119.0       1.052    
   120.0      0.9927    
   121.0      0.9392    
   122.0      0.8912    
   123.0      0.8483    
   124.0      0.8103    
   125.0      0.7768    
   126.0      0.7474    
   127.0      0.7217    
   128.0      0.6993    
   129.0      0.6797    
   130.0      0.6625    
   131.0      0.6475    
   132.0      0.6341    
   133.0      0.6221    
   134.0      0.6112    
   135.0      0.6011    
   136.0      0.5916    
   137.0      0.5826    
   138.0      0.5739    
   139.0      0.5655    
   140.0      0.5574    
   141.0      0.5496    
   142.0      0.5421    
   143.0      0.5352    
   144.0      0.5289    
   145.0      0.5234    
   146.0      0.5190    
   147.0      0.5158    
   148.0      0.5141    
   149.0      0.5141    
   150.0      0.5161    
   151.0      0.5202    
   152.0      0.5266    
   153.0      0.5355    
   154.0      0.5471    
   155.0      0.5613    
   156.0      0.5784    
   157.0      0.5982    
   158.0      0.6207    
   159.0      0.6459    
   160.0      0.6735    
   161.0      0.7034    
   162.0      0.7353    
   163.0      0.7690    
   164.0      0.8041    
   165.0      0.8401    
   166.0      0.8768    
   167.0      0.9137    
   168.0      0.9503    
   169.0      0.9861    
   170.0       1.021    
   171.0       1.054    
   172.0       1.085    
   173.0       1.113    
   174.0       1.139    
   175.0       1.161    
   176.0       1.179    
   177.0       1.194    
   178.0       1.205    
   179.0       1.211    
   180.0       1.214    
 END
