# 178 angles,  1 tensor ranks for 0=projectile
@subtitle   "20O(d,t) @ 30AMeV Haixia (d) + Pang (t)"                                       
@legend ON
@legend x1 0.2
@legend y1 0.8
@g0 type LOGY
@yaxis ticklabel format power
@legend string   0 "Lab energy =   70.0000"
#legend string   0 "Partition=  2 Excit=  4 near/far= 1"
#  Theta       sigma       iT11        T20         T21         T22         Kyy for projectile
   3.000      0.6815    
   4.000      0.7241    
   5.000      0.7692    
   6.000      0.8142    
   7.000      0.8589    
   8.000      0.9044    
   9.000      0.9520    
   10.00       1.001    
   11.00       1.049    
   12.00       1.091    
   13.00       1.118    
   14.00       1.123    
   15.00       1.100    
   16.00       1.045    
   17.00      0.9587    
   18.00      0.8469    
   19.00      0.7178    
   20.00      0.5821    
   21.00      0.4509    
   22.00      0.3339    
   23.00      0.2386    
   24.00      0.1689    
   25.00      0.1256    
   26.00      0.1062    
   27.00      0.1063    
   28.00      0.1199    
   29.00      0.1412    
   30.00      0.1646    
   31.00      0.1860    
   32.00      0.2029    
   33.00      0.2140    
   34.00      0.2197    
   35.00      0.2211    
   36.00      0.2199    
   37.00      0.2180    
   38.00      0.2169    
   39.00      0.2177    
   40.00      0.2209    
   41.00      0.2266    
   42.00      0.2342    
   43.00      0.2429    
   44.00      0.2515    
   45.00      0.2591    
   46.00      0.2648    
   47.00      0.2680    
   48.00      0.2682    
   49.00      0.2655    
   50.00      0.2598    
   51.00      0.2518    
   52.00      0.2417    
   53.00      0.2303    
   54.00      0.2180    
   55.00      0.2055    
   56.00      0.1930    
   57.00      0.1810    
   58.00      0.1696    
   59.00      0.1589    
   60.00      0.1489    
   61.00      0.1396    
   62.00      0.1309    
   63.00      0.1227    
   64.00      0.1149    
   65.00      0.1074    
   66.00      0.1001    
   67.00      0.9311E-01
   68.00      0.8629E-01
   69.00      0.7968E-01
   70.00      0.7330E-01
   71.00      0.6718E-01
   72.00      0.6137E-01
   73.00      0.5589E-01
   74.00      0.5078E-01
   75.00      0.4604E-01
   76.00      0.4169E-01
   77.00      0.3771E-01
   78.00      0.3411E-01
   79.00      0.3086E-01
   80.00      0.2794E-01
   81.00      0.2531E-01
   82.00      0.2295E-01
   83.00      0.2082E-01
   84.00      0.1890E-01
   85.00      0.1717E-01
   86.00      0.1559E-01
   87.00      0.1415E-01
   88.00      0.1283E-01
   89.00      0.1162E-01
   90.00      0.1052E-01
   91.00      0.9499E-02
   92.00      0.8568E-02
   93.00      0.7717E-02
   94.00      0.6940E-02
   95.00      0.6235E-02
   96.00      0.5595E-02
   97.00      0.5019E-02
   98.00      0.4501E-02
   99.00      0.4037E-02
   100.0      0.3622E-02
   101.0      0.3252E-02
   102.0      0.2923E-02
   103.0      0.2631E-02
   104.0      0.2370E-02
   105.0      0.2138E-02
   106.0      0.1931E-02
   107.0      0.1745E-02
   108.0      0.1579E-02
   109.0      0.1429E-02
   110.0      0.1293E-02
   111.0      0.1171E-02
   112.0      0.1059E-02
   113.0      0.9576E-03
   114.0      0.8651E-03
   115.0      0.7808E-03
   116.0      0.7040E-03
   117.0      0.6341E-03
   118.0      0.5706E-03
   119.0      0.5130E-03
   120.0      0.4609E-03
   121.0      0.4140E-03
   122.0      0.3717E-03
   123.0      0.3339E-03
   124.0      0.3000E-03
   125.0      0.2699E-03
   126.0      0.2430E-03
   127.0      0.2192E-03
   128.0      0.1981E-03
   129.0      0.1794E-03
   130.0      0.1628E-03
   131.0      0.1482E-03
   132.0      0.1351E-03
   133.0      0.1236E-03
   134.0      0.1133E-03
   135.0      0.1041E-03
   136.0      0.9577E-04
   137.0      0.8829E-04
   138.0      0.8151E-04
   139.0      0.7533E-04
   140.0      0.6968E-04
   141.0      0.6448E-04
   142.0      0.5968E-04
   143.0      0.5524E-04
   144.0      0.5113E-04
   145.0      0.4731E-04
   146.0      0.4377E-04
   147.0      0.4050E-04
   148.0      0.3747E-04
   149.0      0.3468E-04
   150.0      0.3211E-04
   151.0      0.2976E-04
   152.0      0.2761E-04
   153.0      0.2566E-04
   154.0      0.2391E-04
   155.0      0.2233E-04
   156.0      0.2092E-04
   157.0      0.1967E-04
   158.0      0.1857E-04
   159.0      0.1761E-04
   160.0      0.1678E-04
   161.0      0.1607E-04
   162.0      0.1548E-04
   163.0      0.1499E-04
   164.0      0.1460E-04
   165.0      0.1429E-04
   166.0      0.1406E-04
   167.0      0.1390E-04
   168.0      0.1380E-04
   169.0      0.1375E-04
   170.0      0.1375E-04
   171.0      0.1377E-04
   172.0      0.1383E-04
   173.0      0.1389E-04
   174.0      0.1397E-04
   175.0      0.1405E-04
   176.0      0.1412E-04
   177.0      0.1418E-04
   178.0      0.1423E-04
   179.0      0.1426E-04
   180.0      0.1427E-04
 END
