# Fusion cross sections for ELAB=  70.000, ECM=  63.596
     0.0   1.719     -1
     1.0   10.33      1
     1.0   15.48     -1
     2.0   8.627      1
     2.0   25.89     -1
     3.0   24.31      1
     3.0   36.45     -1
     4.0   15.72      1
     4.0   47.18     -1
     5.0   38.81      1
     5.0   58.18     -1
     6.0   23.15      1
     6.0   69.39     -1
     7.0   54.03      1
     7.0   80.98     -1
     8.0   30.94      1
     8.0   92.40     -1
     9.0   66.27      1
     9.0   101.1     -1
    10.0   36.20      1
    10.0   103.5     -1
    11.0   63.28      1
    11.0   96.03     -1
    12.0   25.71      1
    12.0   79.07     -1
    13.0   39.95      1
    13.0   58.02     -1
    14.0   11.84      1
    14.0   39.00     -1
    15.0   17.36      1
    15.0   24.80     -1
    16.0   4.553      1
    16.0   15.26     -1
    17.0   6.476      1
    17.0   9.224     -1
    18.0   1.643      1
    18.0   5.514     -1
    19.0   2.297      1
    19.0   3.273     -1
    20.0  0.5767      1
    20.0   1.933     -1
    21.0  0.7983      1
    21.0   1.138     -1
    22.0  0.1993      1
    22.0  0.6677     -1
    23.0  0.2740      1
    23.0  0.3907     -1
    24.0  0.6813E-01  1
    24.0  0.2281     -1
    25.0  0.9320E-01  1
    25.0  0.1329     -1
    26.0  0.2308E-01  1
    26.0  0.7727E-01 -1
    27.0  0.3145E-01  1
    27.0  0.4484E-01 -1
    28.0  0.7758E-02  1
    28.0  0.2598E-01 -1
    29.0  0.1054E-01  1
    29.0  0.1502E-01 -1
    30.0  0.2591E-02  1
    30.0  0.8677E-02 -1
    31.0  0.3510E-02  1
    31.0  0.5004E-02 -1
    32.0  0.8602E-03  1
    32.0  0.2882E-02 -1
    33.0  0.1163E-02  1
    33.0  0.1657E-02 -1
    34.0  0.2841E-03  1
    34.0  0.9520E-03 -1
    35.0  0.3832E-03  1
    35.0  0.5463E-03 -1
    36.0  0.9342E-04  1
    36.0  0.3131E-03 -1
    37.0  0.1258E-03  1
    37.0  0.1793E-03 -1
    38.0  0.3059E-04  1
    38.0  0.1025E-03 -1
    39.0  0.4112E-04  1
    39.0  0.5860E-04 -1
    40.0  0.9980E-05  1
    40.0  0.3346E-04 -1
    41.0  0.1339E-04  1
    41.0  0.1909E-04 -1
    42.0  0.3245E-05  1
    42.0  0.1088E-04 -1
    43.0  0.4349E-05  1
    43.0  0.6197E-05 -1
    44.0  0.1052E-05  1
    44.0  0.3527E-05 -1
    45.0  0.1408E-05  1
    45.0  0.2006E-05 -1
    46.0  0.3398E-06  1
    46.0  0.1140E-05 -1
    47.0  0.4544E-06  1
    47.0  0.6474E-06 -1
    48.0  0.1095E-06  1
    48.0  0.3675E-06 -1
    49.0  0.1463E-06  1
    49.0  0.2085E-06 -1
    50.0  0.3522E-07  1
    50.0  0.1182E-06 -1
    51.0  0.4701E-07  1
    51.0  0.6696E-07 -1
    52.0  0.1130E-07  1
    52.0  0.3792E-07 -1
    53.0  0.1507E-07  1
    53.0  0.2146E-07 -1
    54.0  0.3617E-08  1
    54.0  0.1214E-07 -1
    55.0  0.4819E-08  1
    55.0  0.6865E-08 -1
    56.0  0.1156E-08  1
    56.0  0.3880E-08 -1
    57.0  0.1539E-08  1
    57.0  0.2192E-08 -1
    58.0  0.3685E-09  1
    58.0  0.1238E-08 -1
    59.0  0.4909E-09  1
    59.0  0.6991E-09 -1
    60.0  0.1180E-09  1
    60.0  0.3944E-09 -1
 &
