# 178 angles,  1 tensor ranks for 0=projectile
@subtitle   "20O(d,t) @ 30AMeV Haixia (d) + Pang (t)"                                       
@legend ON
@legend x1 0.2
@legend y1 0.8
@g0 type LOGY
@yaxis ticklabel format power
@legend string   0 "Lab energy =   70.0000"
#legend string   0 "Partition=  2 Excit=  1 near/far= 1"
#  Theta       sigma       iT11        T20         T21         T22         Kyy for projectile
   3.000       24.46    
   4.000       18.99    
   5.000       13.46    
   6.000       8.552    
   7.000       4.718    
   8.000       2.166    
   9.000      0.8514    
   10.00      0.5381    
   11.00      0.8848    
   12.00       1.537    
   13.00       2.197    
   14.00       2.672    
   15.00       2.878    
   16.00       2.827    
   17.00       2.599    
   18.00       2.298    
   19.00       2.026    
   20.00       1.854    
   21.00       1.817    
   22.00       1.910    
   23.00       2.101    
   24.00       2.337    
   25.00       2.565    
   26.00       2.736    
   27.00       2.820    
   28.00       2.801    
   29.00       2.680    
   30.00       2.474    
   31.00       2.207    
   32.00       1.907    
   33.00       1.599    
   34.00       1.305    
   35.00       1.042    
   36.00      0.8188    
   37.00      0.6373    
   38.00      0.4961    
   39.00      0.3897    
   40.00      0.3113    
   41.00      0.2537    
   42.00      0.2104    
   43.00      0.1765    
   44.00      0.1481    
   45.00      0.1232    
   46.00      0.1008    
   47.00      0.8050E-01
   48.00      0.6269E-01
   49.00      0.4767E-01
   50.00      0.3570E-01
   51.00      0.2686E-01
   52.00      0.2097E-01
   53.00      0.1762E-01
   54.00      0.1628E-01
   55.00      0.1635E-01
   56.00      0.1725E-01
   57.00      0.1849E-01
   58.00      0.1969E-01
   59.00      0.2063E-01
   60.00      0.2119E-01
   61.00      0.2139E-01
   62.00      0.2129E-01
   63.00      0.2101E-01
   64.00      0.2067E-01
   65.00      0.2036E-01
   66.00      0.2016E-01
   67.00      0.2010E-01
   68.00      0.2016E-01
   69.00      0.2031E-01
   70.00      0.2049E-01
   71.00      0.2062E-01
   72.00      0.2066E-01
   73.00      0.2053E-01
   74.00      0.2022E-01
   75.00      0.1969E-01
   76.00      0.1897E-01
   77.00      0.1807E-01
   78.00      0.1702E-01
   79.00      0.1587E-01
   80.00      0.1467E-01
   81.00      0.1346E-01
   82.00      0.1228E-01
   83.00      0.1117E-01
   84.00      0.1015E-01
   85.00      0.9235E-02
   86.00      0.8425E-02
   87.00      0.7719E-02
   88.00      0.7109E-02
   89.00      0.6583E-02
   90.00      0.6126E-02
   91.00      0.5723E-02
   92.00      0.5360E-02
   93.00      0.5024E-02
   94.00      0.4706E-02
   95.00      0.4399E-02
   96.00      0.4097E-02
   97.00      0.3800E-02
   98.00      0.3506E-02
   99.00      0.3218E-02
   100.0      0.2936E-02
   101.0      0.2665E-02
   102.0      0.2406E-02
   103.0      0.2162E-02
   104.0      0.1936E-02
   105.0      0.1727E-02
   106.0      0.1537E-02
   107.0      0.1366E-02
   108.0      0.1213E-02
   109.0      0.1078E-02
   110.0      0.9584E-03
   111.0      0.8532E-03
   112.0      0.7607E-03
   113.0      0.6793E-03
   114.0      0.6075E-03
   115.0      0.5439E-03
   116.0      0.4873E-03
   117.0      0.4368E-03
   118.0      0.3915E-03
   119.0      0.3507E-03
   120.0      0.3141E-03
   121.0      0.2811E-03
   122.0      0.2515E-03
   123.0      0.2250E-03
   124.0      0.2014E-03
   125.0      0.1805E-03
   126.0      0.1622E-03
   127.0      0.1461E-03
   128.0      0.1322E-03
   129.0      0.1201E-03
   130.0      0.1096E-03
   131.0      0.1006E-03
   132.0      0.9273E-04
   133.0      0.8587E-04
   134.0      0.7979E-04
   135.0      0.7432E-04
   136.0      0.6931E-04
   137.0      0.6462E-04
   138.0      0.6014E-04
   139.0      0.5580E-04
   140.0      0.5154E-04
   141.0      0.4732E-04
   142.0      0.4313E-04
   143.0      0.3897E-04
   144.0      0.3485E-04
   145.0      0.3081E-04
   146.0      0.2688E-04
   147.0      0.2311E-04
   148.0      0.1954E-04
   149.0      0.1622E-04
   150.0      0.1320E-04
   151.0      0.1051E-04
   152.0      0.8170E-05
   153.0      0.6206E-05
   154.0      0.4616E-05
   155.0      0.3389E-05
   156.0      0.2503E-05
   157.0      0.1923E-05
   158.0      0.1607E-05
   159.0      0.1504E-05
   160.0      0.1562E-05
   161.0      0.1731E-05
   162.0      0.1962E-05
   163.0      0.2214E-05
   164.0      0.2454E-05
   165.0      0.2657E-05
   166.0      0.2809E-05
   167.0      0.2905E-05
   168.0      0.2948E-05
   169.0      0.2945E-05
   170.0      0.2908E-05
   171.0      0.2849E-05
   172.0      0.2781E-05
   173.0      0.2715E-05
   174.0      0.2657E-05
   175.0      0.2611E-05
   176.0      0.2578E-05
   177.0      0.2557E-05
   178.0      0.2546E-05
   179.0      0.2540E-05
   180.0      0.2538E-05
 END
