# 178 angles,  1 tensor ranks for 0=projectile
@subtitle   "p+O20 3- E. Khan reanalysis;"                                                  
@legend ON
@legend x1 0.2
@legend y1 0.8
@g0 type LOGY
@yaxis ticklabel format power
@legend string   0 "Lab energy =   43.2700"
#legend string   0 "Partition=  1 Excit=  2 near/far= 1"
#  Theta       sigma       iT11        T20         T21         T22         Kyy for projectile
   3.000       4.072    
   4.000       4.379    
   5.000       4.756    
   6.000       5.194    
   7.000       5.679    
   8.000       6.202    
   9.000       6.753    
   10.00       7.325    
   11.00       7.913    
   12.00       8.513    
   13.00       9.121    
   14.00       9.735    
   15.00       10.35    
   16.00       10.98    
   17.00       11.61    
   18.00       12.26    
   19.00       12.91    
   20.00       13.58    
   21.00       14.26    
   22.00       14.94    
   23.00       15.62    
   24.00       16.30    
   25.00       16.96    
   26.00       17.60    
   27.00       18.20    
   28.00       18.74    
   29.00       19.22    
   30.00       19.62    
   31.00       19.93    
   32.00       20.13    
   33.00       20.23    
   34.00       20.21    
   35.00       20.06    
   36.00       19.80    
   37.00       19.41    
   38.00       18.90    
   39.00       18.29    
   40.00       17.58    
   41.00       16.78    
   42.00       15.90    
   43.00       14.97    
   44.00       13.99    
   45.00       12.99    
   46.00       11.98    
   47.00       10.97    
   48.00       9.974    
   49.00       9.013    
   50.00       8.095    
   51.00       7.231    
   52.00       6.428    
   53.00       5.691    
   54.00       5.026    
   55.00       4.434    
   56.00       3.916    
   57.00       3.471    
   58.00       3.096    
   59.00       2.788    
   60.00       2.541    
   61.00       2.350    
   62.00       2.208    
   63.00       2.110    
   64.00       2.047    
   65.00       2.015    
   66.00       2.005    
   67.00       2.012    
   68.00       2.030    
   69.00       2.054    
   70.00       2.079    
   71.00       2.102    
   72.00       2.120    
   73.00       2.128    
   74.00       2.127    
   75.00       2.114    
   76.00       2.088    
   77.00       2.051    
   78.00       2.001    
   79.00       1.939    
   80.00       1.867    
   81.00       1.786    
   82.00       1.696    
   83.00       1.600    
   84.00       1.500    
   85.00       1.395    
   86.00       1.289    
   87.00       1.183    
   88.00       1.078    
   89.00      0.9750    
   90.00      0.8755    
   91.00      0.7805    
   92.00      0.6906    
   93.00      0.6066    
   94.00      0.5288    
   95.00      0.4576    
   96.00      0.3932    
   97.00      0.3356    
   98.00      0.2847    
   99.00      0.2403    
   100.0      0.2022    
   101.0      0.1699    
   102.0      0.1432    
   103.0      0.1216    
   104.0      0.1045    
   105.0      0.9154E-01
   106.0      0.8219E-01
   107.0      0.7595E-01
   108.0      0.7236E-01
   109.0      0.7096E-01
   110.0      0.7132E-01
   111.0      0.7305E-01
   112.0      0.7578E-01
   113.0      0.7921E-01
   114.0      0.8304E-01
   115.0      0.8702E-01
   116.0      0.9094E-01
   117.0      0.9463E-01
   118.0      0.9793E-01
   119.0      0.1008    
   120.0      0.1030    
   121.0      0.1047    
   122.0      0.1057    
   123.0      0.1060    
   124.0      0.1057    
   125.0      0.1048    
   126.0      0.1033    
   127.0      0.1012    
   128.0      0.9867E-01
   129.0      0.9567E-01
   130.0      0.9229E-01
   131.0      0.8860E-01
   132.0      0.8464E-01
   133.0      0.8048E-01
   134.0      0.7617E-01
   135.0      0.7178E-01
   136.0      0.6734E-01
   137.0      0.6292E-01
   138.0      0.5854E-01
   139.0      0.5424E-01
   140.0      0.5006E-01
   141.0      0.4602E-01
   142.0      0.4215E-01
   143.0      0.3847E-01
   144.0      0.3499E-01
   145.0      0.3173E-01
   146.0      0.2868E-01
   147.0      0.2587E-01
   148.0      0.2328E-01
   149.0      0.2092E-01
   150.0      0.1879E-01
   151.0      0.1688E-01
   152.0      0.1518E-01
   153.0      0.1370E-01
   154.0      0.1242E-01
   155.0      0.1133E-01
   156.0      0.1042E-01
   157.0      0.9674E-02
   158.0      0.9091E-02
   159.0      0.8654E-02
   160.0      0.8350E-02
   161.0      0.8168E-02
   162.0      0.8095E-02
   163.0      0.8117E-02
   164.0      0.8221E-02
   165.0      0.8395E-02
   166.0      0.8627E-02
   167.0      0.8903E-02
   168.0      0.9214E-02
   169.0      0.9546E-02
   170.0      0.9891E-02
   171.0      0.1024E-01
   172.0      0.1057E-01
   173.0      0.1089E-01
   174.0      0.1118E-01
   175.0      0.1144E-01
   176.0      0.1166E-01
   177.0      0.1184E-01
   178.0      0.1197E-01
   179.0      0.1205E-01
   180.0      0.1208E-01
 END
