# 178 angles,  1 tensor ranks for 0=projectile
@subtitle   "p+O20 3- E. Khan reanalysis;"                                                  
@legend ON
@legend x1 0.2
@legend y1 0.8
@g0 type LOGY
@yaxis ticklabel format power
@legend string   0 "Lab energy =   43.2700"
#legend string   0 "Partition=  1 Excit=  2 near/far= 1"
#  Theta       sigma       iT11        T20         T21         T22         Kyy for projectile
   3.000       2.459    
   4.000       2.653    
   5.000       2.892    
   6.000       3.168    
   7.000       3.475    
   8.000       3.804    
   9.000       4.151    
   10.00       4.511    
   11.00       4.882    
   12.00       5.259    
   13.00       5.642    
   14.00       6.027    
   15.00       6.416    
   16.00       6.807    
   17.00       7.203    
   18.00       7.604    
   19.00       8.011    
   20.00       8.425    
   21.00       8.845    
   22.00       9.268    
   23.00       9.691    
   24.00       10.11    
   25.00       10.52    
   26.00       10.91    
   27.00       11.28    
   28.00       11.62    
   29.00       11.91    
   30.00       12.16    
   31.00       12.35    
   32.00       12.48    
   33.00       12.54    
   34.00       12.53    
   35.00       12.45    
   36.00       12.29    
   37.00       12.05    
   38.00       11.75    
   39.00       11.38    
   40.00       10.94    
   41.00       10.45    
   42.00       9.921    
   43.00       9.351    
   44.00       8.754    
   45.00       8.139    
   46.00       7.517    
   47.00       6.896    
   48.00       6.285    
   49.00       5.693    
   50.00       5.127    
   51.00       4.592    
   52.00       4.093    
   53.00       3.635    
   54.00       3.220    
   55.00       2.849    
   56.00       2.524    
   57.00       2.242    
   58.00       2.003    
   59.00       1.805    
   60.00       1.645    
   61.00       1.519    
   62.00       1.424    
   63.00       1.355    
   64.00       1.309    
   65.00       1.282    
   66.00       1.269    
   67.00       1.267    
   68.00       1.272    
   69.00       1.281    
   70.00       1.292    
   71.00       1.302    
   72.00       1.310    
   73.00       1.312    
   74.00       1.309    
   75.00       1.299    
   76.00       1.282    
   77.00       1.258    
   78.00       1.227    
   79.00       1.189    
   80.00       1.145    
   81.00       1.095    
   82.00       1.041    
   83.00      0.9823    
   84.00      0.9211    
   85.00      0.8578    
   86.00      0.7935    
   87.00      0.7290    
   88.00      0.6651    
   89.00      0.6026    
   90.00      0.5422    
   91.00      0.4844    
   92.00      0.4296    
   93.00      0.3783    
   94.00      0.3308    
   95.00      0.2872    
   96.00      0.2477    
   97.00      0.2122    
   98.00      0.1808    
   99.00      0.1533    
   100.0      0.1296    
   101.0      0.1095    
   102.0      0.9265E-01
   103.0      0.7890E-01
   104.0      0.6794E-01
   105.0      0.5948E-01
   106.0      0.5323E-01
   107.0      0.4889E-01
   108.0      0.4618E-01
   109.0      0.4483E-01
   110.0      0.4457E-01
   111.0      0.4519E-01
   112.0      0.4645E-01
   113.0      0.4816E-01
   114.0      0.5016E-01
   115.0      0.5229E-01
   116.0      0.5441E-01
   117.0      0.5643E-01
   118.0      0.5826E-01
   119.0      0.5982E-01
   120.0      0.6108E-01
   121.0      0.6199E-01
   122.0      0.6254E-01
   123.0      0.6271E-01
   124.0      0.6251E-01
   125.0      0.6195E-01
   126.0      0.6104E-01
   127.0      0.5982E-01
   128.0      0.5831E-01
   129.0      0.5655E-01
   130.0      0.5455E-01
   131.0      0.5238E-01
   132.0      0.5004E-01
   133.0      0.4759E-01
   134.0      0.4505E-01
   135.0      0.4245E-01
   136.0      0.3983E-01
   137.0      0.3721E-01
   138.0      0.3461E-01
   139.0      0.3206E-01
   140.0      0.2958E-01
   141.0      0.2717E-01
   142.0      0.2487E-01
   143.0      0.2267E-01
   144.0      0.2060E-01
   145.0      0.1864E-01
   146.0      0.1682E-01
   147.0      0.1514E-01
   148.0      0.1358E-01
   149.0      0.1217E-01
   150.0      0.1088E-01
   151.0      0.9734E-02
   152.0      0.8714E-02
   153.0      0.7821E-02
   154.0      0.7050E-02
   155.0      0.6395E-02
   156.0      0.5850E-02
   157.0      0.5408E-02
   158.0      0.5063E-02
   159.0      0.4808E-02
   160.0      0.4636E-02
   161.0      0.4539E-02
   162.0      0.4510E-02
   163.0      0.4540E-02
   164.0      0.4622E-02
   165.0      0.4747E-02
   166.0      0.4909E-02
   167.0      0.5098E-02
   168.0      0.5309E-02
   169.0      0.5534E-02
   170.0      0.5765E-02
   171.0      0.5997E-02
   172.0      0.6222E-02
   173.0      0.6434E-02
   174.0      0.6630E-02
   175.0      0.6803E-02
   176.0      0.6951E-02
   177.0      0.7070E-02
   178.0      0.7157E-02
   179.0      0.7210E-02
   180.0      0.7228E-02
 END
