# 178 angles,  1 tensor ranks for 0=projectile
@subtitle   "20O(d,t) @ 30AMeV Daeh (d) + Pang (t)"                                         
@legend ON
@legend x1 0.2
@legend y1 0.8
@g0 type LOGY
@yaxis ticklabel format power
@xaxis label "Scattering angle (degrees)"
@yaxis label "Cross section (mb/sr)"
@legend string   0 "Partition=  1 Excit=  1 near/far= 1"
#legend string   0 "Lab energy =   70.0000"
@s0 linestyle   1
#  Theta       sigma       iT11        T20         T21         T22         Kyy for projectile
   3.000      0.2710E+05
   4.000      0.1161E+05
   5.000       8336.    
   6.000       6863.    
   7.000       5638.    
   8.000       4460.    
   9.000       3360.    
   10.00       2395.    
   11.00       1603.    
   12.00       994.2    
   13.00       561.7    
   14.00       282.4    
   15.00       125.8    
   16.00       59.32    
   17.00       52.08    
   18.00       77.87    
   19.00       116.4    
   20.00       153.8    
   21.00       181.7    
   22.00       196.5    
   23.00       198.1    
   24.00       188.6    
   25.00       171.2    
   26.00       149.4    
   27.00       126.1    
   28.00       103.9    
   29.00       84.44    
   30.00       68.49    
   31.00       56.28    
   32.00       47.51    
   33.00       41.61    
   34.00       37.83    
   35.00       35.45    
   36.00       33.84    
   37.00       32.50    
   38.00       31.07    
   39.00       29.38    
   40.00       27.35    
   41.00       25.02    
   42.00       22.48    
   43.00       19.84    
   44.00       17.24    
   45.00       14.78    
   46.00       12.53    
   47.00       10.56    
   48.00       8.879    
   49.00       7.491    
   50.00       6.371    
   51.00       5.483    
   52.00       4.787    
   53.00       4.240    
   54.00       3.802    
   55.00       3.440    
   56.00       3.127    
   57.00       2.845    
   58.00       2.581    
   59.00       2.328    
   60.00       2.086    
   61.00       1.854    
   62.00       1.634    
   63.00       1.430    
   64.00       1.244    
   65.00       1.077    
   66.00      0.9312    
   67.00      0.8056    
   68.00      0.6994    
   69.00      0.6107    
   70.00      0.5372    
   71.00      0.4766    
   72.00      0.4262    
   73.00      0.3839    
   74.00      0.3476    
   75.00      0.3157    
   76.00      0.2870    
   77.00      0.2605    
   78.00      0.2358    
   79.00      0.2124    
   80.00      0.1904    
   81.00      0.1698    
   82.00      0.1506    
   83.00      0.1329    
   84.00      0.1169    
   85.00      0.1026    
   86.00      0.8996E-01
   87.00      0.7898E-01
   88.00      0.6953E-01
   89.00      0.6147E-01
   90.00      0.5466E-01
   91.00      0.4890E-01
   92.00      0.4402E-01
   93.00      0.3984E-01
   94.00      0.3623E-01
   95.00      0.3305E-01
   96.00      0.3019E-01
   97.00      0.2758E-01
   98.00      0.2515E-01
   99.00      0.2286E-01
   100.0      0.2071E-01
   101.0      0.1867E-01
   102.0      0.1675E-01
   103.0      0.1495E-01
   104.0      0.1328E-01
   105.0      0.1175E-01
   106.0      0.1035E-01
   107.0      0.9104E-02
   108.0      0.7995E-02
   109.0      0.7021E-02
   110.0      0.6177E-02
   111.0      0.5450E-02
   112.0      0.4830E-02
   113.0      0.4304E-02
   114.0      0.3857E-02
   115.0      0.3477E-02
   116.0      0.3152E-02
   117.0      0.2870E-02
   118.0      0.2624E-02
   119.0      0.2403E-02
   120.0      0.2204E-02
   121.0      0.2020E-02
   122.0      0.1848E-02
   123.0      0.1686E-02
   124.0      0.1534E-02
   125.0      0.1389E-02
   126.0      0.1253E-02
   127.0      0.1125E-02
   128.0      0.1006E-02
   129.0      0.8954E-03
   130.0      0.7947E-03
   131.0      0.7035E-03
   132.0      0.6218E-03
   133.0      0.5493E-03
   134.0      0.4856E-03
   135.0      0.4302E-03
   136.0      0.3824E-03
   137.0      0.3413E-03
   138.0      0.3063E-03
   139.0      0.2764E-03
   140.0      0.2510E-03
   141.0      0.2293E-03
   142.0      0.2106E-03
   143.0      0.1945E-03
   144.0      0.1804E-03
   145.0      0.1679E-03
   146.0      0.1568E-03
   147.0      0.1468E-03
   148.0      0.1377E-03
   149.0      0.1294E-03
   150.0      0.1216E-03
   151.0      0.1144E-03
   152.0      0.1075E-03
   153.0      0.1010E-03
   154.0      0.9475E-04
   155.0      0.8866E-04
   156.0      0.8269E-04
   157.0      0.7682E-04
   158.0      0.7105E-04
   159.0      0.6540E-04
   160.0      0.5991E-04
   161.0      0.5469E-04
   162.0      0.4982E-04
   163.0      0.4542E-04
   164.0      0.4163E-04
   165.0      0.3856E-04
   166.0      0.3632E-04
   167.0      0.3499E-04
   168.0      0.3461E-04
   169.0      0.3517E-04
   170.0      0.3662E-04
   171.0      0.3886E-04
   172.0      0.4174E-04
   173.0      0.4506E-04
   174.0      0.4861E-04
   175.0      0.5215E-04
   176.0      0.5544E-04
   177.0      0.5826E-04
   178.0      0.6043E-04
   179.0      0.6179E-04
   180.0      0.6225E-04
 END
@legend string   1 "Partition=  2 Excit=  1 near/far= 1"
#legend string   0 "Lab energy =   70.0000"
@s1 linestyle   2
#  Theta       sigma       iT11        T20         T21         T22         Kyy for projectile
   3.000       25.34    
   4.000       17.73    
   5.000       10.73    
   6.000       5.329    
   7.000       1.976    
   8.000      0.6065    
   9.000      0.7593    
   10.00       1.782    
   11.00       3.034    
   12.00       4.033    
   13.00       4.518    
   14.00       4.444    
   15.00       3.924    
   16.00       3.151    
   17.00       2.329    
   18.00       1.620    
   19.00       1.119    
   20.00      0.8524    
   21.00      0.7939    
   22.00      0.8827    
   23.00       1.047    
   24.00       1.222    
   25.00       1.360    
   26.00       1.432    
   27.00       1.431    
   28.00       1.363    
   29.00       1.245    
   30.00       1.096    
   31.00      0.9336    
   32.00      0.7747    
   33.00      0.6298    
   34.00      0.5054    
   35.00      0.4041    
   36.00      0.3256    
   37.00      0.2678    
   38.00      0.2279    
   39.00      0.2024    
   40.00      0.1880    
   41.00      0.1816    
   42.00      0.1805    
   43.00      0.1823    
   44.00      0.1849    
   45.00      0.1867    
   46.00      0.1865    
   47.00      0.1837    
   48.00      0.1778    
   49.00      0.1691    
   50.00      0.1579    
   51.00      0.1448    
   52.00      0.1308    
   53.00      0.1166    
   54.00      0.1030    
   55.00      0.9048E-01
   56.00      0.7954E-01
   57.00      0.7037E-01
   58.00      0.6297E-01
   59.00      0.5717E-01
   60.00      0.5273E-01
   61.00      0.4930E-01
   62.00      0.4656E-01
   63.00      0.4419E-01
   64.00      0.4194E-01
   65.00      0.3963E-01
   66.00      0.3715E-01
   67.00      0.3447E-01
   68.00      0.3161E-01
   69.00      0.2865E-01
   70.00      0.2567E-01
   71.00      0.2277E-01
   72.00      0.2003E-01
   73.00      0.1753E-01
   74.00      0.1530E-01
   75.00      0.1338E-01
   76.00      0.1176E-01
   77.00      0.1043E-01
   78.00      0.9337E-02
   79.00      0.8454E-02
   80.00      0.7732E-02
   81.00      0.7128E-02
   82.00      0.6606E-02
   83.00      0.6134E-02
   84.00      0.5690E-02
   85.00      0.5259E-02
   86.00      0.4835E-02
   87.00      0.4414E-02
   88.00      0.4000E-02
   89.00      0.3596E-02
   90.00      0.3209E-02
   91.00      0.2846E-02
   92.00      0.2509E-02
   93.00      0.2204E-02
   94.00      0.1933E-02
   95.00      0.1694E-02
   96.00      0.1488E-02
   97.00      0.1311E-02
   98.00      0.1161E-02
   99.00      0.1034E-02
   100.0      0.9265E-03
   101.0      0.8346E-03
   102.0      0.7552E-03
   103.0      0.6855E-03
   104.0      0.6235E-03
   105.0      0.5674E-03
   106.0      0.5161E-03
   107.0      0.4687E-03
   108.0      0.4249E-03
   109.0      0.3843E-03
   110.0      0.3471E-03
   111.0      0.3130E-03
   112.0      0.2822E-03
   113.0      0.2546E-03
   114.0      0.2302E-03
   115.0      0.2086E-03
   116.0      0.1898E-03
   117.0      0.1734E-03
   118.0      0.1591E-03
   119.0      0.1466E-03
   120.0      0.1355E-03
   121.0      0.1254E-03
   122.0      0.1162E-03
   123.0      0.1075E-03
   124.0      0.9918E-04
   125.0      0.9110E-04
   126.0      0.8319E-04
   127.0      0.7541E-04
   128.0      0.6777E-04
   129.0      0.6032E-04
   130.0      0.5311E-04
   131.0      0.4623E-04
   132.0      0.3976E-04
   133.0      0.3376E-04
   134.0      0.2830E-04
   135.0      0.2342E-04
   136.0      0.1916E-04
   137.0      0.1553E-04
   138.0      0.1251E-04
   139.0      0.1008E-04
   140.0      0.8189E-05
   141.0      0.6797E-05
   142.0      0.5840E-05
   143.0      0.5253E-05
   144.0      0.4973E-05
   145.0      0.4935E-05
   146.0      0.5081E-05
   147.0      0.5358E-05
   148.0      0.5717E-05
   149.0      0.6118E-05
   150.0      0.6526E-05
   151.0      0.6913E-05
   152.0      0.7256E-05
   153.0      0.7535E-05
   154.0      0.7736E-05
   155.0      0.7849E-05
   156.0      0.7866E-05
   157.0      0.7783E-05
   158.0      0.7599E-05
   159.0      0.7319E-05
   160.0      0.6948E-05
   161.0      0.6496E-05
   162.0      0.5977E-05
   163.0      0.5407E-05
   164.0      0.4806E-05
   165.0      0.4192E-05
   166.0      0.3586E-05
   167.0      0.3007E-05
   168.0      0.2472E-05
   169.0      0.1994E-05
   170.0      0.1583E-05
   171.0      0.1245E-05
   172.0      0.9791E-06
   173.0      0.7824E-06
   174.0      0.6469E-06
   175.0      0.5621E-06
   176.0      0.5159E-06
   177.0      0.4959E-06
   178.0      0.4908E-06
   179.0      0.4916E-06
   180.0      0.4926E-06
 END
@legend string   2 "Partition=  2 Excit=  2 near/far= 1"
#legend string   0 "Lab energy =   70.0000"
@s2 linestyle   3
#  Theta       sigma       iT11        T20         T21         T22         Kyy for projectile
   3.000       12.99    
   4.000       12.51    
   5.000       11.64    
   6.000       10.36    
   7.000       8.763    
   8.000       6.999    
   9.000       5.265    
   10.00       3.741    
   11.00       2.547    
   12.00       1.733    
   13.00       1.276    
   14.00       1.099    
   15.00       1.103    
   16.00       1.187    
   17.00       1.272    
   18.00       1.307    
   19.00       1.275    
   20.00       1.181    
   21.00       1.048    
   22.00      0.9033    
   23.00      0.7710    
   24.00      0.6682    
   25.00      0.6020    
   26.00      0.5705    
   27.00      0.5657    
   28.00      0.5761    
   29.00      0.5902    
   30.00      0.5988    
   31.00      0.5960    
   32.00      0.5795    
   33.00      0.5506    
   34.00      0.5124    
   35.00      0.4695    
   36.00      0.4263    
   37.00      0.3865    
   38.00      0.3526    
   39.00      0.3255    
   40.00      0.3052    
   41.00      0.2905    
   42.00      0.2798    
   43.00      0.2712    
   44.00      0.2630    
   45.00      0.2542    
   46.00      0.2438    
   47.00      0.2316    
   48.00      0.2178    
   49.00      0.2028    
   50.00      0.1871    
   51.00      0.1715    
   52.00      0.1565    
   53.00      0.1425    
   54.00      0.1298    
   55.00      0.1186    
   56.00      0.1088    
   57.00      0.1003    
   58.00      0.9285E-01
   59.00      0.8624E-01
   60.00      0.8024E-01
   61.00      0.7467E-01
   62.00      0.6939E-01
   63.00      0.6429E-01
   64.00      0.5933E-01
   65.00      0.5451E-01
   66.00      0.4986E-01
   67.00      0.4540E-01
   68.00      0.4119E-01
   69.00      0.3726E-01
   70.00      0.3365E-01
   71.00      0.3036E-01
   72.00      0.2740E-01
   73.00      0.2475E-01
   74.00      0.2240E-01
   75.00      0.2032E-01
   76.00      0.1847E-01
   77.00      0.1682E-01
   78.00      0.1534E-01
   79.00      0.1399E-01
   80.00      0.1276E-01
   81.00      0.1163E-01
   82.00      0.1058E-01
   83.00      0.9602E-02
   84.00      0.8693E-02
   85.00      0.7849E-02
   86.00      0.7068E-02
   87.00      0.6349E-02
   88.00      0.5691E-02
   89.00      0.5094E-02
   90.00      0.4555E-02
   91.00      0.4071E-02
   92.00      0.3639E-02
   93.00      0.3256E-02
   94.00      0.2916E-02
   95.00      0.2616E-02
   96.00      0.2350E-02
   97.00      0.2115E-02
   98.00      0.1906E-02
   99.00      0.1719E-02
   100.0      0.1552E-02
   101.0      0.1402E-02
   102.0      0.1266E-02
   103.0      0.1142E-02
   104.0      0.1030E-02
   105.0      0.9276E-03
   106.0      0.8345E-03
   107.0      0.7499E-03
   108.0      0.6731E-03
   109.0      0.6035E-03
   110.0      0.5408E-03
   111.0      0.4844E-03
   112.0      0.4338E-03
   113.0      0.3886E-03
   114.0      0.3483E-03
   115.0      0.3124E-03
   116.0      0.2804E-03
   117.0      0.2520E-03
   118.0      0.2266E-03
   119.0      0.2039E-03
   120.0      0.1836E-03
   121.0      0.1654E-03
   122.0      0.1489E-03
   123.0      0.1340E-03
   124.0      0.1205E-03
   125.0      0.1083E-03
   126.0      0.9722E-04
   127.0      0.8716E-04
   128.0      0.7805E-04
   129.0      0.6982E-04
   130.0      0.6242E-04
   131.0      0.5577E-04
   132.0      0.4983E-04
   133.0      0.4455E-04
   134.0      0.3987E-04
   135.0      0.3573E-04
   136.0      0.3208E-04
   137.0      0.2888E-04
   138.0      0.2606E-04
   139.0      0.2359E-04
   140.0      0.2142E-04
   141.0      0.1951E-04
   142.0      0.1782E-04
   143.0      0.1632E-04
   144.0      0.1498E-04
   145.0      0.1378E-04
   146.0      0.1269E-04
   147.0      0.1169E-04
   148.0      0.1078E-04
   149.0      0.9941E-05
   150.0      0.9157E-05
   151.0      0.8423E-05
   152.0      0.7733E-05
   153.0      0.7083E-05
   154.0      0.6471E-05
   155.0      0.5895E-05
   156.0      0.5356E-05
   157.0      0.4855E-05
   158.0      0.4395E-05
   159.0      0.3977E-05
   160.0      0.3605E-05
   161.0      0.3281E-05
   162.0      0.3005E-05
   163.0      0.2779E-05
   164.0      0.2602E-05
   165.0      0.2471E-05
   166.0      0.2384E-05
   167.0      0.2336E-05
   168.0      0.2323E-05
   169.0      0.2339E-05
   170.0      0.2377E-05
   171.0      0.2432E-05
   172.0      0.2497E-05
   173.0      0.2567E-05
   174.0      0.2636E-05
   175.0      0.2702E-05
   176.0      0.2761E-05
   177.0      0.2809E-05
   178.0      0.2845E-05
   179.0      0.2867E-05
   180.0      0.2875E-05
 END
@legend string   3 "Partition=  2 Excit=  3 near/far= 1"
#legend string   0 "Lab energy =   70.0000"
@s3 linestyle   4
#  Theta       sigma       iT11        T20         T21         T22         Kyy for projectile
   3.000       21.41    
   4.000       20.73    
   5.000       19.84    
   6.000       18.70    
   7.000       17.31    
   8.000       15.67    
   9.000       13.83    
   10.00       11.85    
   11.00       9.837    
   12.00       7.905    
   13.00       6.158    
   14.00       4.681    
   15.00       3.522    
   16.00       2.691    
   17.00       2.161    
   18.00       1.880    
   19.00       1.778    
   20.00       1.785    
   21.00       1.840    
   22.00       1.895    
   23.00       1.923    
   24.00       1.912    
   25.00       1.864    
   26.00       1.792    
   27.00       1.709    
   28.00       1.630    
   29.00       1.564    
   30.00       1.518    
   31.00       1.491    
   32.00       1.479    
   33.00       1.475    
   34.00       1.473    
   35.00       1.464    
   36.00       1.445    
   37.00       1.410    
   38.00       1.361    
   39.00       1.298    
   40.00       1.224    
   41.00       1.142    
   42.00       1.058    
   43.00      0.9731    
   44.00      0.8915    
   45.00      0.8150    
   46.00      0.7446    
   47.00      0.6807    
   48.00      0.6229    
   49.00      0.5707    
   50.00      0.5231    
   51.00      0.4793    
   52.00      0.4385    
   53.00      0.4002    
   54.00      0.3640    
   55.00      0.3296    
   56.00      0.2972    
   57.00      0.2667    
   58.00      0.2384    
   59.00      0.2122    
   60.00      0.1884    
   61.00      0.1669    
   62.00      0.1476    
   63.00      0.1306    
   64.00      0.1155    
   65.00      0.1024    
   66.00      0.9079E-01
   67.00      0.8064E-01
   68.00      0.7170E-01
   69.00      0.6380E-01
   70.00      0.5676E-01
   71.00      0.5047E-01
   72.00      0.4482E-01
   73.00      0.3974E-01
   74.00      0.3517E-01
   75.00      0.3105E-01
   76.00      0.2736E-01
   77.00      0.2407E-01
   78.00      0.2114E-01
   79.00      0.1855E-01
   80.00      0.1628E-01
   81.00      0.1429E-01
   82.00      0.1256E-01
   83.00      0.1105E-01
   84.00      0.9745E-02
   85.00      0.8608E-02
   86.00      0.7618E-02
   87.00      0.6751E-02
   88.00      0.5991E-02
   89.00      0.5319E-02
   90.00      0.4724E-02
   91.00      0.4195E-02
   92.00      0.3722E-02
   93.00      0.3299E-02
   94.00      0.2922E-02
   95.00      0.2585E-02
   96.00      0.2285E-02
   97.00      0.2018E-02
   98.00      0.1783E-02
   99.00      0.1575E-02
   100.0      0.1393E-02
   101.0      0.1233E-02
   102.0      0.1094E-02
   103.0      0.9720E-03
   104.0      0.8655E-03
   105.0      0.7722E-03
   106.0      0.6903E-03
   107.0      0.6181E-03
   108.0      0.5541E-03
   109.0      0.4971E-03
   110.0      0.4460E-03
   111.0      0.4001E-03
   112.0      0.3587E-03
   113.0      0.3213E-03
   114.0      0.2875E-03
   115.0      0.2569E-03
   116.0      0.2293E-03
   117.0      0.2045E-03
   118.0      0.1822E-03
   119.0      0.1623E-03
   120.0      0.1445E-03
   121.0      0.1288E-03
   122.0      0.1148E-03
   123.0      0.1025E-03
   124.0      0.9171E-04
   125.0      0.8217E-04
   126.0      0.7376E-04
   127.0      0.6633E-04
   128.0      0.5975E-04
   129.0      0.5390E-04
   130.0      0.4867E-04
   131.0      0.4397E-04
   132.0      0.3973E-04
   133.0      0.3588E-04
   134.0      0.3237E-04
   135.0      0.2917E-04
   136.0      0.2624E-04
   137.0      0.2356E-04
   138.0      0.2111E-04
   139.0      0.1887E-04
   140.0      0.1683E-04
   141.0      0.1499E-04
   142.0      0.1332E-04
   143.0      0.1183E-04
   144.0      0.1050E-04
   145.0      0.9325E-05
   146.0      0.8292E-05
   147.0      0.7392E-05
   148.0      0.6613E-05
   149.0      0.5946E-05
   150.0      0.5378E-05
   151.0      0.4899E-05
   152.0      0.4498E-05
   153.0      0.4165E-05
   154.0      0.3890E-05
   155.0      0.3662E-05
   156.0      0.3474E-05
   157.0      0.3316E-05
   158.0      0.3182E-05
   159.0      0.3063E-05
   160.0      0.2956E-05
   161.0      0.2853E-05
   162.0      0.2750E-05
   163.0      0.2645E-05
   164.0      0.2533E-05
   165.0      0.2413E-05
   166.0      0.2284E-05
   167.0      0.2145E-05
   168.0      0.1998E-05
   169.0      0.1844E-05
   170.0      0.1685E-05
   171.0      0.1524E-05
   172.0      0.1365E-05
   173.0      0.1212E-05
   174.0      0.1068E-05
   175.0      0.9381E-06
   176.0      0.8255E-06
   177.0      0.7339E-06
   178.0      0.6663E-06
   179.0      0.6248E-06
   180.0      0.6108E-06
 END
