# 178 angles,  1 tensor ranks for 0=projectile
@subtitle   "p+O20 with CH89;"                                                              
@legend ON
@legend x1 0.2
@legend y1 0.8
@g0 type LOGY
@yaxis ticklabel format power
@legend string   0 "Lab energy =   35.0000"
#legend string   0 "Partition=  1 Excit=  1 near/far= 1"
#  Theta       sigma       iT11        T20         T21         T22         Kyy for projectile
   3.000      0.1280E+06
   4.000      0.3491E+05
   5.000      0.1217E+05
   6.000       5119.    
   7.000       2613.    
   8.000       1653.    
   9.000       1271.    
   10.00       1118.    
   11.00       1052.    
   12.00       1018.    
   13.00       990.5    
   14.00       960.6    
   15.00       924.9    
   16.00       882.9    
   17.00       835.4    
   18.00       783.7    
   19.00       729.1    
   20.00       672.9    
   21.00       616.3    
   22.00       560.3    
   23.00       505.7    
   24.00       453.1    
   25.00       403.1    
   26.00       356.2    
   27.00       312.4    
   28.00       272.1    
   29.00       235.2    
   30.00       201.8    
   31.00       171.9    
   32.00       145.2    
   33.00       121.8    
   34.00       101.2    
   35.00       83.49    
   36.00       68.28    
   37.00       55.38    
   38.00       44.56    
   39.00       35.59    
   40.00       28.26    
   41.00       22.36    
   42.00       17.67    
   43.00       14.04    
   44.00       11.27    
   45.00       9.231    
   46.00       7.777    
   47.00       6.790    
   48.00       6.165    
   49.00       5.814    
   50.00       5.661    
   51.00       5.643    
   52.00       5.707    
   53.00       5.815    
   54.00       5.932    
   55.00       6.037    
   56.00       6.111    
   57.00       6.143    
   58.00       6.127    
   59.00       6.061    
   60.00       5.945    
   61.00       5.782    
   62.00       5.577    
   63.00       5.335    
   64.00       5.062    
   65.00       4.766    
   66.00       4.453    
   67.00       4.129    
   68.00       3.802    
   69.00       3.475    
   70.00       3.155    
   71.00       2.844    
   72.00       2.548    
   73.00       2.267    
   74.00       2.006    
   75.00       1.764    
   76.00       1.543    
   77.00       1.344    
   78.00       1.165    
   79.00       1.007    
   80.00      0.8690    
   81.00      0.7498    
   82.00      0.6482    
   83.00      0.5627    
   84.00      0.4920    
   85.00      0.4345    
   86.00      0.3886    
   87.00      0.3530    
   88.00      0.3261    
   89.00      0.3066    
   90.00      0.2932    
   91.00      0.2846    
   92.00      0.2799    
   93.00      0.2781    
   94.00      0.2782    
   95.00      0.2797    
   96.00      0.2818    
   97.00      0.2840    
   98.00      0.2858    
   99.00      0.2871    
   100.0      0.2875    
   101.0      0.2868    
   102.0      0.2848    
   103.0      0.2817    
   104.0      0.2773    
   105.0      0.2716    
   106.0      0.2648    
   107.0      0.2569    
   108.0      0.2481    
   109.0      0.2384    
   110.0      0.2279    
   111.0      0.2169    
   112.0      0.2055    
   113.0      0.1937    
   114.0      0.1818    
   115.0      0.1698    
   116.0      0.1578    
   117.0      0.1460    
   118.0      0.1345    
   119.0      0.1233    
   120.0      0.1125    
   121.0      0.1021    
   122.0      0.9226E-01
   123.0      0.8297E-01
   124.0      0.7425E-01
   125.0      0.6612E-01
   126.0      0.5860E-01
   127.0      0.5168E-01
   128.0      0.4538E-01
   129.0      0.3966E-01
   130.0      0.3453E-01
   131.0      0.2996E-01
   132.0      0.2593E-01
   133.0      0.2242E-01
   134.0      0.1939E-01
   135.0      0.1683E-01
   136.0      0.1470E-01
   137.0      0.1297E-01
   138.0      0.1162E-01
   139.0      0.1062E-01
   140.0      0.9931E-02
   141.0      0.9533E-02
   142.0      0.9400E-02
   143.0      0.9506E-02
   144.0      0.9828E-02
   145.0      0.1034E-01
   146.0      0.1103E-01
   147.0      0.1187E-01
   148.0      0.1285E-01
   149.0      0.1394E-01
   150.0      0.1514E-01
   151.0      0.1643E-01
   152.0      0.1779E-01
   153.0      0.1921E-01
   154.0      0.2069E-01
   155.0      0.2220E-01
   156.0      0.2375E-01
   157.0      0.2531E-01
   158.0      0.2689E-01
   159.0      0.2847E-01
   160.0      0.3004E-01
   161.0      0.3159E-01
   162.0      0.3313E-01
   163.0      0.3463E-01
   164.0      0.3610E-01
   165.0      0.3751E-01
   166.0      0.3888E-01
   167.0      0.4019E-01
   168.0      0.4143E-01
   169.0      0.4260E-01
   170.0      0.4369E-01
   171.0      0.4469E-01
   172.0      0.4560E-01
   173.0      0.4642E-01
   174.0      0.4714E-01
   175.0      0.4776E-01
   176.0      0.4827E-01
   177.0      0.4867E-01
   178.0      0.4895E-01
   179.0      0.4912E-01
   180.0      0.4918E-01
 END
