# 178 angles,  1 tensor ranks for 0=projectile
@subtitle   "p+O20 3- E. Khan reanalysis;"                                                  
@legend ON
@legend x1 0.2
@legend y1 0.8
@g0 type LOGY
@yaxis ticklabel format power
@legend string   0 "Lab energy =   43.2700"
#legend string   0 "Partition=  1 Excit=  2 near/far= 1"
#  Theta       sigma       iT11        T20         T21         T22         Kyy for projectile
   3.000      0.5574    
   4.000      0.6071    
   5.000      0.6681    
   6.000      0.7383    
   7.000      0.8154    
   8.000      0.8974    
   9.000      0.9832    
   10.00       1.072    
   11.00       1.163    
   12.00       1.255    
   13.00       1.349    
   14.00       1.443    
   15.00       1.537    
   16.00       1.631    
   17.00       1.726    
   18.00       1.822    
   19.00       1.919    
   20.00       2.017    
   21.00       2.117    
   22.00       2.217    
   23.00       2.317    
   24.00       2.417    
   25.00       2.513    
   26.00       2.606    
   27.00       2.694    
   28.00       2.774    
   29.00       2.845    
   30.00       2.904    
   31.00       2.951    
   32.00       2.983    
   33.00       2.999    
   34.00       2.998    
   35.00       2.979    
   36.00       2.943    
   37.00       2.889    
   38.00       2.818    
   39.00       2.731    
   40.00       2.630    
   41.00       2.515    
   42.00       2.389    
   43.00       2.255    
   44.00       2.114    
   45.00       1.968    
   46.00       1.820    
   47.00       1.673    
   48.00       1.527    
   49.00       1.386    
   50.00       1.251    
   51.00       1.123    
   52.00       1.003    
   53.00      0.8926    
   54.00      0.7925    
   55.00      0.7028    
   56.00      0.6236    
   57.00      0.5550    
   58.00      0.4965    
   59.00      0.4476    
   60.00      0.4077    
   61.00      0.3760    
   62.00      0.3516    
   63.00      0.3336    
   64.00      0.3211    
   65.00      0.3131    
   66.00      0.3087    
   67.00      0.3069    
   68.00      0.3070    
   69.00      0.3082    
   70.00      0.3099    
   71.00      0.3115    
   72.00      0.3124    
   73.00      0.3124    
   74.00      0.3111    
   75.00      0.3084    
   76.00      0.3040    
   77.00      0.2981    
   78.00      0.2905    
   79.00      0.2814    
   80.00      0.2708    
   81.00      0.2590    
   82.00      0.2460    
   83.00      0.2322    
   84.00      0.2178    
   85.00      0.2029    
   86.00      0.1877    
   87.00      0.1725    
   88.00      0.1575    
   89.00      0.1428    
   90.00      0.1285    
   91.00      0.1149    
   92.00      0.1020    
   93.00      0.8998E-01
   94.00      0.7879E-01
   95.00      0.6853E-01
   96.00      0.5922E-01
   97.00      0.5086E-01
   98.00      0.4346E-01
   99.00      0.3697E-01
   100.0      0.3137E-01
   101.0      0.2660E-01
   102.0      0.2261E-01
   103.0      0.1934E-01
   104.0      0.1672E-01
   105.0      0.1469E-01
   106.0      0.1318E-01
   107.0      0.1211E-01
   108.0      0.1142E-01
   109.0      0.1105E-01
   110.0      0.1094E-01
   111.0      0.1103E-01
   112.0      0.1128E-01
   113.0      0.1163E-01
   114.0      0.1205E-01
   115.0      0.1250E-01
   116.0      0.1295E-01
   117.0      0.1337E-01
   118.0      0.1376E-01
   119.0      0.1408E-01
   120.0      0.1433E-01
   121.0      0.1451E-01
   122.0      0.1460E-01
   123.0      0.1461E-01
   124.0      0.1453E-01
   125.0      0.1437E-01
   126.0      0.1413E-01
   127.0      0.1382E-01
   128.0      0.1345E-01
   129.0      0.1301E-01
   130.0      0.1253E-01
   131.0      0.1201E-01
   132.0      0.1145E-01
   133.0      0.1087E-01
   134.0      0.1026E-01
   135.0      0.9651E-02
   136.0      0.9033E-02
   137.0      0.8418E-02
   138.0      0.7810E-02
   139.0      0.7214E-02
   140.0      0.6635E-02
   141.0      0.6077E-02
   142.0      0.5543E-02
   143.0      0.5035E-02
   144.0      0.4556E-02
   145.0      0.4107E-02
   146.0      0.3690E-02
   147.0      0.3306E-02
   148.0      0.2954E-02
   149.0      0.2634E-02
   150.0      0.2347E-02
   151.0      0.2092E-02
   152.0      0.1868E-02
   153.0      0.1675E-02
   154.0      0.1511E-02
   155.0      0.1376E-02
   156.0      0.1267E-02
   157.0      0.1182E-02
   158.0      0.1122E-02
   159.0      0.1082E-02
   160.0      0.1063E-02
   161.0      0.1062E-02
   162.0      0.1078E-02
   163.0      0.1107E-02
   164.0      0.1149E-02
   165.0      0.1201E-02
   166.0      0.1261E-02
   167.0      0.1327E-02
   168.0      0.1397E-02
   169.0      0.1470E-02
   170.0      0.1544E-02
   171.0      0.1617E-02
   172.0      0.1686E-02
   173.0      0.1752E-02
   174.0      0.1811E-02
   175.0      0.1863E-02
   176.0      0.1908E-02
   177.0      0.1944E-02
   178.0      0.1970E-02
   179.0      0.1986E-02
   180.0      0.1992E-02
 END
