# Fusion cross sections for ELAB=  70.000, ECM=  63.597
     0.0   1.751       1.754      0.3442E-02
     1.0   15.73       15.78      0.5133E-01
     2.0   26.20       26.37      0.1686    
     3.0   36.67       37.04      0.3712    
     4.0   47.23       47.85      0.6196    
     5.0   57.96       58.82      0.8629    
     6.0   68.87       69.91       1.045    
     7.0   79.81       81.05       1.241    
     8.0   90.11       91.63       1.520    
     9.0   97.96       99.80       1.839    
    10.0   100.5       102.7       2.160    
    11.0   94.63       97.01       2.377    
    12.0   78.75       80.93       2.185    
    13.0   57.70       59.28       1.577    
    14.0   38.59       39.56      0.9660    
    15.0   24.54       25.06      0.5246    
    16.0   15.22       15.47      0.2503    
    17.0   9.312       9.420      0.1080    
    18.0   5.652       5.696      0.4375E-01
    19.0   3.411       3.428      0.1702E-01
    20.0   2.050       2.057      0.6406E-02
    21.0   1.228       1.231      0.2328E-02
    22.0  0.7335      0.7343      0.8078E-03
    23.0  0.4369      0.4372      0.2616E-03
    24.0  0.2596      0.2597      0.7620E-04
    25.0  0.1539      0.1539      0.1921E-04
    26.0  0.9106E-01  0.9107E-01  0.5147E-05
    27.0  0.5376E-01  0.5377E-01  0.3784E-05
    28.0  0.3168E-01  0.3169E-01  0.5152E-05
    29.0  0.1864E-01  0.1864E-01  0.6394E-05
    30.0  0.1094E-01  0.1095E-01  0.6969E-05
    31.0  0.6414E-02  0.6421E-02  0.6979E-05
    32.0  0.3754E-02  0.3760E-02  0.6637E-05
 &
