# 178 angles,  1 tensor ranks for 0=projectile
@subtitle   "20O + d 3-?;"                                                                  
@legend ON
@legend x1 0.2
@legend y1 0.8
@g0 type LOGY
@yaxis ticklabel format power
@legend string   0 "Lab energy =   70.0000"
#legend string   0 "Partition=  1 Excit=  2 near/far= 1"
#  Theta       sigma       iT11        T20         T21         T22         Kyy for projectile
   3.000       5.294    
   4.000       6.459    
   5.000       7.675    
   6.000       8.814    
   7.000       9.797    
   8.000       10.61    
   9.000       11.32    
   10.00       11.99    
   11.00       12.71    
   12.00       13.54    
   13.00       14.49    
   14.00       15.49    
   15.00       16.46    
   16.00       17.28    
   17.00       17.81    
   18.00       17.95    
   19.00       17.64    
   20.00       16.87    
   21.00       15.71    
   22.00       14.23    
   23.00       12.57    
   24.00       10.86    
   25.00       9.226    
   26.00       7.782    
   27.00       6.602    
   28.00       5.722    
   29.00       5.144    
   30.00       4.840    
   31.00       4.754    
   32.00       4.820    
   33.00       4.968    
   34.00       5.134    
   35.00       5.263    
   36.00       5.317    
   37.00       5.275    
   38.00       5.133    
   39.00       4.899    
   40.00       4.589    
   41.00       4.229    
   42.00       3.842    
   43.00       3.453    
   44.00       3.083    
   45.00       2.746    
   46.00       2.453    
   47.00       2.205    
   48.00       2.002    
   49.00       1.838    
   50.00       1.706    
   51.00       1.599    
   52.00       1.507    
   53.00       1.423    
   54.00       1.341    
   55.00       1.257    
   56.00       1.168    
   57.00       1.076    
   58.00      0.9790    
   59.00      0.8806    
   60.00      0.7826    
   61.00      0.6875    
   62.00      0.5976    
   63.00      0.5150    
   64.00      0.4409    
   65.00      0.3761    
   66.00      0.3208    
   67.00      0.2746    
   68.00      0.2368    
   69.00      0.2064    
   70.00      0.1821    
   71.00      0.1627    
   72.00      0.1471    
   73.00      0.1342    
   74.00      0.1232    
   75.00      0.1134    
   76.00      0.1042    
   77.00      0.9543E-01
   78.00      0.8688E-01
   79.00      0.7852E-01
   80.00      0.7042E-01
   81.00      0.6264E-01
   82.00      0.5530E-01
   83.00      0.4848E-01
   84.00      0.4226E-01
   85.00      0.3673E-01
   86.00      0.3189E-01
   87.00      0.2774E-01
   88.00      0.2423E-01
   89.00      0.2129E-01
   90.00      0.1885E-01
   91.00      0.1683E-01
   92.00      0.1517E-01
   93.00      0.1377E-01
   94.00      0.1256E-01
   95.00      0.1150E-01
   96.00      0.1054E-01
   97.00      0.9643E-02
   98.00      0.8800E-02
   99.00      0.7997E-02
   100.0      0.7226E-02
   101.0      0.6490E-02
   102.0      0.5795E-02
   103.0      0.5149E-02
   104.0      0.4560E-02
   105.0      0.4030E-02
   106.0      0.3561E-02
   107.0      0.3153E-02
   108.0      0.2806E-02
   109.0      0.2515E-02
   110.0      0.2276E-02
   111.0      0.2080E-02
   112.0      0.1921E-02
   113.0      0.1790E-02
   114.0      0.1682E-02
   115.0      0.1591E-02
   116.0      0.1511E-02
   117.0      0.1436E-02
   118.0      0.1362E-02
   119.0      0.1287E-02
   120.0      0.1210E-02
   121.0      0.1130E-02
   122.0      0.1048E-02
   123.0      0.9639E-03
   124.0      0.8795E-03
   125.0      0.7962E-03
   126.0      0.7155E-03
   127.0      0.6384E-03
   128.0      0.5655E-03
   129.0      0.4976E-03
   130.0      0.4354E-03
   131.0      0.3799E-03
   132.0      0.3318E-03
   133.0      0.2909E-03
   134.0      0.2568E-03
   135.0      0.2288E-03
   136.0      0.2064E-03
   137.0      0.1889E-03
   138.0      0.1755E-03
   139.0      0.1651E-03
   140.0      0.1569E-03
   141.0      0.1504E-03
   142.0      0.1455E-03
   143.0      0.1421E-03
   144.0      0.1398E-03
   145.0      0.1376E-03
   146.0      0.1348E-03
   147.0      0.1309E-03
   148.0      0.1261E-03
   149.0      0.1208E-03
   150.0      0.1155E-03
   151.0      0.1102E-03
   152.0      0.1049E-03
   153.0      0.9942E-04
   154.0      0.9372E-04
   155.0      0.8797E-04
   156.0      0.8237E-04
   157.0      0.7698E-04
   158.0      0.7188E-04
   159.0      0.6715E-04
   160.0      0.6294E-04
   161.0      0.5936E-04
   162.0      0.5642E-04
   163.0      0.5400E-04
   164.0      0.5189E-04
   165.0      0.4996E-04
   166.0      0.4821E-04
   167.0      0.4672E-04
   168.0      0.4554E-04
   169.0      0.4467E-04
   170.0      0.4406E-04
   171.0      0.4366E-04
   172.0      0.4345E-04
   173.0      0.4344E-04
   174.0      0.4353E-04
   175.0      0.4358E-04
   176.0      0.4342E-04
   177.0      0.4301E-04
   178.0      0.4244E-04
   179.0      0.4194E-04
   180.0      0.4173E-04
 END
