# 178 angles,  1 tensor ranks for 0=projectile
@subtitle   "p+O20 with CH89;"                                                              
@legend ON
@legend x1 0.2
@legend y1 0.8
@g0 type LOGY
@yaxis ticklabel format power
@legend string   0 "Lab energy =   35.0000"
#legend string   0 "Partition=  1 Excit=  1 near/far= 1"
#  Theta       sigma       iT11        T20         T21         T22         Kyy for projectile
   3.000      0.1299E+06
   4.000      0.3674E+05
   5.000      0.1374E+05
   6.000       6445.    
   7.000       3735.    
   8.000       2608.    
   9.000       2089.    
   10.00       1818.    
   11.00       1653.    
   12.00       1531.    
   13.00       1428.    
   14.00       1330.    
   15.00       1234.    
   16.00       1138.    
   17.00       1043.    
   18.00       948.5    
   19.00       856.4    
   20.00       767.2    
   21.00       682.0    
   22.00       601.4    
   23.00       525.9    
   24.00       456.0    
   25.00       391.9    
   26.00       333.7    
   27.00       281.5    
   28.00       234.9    
   29.00       194.0    
   30.00       158.4    
   31.00       127.7    
   32.00       101.7    
   33.00       79.85    
   34.00       61.82    
   35.00       47.17    
   36.00       35.51    
   37.00       26.42    
   38.00       19.54    
   39.00       14.52    
   40.00       11.03    
   41.00       8.783    
   42.00       7.509    
   43.00       6.979    
   44.00       6.995    
   45.00       7.385    
   46.00       8.009    
   47.00       8.751    
   48.00       9.519    
   49.00       10.24    
   50.00       10.87    
   51.00       11.37    
   52.00       11.72    
   53.00       11.91    
   54.00       11.93    
   55.00       11.81    
   56.00       11.54    
   57.00       11.14    
   58.00       10.64    
   59.00       10.06    
   60.00       9.404    
   61.00       8.705    
   62.00       7.978    
   63.00       7.240    
   64.00       6.506    
   65.00       5.790    
   66.00       5.103    
   67.00       4.453    
   68.00       3.848    
   69.00       3.291    
   70.00       2.787    
   71.00       2.336    
   72.00       1.938    
   73.00       1.594    
   74.00       1.299    
   75.00       1.052    
   76.00      0.8492    
   77.00      0.6863    
   78.00      0.5593    
   79.00      0.4640    
   80.00      0.3961    
   81.00      0.3514    
   82.00      0.3259    
   83.00      0.3159    
   84.00      0.3180    
   85.00      0.3291    
   86.00      0.3464    
   87.00      0.3674    
   88.00      0.3902    
   89.00      0.4129    
   90.00      0.4343    
   91.00      0.4532    
   92.00      0.4688    
   93.00      0.4806    
   94.00      0.4881    
   95.00      0.4913    
   96.00      0.4901    
   97.00      0.4847    
   98.00      0.4754    
   99.00      0.4625    
   100.0      0.4463    
   101.0      0.4274    
   102.0      0.4062    
   103.0      0.3831    
   104.0      0.3586    
   105.0      0.3333    
   106.0      0.3074    
   107.0      0.2814    
   108.0      0.2556    
   109.0      0.2304    
   110.0      0.2061    
   111.0      0.1828    
   112.0      0.1608    
   113.0      0.1402    
   114.0      0.1211    
   115.0      0.1037    
   116.0      0.8786E-01
   117.0      0.7370E-01
   118.0      0.6118E-01
   119.0      0.5027E-01
   120.0      0.4092E-01
   121.0      0.3304E-01
   122.0      0.2655E-01
   123.0      0.2135E-01
   124.0      0.1734E-01
   125.0      0.1441E-01
   126.0      0.1245E-01
   127.0      0.1134E-01
   128.0      0.1098E-01
   129.0      0.1125E-01
   130.0      0.1205E-01
   131.0      0.1328E-01
   132.0      0.1485E-01
   133.0      0.1668E-01
   134.0      0.1868E-01
   135.0      0.2079E-01
   136.0      0.2295E-01
   137.0      0.2510E-01
   138.0      0.2719E-01
   139.0      0.2919E-01
   140.0      0.3107E-01
   141.0      0.3279E-01
   142.0      0.3435E-01
   143.0      0.3574E-01
   144.0      0.3693E-01
   145.0      0.3794E-01
   146.0      0.3877E-01
   147.0      0.3942E-01
   148.0      0.3989E-01
   149.0      0.4022E-01
   150.0      0.4039E-01
   151.0      0.4044E-01
   152.0      0.4038E-01
   153.0      0.4022E-01
   154.0      0.3998E-01
   155.0      0.3968E-01
   156.0      0.3933E-01
   157.0      0.3895E-01
   158.0      0.3855E-01
   159.0      0.3814E-01
   160.0      0.3773E-01
   161.0      0.3734E-01
   162.0      0.3697E-01
   163.0      0.3662E-01
   164.0      0.3631E-01
   165.0      0.3603E-01
   166.0      0.3578E-01
   167.0      0.3557E-01
   168.0      0.3540E-01
   169.0      0.3526E-01
   170.0      0.3514E-01
   171.0      0.3506E-01
   172.0      0.3500E-01
   173.0      0.3495E-01
   174.0      0.3493E-01
   175.0      0.3491E-01
   176.0      0.3490E-01
   177.0      0.3490E-01
   178.0      0.3490E-01
   179.0      0.3490E-01
   180.0      0.3490E-01
 END
