# 178 angles,  1 tensor ranks for 0=projectile
@subtitle   "p+O20 1st with BG ;"                                                           
@legend ON
@legend x1 0.2
@legend y1 0.8
@g0 type LOGY
@yaxis ticklabel format power
@legend string   0 "Lab energy =   43.0000"
#legend string   0 "Partition=  1 Excit=  2 near/far= 1"
#  Theta       sigma       iT11        T20         T21         T22         Kyy for projectile
   3.000       22.88    
   4.000       22.56    
   5.000       22.00    
   6.000       21.26    
   7.000       20.38    
   8.000       19.47    
   9.000       18.59    
   10.00       17.79    
   11.00       17.09    
   12.00       16.52    
   13.00       16.09    
   14.00       15.81    
   15.00       15.68    
   16.00       15.68    
   17.00       15.79    
   18.00       15.99    
   19.00       16.25    
   20.00       16.55    
   21.00       16.87    
   22.00       17.17    
   23.00       17.41    
   24.00       17.55    
   25.00       17.59    
   26.00       17.51    
   27.00       17.30    
   28.00       16.97    
   29.00       16.52    
   30.00       15.95    
   31.00       15.25    
   32.00       14.46    
   33.00       13.58    
   34.00       12.66    
   35.00       11.70    
   36.00       10.73    
   37.00       9.766    
   38.00       8.821    
   39.00       7.915    
   40.00       7.063    
   41.00       6.278    
   42.00       5.570    
   43.00       4.941    
   44.00       4.394    
   45.00       3.927    
   46.00       3.541    
   47.00       3.231    
   48.00       2.990    
   49.00       2.810    
   50.00       2.682    
   51.00       2.599    
   52.00       2.552    
   53.00       2.533    
   54.00       2.533    
   55.00       2.545    
   56.00       2.560    
   57.00       2.573    
   58.00       2.579    
   59.00       2.575    
   60.00       2.560    
   61.00       2.531    
   62.00       2.486    
   63.00       2.424    
   64.00       2.346    
   65.00       2.254    
   66.00       2.151    
   67.00       2.037    
   68.00       1.916    
   69.00       1.789    
   70.00       1.657    
   71.00       1.523    
   72.00       1.390    
   73.00       1.260    
   74.00       1.134    
   75.00       1.015    
   76.00      0.9023    
   77.00      0.7973    
   78.00      0.7009    
   79.00      0.6135    
   80.00      0.5355    
   81.00      0.4667    
   82.00      0.4069    
   83.00      0.3555    
   84.00      0.3120    
   85.00      0.2760    
   86.00      0.2467    
   87.00      0.2235    
   88.00      0.2054    
   89.00      0.1918    
   90.00      0.1819    
   91.00      0.1750    
   92.00      0.1706    
   93.00      0.1679    
   94.00      0.1665    
   95.00      0.1658    
   96.00      0.1654    
   97.00      0.1651    
   98.00      0.1646    
   99.00      0.1636    
   100.0      0.1621    
   101.0      0.1598    
   102.0      0.1568    
   103.0      0.1530    
   104.0      0.1484    
   105.0      0.1433    
   106.0      0.1375    
   107.0      0.1311    
   108.0      0.1243    
   109.0      0.1172    
   110.0      0.1098    
   111.0      0.1023    
   112.0      0.9482E-01
   113.0      0.8737E-01
   114.0      0.8005E-01
   115.0      0.7295E-01
   116.0      0.6615E-01
   117.0      0.5969E-01
   118.0      0.5361E-01
   119.0      0.4793E-01
   120.0      0.4268E-01
   121.0      0.3788E-01
   122.0      0.3356E-01
   123.0      0.2970E-01
   124.0      0.2630E-01
   125.0      0.2330E-01
   126.0      0.2069E-01
   127.0      0.1845E-01
   128.0      0.1658E-01
   129.0      0.1507E-01
   130.0      0.1387E-01
   131.0      0.1293E-01
   132.0      0.1221E-01
   133.0      0.1166E-01
   134.0      0.1129E-01
   135.0      0.1107E-01
   136.0      0.1100E-01
   137.0      0.1103E-01
   138.0      0.1113E-01
   139.0      0.1125E-01
   140.0      0.1139E-01
   141.0      0.1153E-01
   142.0      0.1169E-01
   143.0      0.1184E-01
   144.0      0.1198E-01
   145.0      0.1207E-01
   146.0      0.1211E-01
   147.0      0.1210E-01
   148.0      0.1204E-01
   149.0      0.1194E-01
   150.0      0.1179E-01
   151.0      0.1160E-01
   152.0      0.1136E-01
   153.0      0.1108E-01
   154.0      0.1076E-01
   155.0      0.1042E-01
   156.0      0.1005E-01
   157.0      0.9656E-02
   158.0      0.9242E-02
   159.0      0.8819E-02
   160.0      0.8398E-02
   161.0      0.7987E-02
   162.0      0.7588E-02
   163.0      0.7197E-02
   164.0      0.6811E-02
   165.0      0.6435E-02
   166.0      0.6080E-02
   167.0      0.5757E-02
   168.0      0.5468E-02
   169.0      0.5210E-02
   170.0      0.4975E-02
   171.0      0.4757E-02
   172.0      0.4557E-02
   173.0      0.4381E-02
   174.0      0.4237E-02
   175.0      0.4123E-02
   176.0      0.4037E-02
   177.0      0.3972E-02
   178.0      0.3925E-02
   179.0      0.3894E-02
   180.0      0.3882E-02
 END
