# 181 angles,  1 tensor ranks for 0=projectile
@subtitle   "p+O20 1st ex with BG ;"                                                        
@legend ON
@legend x1 0.2
@legend y1 0.8
@g0 type LOGY
@yaxis ticklabel format power
@legend string   0 "Lab energy =   35.0000"
#legend string   0 "Partition=  1 Excit=  1 near/far= 1"
#  Theta       sigma       iT11        T20         T21         T22         Kyy for projectile
  0.1000E-01  0.1288E+16
   1.000      0.1250E+08
   2.000      0.7234E+06
   3.000      0.1289E+06
   4.000      0.3681E+05
   5.000      0.1417E+05
   6.000       7007.    
   7.000       4331.    
   8.000       3195.    
   9.000       2644.    
   10.00       2332.    
   11.00       2119.    
   12.00       1948.    
   13.00       1794.    
   14.00       1648.    
   15.00       1505.    
   16.00       1365.    
   17.00       1228.    
   18.00       1096.    
   19.00       970.5    
   20.00       851.5    
   21.00       740.3    
   22.00       637.5    
   23.00       543.7    
   24.00       459.0    
   25.00       383.5    
   26.00       316.9    
   27.00       258.9    
   28.00       209.2    
   29.00       167.1    
   30.00       132.0    
   31.00       103.3    
   32.00       80.34    
   33.00       62.39    
   34.00       48.79    
   35.00       38.88    
   36.00       32.05    
   37.00       27.72    
   38.00       25.38    
   39.00       24.56    
   40.00       24.85    
   41.00       25.90    
   42.00       27.39    
   43.00       29.10    
   44.00       30.81    
   45.00       32.38    
   46.00       33.70    
   47.00       34.68    
   48.00       35.29    
   49.00       35.49    
   50.00       35.30    
   51.00       34.73    
   52.00       33.81    
   53.00       32.58    
   54.00       31.10    
   55.00       29.39    
   56.00       27.53    
   57.00       25.56    
   58.00       23.51    
   59.00       21.45    
   60.00       19.40    
   61.00       17.40    
   62.00       15.47    
   63.00       13.65    
   64.00       11.94    
   65.00       10.36    
   66.00       8.927    
   67.00       7.632    
   68.00       6.480    
   69.00       5.468    
   70.00       4.592    
   71.00       3.844    
   72.00       3.214    
   73.00       2.694    
   74.00       2.272    
   75.00       1.938    
   76.00       1.680    
   77.00       1.487    
   78.00       1.349    
   79.00       1.256    
   80.00       1.200    
   81.00       1.171    
   82.00       1.163    
   83.00       1.170    
   84.00       1.184    
   85.00       1.204    
   86.00       1.223    
   87.00       1.240    
   88.00       1.251    
   89.00       1.256    
   90.00       1.254    
   91.00       1.243    
   92.00       1.224    
   93.00       1.197    
   94.00       1.162    
   95.00       1.121    
   96.00       1.073    
   97.00       1.020    
   98.00      0.9629    
   99.00      0.9028    
   100.0      0.8406    
   101.0      0.7772    
   102.0      0.7137    
   103.0      0.6509    
   104.0      0.5895    
   105.0      0.5301    
   106.0      0.4733    
   107.0      0.4195    
   108.0      0.3692    
   109.0      0.3226    
   110.0      0.2797    
   111.0      0.2408    
   112.0      0.2059    
   113.0      0.1749    
   114.0      0.1476    
   115.0      0.1240    
   116.0      0.1039    
   117.0      0.8706E-01
   118.0      0.7320E-01
   119.0      0.6210E-01
   120.0      0.5349E-01
   121.0      0.4709E-01
   122.0      0.4264E-01
   123.0      0.3987E-01
   124.0      0.3852E-01
   125.0      0.3836E-01
   126.0      0.3914E-01
   127.0      0.4066E-01
   128.0      0.4273E-01
   129.0      0.4515E-01
   130.0      0.4778E-01
   131.0      0.5047E-01
   132.0      0.5310E-01
   133.0      0.5557E-01
   134.0      0.5779E-01
   135.0      0.5970E-01
   136.0      0.6124E-01
   137.0      0.6238E-01
   138.0      0.6308E-01
   139.0      0.6335E-01
   140.0      0.6318E-01
   141.0      0.6258E-01
   142.0      0.6158E-01
   143.0      0.6019E-01
   144.0      0.5845E-01
   145.0      0.5640E-01
   146.0      0.5408E-01
   147.0      0.5153E-01
   148.0      0.4880E-01
   149.0      0.4594E-01
   150.0      0.4298E-01
   151.0      0.3998E-01
   152.0      0.3698E-01
   153.0      0.3402E-01
   154.0      0.3113E-01
   155.0      0.2835E-01
   156.0      0.2571E-01
   157.0      0.2323E-01
   158.0      0.2093E-01
   159.0      0.1883E-01
   160.0      0.1694E-01
   161.0      0.1526E-01
   162.0      0.1380E-01
   163.0      0.1255E-01
   164.0      0.1151E-01
   165.0      0.1067E-01
   166.0      0.1001E-01
   167.0      0.9525E-02
   168.0      0.9188E-02
   169.0      0.8983E-02
   170.0      0.8889E-02
   171.0      0.8885E-02
   172.0      0.8949E-02
   173.0      0.9063E-02
   174.0      0.9205E-02
   175.0      0.9359E-02
   176.0      0.9507E-02
   177.0      0.9638E-02
   178.0      0.9739E-02
   179.0      0.9803E-02
   180.0      0.9825E-02
 END
