# 178 angles,  1 tensor ranks for 0=projectile
@subtitle   "p+O20 1.with BG ;"                                                             
@legend ON
@legend x1 0.2
@legend y1 0.8
@g0 type LOGY
@yaxis ticklabel format power
@legend string   0 "Lab energy =   43.0000"
#legend string   0 "Partition=  1 Excit=  2 near/far= 1"
#  Theta       sigma       iT11        T20         T21         T22         Kyy for projectile
   3.000       38.66    
   4.000       37.69    
   5.000       36.52    
   6.000       35.20    
   7.000       33.80    
   8.000       32.38    
   9.000       30.99    
   10.00       29.70    
   11.00       28.55    
   12.00       27.60    
   13.00       26.85    
   14.00       26.33    
   15.00       26.05    
   16.00       25.97    
   17.00       26.08    
   18.00       26.33    
   19.00       26.68    
   20.00       27.08    
   21.00       27.48    
   22.00       27.81    
   23.00       28.04    
   24.00       28.12    
   25.00       28.03    
   26.00       27.73    
   27.00       27.23    
   28.00       26.51    
   29.00       25.59    
   30.00       24.49    
   31.00       23.23    
   32.00       21.84    
   33.00       20.35    
   34.00       18.80    
   35.00       17.21    
   36.00       15.63    
   37.00       14.07    
   38.00       12.58    
   39.00       11.18    
   40.00       9.873    
   41.00       8.691    
   42.00       7.640    
   43.00       6.726    
   44.00       5.953    
   45.00       5.317    
   46.00       4.812    
   47.00       4.429    
   48.00       4.157    
   49.00       3.980    
   50.00       3.883    
   51.00       3.851    
   52.00       3.866    
   53.00       3.913    
   54.00       3.979    
   55.00       4.049    
   56.00       4.114    
   57.00       4.165    
   58.00       4.195    
   59.00       4.199    
   60.00       4.175    
   61.00       4.120    
   62.00       4.035    
   63.00       3.921    
   64.00       3.781    
   65.00       3.617    
   66.00       3.432    
   67.00       3.231    
   68.00       3.016    
   69.00       2.793    
   70.00       2.565    
   71.00       2.336    
   72.00       2.110    
   73.00       1.890    
   74.00       1.679    
   75.00       1.479    
   76.00       1.293    
   77.00       1.123    
   78.00      0.9684    
   79.00      0.8307    
   80.00      0.7097    
   81.00      0.6052    
   82.00      0.5162    
   83.00      0.4417    
   84.00      0.3807    
   85.00      0.3317    
   86.00      0.2933    
   87.00      0.2642    
   88.00      0.2430    
   89.00      0.2284    
   90.00      0.2192    
   91.00      0.2141    
   92.00      0.2123    
   93.00      0.2128    
   94.00      0.2146    
   95.00      0.2172    
   96.00      0.2199    
   97.00      0.2220    
   98.00      0.2233    
   99.00      0.2234    
   100.0      0.2220    
   101.0      0.2191    
   102.0      0.2146    
   103.0      0.2087    
   104.0      0.2013    
   105.0      0.1927    
   106.0      0.1831    
   107.0      0.1727    
   108.0      0.1618    
   109.0      0.1505    
   110.0      0.1390    
   111.0      0.1276    
   112.0      0.1163    
   113.0      0.1053    
   114.0      0.9468E-01
   115.0      0.8453E-01
   116.0      0.7493E-01
   117.0      0.6593E-01
   118.0      0.5759E-01
   119.0      0.4993E-01
   120.0      0.4300E-01
   121.0      0.3680E-01
   122.0      0.3134E-01
   123.0      0.2661E-01
   124.0      0.2258E-01
   125.0      0.1921E-01
   126.0      0.1645E-01
   127.0      0.1425E-01
   128.0      0.1254E-01
   129.0      0.1124E-01
   130.0      0.1030E-01
   131.0      0.9657E-02
   132.0      0.9252E-02
   133.0      0.9044E-02
   134.0      0.8995E-02
   135.0      0.9075E-02
   136.0      0.9258E-02
   137.0      0.9519E-02
   138.0      0.9837E-02
   139.0      0.1019E-01
   140.0      0.1055E-01
   141.0      0.1090E-01
   142.0      0.1121E-01
   143.0      0.1146E-01
   144.0      0.1164E-01
   145.0      0.1174E-01
   146.0      0.1174E-01
   147.0      0.1164E-01
   148.0      0.1144E-01
   149.0      0.1115E-01
   150.0      0.1079E-01
   151.0      0.1036E-01
   152.0      0.9875E-02
   153.0      0.9360E-02
   154.0      0.8826E-02
   155.0      0.8284E-02
   156.0      0.7744E-02
   157.0      0.7211E-02
   158.0      0.6688E-02
   159.0      0.6175E-02
   160.0      0.5674E-02
   161.0      0.5185E-02
   162.0      0.4712E-02
   163.0      0.4257E-02
   164.0      0.3826E-02
   165.0      0.3424E-02
   166.0      0.3054E-02
   167.0      0.2720E-02
   168.0      0.2422E-02
   169.0      0.2159E-02
   170.0      0.1930E-02
   171.0      0.1733E-02
   172.0      0.1565E-02
   173.0      0.1424E-02
   174.0      0.1307E-02
   175.0      0.1214E-02
   176.0      0.1142E-02
   177.0      0.1088E-02
   178.0      0.1053E-02
   179.0      0.1032E-02
   180.0      0.1025E-02
 END
