# 178 angles,  1 tensor ranks for 0=projectile
@subtitle   "p+O20 with CH89;"                                                              
@legend ON
@legend x1 0.2
@legend y1 0.8
@g0 type LOGY
@yaxis ticklabel format power
@legend string   0 "Lab energy =   35.0000"
#legend string   0 "Partition=  1 Excit=  1 near/far= 1"
#  Theta       sigma       iT11        T20         T21         T22         Kyy for projectile
   3.000      0.1317E+06
   4.000      0.3803E+05
   5.000      0.1470E+05
   6.000       7179.    
   7.000       4312.    
   8.000       3068.    
   9.000       2458.    
   10.00       2116.    
   11.00       1891.    
   12.00       1721.    
   13.00       1575.    
   14.00       1442.    
   15.00       1316.    
   16.00       1194.    
   17.00       1076.    
   18.00       962.5    
   19.00       854.4    
   20.00       752.2    
   21.00       656.4    
   22.00       567.5    
   23.00       485.9    
   24.00       411.9    
   25.00       345.3    
   26.00       286.1    
   27.00       234.1    
   28.00       188.9    
   29.00       150.2    
   30.00       117.6    
   31.00       90.40    
   32.00       68.21    
   33.00       50.45    
   34.00       36.57    
   35.00       26.05    
   36.00       18.39    
   37.00       13.12    
   38.00       9.779    
   39.00       7.987    
   40.00       7.382    
   41.00       7.651    
   42.00       8.526    
   43.00       9.778    
   44.00       11.22    
   45.00       12.70    
   46.00       14.11    
   47.00       15.35    
   48.00       16.37    
   49.00       17.12    
   50.00       17.61    
   51.00       17.81    
   52.00       17.74    
   53.00       17.43    
   54.00       16.90    
   55.00       16.18    
   56.00       15.30    
   57.00       14.31    
   58.00       13.23    
   59.00       12.10    
   60.00       10.94    
   61.00       9.787    
   62.00       8.660    
   63.00       7.577    
   64.00       6.555    
   65.00       5.605    
   66.00       4.736    
   67.00       3.952    
   68.00       3.257    
   69.00       2.650    
   70.00       2.129    
   71.00       1.691    
   72.00       1.329    
   73.00       1.038    
   74.00      0.8119    
   75.00      0.6422    
   76.00      0.5220    
   77.00      0.4438    
   78.00      0.4006    
   79.00      0.3857    
   80.00      0.3928    
   81.00      0.4162    
   82.00      0.4509    
   83.00      0.4924    
   84.00      0.5369    
   85.00      0.5813    
   86.00      0.6230    
   87.00      0.6600    
   88.00      0.6908    
   89.00      0.7145    
   90.00      0.7305    
   91.00      0.7385    
   92.00      0.7386    
   93.00      0.7311    
   94.00      0.7166    
   95.00      0.6957    
   96.00      0.6692    
   97.00      0.6379    
   98.00      0.6028    
   99.00      0.5647    
   100.0      0.5245    
   101.0      0.4829    
   102.0      0.4408    
   103.0      0.3989    
   104.0      0.3577    
   105.0      0.3179    
   106.0      0.2798    
   107.0      0.2438    
   108.0      0.2103    
   109.0      0.1795    
   110.0      0.1514    
   111.0      0.1263    
   112.0      0.1040    
   113.0      0.8468E-01
   114.0      0.6810E-01
   115.0      0.5421E-01
   116.0      0.4286E-01
   117.0      0.3388E-01
   118.0      0.2707E-01
   119.0      0.2225E-01
   120.0      0.1919E-01
   121.0      0.1769E-01
   122.0      0.1753E-01
   123.0      0.1850E-01
   124.0      0.2041E-01
   125.0      0.2306E-01
   126.0      0.2628E-01
   127.0      0.2989E-01
   128.0      0.3376E-01
   129.0      0.3773E-01
   130.0      0.4169E-01
   131.0      0.4554E-01
   132.0      0.4917E-01
   133.0      0.5252E-01
   134.0      0.5552E-01
   135.0      0.5813E-01
   136.0      0.6031E-01
   137.0      0.6204E-01
   138.0      0.6331E-01
   139.0      0.6410E-01
   140.0      0.6444E-01
   141.0      0.6433E-01
   142.0      0.6380E-01
   143.0      0.6288E-01
   144.0      0.6159E-01
   145.0      0.5998E-01
   146.0      0.5808E-01
   147.0      0.5593E-01
   148.0      0.5359E-01
   149.0      0.5108E-01
   150.0      0.4845E-01
   151.0      0.4575E-01
   152.0      0.4301E-01
   153.0      0.4028E-01
   154.0      0.3757E-01
   155.0      0.3494E-01
   156.0      0.3240E-01
   157.0      0.2998E-01
   158.0      0.2770E-01
   159.0      0.2558E-01
   160.0      0.2362E-01
   161.0      0.2184E-01
   162.0      0.2024E-01
   163.0      0.1883E-01
   164.0      0.1760E-01
   165.0      0.1654E-01
   166.0      0.1564E-01
   167.0      0.1491E-01
   168.0      0.1431E-01
   169.0      0.1385E-01
   170.0      0.1349E-01
   171.0      0.1324E-01
   172.0      0.1306E-01
   173.0      0.1295E-01
   174.0      0.1289E-01
   175.0      0.1286E-01
   176.0      0.1286E-01
   177.0      0.1287E-01
   178.0      0.1289E-01
   179.0      0.1290E-01
   180.0      0.1290E-01
 END
