# 178 angles,  1 tensor ranks for 0=projectile
@subtitle   "20O + d 2+1 inelastic;"                                                        
@legend ON
@legend x1 0.2
@legend y1 0.8
@g0 type LOGY
@yaxis ticklabel format power
@legend string   0 "Lab energy =   70.0000"
#legend string   0 "Partition=  1 Excit=  2 near/far= 1"
#  Theta       sigma       iT11        T20         T21         T22         Kyy for projectile
   3.000       10.68    
   4.000       9.601    
   5.000       8.920    
   6.000       9.030    
   7.000       10.15    
   8.000       12.21    
   9.000       14.88    
   10.00       17.70    
   11.00       20.21    
   12.00       22.10    
   13.00       23.13    
   14.00       23.17    
   15.00       22.20    
   16.00       20.33    
   17.00       17.80    
   18.00       14.94    
   19.00       12.08    
   20.00       9.529    
   21.00       7.456    
   22.00       5.954    
   23.00       5.035    
   24.00       4.640    
   25.00       4.662    
   26.00       4.957    
   27.00       5.371    
   28.00       5.770    
   29.00       6.061    
   30.00       6.192    
   31.00       6.146    
   32.00       5.929    
   33.00       5.569    
   34.00       5.105    
   35.00       4.587    
   36.00       4.066    
   37.00       3.581    
   38.00       3.156    
   39.00       2.803    
   40.00       2.524    
   41.00       2.313    
   42.00       2.161    
   43.00       2.053    
   44.00       1.969    
   45.00       1.893    
   46.00       1.812    
   47.00       1.720    
   48.00       1.615    
   49.00       1.497    
   50.00       1.368    
   51.00       1.232    
   52.00       1.093    
   53.00      0.9572    
   54.00      0.8295    
   55.00      0.7135    
   56.00      0.6111    
   57.00      0.5232    
   58.00      0.4496    
   59.00      0.3897    
   60.00      0.3420    
   61.00      0.3044    
   62.00      0.2743    
   63.00      0.2497    
   64.00      0.2287    
   65.00      0.2102    
   66.00      0.1932    
   67.00      0.1768    
   68.00      0.1605    
   69.00      0.1445    
   70.00      0.1291    
   71.00      0.1144    
   72.00      0.1007    
   73.00      0.8794E-01
   74.00      0.7626E-01
   75.00      0.6579E-01
   76.00      0.5675E-01
   77.00      0.4921E-01
   78.00      0.4303E-01
   79.00      0.3794E-01
   80.00      0.3369E-01
   81.00      0.3013E-01
   82.00      0.2719E-01
   83.00      0.2476E-01
   84.00      0.2268E-01
   85.00      0.2076E-01
   86.00      0.1892E-01
   87.00      0.1716E-01
   88.00      0.1555E-01
   89.00      0.1407E-01
   90.00      0.1269E-01
   91.00      0.1136E-01
   92.00      0.1007E-01
   93.00      0.8869E-02
   94.00      0.7822E-02
   95.00      0.6942E-02
   96.00      0.6200E-02
   97.00      0.5557E-02
   98.00      0.4996E-02
   99.00      0.4522E-02
   100.0      0.4143E-02
   101.0      0.3842E-02
   102.0      0.3581E-02
   103.0      0.3337E-02
   104.0      0.3107E-02
   105.0      0.2901E-02
   106.0      0.2721E-02
   107.0      0.2554E-02
   108.0      0.2383E-02
   109.0      0.2199E-02
   110.0      0.2010E-02
   111.0      0.1832E-02
   112.0      0.1667E-02
   113.0      0.1508E-02
   114.0      0.1350E-02
   115.0      0.1201E-02
   116.0      0.1070E-02
   117.0      0.9656E-03
   118.0      0.8802E-03
   119.0      0.7987E-03
   120.0      0.7111E-03
   121.0      0.6254E-03
   122.0      0.5574E-03
   123.0      0.5137E-03
   124.0      0.4873E-03
   125.0      0.4649E-03
   126.0      0.4367E-03
   127.0      0.4027E-03
   128.0      0.3725E-03
   129.0      0.3518E-03
   130.0      0.3354E-03
   131.0      0.3150E-03
   132.0      0.2902E-03
   133.0      0.2670E-03
   134.0      0.2510E-03
   135.0      0.2429E-03
   136.0      0.2366E-03
   137.0      0.2219E-03
   138.0      0.1965E-03
   139.0      0.1695E-03
   140.0      0.1509E-03
   141.0      0.1423E-03
   142.0      0.1389E-03
   143.0      0.1348E-03
   144.0      0.1251E-03
   145.0      0.1110E-03
   146.0      0.9905E-04
   147.0      0.9233E-04
   148.0      0.8701E-04
   149.0      0.8026E-04
   150.0      0.7387E-04
   151.0      0.6918E-04
   152.0      0.6620E-04
   153.0      0.6562E-04
   154.0      0.6565E-04
   155.0      0.6181E-04
   156.0      0.5445E-04
   157.0      0.4902E-04
   158.0      0.4708E-04
   159.0      0.4558E-04
   160.0      0.4398E-04
   161.0      0.4302E-04
   162.0      0.4069E-04
   163.0      0.3708E-04
   164.0      0.3581E-04
   165.0      0.3612E-04
   166.0      0.3337E-04
   167.0      0.2880E-04
   168.0      0.2729E-04
   169.0      0.2773E-04
   170.0      0.2682E-04
   171.0      0.2650E-04
   172.0      0.2813E-04
   173.0      0.2897E-04
   174.0      0.3010E-04
   175.0      0.3486E-04
   176.0      0.3816E-04
   177.0      0.3346E-04
   178.0      0.2676E-04
   179.0      0.2658E-04
   180.0      0.2853E-04
 END
