# 178 angles,  1 tensor ranks for 0=projectile
@subtitle   "20O + d 2+1 inelastic;"                                                        
@legend ON
@legend x1 0.2
@legend y1 0.8
@g0 type LOGY
@yaxis ticklabel format power
@legend string   0 "Lab energy =   70.0000"
#legend string   0 "Partition=  1 Excit=  2 near/far= 1"
#  Theta       sigma       iT11        T20         T21         T22         Kyy for projectile
   3.000       18.84    
   4.000       17.05    
   5.000       16.22    
   6.000       17.06    
   7.000       19.93    
   8.000       24.64    
   9.000       30.49    
   10.00       36.57    
   11.00       41.96    
   12.00       45.93    
   13.00       48.00    
   14.00       47.91    
   15.00       45.67    
   16.00       41.57    
   17.00       36.14    
   18.00       30.10    
   19.00       24.15    
   20.00       18.86    
   21.00       14.62    
   22.00       11.62    
   23.00       9.858    
   24.00       9.197    
   25.00       9.392    
   26.00       10.13    
   27.00       11.10    
   28.00       12.01    
   29.00       12.68    
   30.00       12.99    
   31.00       12.90    
   32.00       12.44    
   33.00       11.68    
   34.00       10.69    
   35.00       9.598    
   36.00       8.494    
   37.00       7.464    
   38.00       6.561    
   39.00       5.811    
   40.00       5.217    
   41.00       4.767    
   42.00       4.439    
   43.00       4.199    
   44.00       4.012    
   45.00       3.843    
   46.00       3.669    
   47.00       3.475    
   48.00       3.255    
   49.00       3.010    
   50.00       2.744    
   51.00       2.466    
   52.00       2.184    
   53.00       1.910    
   54.00       1.654    
   55.00       1.422    
   56.00       1.217    
   57.00       1.043    
   58.00      0.8971    
   59.00      0.7786    
   60.00      0.6842    
   61.00      0.6095    
   62.00      0.5496    
   63.00      0.5003    
   64.00      0.4582    
   65.00      0.4209    
   66.00      0.3863    
   67.00      0.3530    
   68.00      0.3202    
   69.00      0.2881    
   70.00      0.2569    
   71.00      0.2274    
   72.00      0.1999    
   73.00      0.1745    
   74.00      0.1513    
   75.00      0.1307    
   76.00      0.1129    
   77.00      0.9803E-01
   78.00      0.8577E-01
   79.00      0.7565E-01
   80.00      0.6722E-01
   81.00      0.6018E-01
   82.00      0.5431E-01
   83.00      0.4939E-01
   84.00      0.4514E-01
   85.00      0.4126E-01
   86.00      0.3759E-01
   87.00      0.3411E-01
   88.00      0.3087E-01
   89.00      0.2789E-01
   90.00      0.2511E-01
   91.00      0.2245E-01
   92.00      0.1992E-01
   93.00      0.1758E-01
   94.00      0.1554E-01
   95.00      0.1380E-01
   96.00      0.1233E-01
   97.00      0.1105E-01
   98.00      0.9946E-02
   99.00      0.9008E-02
   100.0      0.8241E-02
   101.0      0.7616E-02
   102.0      0.7077E-02
   103.0      0.6582E-02
   104.0      0.6123E-02
   105.0      0.5707E-02
   106.0      0.5337E-02
   107.0      0.4992E-02
   108.0      0.4646E-02
   109.0      0.4286E-02
   110.0      0.3923E-02
   111.0      0.3579E-02
   112.0      0.3260E-02
   113.0      0.2956E-02
   114.0      0.2661E-02
   115.0      0.2383E-02
   116.0      0.2137E-02
   117.0      0.1933E-02
   118.0      0.1761E-02
   119.0      0.1600E-02
   120.0      0.1435E-02
   121.0      0.1277E-02
   122.0      0.1147E-02
   123.0      0.1055E-02
   124.0      0.9912E-03
   125.0      0.9363E-03
   126.0      0.8753E-03
   127.0      0.8079E-03
   128.0      0.7463E-03
   129.0      0.6988E-03
   130.0      0.6589E-03
   131.0      0.6156E-03
   132.0      0.5676E-03
   133.0      0.5229E-03
   134.0      0.4895E-03
   135.0      0.4681E-03
   136.0      0.4494E-03
   137.0      0.4196E-03
   138.0      0.3758E-03
   139.0      0.3301E-03
   140.0      0.2964E-03
   141.0      0.2776E-03
   142.0      0.2672E-03
   143.0      0.2559E-03
   144.0      0.2374E-03
   145.0      0.2134E-03
   146.0      0.1925E-03
   147.0      0.1785E-03
   148.0      0.1670E-03
   149.0      0.1541E-03
   150.0      0.1417E-03
   151.0      0.1322E-03
   152.0      0.1259E-03
   153.0      0.1232E-03
   154.0      0.1209E-03
   155.0      0.1137E-03
   156.0      0.1022E-03
   157.0      0.9309E-04
   158.0      0.8852E-04
   159.0      0.8521E-04
   160.0      0.8183E-04
   161.0      0.7876E-04
   162.0      0.7433E-04
   163.0      0.6908E-04
   164.0      0.6654E-04
   165.0      0.6530E-04
   166.0      0.6022E-04
   167.0      0.5277E-04
   168.0      0.4868E-04
   169.0      0.4738E-04
   170.0      0.4538E-04
   171.0      0.4401E-04
   172.0      0.4440E-04
   173.0      0.4428E-04
   174.0      0.4531E-04
   175.0      0.5050E-04
   176.0      0.5343E-04
   177.0      0.4627E-04
   178.0      0.3519E-04
   179.0      0.3069E-04
   180.0      0.3082E-04
 END
