# 181 angles,  1 tensor ranks for 0=projectile
@subtitle   "p+O20 2nd ex with BG ;"                                                        
@legend ON
@legend x1 0.2
@legend y1 0.8
@g0 type LOGY
@yaxis ticklabel format power
@legend string   0 "Lab energy =   35.0000"
#legend string   0 "Partition=  1 Excit=  1 near/far= 1"
#  Theta       sigma       iT11        T20         T21         T22         Kyy for projectile
  0.1000E-01  0.1288E+16
   1.000      0.1250E+08
   2.000      0.7238E+06
   3.000      0.1291E+06
   4.000      0.3691E+05
   5.000      0.1423E+05
   6.000       7037.    
   7.000       4347.    
   8.000       3202.    
   9.000       2646.    
   10.00       2330.    
   11.00       2116.    
   12.00       1944.    
   13.00       1790.    
   14.00       1643.    
   15.00       1500.    
   16.00       1361.    
   17.00       1225.    
   18.00       1094.    
   19.00       968.2    
   20.00       849.7    
   21.00       738.9    
   22.00       636.6    
   23.00       543.1    
   24.00       458.7    
   25.00       383.2    
   26.00       316.7    
   27.00       258.7    
   28.00       208.9    
   29.00       166.6    
   30.00       131.3    
   31.00       102.4    
   32.00       79.19    
   33.00       60.95    
   34.00       47.04    
   35.00       36.84    
   36.00       29.71    
   37.00       25.11    
   38.00       22.52    
   39.00       21.48    
   40.00       21.58    
   41.00       22.47    
   42.00       23.84    
   43.00       25.47    
   44.00       27.14    
   45.00       28.70    
   46.00       30.04    
   47.00       31.08    
   48.00       31.77    
   49.00       32.09    
   50.00       32.04    
   51.00       31.62    
   52.00       30.87    
   53.00       29.82    
   54.00       28.52    
   55.00       27.01    
   56.00       25.34    
   57.00       23.55    
   58.00       21.70    
   59.00       19.81    
   60.00       17.94    
   61.00       16.10    
   62.00       14.33    
   63.00       12.66    
   64.00       11.08    
   65.00       9.629    
   66.00       8.302    
   67.00       7.107    
   68.00       6.043    
   69.00       5.110    
   70.00       4.303    
   71.00       3.614    
   72.00       3.036    
   73.00       2.559    
   74.00       2.174    
   75.00       1.870    
   76.00       1.637    
   77.00       1.465    
   78.00       1.343    
   79.00       1.264    
   80.00       1.217    
   81.00       1.196    
   82.00       1.194    
   83.00       1.204    
   84.00       1.222    
   85.00       1.243    
   86.00       1.263    
   87.00       1.281    
   88.00       1.293    
   89.00       1.298    
   90.00       1.295    
   91.00       1.284    
   92.00       1.265    
   93.00       1.237    
   94.00       1.202    
   95.00       1.159    
   96.00       1.111    
   97.00       1.058    
   98.00       1.000    
   99.00      0.9392    
   100.0      0.8762    
   101.0      0.8121    
   102.0      0.7477    
   103.0      0.6839    
   104.0      0.6214    
   105.0      0.5608    
   106.0      0.5027    
   107.0      0.4476    
   108.0      0.3958    
   109.0      0.3475    
   110.0      0.3031    
   111.0      0.2625    
   112.0      0.2258    
   113.0      0.1930    
   114.0      0.1640    
   115.0      0.1386    
   116.0      0.1168    
   117.0      0.9819E-01
   118.0      0.8271E-01
   119.0      0.7006E-01
   120.0      0.5999E-01
   121.0      0.5225E-01
   122.0      0.4657E-01
   123.0      0.4270E-01
   124.0      0.4040E-01
   125.0      0.3942E-01
   126.0      0.3953E-01
   127.0      0.4053E-01
   128.0      0.4221E-01
   129.0      0.4438E-01
   130.0      0.4689E-01
   131.0      0.4958E-01
   132.0      0.5231E-01
   133.0      0.5497E-01
   134.0      0.5746E-01
   135.0      0.5970E-01
   136.0      0.6161E-01
   137.0      0.6314E-01
   138.0      0.6426E-01
   139.0      0.6493E-01
   140.0      0.6513E-01
   141.0      0.6488E-01
   142.0      0.6416E-01
   143.0      0.6301E-01
   144.0      0.6144E-01
   145.0      0.5948E-01
   146.0      0.5718E-01
   147.0      0.5459E-01
   148.0      0.5173E-01
   149.0      0.4868E-01
   150.0      0.4548E-01
   151.0      0.4218E-01
   152.0      0.3884E-01
   153.0      0.3551E-01
   154.0      0.3224E-01
   155.0      0.2907E-01
   156.0      0.2605E-01
   157.0      0.2321E-01
   158.0      0.2060E-01
   159.0      0.1822E-01
   160.0      0.1611E-01
   161.0      0.1427E-01
   162.0      0.1272E-01
   163.0      0.1145E-01
   164.0      0.1046E-01
   165.0      0.9739E-02
   166.0      0.9265E-02
   167.0      0.9019E-02
   168.0      0.8974E-02
   169.0      0.9102E-02
   170.0      0.9370E-02
   171.0      0.9747E-02
   172.0      0.1020E-01
   173.0      0.1069E-01
   174.0      0.1119E-01
   175.0      0.1167E-01
   176.0      0.1210E-01
   177.0      0.1246E-01
   178.0      0.1273E-01
   179.0      0.1289E-01
   180.0      0.1295E-01
 END
