# 178 angles,  1 tensor ranks for 0=projectile
@subtitle   "p+O20 with CH89;"                                                              
@legend ON
@legend x1 0.2
@legend y1 0.8
@g0 type LOGY
@yaxis ticklabel format power
@legend string   0 "Lab energy =   35.0000"
#legend string   0 "Partition=  1 Excit=  1 near/far= 1"
#  Theta       sigma       iT11        T20         T21         T22         Kyy for projectile
   3.000      0.1298E+06
   4.000      0.3709E+05
   5.000      0.1419E+05
   6.000       6909.    
   7.000       4184.    
   8.000       3030.    
   9.000       2480.    
   10.00       2178.    
   11.00       1982.    
   12.00       1830.    
   13.00       1697.    
   14.00       1571.    
   15.00       1448.    
   16.00       1328.    
   17.00       1209.    
   18.00       1093.    
   19.00       980.9    
   20.00       873.8    
   21.00       772.4    
   22.00       677.5    
   23.00       589.5    
   24.00       508.8    
   25.00       435.6    
   26.00       369.9    
   27.00       311.5    
   28.00       260.3    
   29.00       215.9    
   30.00       177.8    
   31.00       145.6    
   32.00       118.9    
   33.00       96.97    
   34.00       79.40    
   35.00       65.61    
   36.00       55.08    
   37.00       47.32    
   38.00       41.85    
   39.00       38.25    
   40.00       36.12    
   41.00       35.12    
   42.00       34.93    
   43.00       35.29    
   44.00       35.99    
   45.00       36.82    
   46.00       37.66    
   47.00       38.38    
   48.00       38.91    
   49.00       39.18    
   50.00       39.16    
   51.00       38.84    
   52.00       38.22    
   53.00       37.31    
   54.00       36.14    
   55.00       34.74    
   56.00       33.15    
   57.00       31.40    
   58.00       29.53    
   59.00       27.58    
   60.00       25.59    
   61.00       23.59    
   62.00       21.61    
   63.00       19.68    
   64.00       17.82    
   65.00       16.06    
   66.00       14.40    
   67.00       12.85    
   68.00       11.43    
   69.00       10.13    
   70.00       8.968    
   71.00       7.928    
   72.00       7.010    
   73.00       6.210    
   74.00       5.519    
   75.00       4.929    
   76.00       4.433    
   77.00       4.020    
   78.00       3.682    
   79.00       3.408    
   80.00       3.191    
   81.00       3.020    
   82.00       2.888    
   83.00       2.788    
   84.00       2.712    
   85.00       2.655    
   86.00       2.611    
   87.00       2.575    
   88.00       2.543    
   89.00       2.513    
   90.00       2.481    
   91.00       2.446    
   92.00       2.406    
   93.00       2.360    
   94.00       2.308    
   95.00       2.248    
   96.00       2.182    
   97.00       2.110    
   98.00       2.032    
   99.00       1.950    
   100.0       1.863    
   101.0       1.772    
   102.0       1.680    
   103.0       1.586    
   104.0       1.491    
   105.0       1.397    
   106.0       1.304    
   107.0       1.214    
   108.0       1.126    
   109.0       1.041    
   110.0      0.9604    
   111.0      0.8841    
   112.0      0.8124    
   113.0      0.7457    
   114.0      0.6841    
   115.0      0.6277    
   116.0      0.5766    
   117.0      0.5306    
   118.0      0.4896    
   119.0      0.4535    
   120.0      0.4220    
   121.0      0.3950    
   122.0      0.3720    
   123.0      0.3527    
   124.0      0.3368    
   125.0      0.3240    
   126.0      0.3138    
   127.0      0.3059    
   128.0      0.3000    
   129.0      0.2956    
   130.0      0.2924    
   131.0      0.2902    
   132.0      0.2886    
   133.0      0.2874    
   134.0      0.2864    
   135.0      0.2853    
   136.0      0.2839    
   137.0      0.2822    
   138.0      0.2801    
   139.0      0.2775    
   140.0      0.2744    
   141.0      0.2707    
   142.0      0.2666    
   143.0      0.2621    
   144.0      0.2573    
   145.0      0.2523    
   146.0      0.2472    
   147.0      0.2423    
   148.0      0.2375    
   149.0      0.2332    
   150.0      0.2294    
   151.0      0.2263    
   152.0      0.2240    
   153.0      0.2228    
   154.0      0.2226    
   155.0      0.2237    
   156.0      0.2260    
   157.0      0.2296    
   158.0      0.2346    
   159.0      0.2409    
   160.0      0.2486    
   161.0      0.2575    
   162.0      0.2675    
   163.0      0.2786    
   164.0      0.2906    
   165.0      0.3033    
   166.0      0.3166    
   167.0      0.3303    
   168.0      0.3442    
   169.0      0.3580    
   170.0      0.3715    
   171.0      0.3845    
   172.0      0.3969    
   173.0      0.4083    
   174.0      0.4187    
   175.0      0.4277    
   176.0      0.4354    
   177.0      0.4414    
   178.0      0.4459    
   179.0      0.4486    
   180.0      0.4494    
 END
