# 178 angles,  1 tensor ranks for 0=projectile
@subtitle   "20O + d 3-?;"                                                                  
@legend ON
@legend x1 0.2
@legend y1 0.8
@g0 type LOGY
@yaxis ticklabel format power
@legend string   0 "Lab energy =   70.0000"
#legend string   0 "Partition=  1 Excit=  2 near/far= 1"
#  Theta       sigma       iT11        T20         T21         T22         Kyy for projectile
   3.000       2.711    
   4.000       3.282    
   5.000       3.870    
   6.000       4.417    
   7.000       4.888    
   8.000       5.282    
   9.000       5.621    
   10.00       5.945    
   11.00       6.293    
   12.00       6.688    
   13.00       7.134    
   14.00       7.607    
   15.00       8.061    
   16.00       8.439    
   17.00       8.681    
   18.00       8.740    
   19.00       8.586    
   20.00       8.217    
   21.00       7.656    
   22.00       6.946    
   23.00       6.147    
   24.00       5.323    
   25.00       4.535    
   26.00       3.837    
   27.00       3.262    
   28.00       2.832    
   29.00       2.546    
   30.00       2.390    
   31.00       2.340    
   32.00       2.364    
   33.00       2.427    
   34.00       2.500    
   35.00       2.556    
   36.00       2.578    
   37.00       2.554    
   38.00       2.482    
   39.00       2.365    
   40.00       2.213    
   41.00       2.036    
   42.00       1.847    
   43.00       1.657    
   44.00       1.475    
   45.00       1.310    
   46.00       1.165    
   47.00       1.043    
   48.00      0.9424    
   49.00      0.8613    
   50.00      0.7960    
   51.00      0.7425    
   52.00      0.6970    
   53.00      0.6557    
   54.00      0.6160    
   55.00      0.5757    
   56.00      0.5339    
   57.00      0.4903    
   58.00      0.4452    
   59.00      0.3995    
   60.00      0.3541    
   61.00      0.3103    
   62.00      0.2691    
   63.00      0.2314    
   64.00      0.1977    
   65.00      0.1683    
   66.00      0.1434    
   67.00      0.1226    
   68.00      0.1057    
   69.00      0.9219E-01
   70.00      0.8141E-01
   71.00      0.7283E-01
   72.00      0.6591E-01
   73.00      0.6017E-01
   74.00      0.5522E-01
   75.00      0.5077E-01
   76.00      0.4661E-01
   77.00      0.4260E-01
   78.00      0.3870E-01
   79.00      0.3489E-01
   80.00      0.3121E-01
   81.00      0.2768E-01
   82.00      0.2438E-01
   83.00      0.2133E-01
   84.00      0.1857E-01
   85.00      0.1614E-01
   86.00      0.1402E-01
   87.00      0.1221E-01
   88.00      0.1069E-01
   89.00      0.9431E-02
   90.00      0.8388E-02
   91.00      0.7527E-02
   92.00      0.6810E-02
   93.00      0.6202E-02
   94.00      0.5674E-02
   95.00      0.5201E-02
   96.00      0.4768E-02
   97.00      0.4361E-02
   98.00      0.3974E-02
   99.00      0.3604E-02
   100.0      0.3251E-02
   101.0      0.2915E-02
   102.0      0.2602E-02
   103.0      0.2313E-02
   104.0      0.2051E-02
   105.0      0.1818E-02
   106.0      0.1615E-02
   107.0      0.1441E-02
   108.0      0.1295E-02
   109.0      0.1173E-02
   110.0      0.1074E-02
   111.0      0.9929E-03
   112.0      0.9267E-03
   113.0      0.8718E-03
   114.0      0.8251E-03
   115.0      0.7836E-03
   116.0      0.7450E-03
   117.0      0.7073E-03
   118.0      0.6692E-03
   119.0      0.6299E-03
   120.0      0.5892E-03
   121.0      0.5472E-03
   122.0      0.5043E-03
   123.0      0.4610E-03
   124.0      0.4180E-03
   125.0      0.3760E-03
   126.0      0.3358E-03
   127.0      0.2980E-03
   128.0      0.2630E-03
   129.0      0.2311E-03
   130.0      0.2025E-03
   131.0      0.1776E-03
   132.0      0.1562E-03
   133.0      0.1383E-03
   134.0      0.1236E-03
   135.0      0.1117E-03
   136.0      0.1024E-03
   137.0      0.9521E-04
   138.0      0.8976E-04
   139.0      0.8563E-04
   140.0      0.8246E-04
   141.0      0.7994E-04
   142.0      0.7787E-04
   143.0      0.7608E-04
   144.0      0.7438E-04
   145.0      0.7258E-04
   146.0      0.7051E-04
   147.0      0.6811E-04
   148.0      0.6538E-04
   149.0      0.6241E-04
   150.0      0.5928E-04
   151.0      0.5605E-04
   152.0      0.5275E-04
   153.0      0.4943E-04
   154.0      0.4613E-04
   155.0      0.4293E-04
   156.0      0.3988E-04
   157.0      0.3702E-04
   158.0      0.3437E-04
   159.0      0.3196E-04
   160.0      0.2983E-04
   161.0      0.2800E-04
   162.0      0.2648E-04
   163.0      0.2524E-04
   164.0      0.2423E-04
   165.0      0.2344E-04
   166.0      0.2285E-04
   167.0      0.2247E-04
   168.0      0.2227E-04
   169.0      0.2224E-04
   170.0      0.2237E-04
   171.0      0.2260E-04
   172.0      0.2293E-04
   173.0      0.2333E-04
   174.0      0.2375E-04
   175.0      0.2416E-04
   176.0      0.2450E-04
   177.0      0.2475E-04
   178.0      0.2491E-04
   179.0      0.2499E-04
   180.0      0.2501E-04
 END
