# 178 angles,  1 tensor ranks for 0=projectile
@subtitle   "20O + d 2+1 inelastic;"                                                        
@legend ON
@legend x1 0.2
@legend y1 0.8
@g0 type LOGY
@yaxis ticklabel format power
@legend string   0 "Lab energy =   70.0000"
#legend string   0 "Partition=  1 Excit=  2 near/far= 1"
#  Theta       sigma       iT11        T20         T21         T22         Kyy for projectile
   3.000       10.20    
   4.000       9.269    
   5.000       8.670    
   6.000       8.661    
   7.000       9.396    
   8.000       10.88    
   9.000       12.95    
   10.00       15.29    
   11.00       17.53    
   12.00       19.28    
   13.00       20.25    
   14.00       20.28    
   15.00       19.38    
   16.00       17.70    
   17.00       15.48    
   18.00       13.01    
   19.00       10.56    
   20.00       8.350    
   21.00       6.532    
   22.00       5.194    
   23.00       4.348    
   24.00       3.953    
   25.00       3.922    
   26.00       4.140    
   27.00       4.484    
   28.00       4.841    
   29.00       5.120    
   30.00       5.264    
   31.00       5.250    
   32.00       5.083    
   33.00       4.791    
   34.00       4.413    
   35.00       3.989    
   36.00       3.557    
   37.00       3.147    
   38.00       2.781    
   39.00       2.473    
   40.00       2.228    
   41.00       2.045    
   42.00       1.913    
   43.00       1.820    
   44.00       1.750    
   45.00       1.689    
   46.00       1.626    
   47.00       1.553    
   48.00       1.466    
   49.00       1.367    
   50.00       1.256    
   51.00       1.139    
   52.00       1.018    
   53.00      0.8980    
   54.00      0.7832    
   55.00      0.6768    
   56.00      0.5816    
   57.00      0.4991    
   58.00      0.4298    
   59.00      0.3731    
   60.00      0.3274    
   61.00      0.2909    
   62.00      0.2616    
   63.00      0.2378    
   64.00      0.2179    
   65.00      0.2007    
   66.00      0.1853    
   67.00      0.1707    
   68.00      0.1564    
   69.00      0.1420    
   70.00      0.1278    
   71.00      0.1138    
   72.00      0.1005    
   73.00      0.8821E-01
   74.00      0.7706E-01
   75.00      0.6715E-01
   76.00      0.5844E-01
   77.00      0.5082E-01
   78.00      0.4424E-01
   79.00      0.3863E-01
   80.00      0.3396E-01
   81.00      0.3015E-01
   82.00      0.2708E-01
   83.00      0.2456E-01
   84.00      0.2241E-01
   85.00      0.2045E-01
   86.00      0.1862E-01
   87.00      0.1689E-01
   88.00      0.1528E-01
   89.00      0.1380E-01
   90.00      0.1246E-01
   91.00      0.1124E-01
   92.00      0.1011E-01
   93.00      0.9033E-02
   94.00      0.8010E-02
   95.00      0.7057E-02
   96.00      0.6207E-02
   97.00      0.5485E-02
   98.00      0.4896E-02
   99.00      0.4419E-02
   100.0      0.4021E-02
   101.0      0.3676E-02
   102.0      0.3369E-02
   103.0      0.3100E-02
   104.0      0.2871E-02
   105.0      0.2680E-02
   106.0      0.2521E-02
   107.0      0.2381E-02
   108.0      0.2247E-02
   109.0      0.2104E-02
   110.0      0.1951E-02
   111.0      0.1792E-02
   112.0      0.1637E-02
   113.0      0.1496E-02
   114.0      0.1367E-02
   115.0      0.1243E-02
   116.0      0.1115E-02
   117.0      0.9811E-03
   118.0      0.8502E-03
   119.0      0.7332E-03
   120.0      0.6381E-03
   121.0      0.5665E-03
   122.0      0.5149E-03
   123.0      0.4763E-03
   124.0      0.4425E-03
   125.0      0.4067E-03
   126.0      0.3664E-03
   127.0      0.3252E-03
   128.0      0.2911E-03
   129.0      0.2697E-03
   130.0      0.2598E-03
   131.0      0.2537E-03
   132.0      0.2435E-03
   133.0      0.2265E-03
   134.0      0.2065E-03
   135.0      0.1894E-03
   136.0      0.1789E-03
   137.0      0.1760E-03
   138.0      0.1796E-03
   139.0      0.1875E-03
   140.0      0.1960E-03
   141.0      0.2001E-03
   142.0      0.1961E-03
   143.0      0.1850E-03
   144.0      0.1728E-03
   145.0      0.1652E-03
   146.0      0.1634E-03
   147.0      0.1630E-03
   148.0      0.1592E-03
   149.0      0.1509E-03
   150.0      0.1412E-03
   151.0      0.1334E-03
   152.0      0.1281E-03
   153.0      0.1240E-03
   154.0      0.1211E-03
   155.0      0.1205E-03
   156.0      0.1227E-03
   157.0      0.1244E-03
   158.0      0.1214E-03
   159.0      0.1123E-03
   160.0      0.1012E-03
   161.0      0.9402E-04
   162.0      0.9277E-04
   163.0      0.9433E-04
   164.0      0.9439E-04
   165.0      0.9246E-04
   166.0      0.9184E-04
   167.0      0.9494E-04
   168.0      0.9972E-04
   169.0      0.1017E-03
   170.0      0.9914E-04
   171.0      0.9528E-04
   172.0      0.9447E-04
   173.0      0.9729E-04
   174.0      0.1007E-03
   175.0      0.1034E-03
   176.0      0.1099E-03
   177.0      0.1266E-03
   178.0      0.1535E-03
   179.0      0.1798E-03
   180.0      0.1908E-03
 END
