# 178 angles,  1 tensor ranks for 0=projectile
@subtitle   "20O + d inelastic scattering;"                                                 
@legend ON
@legend x1 0.2
@legend y1 0.8
@g0 type LOGY
@yaxis ticklabel format power
@legend string   0 "Lab energy =   70.0000"
#legend string   0 "Partition=  1 Excit=  2 near/far= 1"
#  Theta       sigma       iT11        T20         T21         T22         Kyy for projectile
   3.000       6.489    
   4.000       5.843    
   5.000       5.330    
   6.000       5.186    
   7.000       5.580    
   8.000       6.536    
   9.000       7.918    
   10.00       9.494    
   11.00       11.02    
   12.00       12.29    
   13.00       13.15    
   14.00       13.51    
   15.00       13.29    
   16.00       12.52    
   17.00       11.27    
   18.00       9.710    
   19.00       8.023    
   20.00       6.401    
   21.00       4.990    
   22.00       3.881    
   23.00       3.112    
   24.00       2.675    
   25.00       2.530    
   26.00       2.608    
   27.00       2.824    
   28.00       3.091    
   29.00       3.335    
   30.00       3.503    
   31.00       3.567    
   32.00       3.515    
   33.00       3.356    
   34.00       3.109    
   35.00       2.803    
   36.00       2.472    
   37.00       2.145    
   38.00       1.847    
   39.00       1.595    
   40.00       1.395    
   41.00       1.249    
   42.00       1.153    
   43.00       1.096    
   44.00       1.068    
   45.00       1.054    
   46.00       1.043    
   47.00       1.027    
   48.00      0.9995    
   49.00      0.9594    
   50.00      0.9058    
   51.00      0.8397    
   52.00      0.7640    
   53.00      0.6823    
   54.00      0.5991    
   55.00      0.5185    
   56.00      0.4435    
   57.00      0.3763    
   58.00      0.3181    
   59.00      0.2693    
   60.00      0.2299    
   61.00      0.1990    
   62.00      0.1753    
   63.00      0.1572    
   64.00      0.1433    
   65.00      0.1323    
   66.00      0.1231    
   67.00      0.1149    
   68.00      0.1072    
   69.00      0.9937E-01
   70.00      0.9135E-01
   71.00      0.8310E-01
   72.00      0.7474E-01
   73.00      0.6645E-01
   74.00      0.5840E-01
   75.00      0.5077E-01
   76.00      0.4373E-01
   77.00      0.3738E-01
   78.00      0.3178E-01
   79.00      0.2694E-01
   80.00      0.2283E-01
   81.00      0.1941E-01
   82.00      0.1661E-01
   83.00      0.1435E-01
   84.00      0.1255E-01
   85.00      0.1109E-01
   86.00      0.9897E-02
   87.00      0.8908E-02
   88.00      0.8084E-02
   89.00      0.7392E-02
   90.00      0.6797E-02
   91.00      0.6260E-02
   92.00      0.5755E-02
   93.00      0.5277E-02
   94.00      0.4831E-02
   95.00      0.4421E-02
   96.00      0.4044E-02
   97.00      0.3690E-02
   98.00      0.3348E-02
   99.00      0.3022E-02
   100.0      0.2719E-02
   101.0      0.2445E-02
   102.0      0.2199E-02
   103.0      0.1973E-02
   104.0      0.1758E-02
   105.0      0.1554E-02
   106.0      0.1365E-02
   107.0      0.1198E-02
   108.0      0.1055E-02
   109.0      0.9314E-03
   110.0      0.8210E-03
   111.0      0.7216E-03
   112.0      0.6347E-03
   113.0      0.5633E-03
   114.0      0.5088E-03
   115.0      0.4689E-03
   116.0      0.4383E-03
   117.0      0.4129E-03
   118.0      0.3922E-03
   119.0      0.3773E-03
   120.0      0.3689E-03
   121.0      0.3657E-03
   122.0      0.3645E-03
   123.0      0.3615E-03
   124.0      0.3548E-03
   125.0      0.3459E-03
   126.0      0.3368E-03
   127.0      0.3283E-03
   128.0      0.3191E-03
   129.0      0.3076E-03
   130.0      0.2920E-03
   131.0      0.2733E-03
   132.0      0.2543E-03
   133.0      0.2371E-03
   134.0      0.2214E-03
   135.0      0.2058E-03
   136.0      0.1892E-03
   137.0      0.1714E-03
   138.0      0.1542E-03
   139.0      0.1400E-03
   140.0      0.1293E-03
   141.0      0.1203E-03
   142.0      0.1112E-03
   143.0      0.1020E-03
   144.0      0.9373E-04
   145.0      0.8753E-04
   146.0      0.8419E-04
   147.0      0.8252E-04
   148.0      0.8009E-04
   149.0      0.7613E-04
   150.0      0.7242E-04
   151.0      0.7083E-04
   152.0      0.7182E-04
   153.0      0.7443E-04
   154.0      0.7641E-04
   155.0      0.7539E-04
   156.0      0.7175E-04
   157.0      0.6864E-04
   158.0      0.6845E-04
   159.0      0.7092E-04
   160.0      0.7430E-04
   161.0      0.7628E-04
   162.0      0.7481E-04
   163.0      0.7045E-04
   164.0      0.6650E-04
   165.0      0.6534E-04
   166.0      0.6635E-04
   167.0      0.6784E-04
   168.0      0.6830E-04
   169.0      0.6620E-04
   170.0      0.6152E-04
   171.0      0.5682E-04
   172.0      0.5449E-04
   173.0      0.5447E-04
   174.0      0.5573E-04
   175.0      0.5728E-04
   176.0      0.5731E-04
   177.0      0.5484E-04
   178.0      0.5186E-04
   179.0      0.5071E-04
   180.0      0.5073E-04
 END
