           1           2           1
    0.0-     1 1   1.772       0.000    
    1.0+     0 1   5.316       0.000    
    1.0+     2 2   5.315       0.000    
    1.0-     1 1   5.316       0.000    
    2.0+     2 1   8.858       0.000    
    2.0-     1 1   8.859       0.000    
    2.0-     3 2   8.857       0.000    
    3.0+     2 1   12.40       0.000    
    3.0+     4 2   12.40       0.000    
    3.0-     3 1   12.40       0.000    
    4.0+     4 1   15.94       0.000    
    4.0-     3 1   15.94       0.000    
    4.0-     5 2   15.94       0.000    
    5.0+     4 1   19.49       0.000    
    5.0+     6 2   19.50       0.000    
    5.0-     5 1   19.49       0.000    
    6.0+     6 1   23.05       0.000    
    6.0-     5 1   23.03       0.000    
    6.0-     7 2   23.05       0.000    
    7.0+     6 1   26.59       0.000    
    7.0+     8 2   26.61       0.000    
    7.0-     7 1   26.60       0.000    
    8.0+     8 1   30.16       0.000    
    8.0-     7 1   30.14       0.000    
    8.0-     9 2   29.17       0.000    
    9.0+     8 1   33.71       0.000    
    9.0+    10 2   28.46       0.000    
    9.0-     9 1   32.60       0.000    
   10.0+    10 1   31.45       0.000    
   10.0-     9 1   36.03       0.000    
   10.0-    11 2   24.29       0.000    
   11.0+    10 1   34.45       0.000    
   11.0+    12 2   18.60       0.000    
   11.0-    11 1   26.61       0.000    
   12.0+    12 1   20.22       0.000    
   12.0-    11 1   28.92       0.000    
   12.0-    13 2   13.19       0.000    
   13.0+    12 1   21.84       0.000    
   13.0+    14 2   8.887       0.000    
   13.0-    13 1   14.24       0.000    
   14.0+    14 1   9.545       0.000    
   14.0-    13 1   15.30       0.000    
   14.0-    15 2   5.793       0.000    
   15.0+    14 1   10.20       0.000    
   15.0+    16 2   3.697       0.000    
   15.0-    15 1   6.193       0.000    
   16.0+    16 1   3.936       0.000    
   16.0-    15 1   6.593       0.000    
   16.0-    17 2   2.326       0.000    
   17.0+    16 1   4.174       0.000    
   17.0+    18 2   1.450       0.000    
   17.0-    17 1   2.467       0.000    
   18.0+    18 1   1.533       0.000    
   18.0-    17 1   2.608       0.000    
   18.0-    19 2  0.8972       0.000    
   19.0+    18 1   1.615       0.000    
   19.0+    20 2  0.5522       0.000    
   19.0-    19 1  0.9456       0.000    
   20.0+    20 1  0.5805       0.000    
   20.0-    19 1  0.9941       0.000    
   20.0-    21 2  0.3384       0.000    
   21.0+    20 1  0.6088       0.000    
   21.0+    22 2  0.2066       0.000    
   21.0-    21 1  0.3549       0.000    
   22.0+    22 1  0.2162       0.000    
   22.0-    21 1  0.3714       0.000    
   22.0-    23 2  0.1258       0.000    
   23.0+    22 1  0.2258       0.000    
   23.0+    24 2  0.7632E-01   0.000    
   23.0-    23 1  0.1313       0.000    
   24.0+    24 1  0.7957E-01   0.000    
   24.0-    23 1  0.1369       0.000    
   24.0-    25 2  0.4620E-01   0.000    
   25.0+    24 1  0.8281E-01   0.000    
   25.0+    26 2  0.2790E-01   0.000    
   25.0-    25 1  0.4808E-01   0.000    
   26.0+    26 1  0.2899E-01   0.000    
   26.0-    25 1  0.4997E-01   0.000    
   26.0-    27 2  0.1681E-01   0.000    
   27.0+    26 1  0.3009E-01   0.000    
   27.0+    28 2  0.1011E-01   0.000    
   27.0-    27 1  0.1745E-01   0.000    
   28.0+    28 1  0.1048E-01   0.000    
   28.0-    27 1  0.1808E-01   0.000    
   28.0-    29 2  0.6070E-02   0.000    
   29.0+    28 1  0.1085E-01   0.000    
   29.0+    30 2  0.3637E-02   0.000    
   29.0-    29 1  0.6283E-02   0.000    
   30.0+    30 1  0.3761E-02   0.000    
   30.0-    29 1  0.6496E-02   0.000    
   30.0-    31 2  0.2176E-02   0.000    
   31.0+    30 1  0.3884E-02   0.000    
   31.0+    32 2  0.1300E-02   0.000    
   31.0-    31 1  0.2248E-02   0.000    
   32.0+    32 1  0.1341E-02   0.000    
   32.0-    31 1  0.2319E-02   0.000    
   32.0-    33 2  0.7755E-03   0.000    
   33.0+    32 1  0.1383E-02   0.000    
   33.0+    34 2  0.4619E-03   0.000    
   33.0-    33 1  0.7993E-03   0.000    
   34.0+    34 1  0.4757E-03   0.000    
   34.0-    33 1  0.8232E-03   0.000    
   34.0-    35 2  0.2748E-03   0.000    
   35.0+    34 1  0.4895E-03   0.000    
   35.0+    36 2  0.1633E-03   0.000    
   35.0-    35 1  0.2828E-03   0.000    
   36.0+    36 1  0.1679E-03   0.000    
   36.0-    35 1  0.2908E-03   0.000    
   36.0-    37 2  0.9694E-04   0.000    
   37.0+    36 1  0.1725E-03   0.000    
   37.0+    38 2  0.5748E-04   0.000    
   37.0-    37 1  0.9960E-04   0.000    
   38.0+    38 1  0.5901E-04   0.000    
   38.0-    37 1  0.1023E-03   0.000    
   38.0-    39 2  0.3405E-04   0.000    
   39.0+    38 1  0.6054E-04   0.000    
   39.0+    40 2  0.2015E-04   0.000    
   39.0-    39 1  0.3493E-04   0.000    
   40.0+    40 1  0.2066E-04   0.000    
   40.0-    39 1  0.3581E-04   0.000    
   40.0-    41 2  0.1191E-04   0.000    
   41.0+    40 1  0.2117E-04   0.000    
   41.0+    42 2  0.7036E-05   0.000    
   41.0-    41 1  0.1221E-04   0.000    
   42.0+    42 1  0.7205E-05   0.000    
   42.0-    41 1  0.1250E-04   0.000    
   42.0-    43 2  0.4152E-05   0.000    
   43.0+    42 1  0.7375E-05   0.000    
   43.0+    44 2  0.2449E-05   0.000    
   43.0-    43 1  0.4250E-05   0.000    
   44.0+    44 1  0.2505E-05   0.000    
   44.0-    43 1  0.4348E-05   0.000    
   44.0-    45 2  0.1443E-05   0.000    
   45.0+    44 1  0.2561E-05   0.000    
   45.0+    46 2  0.8497E-06   0.000    
   45.0-    45 1  0.1475E-05   0.000    
   46.0+    46 1  0.8684E-06   0.000    
   46.0-    45 1  0.1508E-05   0.000    
   46.0-    47 2  0.5000E-06   0.000    
   47.0+    46 1  0.8871E-06   0.000    
   47.0+    48 2  0.2940E-06   0.000    
   47.0-    47 1  0.5108E-06   0.000    
   48.0+    48 1  0.3002E-06   0.000    
   48.0-    47 1  0.5215E-06   0.000    
   48.0-    49 2  0.1728E-06   0.000    
   49.0+    48 1  0.3064E-06   0.000    
   49.0+    50 2  0.1015E-06   0.000    
   49.0-    49 1  0.1764E-06   0.000    
   50.0+    50 1  0.1035E-06   0.000    
   50.0-    49 1  0.1799E-06   0.000    
   50.0-    51 2  0.5956E-07   0.000    
