# 181 angles,  1 tensor ranks for 0=projectile
@subtitle   "16C(p,d) @ 11.5AMeV CH89 (p) + Daeh (d)"                                       
@legend ON
@legend x1 0.2
@legend y1 0.8
@g0 type LOGY
@yaxis ticklabel format power
@legend string   0 "Lab energy =   11.5000"
#legend string   0 "Partition=  1 Excit=  1 near/far= 1"
#  Theta       sigma       iT11        T20         T21         T22         Kyy for projectile
  0.1000E-01  0.6872E+16
   1.000      0.6832E+08
   2.000      0.4194E+07
   3.000      0.8063E+06
   4.000      0.2469E+06
   5.000      0.9762E+05
   6.000      0.4544E+05
   7.000      0.2376E+05
   8.000      0.1358E+05
   9.000       8349.    
   10.00       5467.    
   11.00       3784.    
   12.00       2753.    
   13.00       2095.    
   14.00       1657.    
   15.00       1356.    
   16.00       1141.    
   17.00       983.1    
   18.00       862.3    
   19.00       767.1    
   20.00       689.7    
   21.00       625.1    
   22.00       569.6    
   23.00       521.1    
   24.00       477.7    
   25.00       438.5    
   26.00       402.5    
   27.00       369.3    
   28.00       338.4    
   29.00       309.5    
   30.00       282.4    
   31.00       257.1    
   32.00       233.3    
   33.00       211.0    
   34.00       190.1    
   35.00       170.6    
   36.00       152.4    
   37.00       135.4    
   38.00       119.8    
   39.00       105.3    
   40.00       91.97    
   41.00       79.78    
   42.00       68.67    
   43.00       58.61    
   44.00       49.55    
   45.00       41.43    
   46.00       34.23    
   47.00       27.87    
   48.00       22.33    
   49.00       17.54    
   50.00       13.45    
   51.00       10.02    
   52.00       7.192    
   53.00       4.917    
   54.00       3.146    
   55.00       1.831    
   56.00      0.9246    
   57.00      0.3821    
   58.00      0.1601    
   59.00      0.2170    
   60.00      0.5136    
   61.00       1.013    
   62.00       1.679    
   63.00       2.481    
   64.00       3.389    
   65.00       4.374    
   66.00       5.411    
   67.00       6.478    
   68.00       7.555    
   69.00       8.623    
   70.00       9.666    
   71.00       10.67    
   72.00       11.63    
   73.00       12.52    
   74.00       13.35    
   75.00       14.10    
   76.00       14.77    
   77.00       15.37    
   78.00       15.87    
   79.00       16.30    
   80.00       16.64    
   81.00       16.89    
   82.00       17.07    
   83.00       17.17    
   84.00       17.19    
   85.00       17.14    
   86.00       17.02    
   87.00       16.85    
   88.00       16.61    
   89.00       16.33    
   90.00       15.99    
   91.00       15.62    
   92.00       15.21    
   93.00       14.76    
   94.00       14.29    
   95.00       13.80    
   96.00       13.28    
   97.00       12.76    
   98.00       12.22    
   99.00       11.67    
   100.0       11.13    
   101.0       10.58    
   102.0       10.03    
   103.0       9.491    
   104.0       8.957    
   105.0       8.432    
   106.0       7.918    
   107.0       7.417    
   108.0       6.929    
   109.0       6.456    
   110.0       5.999    
   111.0       5.557    
   112.0       5.133    
   113.0       4.727    
   114.0       4.338    
   115.0       3.967    
   116.0       3.614    
   117.0       3.279    
   118.0       2.963    
   119.0       2.666    
   120.0       2.387    
   121.0       2.126    
   122.0       1.884    
   123.0       1.660    
   124.0       1.455    
   125.0       1.268    
   126.0       1.100    
   127.0      0.9501    
   128.0      0.8191    
   129.0      0.7068    
   130.0      0.6133    
   131.0      0.5388    
   132.0      0.4833    
   133.0      0.4470    
   134.0      0.4300    
   135.0      0.4322    
   136.0      0.4539    
   137.0      0.4951    
   138.0      0.5556    
   139.0      0.6355    
   140.0      0.7347    
   141.0      0.8530    
   142.0      0.9901    
   143.0       1.146    
   144.0       1.320    
   145.0       1.511    
   146.0       1.720    
   147.0       1.945    
   148.0       2.186    
   149.0       2.441    
   150.0       2.711    
   151.0       2.993    
   152.0       3.287    
   153.0       3.592    
   154.0       3.905    
   155.0       4.227    
   156.0       4.554    
   157.0       4.887    
   158.0       5.223    
   159.0       5.560    
   160.0       5.897    
   161.0       6.232    
   162.0       6.563    
   163.0       6.889    
   164.0       7.207    
   165.0       7.517    
   166.0       7.816    
   167.0       8.103    
   168.0       8.376    
   169.0       8.633    
   170.0       8.873    
   171.0       9.095    
   172.0       9.297    
   173.0       9.479    
   174.0       9.638    
   175.0       9.774    
   176.0       9.887    
   177.0       9.976    
   178.0       10.04    
   179.0       10.08    
   180.0       10.09    
 END
