# 178 angles,  1 tensor ranks for 0=projectile
@subtitle   "20O + d 2+1 inelastic;"                                                        
@legend ON
@legend x1 0.2
@legend y1 0.8
@g0 type LOGY
@yaxis ticklabel format power
@legend string   0 "Lab energy =   70.0000"
#legend string   0 "Partition=  1 Excit=  1 near/far= 1"
#  Theta       sigma       iT11        T20         T21         T22         Kyy for projectile
   3.000      0.2727E+05
   4.000      0.1164E+05
   5.000       8312.    
   6.000       6827.    
   7.000       5607.    
   8.000       4438.    
   9.000       3349.    
   10.00       2394.    
   11.00       1608.    
   12.00       1004.    
   13.00       572.0    
   14.00       291.1    
   15.00       131.2    
   16.00       60.60    
   17.00       49.03    
   18.00       70.87    
   19.00       106.3    
   20.00       141.4    
   21.00       168.1    
   22.00       182.6    
   23.00       184.7    
   24.00       176.2    
   25.00       160.1    
   26.00       139.7    
   27.00       117.8    
   28.00       96.78    
   29.00       78.26    
   30.00       63.04    
   31.00       51.33    
   32.00       42.90    
   33.00       37.20    
   34.00       33.57    
   35.00       31.33    
   36.00       29.86    
   37.00       28.70    
   38.00       27.51    
   39.00       26.11    
   40.00       24.41    
   41.00       22.43    
   42.00       20.24    
   43.00       17.95    
   44.00       15.66    
   45.00       13.47    
   46.00       11.46    
   47.00       9.681    
   48.00       8.151    
   49.00       6.875    
   50.00       5.836    
   51.00       5.007    
   52.00       4.353    
   53.00       3.837    
   54.00       3.425    
   55.00       3.088    
   56.00       2.801    
   57.00       2.546    
   58.00       2.311    
   59.00       2.090    
   60.00       1.878    
   61.00       1.675    
   62.00       1.483    
   63.00       1.303    
   64.00       1.138    
   65.00      0.9890    
   66.00      0.8568    
   67.00      0.7416    
   68.00      0.6429    
   69.00      0.5595    
   70.00      0.4897    
   71.00      0.4316    
   72.00      0.3832    
   73.00      0.3427    
   74.00      0.3082    
   75.00      0.2785    
   76.00      0.2522    
   77.00      0.2285    
   78.00      0.2068    
   79.00      0.1866    
   80.00      0.1678    
   81.00      0.1502    
   82.00      0.1338    
   83.00      0.1187    
   84.00      0.1048    
   85.00      0.9233E-01
   86.00      0.8116E-01
   87.00      0.7130E-01
   88.00      0.6269E-01
   89.00      0.5525E-01
   90.00      0.4886E-01
   91.00      0.4340E-01
   92.00      0.3875E-01
   93.00      0.3478E-01
   94.00      0.3136E-01
   95.00      0.2838E-01
   96.00      0.2577E-01
   97.00      0.2342E-01
   98.00      0.2130E-01
   99.00      0.1934E-01
   100.0      0.1753E-01
   101.0      0.1584E-01
   102.0      0.1425E-01
   103.0      0.1277E-01
   104.0      0.1139E-01
   105.0      0.1012E-01
   106.0      0.8949E-02
   107.0      0.7889E-02
   108.0      0.6936E-02
   109.0      0.6088E-02
   110.0      0.5340E-02
   111.0      0.4689E-02
   112.0      0.4125E-02
   113.0      0.3641E-02
   114.0      0.3228E-02
   115.0      0.2877E-02
   116.0      0.2578E-02
   117.0      0.2323E-02
   118.0      0.2103E-02
   119.0      0.1913E-02
   120.0      0.1746E-02
   121.0      0.1596E-02
   122.0      0.1461E-02
   123.0      0.1337E-02
   124.0      0.1221E-02
   125.0      0.1113E-02
   126.0      0.1011E-02
   127.0      0.9154E-03
   128.0      0.8253E-03
   129.0      0.7409E-03
   130.0      0.6624E-03
   131.0      0.5898E-03
   132.0      0.5232E-03
   133.0      0.4628E-03
   134.0      0.4083E-03
   135.0      0.3597E-03
   136.0      0.3167E-03
   137.0      0.2789E-03
   138.0      0.2460E-03
   139.0      0.2176E-03
   140.0      0.1932E-03
   141.0      0.1723E-03
   142.0      0.1545E-03
   143.0      0.1393E-03
   144.0      0.1264E-03
   145.0      0.1154E-03
   146.0      0.1060E-03
   147.0      0.9789E-04
   148.0      0.9085E-04
   149.0      0.8465E-04
   150.0      0.7913E-04
   151.0      0.7414E-04
   152.0      0.6954E-04
   153.0      0.6522E-04
   154.0      0.6111E-04
   155.0      0.5712E-04
   156.0      0.5321E-04
   157.0      0.4936E-04
   158.0      0.4554E-04
   159.0      0.4178E-04
   160.0      0.3809E-04
   161.0      0.3452E-04
   162.0      0.3114E-04
   163.0      0.2801E-04
   164.0      0.2521E-04
   165.0      0.2279E-04
   166.0      0.2084E-04
   167.0      0.1939E-04
   168.0      0.1847E-04
   169.0      0.1809E-04
   170.0      0.1822E-04
   171.0      0.1882E-04
   172.0      0.1981E-04
   173.0      0.2110E-04
   174.0      0.2256E-04
   175.0      0.2408E-04
   176.0      0.2553E-04
   177.0      0.2680E-04
   178.0      0.2778E-04
   179.0      0.2840E-04
   180.0      0.2861E-04
 END
