# 178 angles,  1 tensor ranks for 0=projectile
@subtitle   "p+O20 with CH89;"                                                              
@legend ON
@legend x1 0.2
@legend y1 0.8
@g0 type LOGY
@yaxis ticklabel format power
@legend string   0 "Lab energy =   35.0000"
#legend string   0 "Partition=  1 Excit=  1 near/far= 1"
#  Theta       sigma       iT11        T20         T21         T22         Kyy for projectile
   3.000      0.1271E+06
   4.000      0.3524E+05
   5.000      0.1288E+05
   6.000       5933.    
   7.000       3439.    
   8.000       2452.    
   9.000       2027.    
   10.00       1822.    
   11.00       1703.    
   12.00       1614.    
   13.00       1534.    
   14.00       1452.    
   15.00       1367.    
   16.00       1277.    
   17.00       1185.    
   18.00       1092.    
   19.00       997.8    
   20.00       905.6    
   21.00       815.9    
   22.00       729.8    
   23.00       648.1    
   24.00       571.5    
   25.00       500.3    
   26.00       434.8    
   27.00       375.2    
   28.00       321.4    
   29.00       273.3    
   30.00       230.8    
   31.00       193.5    
   32.00       161.2    
   33.00       133.5    
   34.00       110.1    
   35.00       90.43    
   36.00       74.22    
   37.00       61.03    
   38.00       50.48    
   39.00       42.21    
   40.00       35.86    
   41.00       31.12    
   42.00       27.70    
   43.00       25.34    
   44.00       23.80    
   45.00       22.88    
   46.00       22.41    
   47.00       22.24    
   48.00       22.25    
   49.00       22.35    
   50.00       22.45    
   51.00       22.50    
   52.00       22.46    
   53.00       22.31    
   54.00       22.02    
   55.00       21.59    
   56.00       21.02    
   57.00       20.33    
   58.00       19.52    
   59.00       18.62    
   60.00       17.64    
   61.00       16.60    
   62.00       15.52    
   63.00       14.41    
   64.00       13.30    
   65.00       12.21    
   66.00       11.13    
   67.00       10.10    
   68.00       9.113    
   69.00       8.181    
   70.00       7.310    
   71.00       6.505    
   72.00       5.767    
   73.00       5.099    
   74.00       4.499    
   75.00       3.965    
   76.00       3.496    
   77.00       3.087    
   78.00       2.735    
   79.00       2.435    
   80.00       2.183    
   81.00       1.974    
   82.00       1.802    
   83.00       1.664    
   84.00       1.553    
   85.00       1.467    
   86.00       1.401    
   87.00       1.351    
   88.00       1.314    
   89.00       1.286    
   90.00       1.266    
   91.00       1.249    
   92.00       1.236    
   93.00       1.223    
   94.00       1.209    
   95.00       1.194    
   96.00       1.177    
   97.00       1.157    
   98.00       1.134    
   99.00       1.108    
   100.0       1.078    
   101.0       1.045    
   102.0       1.009    
   103.0      0.9708    
   104.0      0.9301    
   105.0      0.8877    
   106.0      0.8438    
   107.0      0.7991    
   108.0      0.7539    
   109.0      0.7086    
   110.0      0.6637    
   111.0      0.6196    
   112.0      0.5765    
   113.0      0.5349    
   114.0      0.4949    
   115.0      0.4568    
   116.0      0.4207    
   117.0      0.3868    
   118.0      0.3552    
   119.0      0.3259    
   120.0      0.2990    
   121.0      0.2743    
   122.0      0.2520    
   123.0      0.2319    
   124.0      0.2139    
   125.0      0.1979    
   126.0      0.1839    
   127.0      0.1716    
   128.0      0.1609    
   129.0      0.1517    
   130.0      0.1439    
   131.0      0.1373    
   132.0      0.1318    
   133.0      0.1272    
   134.0      0.1235    
   135.0      0.1205    
   136.0      0.1181    
   137.0      0.1162    
   138.0      0.1148    
   139.0      0.1137    
   140.0      0.1130    
   141.0      0.1127    
   142.0      0.1125    
   143.0      0.1127    
   144.0      0.1131    
   145.0      0.1137    
   146.0      0.1146    
   147.0      0.1158    
   148.0      0.1172    
   149.0      0.1190    
   150.0      0.1210    
   151.0      0.1235    
   152.0      0.1262    
   153.0      0.1294    
   154.0      0.1329    
   155.0      0.1369    
   156.0      0.1412    
   157.0      0.1459    
   158.0      0.1510    
   159.0      0.1565    
   160.0      0.1622    
   161.0      0.1683    
   162.0      0.1747    
   163.0      0.1812    
   164.0      0.1879    
   165.0      0.1947    
   166.0      0.2015    
   167.0      0.2083    
   168.0      0.2149    
   169.0      0.2214    
   170.0      0.2276    
   171.0      0.2334    
   172.0      0.2389    
   173.0      0.2439    
   174.0      0.2484    
   175.0      0.2522    
   176.0      0.2555    
   177.0      0.2580    
   178.0      0.2599    
   179.0      0.2610    
   180.0      0.2614    
 END
