# 178 angles,  1 tensor ranks for 0=projectile
@subtitle   "p+O20 3- E. Khan reanalysis;"                                                  
@legend ON
@legend x1 0.2
@legend y1 0.8
@g0 type LOGY
@yaxis ticklabel format power
@legend string   0 "Lab energy =   43.2700"
#legend string   0 "Partition=  1 Excit=  2 near/far= 1"
#  Theta       sigma       iT11        T20         T21         T22         Kyy for projectile
   3.000      0.3159    
   4.000      0.3458    
   5.000      0.3825    
   6.000      0.4245    
   7.000      0.4704    
   8.000      0.5190    
   9.000      0.5695    
   10.00      0.6215    
   11.00      0.6748    
   12.00      0.7291    
   13.00      0.7838    
   14.00      0.8387    
   15.00      0.8935    
   16.00      0.9481    
   17.00       1.003    
   18.00       1.058    
   19.00       1.114    
   20.00       1.171    
   21.00       1.228    
   22.00       1.286    
   23.00       1.344    
   24.00       1.401    
   25.00       1.457    
   26.00       1.511    
   27.00       1.562    
   28.00       1.608    
   29.00       1.649    
   30.00       1.684    
   31.00       1.711    
   32.00       1.730    
   33.00       1.739    
   34.00       1.739    
   35.00       1.729    
   36.00       1.708    
   37.00       1.677    
   38.00       1.636    
   39.00       1.586    
   40.00       1.527    
   41.00       1.460    
   42.00       1.387    
   43.00       1.309    
   44.00       1.227    
   45.00       1.143    
   46.00       1.057    
   47.00      0.9710    
   48.00      0.8864    
   49.00      0.8042    
   50.00      0.7255    
   51.00      0.6509    
   52.00      0.5813    
   53.00      0.5172    
   54.00      0.4590    
   55.00      0.4068    
   56.00      0.3608    
   57.00      0.3210    
   58.00      0.2870    
   59.00      0.2586    
   60.00      0.2355    
   61.00      0.2171    
   62.00      0.2031    
   63.00      0.1927    
   64.00      0.1856    
   65.00      0.1810    
   66.00      0.1785    
   67.00      0.1776    
   68.00      0.1777    
   69.00      0.1785    
   70.00      0.1796    
   71.00      0.1806    
   72.00      0.1812    
   73.00      0.1812    
   74.00      0.1805    
   75.00      0.1789    
   76.00      0.1764    
   77.00      0.1729    
   78.00      0.1685    
   79.00      0.1632    
   80.00      0.1570    
   81.00      0.1501    
   82.00      0.1425    
   83.00      0.1345    
   84.00      0.1261    
   85.00      0.1174    
   86.00      0.1085    
   87.00      0.9969E-01
   88.00      0.9093E-01
   89.00      0.8238E-01
   90.00      0.7411E-01
   91.00      0.6620E-01
   92.00      0.5873E-01
   93.00      0.5173E-01
   94.00      0.4525E-01
   95.00      0.3931E-01
   96.00      0.3393E-01
   97.00      0.2911E-01
   98.00      0.2484E-01
   99.00      0.2111E-01
   100.0      0.1790E-01
   101.0      0.1517E-01
   102.0      0.1289E-01
   103.0      0.1103E-01
   104.0      0.9554E-02
   105.0      0.8412E-02
   106.0      0.7568E-02
   107.0      0.6982E-02
   108.0      0.6615E-02
   109.0      0.6430E-02
   110.0      0.6390E-02
   111.0      0.6465E-02
   112.0      0.6624E-02
   113.0      0.6843E-02
   114.0      0.7098E-02
   115.0      0.7368E-02
   116.0      0.7636E-02
   117.0      0.7887E-02
   118.0      0.8108E-02
   119.0      0.8294E-02
   120.0      0.8436E-02
   121.0      0.8532E-02
   122.0      0.8578E-02
   123.0      0.8573E-02
   124.0      0.8517E-02
   125.0      0.8412E-02
   126.0      0.8262E-02
   127.0      0.8070E-02
   128.0      0.7840E-02
   129.0      0.7578E-02
   130.0      0.7286E-02
   131.0      0.6971E-02
   132.0      0.6636E-02
   133.0      0.6287E-02
   134.0      0.5928E-02
   135.0      0.5564E-02
   136.0      0.5198E-02
   137.0      0.4834E-02
   138.0      0.4476E-02
   139.0      0.4126E-02
   140.0      0.3786E-02
   141.0      0.3460E-02
   142.0      0.3148E-02
   143.0      0.2853E-02
   144.0      0.2576E-02
   145.0      0.2317E-02
   146.0      0.2077E-02
   147.0      0.1857E-02
   148.0      0.1656E-02
   149.0      0.1475E-02
   150.0      0.1314E-02
   151.0      0.1171E-02
   152.0      0.1048E-02
   153.0      0.9421E-03
   154.0      0.8542E-03
   155.0      0.7829E-03
   156.0      0.7273E-03
   157.0      0.6863E-03
   158.0      0.6589E-03
   159.0      0.6443E-03
   160.0      0.6415E-03
   161.0      0.6493E-03
   162.0      0.6666E-03
   163.0      0.6919E-03
   164.0      0.7241E-03
   165.0      0.7620E-03
   166.0      0.8043E-03
   167.0      0.8499E-03
   168.0      0.8978E-03
   169.0      0.9468E-03
   170.0      0.9959E-03
   171.0      0.1044E-02
   172.0      0.1089E-02
   173.0      0.1132E-02
   174.0      0.1170E-02
   175.0      0.1204E-02
   176.0      0.1233E-02
   177.0      0.1256E-02
   178.0      0.1273E-02
   179.0      0.1284E-02
   180.0      0.1287E-02
 END
