# 178 angles,  1 tensor ranks for 0=projectile
@subtitle   "20O + d Ex 7.639 3-;"                                                          
@legend ON
@legend x1 0.2
@legend y1 0.8
@g0 type LOGY
@yaxis ticklabel format power
@legend string   0 "Lab energy =   70.0000"
#legend string   0 "Partition=  1 Excit=  2 near/far= 1"
#  Theta       sigma       iT11        T20         T21         T22         Kyy for projectile
   3.000       10.69    
   4.000       12.38    
   5.000       14.18    
   6.000       15.91    
   7.000       17.44    
   8.000       18.75    
   9.000       19.89    
   10.00       20.97    
   11.00       22.11    
   12.00       23.38    
   13.00       24.78    
   14.00       26.25    
   15.00       27.66    
   16.00       28.81    
   17.00       29.54    
   18.00       29.68    
   19.00       29.15    
   20.00       27.94    
   21.00       26.10    
   22.00       23.78    
   23.00       21.15    
   24.00       18.43    
   25.00       15.80    
   26.00       13.43    
   27.00       11.45    
   28.00       9.928    
   29.00       8.875    
   30.00       8.256    
   31.00       7.997    
   32.00       8.001    
   33.00       8.162    
   34.00       8.378    
   35.00       8.562    
   36.00       8.650    
   37.00       8.602    
   38.00       8.403    
   39.00       8.060    
   40.00       7.594    
   41.00       7.039    
   42.00       6.432    
   43.00       5.812    
   44.00       5.210    
   45.00       4.654    
   46.00       4.159    
   47.00       3.734    
   48.00       3.379    
   49.00       3.088    
   50.00       2.852    
   51.00       2.658    
   52.00       2.493    
   53.00       2.346    
   54.00       2.207    
   55.00       2.068    
   56.00       1.925    
   57.00       1.776    
   58.00       1.622    
   59.00       1.465    
   60.00       1.309    
   61.00       1.156    
   62.00       1.010    
   63.00      0.8755    
   64.00      0.7535    
   65.00      0.6457    
   66.00      0.5527    
   67.00      0.4742    
   68.00      0.4093    
   69.00      0.3565    
   70.00      0.3140    
   71.00      0.2799    
   72.00      0.2522    
   73.00      0.2295    
   74.00      0.2102    
   75.00      0.1932    
   76.00      0.1775    
   77.00      0.1627    
   78.00      0.1485    
   79.00      0.1346    
   80.00      0.1211    
   81.00      0.1082    
   82.00      0.9601E-01
   83.00      0.8462E-01
   84.00      0.7419E-01
   85.00      0.6484E-01
   86.00      0.5661E-01
   87.00      0.4948E-01
   88.00      0.4341E-01
   89.00      0.3829E-01
   90.00      0.3402E-01
   91.00      0.3046E-01
   92.00      0.2750E-01
   93.00      0.2501E-01
   94.00      0.2286E-01
   95.00      0.2097E-01
   96.00      0.1926E-01
   97.00      0.1767E-01
   98.00      0.1619E-01
   99.00      0.1477E-01
   100.0      0.1341E-01
   101.0      0.1212E-01
   102.0      0.1089E-01
   103.0      0.9757E-02
   104.0      0.8714E-02
   105.0      0.7773E-02
   106.0      0.6936E-02
   107.0      0.6205E-02
   108.0      0.5579E-02
   109.0      0.5051E-02
   110.0      0.4613E-02
   111.0      0.4251E-02
   112.0      0.3953E-02
   113.0      0.3707E-02
   114.0      0.3501E-02
   115.0      0.3324E-02
   116.0      0.3166E-02
   117.0      0.3016E-02
   118.0      0.2867E-02
   119.0      0.2715E-02
   120.0      0.2559E-02
   121.0      0.2397E-02
   122.0      0.2231E-02
   123.0      0.2061E-02
   124.0      0.1889E-02
   125.0      0.1719E-02
   126.0      0.1554E-02
   127.0      0.1395E-02
   128.0      0.1244E-02
   129.0      0.1103E-02
   130.0      0.9739E-03
   131.0      0.8588E-03
   132.0      0.7583E-03
   133.0      0.6726E-03
   134.0      0.6007E-03
   135.0      0.5414E-03
   136.0      0.4935E-03
   137.0      0.4557E-03
   138.0      0.4264E-03
   139.0      0.4036E-03
   140.0      0.3858E-03
   141.0      0.3720E-03
   142.0      0.3616E-03
   143.0      0.3538E-03
   144.0      0.3477E-03
   145.0      0.3417E-03
   146.0      0.3344E-03
   147.0      0.3252E-03
   148.0      0.3142E-03
   149.0      0.3023E-03
   150.0      0.2900E-03
   151.0      0.2777E-03
   152.0      0.2651E-03
   153.0      0.2520E-03
   154.0      0.2384E-03
   155.0      0.2246E-03
   156.0      0.2109E-03
   157.0      0.1975E-03
   158.0      0.1847E-03
   159.0      0.1727E-03
   160.0      0.1618E-03
   161.0      0.1521E-03
   162.0      0.1436E-03
   163.0      0.1362E-03
   164.0      0.1295E-03
   165.0      0.1234E-03
   166.0      0.1181E-03
   167.0      0.1136E-03
   168.0      0.1102E-03
   169.0      0.1078E-03
   170.0      0.1062E-03
   171.0      0.1055E-03
   172.0      0.1054E-03
   173.0      0.1059E-03
   174.0      0.1068E-03
   175.0      0.1076E-03
   176.0      0.1080E-03
   177.0      0.1079E-03
   178.0      0.1074E-03
   179.0      0.1068E-03
   180.0      0.1066E-03
 END
