155 583
155 10380
155 11406
155 11527
155 12461
155 12986
155 23858
155 23862
155 36496
155 37310
156 306
156 5768
156 17340
156 17662
156 18759
156 20245
156 23340
156 32062
156 45820
156 58399
156 58415
156 59073
157 7226
157 12565
157 14618
157 15204
157 19064
157 21031
157 23400
157 25042
157 27162
157 28531
157 30259
157 31097
157 31424
157 34377
157 45296
157 48778
157 50520
157 57358
157 62080
157 63672
158 6285
158 16430
158 20876
158 22948
158 30381
158 32077
158 32758
158 36403
158 48391
158 52364
159 10744
159 12389
159 28303
159 36993
159 44477
159 52330
160 15790
160 17054
160 17206
160 17390
160 20690
160 20712
160 22233
160 26975
160 35723
160 36336
160 41858
160 41978
160 56564
161 18762
161 19254
161 27943
161 28347
161 44837
161 47420
161 53820
162 3771
162 11725
162 12609
162 14109
162 17440
162 18450
162 21525
162 22284
162 24603
162 29091
162 29816
162 29971
162 33387
162 53658
162 55720
163 504
163 2673
163 7251
163 12031
163 18771
163 19300
163 38449
163 38536
163 42190
163 43120
163 43879
163 47171
163 51491
163 53641
163 54327
163 55945
163 59678
164 8686
164 9226
164 11322
164 13111
164 15039
164 19022
164 21343
164 30522
164 34263
164 37461
164 40291
164 48664
164 48694
165 458
165 9704
165 10270
165 25526
165 28069
165 37921
165 40555
165 40966
165 41907
165 46894
165 51050
166 2242
166 5891
166 9377
166 12069
166 25072
166 29515
166 31567
166 36539
166 37592
166 52182
166 52738
167 1053
167 1567
167 1709
167 4646
167 12749
167 16193
167 27521
167 33829
167 37968
167 43401
167 47736
167 49716
167 55163
168 2393
168 7653
168 12147
168 13333
168 19193
168 33079
168 38488
168 43273
168 48581
168 55122
168 59455
169 2021
169 15447
169 17087
169 17096
169 20083
169 22183
169 22422
169 24864
169 25939
169 26959
169 37401
169 46535
169 51710
169 51971
169 52727
169 52748
169 53799
169 61652
169 62452
169 66363
170 2612
170 3051
170 15371
170 15872
170 16246
170 17688
170 38394
170 41269
170 54735
170 59772
170 64894
170 68927
171 1455
171 5741
171 14712
171 23590
171 25129
171 33755
171 59566
171 65641
171 68488
171 69004
172 2388
172 2657
172 8517
172 9543
172 10004
172 10487
172 16698
172 28311
172 31971
172 41912
172 54339
172 55573
172 69356
172 81057
173 11174
173 12501
173 15580
173 17292
173 18185
173 39770
173 40849
173 41414
173 46915
173 57717
173 60920
173 61761
173 64647
174 8460
174 15361
174 20469
174 21512
174 24364
174 26787
174 26915
174 36918
174 37173
174 40494
174 54953
174 61742
174 65954
174 67215
174 74760
174 74845
174 79309
175 5090
175 9077
175 13132
175 20693
175 20780
175 28914
175 29721
175 32781
175 39363
175 49514
