155 10333
155 11471
155 14915
155 19575
155 20050
155 30765
156 3097
156 19355
156 28822
156 31374
156 41765
156 42387
156 47300
156 48137
156 54448
156 55059
157 5135
157 6552
157 8500
157 11301
157 36426
157 40761
157 60883
158 410
158 857
158 15630
158 16234
158 27591
158 34722
158 43840
159 1960
159 2912
159 16711
159 25392
159 49810
159 53460
159 54100
160 6449
160 7393
160 13437
160 14302
160 16849
160 28820
160 32468
160 55256
160 56136
161 1738
161 2026
161 5467
161 15483
161 25646
161 34697
161 40209
161 48876
162 4644
162 39051
162 45978
162 46163
162 53916
162 56199
163 7669
163 15947
163 25690
163 35468
163 44787
163 45463
164 617
164 6744
164 10967
164 12964
164 30720
164 30849
164 38295
164 38409
164 44358
164 51846
165 197
165 13201
165 13795
165 30238
165 46579
166 681
166 8687
166 10188
166 13172
166 21260
166 24791
166 27353
166 30146
166 36846
166 55478
167 14844
167 21512
167 25895
168 3444
168 5836
168 11699
168 11900
168 24564
168 36057
168 47504
169 926
169 10326
169 16622
169 38588
169 48143
169 49148
169 62069
169 64026
170 2358
170 7741
170 11886
170 15914
170 18112
170 19284
170 21246
170 32302
170 35702
170 52751
170 68077
171 9419
171 30587
171 35569
171 38055
171 38329
172 313
172 31328
172 33152
172 34728
172 41101
172 44264
172 70620
173 8533
173 21466
173 30174
173 35398
173 38094
173 38998
173 58455
174 482
174 923
174 3580
174 15978
174 27223
174 29032
174 41065
174 42298
174 42907
174 44729
174 47591
174 50861
174 50953
175 18946
175 25485
175 38171
175 53815
176 24020
176 35860
176 40528
176 41630
176 57049
177 3931
177 6982
177 16825
177 38927
177 40429
177 50062
177 62156
177 68361
177 68465
178 1064
178 8843
178 12319
178 21233
178 25319
178 26239
178 29275
178 39524
178 43158
178 54566
178 57849
178 72210
178 72735
179 37287
179 40778
179 51742
180 32192
180 42827
180 48076
180 49532
180 50956
180 51049
181 22692
181 53411
181 53889
181 63514
181 65324
181 72996
181 73583
181 76984
181 83170
181 86550
181 88419
181 88981
182 11341
182 28195
182 39050
182 41927
182 47479
182 52488
182 64405
182 68122
182 68623
184 4988
185 7524
185 48663
186 1848
186 18383
186 19381
186 24267
186 36202
186 42454
186 49831
187 4122
187 20728
187 23880
187 27664
187 31088
187 40133
187 50317
187 50645
187 51951
187 53471
187 55959
187 63441
188 590
188 3294
188 7967
188 9609
188 10786
188 15865
188 21864
188 50507
188 57871
188 61136
189 14091
189 16799
189 17745
189 38240
189 40799
189 43373
189 43519
189 43520
189 56817
190 4087
190 18214
190 27588
190 28664
190 30143
190 44537
190 55382
190 58127
191 18306
191 22461
191 25462
191 32518
191 33132
191 44688
191 56316
191 68424
191 71189
192 15745
192 17826
192 21673
192 34841
192 37314
192 40120
192 45439
192 47105
192 59888
193 15823
193 20314
193 27752
193 35142
193 36342
193 37018
193 47216
193 56108
193 56882
194 8517
194 16068
194 22885
194 24250
194 24396
194 29253
194 33906
194 37456
194 39060
194 39949
194 48637
194 55821
194 59312
195 5374
195 9270
195 31291
195 53475
195 58189
195 69089
196 5165
196 14403
196 21779
196 38469
196 47257
197 29352
197 32350
197 42117
197 42807
197 50889
197 63050
200 591
200 6759
200 17667
200 22722
200 34720
200 35705
200 40099
200 43572
200 51655
200 58811
200 61323
201 8288
201 15808
201 22604
201 28646
201 51058
201 58686
201 65357
202 13089
202 16077
202 24331
202 25137
202 26773
202 28663
202 40010
202 42709
202 43419
202 47086
202 54676
202 58179
202 59034
203 3669
203 10597
203 14203
203 20409
203 23474
203 26944
203 27858
203 39186
203 42141
203 45584
203 50599
204 1689
204 11827
204 15487
204 26862
204 30757
204 50125
204 52590
205 7333
205 19521
205 23536
205 56192
205 61181
