# 178 angles,  1 tensor ranks for 0=projectile
@subtitle   "p+O20 with CH89;"                                                              
@legend ON
@legend x1 0.2
@legend y1 0.8
@g0 type LOGY
@yaxis ticklabel format power
@legend string   0 "Lab energy =   35.0000"
#legend string   0 "Partition=  1 Excit=  1 near/far= 1"
#  Theta       sigma       iT11        T20         T21         T22         Kyy for projectile
   3.000      0.1290E+06
   4.000      0.3607E+05
   5.000      0.1324E+05
   6.000       6060.    
   7.000       3432.    
   8.000       2365.    
   9.000       1892.    
   10.00       1659.    
   11.00       1523.    
   12.00       1427.    
   13.00       1344.    
   14.00       1265.    
   15.00       1184.    
   16.00       1102.    
   17.00       1018.    
   18.00       933.5    
   19.00       849.7    
   20.00       767.6    
   21.00       688.2    
   22.00       612.2    
   23.00       540.4    
   24.00       473.2    
   25.00       411.1    
   26.00       354.1    
   27.00       302.3    
   28.00       255.8    
   29.00       214.5    
   30.00       178.0    
   31.00       146.3    
   32.00       118.9    
   33.00       95.53    
   34.00       75.88    
   35.00       59.58    
   36.00       46.24    
   37.00       35.53    
   38.00       27.09    
   39.00       20.61    
   40.00       15.77    
   41.00       12.29    
   42.00       9.928    
   43.00       8.451    
   44.00       7.660    
   45.00       7.380    
   46.00       7.464    
   47.00       7.788    
   48.00       8.249    
   49.00       8.767    
   50.00       9.277    
   51.00       9.733    
   52.00       10.10    
   53.00       10.36    
   54.00       10.50    
   55.00       10.51    
   56.00       10.40    
   57.00       10.18    
   58.00       9.862    
   59.00       9.452    
   60.00       8.969    
   61.00       8.429    
   62.00       7.847    
   63.00       7.238    
   64.00       6.616    
   65.00       5.995    
   66.00       5.384    
   67.00       4.793    
   68.00       4.230    
   69.00       3.700    
   70.00       3.209    
   71.00       2.760    
   72.00       2.354    
   73.00       1.991    
   74.00       1.672    
   75.00       1.395    
   76.00       1.158    
   77.00      0.9589    
   78.00      0.7945    
   79.00      0.6616    
   80.00      0.5571    
   81.00      0.4774    
   82.00      0.4193    
   83.00      0.3795    
   84.00      0.3549    
   85.00      0.3426    
   86.00      0.3399    
   87.00      0.3445    
   88.00      0.3541    
   89.00      0.3670    
   90.00      0.3814    
   91.00      0.3961    
   92.00      0.4100    
   93.00      0.4222    
   94.00      0.4320    
   95.00      0.4391    
   96.00      0.4430    
   97.00      0.4437    
   98.00      0.4411    
   99.00      0.4353    
   100.0      0.4265    
   101.0      0.4149    
   102.0      0.4009    
   103.0      0.3847    
   104.0      0.3666    
   105.0      0.3471    
   106.0      0.3264    
   107.0      0.3050    
   108.0      0.2831    
   109.0      0.2610    
   110.0      0.2391    
   111.0      0.2176    
   112.0      0.1966    
   113.0      0.1765    
   114.0      0.1573    
   115.0      0.1392    
   116.0      0.1223    
   117.0      0.1066    
   118.0      0.9227E-01
   119.0      0.7923E-01
   120.0      0.6752E-01
   121.0      0.5711E-01
   122.0      0.4797E-01
   123.0      0.4006E-01
   124.0      0.3331E-01
   125.0      0.2767E-01
   126.0      0.2305E-01
   127.0      0.1937E-01
   128.0      0.1655E-01
   129.0      0.1451E-01
   130.0      0.1316E-01
   131.0      0.1241E-01
   132.0      0.1220E-01
   133.0      0.1243E-01
   134.0      0.1305E-01
   135.0      0.1397E-01
   136.0      0.1515E-01
   137.0      0.1651E-01
   138.0      0.1801E-01
   139.0      0.1960E-01
   140.0      0.2125E-01
   141.0      0.2292E-01
   142.0      0.2458E-01
   143.0      0.2620E-01
   144.0      0.2778E-01
   145.0      0.2929E-01
   146.0      0.3072E-01
   147.0      0.3207E-01
   148.0      0.3334E-01
   149.0      0.3452E-01
   150.0      0.3562E-01
   151.0      0.3664E-01
   152.0      0.3758E-01
   153.0      0.3846E-01
   154.0      0.3927E-01
   155.0      0.4003E-01
   156.0      0.4074E-01
   157.0      0.4141E-01
   158.0      0.4204E-01
   159.0      0.4265E-01
   160.0      0.4324E-01
   161.0      0.4380E-01
   162.0      0.4436E-01
   163.0      0.4490E-01
   164.0      0.4542E-01
   165.0      0.4594E-01
   166.0      0.4645E-01
   167.0      0.4694E-01
   168.0      0.4741E-01
   169.0      0.4787E-01
   170.0      0.4831E-01
   171.0      0.4872E-01
   172.0      0.4910E-01
   173.0      0.4944E-01
   174.0      0.4976E-01
   175.0      0.5003E-01
   176.0      0.5025E-01
   177.0      0.5043E-01
   178.0      0.5056E-01
   179.0      0.5064E-01
   180.0      0.5066E-01
 END
