# 178 angles,  1 tensor ranks for 0=projectile
@subtitle   "p+O20 with CH89;"                                                              
@legend ON
@legend x1 0.2
@legend y1 0.8
@g0 type LOGY
@yaxis ticklabel format power
@legend string   0 "Lab energy =   35.0000"
#legend string   0 "Partition=  1 Excit=  1 near/far= 1"
#  Theta       sigma       iT11        T20         T21         T22         Kyy for projectile
   3.000      0.1325E+06
   4.000      0.3854E+05
   5.000      0.1507E+05
   6.000       7461.    
   7.000       4534.    
   8.000       3245.    
   9.000       2600.    
   10.00       2229.    
   11.00       1980.    
   12.00       1788.    
   13.00       1624.    
   14.00       1475.    
   15.00       1334.    
   16.00       1200.    
   17.00       1072.    
   18.00       950.5    
   19.00       835.8    
   20.00       728.6    
   21.00       629.5    
   22.00       538.9    
   23.00       456.9    
   24.00       383.8    
   25.00       319.3    
   26.00       263.3    
   27.00       215.2    
   28.00       174.8    
   29.00       141.4    
   30.00       114.4    
   31.00       93.15    
   32.00       76.97    
   33.00       65.18    
   34.00       57.12    
   35.00       52.16    
   36.00       49.70    
   37.00       49.18    
   38.00       50.12    
   39.00       52.06    
   40.00       54.61    
   41.00       57.46    
   42.00       60.33    
   43.00       62.99    
   44.00       65.30    
   45.00       67.11    
   46.00       68.36    
   47.00       69.00    
   48.00       69.02    
   49.00       68.43    
   50.00       67.27    
   51.00       65.58    
   52.00       63.44    
   53.00       60.89    
   54.00       58.03    
   55.00       54.93    
   56.00       51.65    
   57.00       48.26    
   58.00       44.84    
   59.00       41.44    
   60.00       38.10    
   61.00       34.88    
   62.00       31.81    
   63.00       28.91    
   64.00       26.20    
   65.00       23.71    
   66.00       21.44    
   67.00       19.38    
   68.00       17.55    
   69.00       15.92    
   70.00       14.49    
   71.00       13.26    
   72.00       12.19    
   73.00       11.28    
   74.00       10.52    
   75.00       9.875    
   76.00       9.341    
   77.00       8.898    
   78.00       8.532    
   79.00       8.228    
   80.00       7.973    
   81.00       7.756    
   82.00       7.568    
   83.00       7.398    
   84.00       7.239    
   85.00       7.086    
   86.00       6.933    
   87.00       6.777    
   88.00       6.614    
   89.00       6.444    
   90.00       6.265    
   91.00       6.077    
   92.00       5.879    
   93.00       5.673    
   94.00       5.459    
   95.00       5.239    
   96.00       5.014    
   97.00       4.786    
   98.00       4.556    
   99.00       4.326    
   100.0       4.097    
   101.0       3.871    
   102.0       3.650    
   103.0       3.434    
   104.0       3.224    
   105.0       3.023    
   106.0       2.829    
   107.0       2.645    
   108.0       2.471    
   109.0       2.307    
   110.0       2.153    
   111.0       2.011    
   112.0       1.879    
   113.0       1.758    
   114.0       1.648    
   115.0       1.549    
   116.0       1.461    
   117.0       1.382    
   118.0       1.314    
   119.0       1.254    
   120.0       1.203    
   121.0       1.161    
   122.0       1.126    
   123.0       1.097    
   124.0       1.075    
   125.0       1.058    
   126.0       1.045    
   127.0       1.036    
   128.0       1.030    
   129.0       1.026    
   130.0       1.023    
   131.0       1.020    
   132.0       1.018    
   133.0       1.014    
   134.0       1.010    
   135.0       1.003    
   136.0      0.9943    
   137.0      0.9830    
   138.0      0.9691    
   139.0      0.9524    
   140.0      0.9330    
   141.0      0.9111    
   142.0      0.8869    
   143.0      0.8609    
   144.0      0.8333    
   145.0      0.8049    
   146.0      0.7763    
   147.0      0.7481    
   148.0      0.7210    
   149.0      0.6959    
   150.0      0.6734    
   151.0      0.6543    
   152.0      0.6394    
   153.0      0.6292    
   154.0      0.6245    
   155.0      0.6256    
   156.0      0.6329    
   157.0      0.6469    
   158.0      0.6676    
   159.0      0.6951    
   160.0      0.7292    
   161.0      0.7697    
   162.0      0.8162    
   163.0      0.8682    
   164.0      0.9250    
   165.0      0.9858    
   166.0       1.050    
   167.0       1.116    
   168.0       1.183    
   169.0       1.251    
   170.0       1.317    
   171.0       1.381    
   172.0       1.442    
   173.0       1.499    
   174.0       1.550    
   175.0       1.595    
   176.0       1.633    
   177.0       1.663    
   178.0       1.685    
   179.0       1.699    
   180.0       1.703    
 END
