# Fusion cross sections for ELAB=  70.000, ECM=  63.596
     0.0   1.721       1.754      0.3370E-01
     1.0   15.49       15.79      0.2927    
     2.0   25.91       26.37      0.4600    
     3.0   36.47       37.05      0.5787    
     4.0   47.21       47.85      0.6383    
     5.0   58.18       58.82      0.6358    
     6.0   69.32       69.90      0.5775    
     7.0   80.53       81.03      0.5012    
     8.0   91.11       91.59      0.4829    
     9.0   99.20       99.75      0.5548    
    10.0   101.9       102.6      0.6939    
    11.0   96.03       96.92      0.8942    
    12.0   79.80       80.85       1.057    
    13.0   58.23       59.23      0.9990    
    14.0   38.78       39.53      0.7449    
    15.0   24.58       25.05      0.4647    
    16.0   15.20       15.46      0.2585    
    17.0   9.285       9.419      0.1343    
    18.0   5.630       5.697      0.6696E-01
    19.0   3.397       3.430      0.3259E-01
    20.0   2.043       2.058      0.1564E-01
    21.0   1.224       1.232      0.7439E-02
    22.0  0.7318      0.7353      0.3521E-02
    23.0  0.4362      0.4379      0.1661E-02
    24.0  0.2594      0.2602      0.7827E-03
    25.0  0.1539      0.1543      0.3684E-03
    26.0  0.9112E-01  0.9129E-01  0.1733E-03
    27.0  0.5384E-01  0.5392E-01  0.8153E-04
    28.0  0.3175E-01  0.3178E-01  0.3835E-04
    29.0  0.1869E-01  0.1871E-01  0.1804E-04
    30.0  0.1098E-01  0.1099E-01  0.8487E-05
    31.0  0.6443E-02  0.6447E-02  0.3993E-05
    32.0  0.3775E-02  0.3777E-02  0.1879E-05
    33.0  0.2208E-02  0.2209E-02  0.8843E-06
    34.0  0.1290E-02  0.1291E-02  0.4162E-06
    35.0  0.7529E-03  0.7531E-03  0.1959E-06
    36.0  0.4388E-03  0.4389E-03  0.9224E-07
    37.0  0.2555E-03  0.2555E-03  0.4343E-07
    38.0  0.1486E-03  0.1486E-03  0.2045E-07
    39.0  0.8634E-04  0.8635E-04  0.9630E-08
    40.0  0.5012E-04  0.5013E-04  0.4535E-08
    41.0  0.2907E-04  0.2907E-04  0.2136E-08
    42.0  0.1684E-04  0.1684E-04  0.1006E-08
    43.0  0.9753E-05  0.9753E-05  0.4740E-09
    44.0  0.5642E-05  0.5642E-05  0.2233E-09
    45.0  0.3262E-05  0.3262E-05  0.1052E-09
    46.0  0.1884E-05  0.1884E-05  0.4955E-10
    47.0  0.1088E-05  0.1088E-05  0.2335E-10
    48.0  0.6276E-06  0.6276E-06  0.1100E-10
    49.0  0.3619E-06  0.3619E-06  0.5183E-11
    50.0  0.2085E-06  0.2085E-06  0.2442E-11
    51.0  0.1201E-06  0.1201E-06  0.1151E-11
    52.0  0.6912E-07  0.6912E-07  0.5422E-12
    53.0  0.3976E-07  0.3976E-07  0.2555E-12
    54.0  0.2286E-07  0.2286E-07  0.1204E-12
    55.0  0.1314E-07  0.1314E-07  0.5674E-13
    56.0  0.7546E-08  0.7546E-08  0.2674E-13
    57.0  0.4333E-08  0.4333E-08  0.1260E-13
    58.0  0.2486E-08  0.2486E-08  0.5940E-14
    59.0  0.1426E-08  0.1426E-08  0.2799E-14
    60.0  0.8184E-09  0.8184E-09  0.1319E-14
 &
