# 178 angles,  1 tensor ranks for 0=projectile
@subtitle   "20O(d,t) @ 30AMeV Daeh (d) + Pang (t)"                                         
@legend ON
@legend x1 0.2
@legend y1 0.8
@g0 type LOGY
@yaxis ticklabel format power
@legend string   0 "Lab energy =   70.0000"
#legend string   0 "Partition=  2 Excit=  1 near/far= 1"
#  Theta       sigma       iT11        T20         T21         T22         Kyy for projectile
   3.000       24.74    
   4.000       18.63    
   5.000       12.62    
   6.000       7.470    
   7.000       3.693    
   8.000       1.456    
   9.000      0.6212    
   10.00      0.8415    
   11.00       1.672    
   12.00       2.686    
   13.00       3.555    
   14.00       4.088    
   15.00       4.234    
   16.00       4.051    
   17.00       3.659    
   18.00       3.198    
   19.00       2.787    
   20.00       2.503    
   21.00       2.377    
   22.00       2.393    
   23.00       2.510    
   24.00       2.668    
   25.00       2.810    
   26.00       2.892    
   27.00       2.886    
   28.00       2.782    
   29.00       2.590    
   30.00       2.330    
   31.00       2.028    
   32.00       1.710    
   33.00       1.402    
   34.00       1.120    
   35.00      0.8773    
   36.00      0.6772    
   37.00      0.5194    
   38.00      0.3996    
   39.00      0.3112    
   40.00      0.2469    
   41.00      0.2000    
   42.00      0.1650    
   43.00      0.1378    
   44.00      0.1156    
   45.00      0.9706E-01
   46.00      0.8134E-01
   47.00      0.6831E-01
   48.00      0.5797E-01
   49.00      0.5031E-01
   50.00      0.4520E-01
   51.00      0.4230E-01
   52.00      0.4116E-01
   53.00      0.4123E-01
   54.00      0.4196E-01
   55.00      0.4285E-01
   56.00      0.4352E-01
   57.00      0.4371E-01
   58.00      0.4333E-01
   59.00      0.4238E-01
   60.00      0.4095E-01
   61.00      0.3919E-01
   62.00      0.3728E-01
   63.00      0.3535E-01
   64.00      0.3354E-01
   65.00      0.3192E-01
   66.00      0.3052E-01
   67.00      0.2932E-01
   68.00      0.2829E-01
   69.00      0.2736E-01
   70.00      0.2647E-01
   71.00      0.2555E-01
   72.00      0.2456E-01
   73.00      0.2345E-01
   74.00      0.2223E-01
   75.00      0.2089E-01
   76.00      0.1946E-01
   77.00      0.1797E-01
   78.00      0.1645E-01
   79.00      0.1496E-01
   80.00      0.1351E-01
   81.00      0.1215E-01
   82.00      0.1090E-01
   83.00      0.9769E-02
   84.00      0.8764E-02
   85.00      0.7885E-02
   86.00      0.7122E-02
   87.00      0.6465E-02
   88.00      0.5898E-02
   89.00      0.5407E-02
   90.00      0.4975E-02
   91.00      0.4588E-02
   92.00      0.4236E-02
   93.00      0.3910E-02
   94.00      0.3601E-02
   95.00      0.3307E-02
   96.00      0.3025E-02
   97.00      0.2754E-02
   98.00      0.2494E-02
   99.00      0.2248E-02
   100.0      0.2015E-02
   101.0      0.1798E-02
   102.0      0.1597E-02
   103.0      0.1414E-02
   104.0      0.1249E-02
   105.0      0.1101E-02
   106.0      0.9692E-03
   107.0      0.8536E-03
   108.0      0.7524E-03
   109.0      0.6643E-03
   110.0      0.5879E-03
   111.0      0.5215E-03
   112.0      0.4639E-03
   113.0      0.4139E-03
   114.0      0.3702E-03
   115.0      0.3321E-03
   116.0      0.2987E-03
   117.0      0.2693E-03
   118.0      0.2435E-03
   119.0      0.2207E-03
   120.0      0.2007E-03
   121.0      0.1832E-03
   122.0      0.1678E-03
   123.0      0.1544E-03
   124.0      0.1427E-03
   125.0      0.1324E-03
   126.0      0.1233E-03
   127.0      0.1153E-03
   128.0      0.1082E-03
   129.0      0.1016E-03
   130.0      0.9562E-04
   131.0      0.8994E-04
   132.0      0.8448E-04
   133.0      0.7917E-04
   134.0      0.7392E-04
   135.0      0.6870E-04
   136.0      0.6348E-04
   137.0      0.5827E-04
   138.0      0.5308E-04
   139.0      0.4794E-04
   140.0      0.4289E-04
   141.0      0.3798E-04
   142.0      0.3327E-04
   143.0      0.2881E-04
   144.0      0.2465E-04
   145.0      0.2084E-04
   146.0      0.1744E-04
   147.0      0.1447E-04
   148.0      0.1196E-04
   149.0      0.9917E-05
   150.0      0.8343E-05
   151.0      0.7217E-05
   152.0      0.6507E-05
   153.0      0.6167E-05
   154.0      0.6139E-05
   155.0      0.6361E-05
   156.0      0.6763E-05
   157.0      0.7276E-05
   158.0      0.7839E-05
   159.0      0.8394E-05
   160.0      0.8899E-05
   161.0      0.9324E-05
   162.0      0.9656E-05
   163.0      0.9895E-05
   164.0      0.1006E-04
   165.0      0.1017E-04
   166.0      0.1026E-04
   167.0      0.1037E-04
   168.0      0.1053E-04
   169.0      0.1077E-04
   170.0      0.1110E-04
   171.0      0.1154E-04
   172.0      0.1208E-04
   173.0      0.1270E-04
   174.0      0.1337E-04
   175.0      0.1404E-04
   176.0      0.1467E-04
   177.0      0.1522E-04
   178.0      0.1565E-04
   179.0      0.1592E-04
   180.0      0.1601E-04
 END
