# 178 angles,  1 tensor ranks for 0=projectile
@subtitle   "20O(d,t) @ 30AMeV Daeh (d) + Pang (t)"                                         
@legend ON
@legend x1 0.2
@legend y1 0.8
@g0 type LOGY
@yaxis ticklabel format power
@legend string   0 "Lab energy =   70.0000"
#legend string   0 "Partition=  2 Excit=  3 near/far= 1"
#  Theta       sigma       iT11        T20         T21         T22         Kyy for projectile
   3.000       3.629    
   4.000       3.560    
   5.000       3.528    
   6.000       3.539    
   7.000       3.580    
   8.000       3.622    
   9.000       3.624    
   10.00       3.550    
   11.00       3.376    
   12.00       3.094    
   13.00       2.721    
   14.00       2.287    
   15.00       1.832    
   16.00       1.397    
   17.00       1.018    
   18.00      0.7183    
   19.00      0.5076    
   20.00      0.3830    
   21.00      0.3319    
   22.00      0.3356    
   23.00      0.3739    
   24.00      0.4283    
   25.00      0.4849    
   26.00      0.5347    
   27.00      0.5740    
   28.00      0.6034    
   29.00      0.6258    
   30.00      0.6454    
   31.00      0.6661    
   32.00      0.6906    
   33.00      0.7198    
   34.00      0.7531    
   35.00      0.7883    
   36.00      0.8226    
   37.00      0.8528    
   38.00      0.8760    
   39.00      0.8900    
   40.00      0.8936    
   41.00      0.8864    
   42.00      0.8691    
   43.00      0.8430    
   44.00      0.8099    
   45.00      0.7718    
   46.00      0.7307    
   47.00      0.6881    
   48.00      0.6457    
   49.00      0.6043    
   50.00      0.5647    
   51.00      0.5270    
   52.00      0.4914    
   53.00      0.4578    
   54.00      0.4259    
   55.00      0.3955    
   56.00      0.3664    
   57.00      0.3384    
   58.00      0.3116    
   59.00      0.2857    
   60.00      0.2610    
   61.00      0.2375    
   62.00      0.2152    
   63.00      0.1944    
   64.00      0.1750    
   65.00      0.1571    
   66.00      0.1408    
   67.00      0.1259    
   68.00      0.1126    
   69.00      0.1005    
   70.00      0.8978E-01
   71.00      0.8017E-01
   72.00      0.7159E-01
   73.00      0.6392E-01
   74.00      0.5706E-01
   75.00      0.5092E-01
   76.00      0.4539E-01
   77.00      0.4042E-01
   78.00      0.3595E-01
   79.00      0.3192E-01
   80.00      0.2829E-01
   81.00      0.2502E-01
   82.00      0.2210E-01
   83.00      0.1948E-01
   84.00      0.1715E-01
   85.00      0.1507E-01
   86.00      0.1324E-01
   87.00      0.1162E-01
   88.00      0.1020E-01
   89.00      0.8956E-02
   90.00      0.7864E-02
   91.00      0.6909E-02
   92.00      0.6073E-02
   93.00      0.5341E-02
   94.00      0.4700E-02
   95.00      0.4137E-02
   96.00      0.3642E-02
   97.00      0.3206E-02
   98.00      0.2821E-02
   99.00      0.2481E-02
   100.0      0.2180E-02
   101.0      0.1914E-02
   102.0      0.1679E-02
   103.0      0.1472E-02
   104.0      0.1289E-02
   105.0      0.1128E-02
   106.0      0.9872E-03
   107.0      0.8637E-03
   108.0      0.7558E-03
   109.0      0.6618E-03
   110.0      0.5799E-03
   111.0      0.5087E-03
   112.0      0.4468E-03
   113.0      0.3930E-03
   114.0      0.3463E-03
   115.0      0.3055E-03
   116.0      0.2700E-03
   117.0      0.2389E-03
   118.0      0.2116E-03
   119.0      0.1877E-03
   120.0      0.1666E-03
   121.0      0.1481E-03
   122.0      0.1317E-03
   123.0      0.1172E-03
   124.0      0.1044E-03
   125.0      0.9306E-04
   126.0      0.8306E-04
   127.0      0.7423E-04
   128.0      0.6644E-04
   129.0      0.5958E-04
   130.0      0.5352E-04
   131.0      0.4819E-04
   132.0      0.4348E-04
   133.0      0.3933E-04
   134.0      0.3566E-04
   135.0      0.3239E-04
   136.0      0.2949E-04
   137.0      0.2688E-04
   138.0      0.2453E-04
   139.0      0.2240E-04
   140.0      0.2045E-04
   141.0      0.1866E-04
   142.0      0.1700E-04
   143.0      0.1546E-04
   144.0      0.1404E-04
   145.0      0.1271E-04
   146.0      0.1148E-04
   147.0      0.1035E-04
   148.0      0.9319E-05
   149.0      0.8380E-05
   150.0      0.7540E-05
   151.0      0.6797E-05
   152.0      0.6152E-05
   153.0      0.5601E-05
   154.0      0.5142E-05
   155.0      0.4768E-05
   156.0      0.4472E-05
   157.0      0.4246E-05
   158.0      0.4082E-05
   159.0      0.3969E-05
   160.0      0.3898E-05
   161.0      0.3861E-05
   162.0      0.3850E-05
   163.0      0.3856E-05
   164.0      0.3876E-05
   165.0      0.3903E-05
   166.0      0.3935E-05
   167.0      0.3969E-05
   168.0      0.4005E-05
   169.0      0.4042E-05
   170.0      0.4078E-05
   171.0      0.4115E-05
   172.0      0.4151E-05
   173.0      0.4187E-05
   174.0      0.4221E-05
   175.0      0.4252E-05
   176.0      0.4280E-05
   177.0      0.4304E-05
   178.0      0.4322E-05
   179.0      0.4333E-05
   180.0      0.4336E-05
 END
