# 178 angles,  1 tensor ranks for 0=projectile
@subtitle   "20O(d,t) @ 30AMeV Daeh (d) + Pang (t)"                                         
@legend ON
@legend x1 0.2
@legend y1 0.8
@g0 type LOGY
@yaxis ticklabel format power
@legend string   0 "Lab energy =   70.0000"
#legend string   0 "Partition=  2 Excit=  2 near/far= 1"
#  Theta       sigma       iT11        T20         T21         T22         Kyy for projectile
   3.000       4.246    
   4.000       4.737    
   5.000       5.074    
   6.000       5.153    
   7.000       4.929    
   8.000       4.424    
   9.000       3.714    
   10.00       2.904    
   11.00       2.106    
   12.00       1.412    
   13.00      0.8814    
   14.00      0.5325    
   15.00      0.3512    
   16.00      0.2997    
   17.00      0.3295    
   18.00      0.3935    
   19.00      0.4545    
   20.00      0.4895    
   21.00      0.4903    
   22.00      0.4603    
   23.00      0.4108    
   24.00      0.3560    
   25.00      0.3089    
   26.00      0.2790    
   27.00      0.2708    
   28.00      0.2841    
   29.00      0.3149    
   30.00      0.3569    
   31.00      0.4031    
   32.00      0.4472    
   33.00      0.4844    
   34.00      0.5119    
   35.00      0.5290    
   36.00      0.5364    
   37.00      0.5359    
   38.00      0.5299    
   39.00      0.5207    
   40.00      0.5102    
   41.00      0.4997    
   42.00      0.4899    
   43.00      0.4808    
   44.00      0.4720    
   45.00      0.4627    
   46.00      0.4523    
   47.00      0.4402    
   48.00      0.4259    
   49.00      0.4093    
   50.00      0.3906    
   51.00      0.3700    
   52.00      0.3481    
   53.00      0.3256    
   54.00      0.3029    
   55.00      0.2807    
   56.00      0.2594    
   57.00      0.2393    
   58.00      0.2206    
   59.00      0.2035    
   60.00      0.1877    
   61.00      0.1734    
   62.00      0.1602    
   63.00      0.1481    
   64.00      0.1369    
   65.00      0.1264    
   66.00      0.1166    
   67.00      0.1073    
   68.00      0.9845E-01
   69.00      0.9012E-01
   70.00      0.8226E-01
   71.00      0.7489E-01
   72.00      0.6801E-01
   73.00      0.6164E-01
   74.00      0.5578E-01
   75.00      0.5044E-01
   76.00      0.4559E-01
   77.00      0.4121E-01
   78.00      0.3727E-01
   79.00      0.3374E-01
   80.00      0.3057E-01
   81.00      0.2773E-01
   82.00      0.2518E-01
   83.00      0.2287E-01
   84.00      0.2078E-01
   85.00      0.1888E-01
   86.00      0.1714E-01
   87.00      0.1555E-01
   88.00      0.1408E-01
   89.00      0.1274E-01
   90.00      0.1151E-01
   91.00      0.1038E-01
   92.00      0.9345E-02
   93.00      0.8403E-02
   94.00      0.7548E-02
   95.00      0.6775E-02
   96.00      0.6078E-02
   97.00      0.5453E-02
   98.00      0.4893E-02
   99.00      0.4393E-02
   100.0      0.3948E-02
   101.0      0.3552E-02
   102.0      0.3199E-02
   103.0      0.2884E-02
   104.0      0.2603E-02
   105.0      0.2352E-02
   106.0      0.2127E-02
   107.0      0.1924E-02
   108.0      0.1742E-02
   109.0      0.1577E-02
   110.0      0.1427E-02
   111.0      0.1291E-02
   112.0      0.1168E-02
   113.0      0.1056E-02
   114.0      0.9548E-03
   115.0      0.8626E-03
   116.0      0.7791E-03
   117.0      0.7034E-03
   118.0      0.6349E-03
   119.0      0.5730E-03
   120.0      0.5171E-03
   121.0      0.4666E-03
   122.0      0.4211E-03
   123.0      0.3801E-03
   124.0      0.3430E-03
   125.0      0.3096E-03
   126.0      0.2794E-03
   127.0      0.2521E-03
   128.0      0.2274E-03
   129.0      0.2051E-03
   130.0      0.1849E-03
   131.0      0.1666E-03
   132.0      0.1501E-03
   133.0      0.1352E-03
   134.0      0.1218E-03
   135.0      0.1097E-03
   136.0      0.9878E-04
   137.0      0.8901E-04
   138.0      0.8026E-04
   139.0      0.7243E-04
   140.0      0.6543E-04
   141.0      0.5919E-04
   142.0      0.5362E-04
   143.0      0.4866E-04
   144.0      0.4424E-04
   145.0      0.4029E-04
   146.0      0.3677E-04
   147.0      0.3362E-04
   148.0      0.3079E-04
   149.0      0.2825E-04
   150.0      0.2595E-04
   151.0      0.2386E-04
   152.0      0.2196E-04
   153.0      0.2021E-04
   154.0      0.1860E-04
   155.0      0.1710E-04
   156.0      0.1572E-04
   157.0      0.1444E-04
   158.0      0.1326E-04
   159.0      0.1217E-04
   160.0      0.1119E-04
   161.0      0.1031E-04
   162.0      0.9551E-05
   163.0      0.8903E-05
   164.0      0.8373E-05
   165.0      0.7963E-05
   166.0      0.7670E-05
   167.0      0.7489E-05
   168.0      0.7411E-05
   169.0      0.7423E-05
   170.0      0.7512E-05
   171.0      0.7663E-05
   172.0      0.7856E-05
   173.0      0.8076E-05
   174.0      0.8306E-05
   175.0      0.8529E-05
   176.0      0.8732E-05
   177.0      0.8902E-05
   178.0      0.9031E-05
   179.0      0.9111E-05
   180.0      0.9138E-05
 END
