# 181 angles,  1 tensor ranks for 0=projectile
@subtitle   "p+O20 1st ex with BG ;"                                                        
@legend ON
@legend x1 0.2
@legend y1 0.8
@g0 type LOGY
@yaxis ticklabel format power
@legend string   0 "Lab energy =   35.0000"
#legend string   0 "Partition=  1 Excit=  2 near/far= 1"
#  Theta       sigma       iT11        T20         T21         T22         Kyy for projectile
   0.000       41.46    
   1.000       41.44    
   2.000       41.35    
   3.000       41.07    
   4.000       40.51    
   5.000       39.59    
   6.000       38.36    
   7.000       36.91    
   8.000       35.35    
   9.000       33.80    
   10.00       32.33    
   11.00       30.97    
   12.00       29.76    
   13.00       28.73    
   14.00       27.89    
   15.00       27.28    
   16.00       26.87    
   17.00       26.66    
   18.00       26.63    
   19.00       26.75    
   20.00       26.99    
   21.00       27.32    
   22.00       27.70    
   23.00       28.08    
   24.00       28.39    
   25.00       28.62    
   26.00       28.73    
   27.00       28.70    
   28.00       28.52    
   29.00       28.17    
   30.00       27.64    
   31.00       26.92    
   32.00       26.02    
   33.00       24.96    
   34.00       23.78    
   35.00       22.48    
   36.00       21.10    
   37.00       19.66    
   38.00       18.18    
   39.00       16.70    
   40.00       15.24    
   41.00       13.83    
   42.00       12.49    
   43.00       11.25    
   44.00       10.10    
   45.00       9.065    
   46.00       8.151    
   47.00       7.360    
   48.00       6.693    
   49.00       6.146    
   50.00       5.712    
   51.00       5.381    
   52.00       5.144    
   53.00       4.990    
   54.00       4.906    
   55.00       4.879    
   56.00       4.893    
   57.00       4.937    
   58.00       5.000    
   59.00       5.070    
   60.00       5.140    
   61.00       5.201    
   62.00       5.244    
   63.00       5.263    
   64.00       5.255    
   65.00       5.217    
   66.00       5.150    
   67.00       5.054    
   68.00       4.929    
   69.00       4.776    
   70.00       4.597    
   71.00       4.395    
   72.00       4.175    
   73.00       3.942    
   74.00       3.698    
   75.00       3.448    
   76.00       3.195    
   77.00       2.942    
   78.00       2.692    
   79.00       2.450    
   80.00       2.217    
   81.00       1.997    
   82.00       1.789    
   83.00       1.597    
   84.00       1.419    
   85.00       1.258    
   86.00       1.112    
   87.00      0.9835    
   88.00      0.8703    
   89.00      0.7721    
   90.00      0.6880    
   91.00      0.6170    
   92.00      0.5580    
   93.00      0.5098    
   94.00      0.4713    
   95.00      0.4412    
   96.00      0.4182    
   97.00      0.4011    
   98.00      0.3888    
   99.00      0.3804    
   100.0      0.3749    
   101.0      0.3713    
   102.0      0.3690    
   103.0      0.3673    
   104.0      0.3657    
   105.0      0.3637    
   106.0      0.3611    
   107.0      0.3575    
   108.0      0.3526    
   109.0      0.3465    
   110.0      0.3391    
   111.0      0.3304    
   112.0      0.3206    
   113.0      0.3096    
   114.0      0.2976    
   115.0      0.2847    
   116.0      0.2711    
   117.0      0.2570    
   118.0      0.2426    
   119.0      0.2280    
   120.0      0.2134    
   121.0      0.1989    
   122.0      0.1847    
   123.0      0.1710    
   124.0      0.1577    
   125.0      0.1451    
   126.0      0.1332    
   127.0      0.1220    
   128.0      0.1116    
   129.0      0.1020    
   130.0      0.9336E-01
   131.0      0.8553E-01
   132.0      0.7850E-01
   133.0      0.7224E-01
   134.0      0.6671E-01
   135.0      0.6193E-01
   136.0      0.5786E-01
   137.0      0.5444E-01
   138.0      0.5159E-01
   139.0      0.4919E-01
   140.0      0.4719E-01
   141.0      0.4555E-01
   142.0      0.4425E-01
   143.0      0.4326E-01
   144.0      0.4250E-01
   145.0      0.4191E-01
   146.0      0.4140E-01
   147.0      0.4094E-01
   148.0      0.4053E-01
   149.0      0.4014E-01
   150.0      0.3978E-01
   151.0      0.3939E-01
   152.0      0.3897E-01
   153.0      0.3849E-01
   154.0      0.3796E-01
   155.0      0.3738E-01
   156.0      0.3675E-01
   157.0      0.3609E-01
   158.0      0.3538E-01
   159.0      0.3464E-01
   160.0      0.3389E-01
   161.0      0.3316E-01
   162.0      0.3245E-01
   163.0      0.3175E-01
   164.0      0.3105E-01
   165.0      0.3036E-01
   166.0      0.2971E-01
   167.0      0.2912E-01
   168.0      0.2861E-01
   169.0      0.2817E-01
   170.0      0.2778E-01
   171.0      0.2740E-01
   172.0      0.2705E-01
   173.0      0.2674E-01
   174.0      0.2650E-01
   175.0      0.2633E-01
   176.0      0.2621E-01
   177.0      0.2612E-01
   178.0      0.2604E-01
   179.0      0.2599E-01
   180.0      0.2597E-01
 END
