# 181 angles,  1 tensor ranks for 0=projectile
@subtitle   "p+O20 1st ex with BG ;"                                                        
@legend ON
@legend x1 0.2
@legend y1 0.8
@g0 type LOGY
@yaxis ticklabel format power
@legend string   0 "Lab energy =   35.0000"
#legend string   0 "Partition=  1 Excit=  1 near/far= 1"
#  Theta       sigma       iT11        T20         T21         T22         Kyy for projectile
  0.1000E-01  0.1288E+16
   1.000      0.1252E+08
   2.000      0.7269E+06
   3.000      0.1303E+06
   4.000      0.3753E+05
   5.000      0.1456E+05
   6.000       7205.    
   7.000       4425.    
   8.000       3225.    
   9.000       2636.    
   10.00       2300.    
   11.00       2074.    
   12.00       1896.    
   13.00       1739.    
   14.00       1593.    
   15.00       1452.    
   16.00       1316.    
   17.00       1184.    
   18.00       1057.    
   19.00       935.5    
   20.00       821.3    
   21.00       714.6    
   22.00       616.0    
   23.00       525.9    
   24.00       444.4    
   25.00       371.4    
   26.00       307.0    
   27.00       250.6    
   28.00       201.9    
   29.00       160.5    
   30.00       125.8    
   31.00       97.09    
   32.00       73.85    
   33.00       55.42    
   34.00       41.18    
   35.00       30.54    
   36.00       22.94    
   37.00       17.83    
   38.00       14.74    
   39.00       13.24    
   40.00       12.93    
   41.00       13.49    
   42.00       14.62    
   43.00       16.08    
   44.00       17.69    
   45.00       19.29    
   46.00       20.75    
   47.00       22.00    
   48.00       22.97    
   49.00       23.64    
   50.00       23.98    
   51.00       24.01    
   52.00       23.74    
   53.00       23.20    
   54.00       22.41    
   55.00       21.42    
   56.00       20.26    
   57.00       18.97    
   58.00       17.59    
   59.00       16.16    
   60.00       14.71    
   61.00       13.26    
   62.00       11.85    
   63.00       10.49    
   64.00       9.204    
   65.00       8.001    
   66.00       6.892    
   67.00       5.884    
   68.00       4.978    
   69.00       4.176    
   70.00       3.477    
   71.00       2.875    
   72.00       2.365    
   73.00       1.942    
   74.00       1.598    
   75.00       1.325    
   76.00       1.114    
   77.00      0.9591    
   78.00      0.8506    
   79.00      0.7812    
   80.00      0.7438    
   81.00      0.7317    
   82.00      0.7388    
   83.00      0.7596    
   84.00      0.7894    
   85.00      0.8242    
   86.00      0.8603    
   87.00      0.8951    
   88.00      0.9262    
   89.00      0.9519    
   90.00      0.9710    
   91.00      0.9828    
   92.00      0.9867    
   93.00      0.9827    
   94.00      0.9710    
   95.00      0.9519    
   96.00      0.9261    
   97.00      0.8943    
   98.00      0.8572    
   99.00      0.8156    
   100.0      0.7705    
   101.0      0.7227    
   102.0      0.6731    
   103.0      0.6224    
   104.0      0.5714    
   105.0      0.5208    
   106.0      0.4712    
   107.0      0.4230    
   108.0      0.3769    
   109.0      0.3331    
   110.0      0.2919    
   111.0      0.2535    
   112.0      0.2182    
   113.0      0.1860    
   114.0      0.1569    
   115.0      0.1310    
   116.0      0.1081    
   117.0      0.8825E-01
   118.0      0.7123E-01
   119.0      0.5693E-01
   120.0      0.4516E-01
   121.0      0.3574E-01
   122.0      0.2847E-01
   123.0      0.2315E-01
   124.0      0.1957E-01
   125.0      0.1753E-01
   126.0      0.1683E-01
   127.0      0.1726E-01
   128.0      0.1864E-01
   129.0      0.2078E-01
   130.0      0.2353E-01
   131.0      0.2671E-01
   132.0      0.3018E-01
   133.0      0.3381E-01
   134.0      0.3747E-01
   135.0      0.4106E-01
   136.0      0.4448E-01
   137.0      0.4764E-01
   138.0      0.5049E-01
   139.0      0.5295E-01
   140.0      0.5499E-01
   141.0      0.5657E-01
   142.0      0.5768E-01
   143.0      0.5829E-01
   144.0      0.5842E-01
   145.0      0.5807E-01
   146.0      0.5726E-01
   147.0      0.5603E-01
   148.0      0.5439E-01
   149.0      0.5239E-01
   150.0      0.5008E-01
   151.0      0.4751E-01
   152.0      0.4473E-01
   153.0      0.4179E-01
   154.0      0.3874E-01
   155.0      0.3565E-01
   156.0      0.3255E-01
   157.0      0.2950E-01
   158.0      0.2655E-01
   159.0      0.2373E-01
   160.0      0.2107E-01
   161.0      0.1862E-01
   162.0      0.1638E-01
   163.0      0.1438E-01
   164.0      0.1263E-01
   165.0      0.1112E-01
   166.0      0.9858E-02
   167.0      0.8831E-02
   168.0      0.8023E-02
   169.0      0.7418E-02
   170.0      0.6992E-02
   171.0      0.6720E-02
   172.0      0.6575E-02
   173.0      0.6530E-02
   174.0      0.6556E-02
   175.0      0.6629E-02
   176.0      0.6724E-02
   177.0      0.6821E-02
   178.0      0.6903E-02
   179.0      0.6958E-02
   180.0      0.6976E-02
 END
