# 178 angles,  1 tensor ranks for 0=projectile
@subtitle   "20O + d 2+2 inelastic;"                                                        
@legend ON
@legend x1 0.2
@legend y1 0.8
@g0 type LOGY
@yaxis ticklabel format power
@legend string   0 "Lab energy =   70.0000"
#legend string   0 "Partition=  1 Excit=  1 near/far= 1"
#  Theta       sigma       iT11        T20         T21         T22         Kyy for projectile
   3.000      0.2715E+05
   4.000      0.1162E+05
   5.000       8329.    
   6.000       6853.    
   7.000       5630.    
   8.000       4455.    
   9.000       3359.    
   10.00       2397.    
   11.00       1606.    
   12.00       998.4    
   13.00       565.8    
   14.00       285.6    
   15.00       127.7    
   16.00       59.72    
   17.00       50.97    
   18.00       75.43    
   19.00       113.0    
   20.00       149.6    
   21.00       177.2    
   22.00       192.0    
   23.00       193.8    
   24.00       184.7    
   25.00       167.8    
   26.00       146.4    
   27.00       123.6    
   28.00       101.8    
   29.00       82.57    
   30.00       66.84    
   31.00       54.79    
   32.00       46.12    
   33.00       40.28    
   34.00       36.54    
   35.00       34.21    
   36.00       32.65    
   37.00       31.36    
   38.00       30.01    
   39.00       28.41    
   40.00       26.49    
   41.00       24.27    
   42.00       21.84    
   43.00       19.31    
   44.00       16.80    
   45.00       14.42    
   46.00       12.24    
   47.00       10.32    
   48.00       8.684    
   49.00       7.325    
   50.00       6.225    
   51.00       5.351    
   52.00       4.664    
   53.00       4.124    
   54.00       3.692    
   55.00       3.336    
   56.00       3.030    
   57.00       2.756    
   58.00       2.500    
   59.00       2.258    
   60.00       2.025    
   61.00       1.802    
   62.00       1.590    
   63.00       1.394    
   64.00       1.214    
   65.00       1.052    
   66.00      0.9102    
   67.00      0.7875    
   68.00      0.6832    
   69.00      0.5958    
   70.00      0.5232    
   71.00      0.4631    
   72.00      0.4131    
   73.00      0.3712    
   74.00      0.3355    
   75.00      0.3042    
   76.00      0.2762    
   77.00      0.2506    
   78.00      0.2269    
   79.00      0.2046    
   80.00      0.1836    
   81.00      0.1639    
   82.00      0.1456    
   83.00      0.1288    
   84.00      0.1134    
   85.00      0.9967E-01
   86.00      0.8747E-01
   87.00      0.7681E-01
   88.00      0.6759E-01
   89.00      0.5969E-01
   90.00      0.5298E-01
   91.00      0.4729E-01
   92.00      0.4246E-01
   93.00      0.3833E-01
   94.00      0.3476E-01
   95.00      0.3164E-01
   96.00      0.2885E-01
   97.00      0.2632E-01
   98.00      0.2399E-01
   99.00      0.2182E-01
   100.0      0.1977E-01
   101.0      0.1785E-01
   102.0      0.1603E-01
   103.0      0.1434E-01
   104.0      0.1276E-01
   105.0      0.1130E-01
   106.0      0.9979E-02
   107.0      0.8785E-02
   108.0      0.7720E-02
   109.0      0.6781E-02
   110.0      0.5962E-02
   111.0      0.5254E-02
   112.0      0.4647E-02
   113.0      0.4129E-02
   114.0      0.3689E-02
   115.0      0.3314E-02
   116.0      0.2995E-02
   117.0      0.2719E-02
   118.0      0.2479E-02
   119.0      0.2267E-02
   120.0      0.2077E-02
   121.0      0.1903E-02
   122.0      0.1743E-02
   123.0      0.1593E-02
   124.0      0.1451E-02
   125.0      0.1318E-02
   126.0      0.1192E-02
   127.0      0.1074E-02
   128.0      0.9635E-03
   129.0      0.8610E-03
   130.0      0.7666E-03
   131.0      0.6806E-03
   132.0      0.6029E-03
   133.0      0.5335E-03
   134.0      0.4719E-03
   135.0      0.4179E-03
   136.0      0.3708E-03
   137.0      0.3300E-03
   138.0      0.2949E-03
   139.0      0.2648E-03
   140.0      0.2390E-03
   141.0      0.2169E-03
   142.0      0.1979E-03
   143.0      0.1814E-03
   144.0      0.1671E-03
   145.0      0.1546E-03
   146.0      0.1436E-03
   147.0      0.1337E-03
   148.0      0.1248E-03
   149.0      0.1168E-03
   150.0      0.1094E-03
   151.0      0.1026E-03
   152.0      0.9625E-04
   153.0      0.9024E-04
   154.0      0.8451E-04
   155.0      0.7899E-04
   156.0      0.7361E-04
   157.0      0.6834E-04
   158.0      0.6318E-04
   159.0      0.5812E-04
   160.0      0.5323E-04
   161.0      0.4855E-04
   162.0      0.4417E-04
   163.0      0.4020E-04
   164.0      0.3675E-04
   165.0      0.3391E-04
   166.0      0.3178E-04
   167.0      0.3043E-04
   168.0      0.2991E-04
   169.0      0.3021E-04
   170.0      0.3129E-04
   171.0      0.3306E-04
   172.0      0.3540E-04
   173.0      0.3815E-04
   174.0      0.4111E-04
   175.0      0.4408E-04
   176.0      0.4685E-04
   177.0      0.4924E-04
   178.0      0.5107E-04
   179.0      0.5222E-04
   180.0      0.5261E-04
 END
