# 178 angles,  1 tensor ranks for 0=projectile
@subtitle   "20O + d 3-?;"                                                                  
@legend ON
@legend x1 0.2
@legend y1 0.8
@g0 type LOGY
@yaxis ticklabel format power
@legend string   0 "Lab energy =   70.0000"
#legend string   0 "Partition=  1 Excit=  2 near/far= 1"
#  Theta       sigma       iT11        T20         T21         T22         Kyy for projectile
   3.000       11.76    
   4.000       14.12    
   5.000       16.58    
   6.000       18.88    
   7.000       20.86    
   8.000       22.50    
   9.000       23.90    
   10.00       25.22    
   11.00       26.63    
   12.00       28.25    
   13.00       30.09    
   14.00       32.05    
   15.00       33.95    
   16.00       35.55    
   17.00       36.59    
   18.00       36.87    
   19.00       36.26    
   20.00       34.74    
   21.00       32.42    
   22.00       29.47    
   23.00       26.14    
   24.00       22.71    
   25.00       19.43    
   26.00       16.51    
   27.00       14.11    
   28.00       12.30    
   29.00       11.09    
   30.00       10.43    
   31.00       10.21    
   32.00       10.29    
   33.00       10.54    
   34.00       10.83    
   35.00       11.05    
   36.00       11.11    
   37.00       10.99    
   38.00       10.67    
   39.00       10.17    
   40.00       9.516    
   41.00       8.760    
   42.00       7.953    
   43.00       7.143    
   44.00       6.370    
   45.00       5.666    
   46.00       5.049    
   47.00       4.525    
   48.00       4.092    
   49.00       3.740    
   50.00       3.454    
   51.00       3.218    
   52.00       3.016    
   53.00       2.832    
   54.00       2.654    
   55.00       2.476    
   56.00       2.291    
   57.00       2.101    
   58.00       1.905    
   59.00       1.707    
   60.00       1.512    
   61.00       1.325    
   62.00       1.149    
   63.00      0.9886    
   64.00      0.8455    
   65.00      0.7210    
   66.00      0.6152    
   67.00      0.5272    
   68.00      0.4554    
   69.00      0.3977    
   70.00      0.3516    
   71.00      0.3147    
   72.00      0.2847    
   73.00      0.2597    
   74.00      0.2380    
   75.00      0.2185    
   76.00      0.2002    
   77.00      0.1827    
   78.00      0.1657    
   79.00      0.1492    
   80.00      0.1333    
   81.00      0.1182    
   82.00      0.1040    
   83.00      0.9102E-01
   84.00      0.7931E-01
   85.00      0.6897E-01
   86.00      0.6001E-01
   87.00      0.5238E-01
   88.00      0.4597E-01
   89.00      0.4062E-01
   90.00      0.3619E-01
   91.00      0.3251E-01
   92.00      0.2944E-01
   93.00      0.2682E-01
   94.00      0.2453E-01
   95.00      0.2246E-01
   96.00      0.2056E-01
   97.00      0.1878E-01
   98.00      0.1710E-01
   99.00      0.1549E-01
   100.0      0.1395E-01
   101.0      0.1250E-01
   102.0      0.1115E-01
   103.0      0.9912E-02
   104.0      0.8800E-02
   105.0      0.7817E-02
   106.0      0.6962E-02
   107.0      0.6233E-02
   108.0      0.5622E-02
   109.0      0.5120E-02
   110.0      0.4710E-02
   111.0      0.4376E-02
   112.0      0.4101E-02
   113.0      0.3871E-02
   114.0      0.3674E-02
   115.0      0.3498E-02
   116.0      0.3333E-02
   117.0      0.3169E-02
   118.0      0.3000E-02
   119.0      0.2823E-02
   120.0      0.2640E-02
   121.0      0.2451E-02
   122.0      0.2257E-02
   123.0      0.2061E-02
   124.0      0.1866E-02
   125.0      0.1677E-02
   126.0      0.1498E-02
   127.0      0.1330E-02
   128.0      0.1174E-02
   129.0      0.1032E-02
   130.0      0.9038E-03
   131.0      0.7924E-03
   132.0      0.6979E-03
   133.0      0.6198E-03
   134.0      0.5562E-03
   135.0      0.5056E-03
   136.0      0.4663E-03
   137.0      0.4367E-03
   138.0      0.4148E-03
   139.0      0.3982E-03
   140.0      0.3850E-03
   141.0      0.3741E-03
   142.0      0.3654E-03
   143.0      0.3587E-03
   144.0      0.3531E-03
   145.0      0.3470E-03
   146.0      0.3388E-03
   147.0      0.3278E-03
   148.0      0.3145E-03
   149.0      0.3000E-03
   150.0      0.2852E-03
   151.0      0.2704E-03
   152.0      0.2554E-03
   153.0      0.2400E-03
   154.0      0.2246E-03
   155.0      0.2093E-03
   156.0      0.1947E-03
   157.0      0.1808E-03
   158.0      0.1677E-03
   159.0      0.1556E-03
   160.0      0.1450E-03
   161.0      0.1362E-03
   162.0      0.1292E-03
   163.0      0.1237E-03
   164.0      0.1193E-03
   165.0      0.1158E-03
   166.0      0.1131E-03
   167.0      0.1114E-03
   168.0      0.1109E-03
   169.0      0.1114E-03
   170.0      0.1128E-03
   171.0      0.1149E-03
   172.0      0.1176E-03
   173.0      0.1208E-03
   174.0      0.1241E-03
   175.0      0.1272E-03
   176.0      0.1294E-03
   177.0      0.1306E-03
   178.0      0.1309E-03
   179.0      0.1308E-03
   180.0      0.1306E-03
 END
