# 178 angles,  1 tensor ranks for 0=projectile
@subtitle   "20O + d 2+2 inelastic;"                                                        
@legend ON
@legend x1 0.2
@legend y1 0.8
@g0 type LOGY
@yaxis ticklabel format power
@legend string   0 "Lab energy =   70.0000"
#legend string   0 "Partition=  1 Excit=  1 near/far= 1"
#  Theta       sigma       iT11        T20         T21         T22         Kyy for projectile
   3.000      0.2764E+05
   4.000      0.1173E+05
   5.000       8304.    
   6.000       6789.    
   7.000       5569.    
   8.000       4413.    
   9.000       3340.    
   10.00       2399.    
   11.00       1624.    
   12.00       1024.    
   13.00       592.4    
   14.00       307.7    
   15.00       141.4    
   16.00       62.85    
   17.00       43.21    
   18.00       57.73    
   19.00       87.23    
   20.00       118.2    
   21.00       142.6    
   22.00       156.6    
   23.00       159.5    
   24.00       152.8    
   25.00       139.0    
   26.00       121.1    
   27.00       101.8    
   28.00       83.02    
   29.00       66.37    
   30.00       52.62    
   31.00       41.99    
   32.00       34.33    
   33.00       29.17    
   34.00       25.95    
   35.00       24.05    
   36.00       22.95    
   37.00       22.21    
   38.00       21.50    
   39.00       20.64    
   40.00       19.52    
   41.00       18.16    
   42.00       16.58    
   43.00       14.86    
   44.00       13.10    
   45.00       11.37    
   46.00       9.747    
   47.00       8.274    
   48.00       6.983    
   49.00       5.886    
   50.00       4.977    
   51.00       4.240    
   52.00       3.653    
   53.00       3.189    
   54.00       2.822    
   55.00       2.528    
   56.00       2.286    
   57.00       2.078    
   58.00       1.894    
   59.00       1.723    
   60.00       1.562    
   61.00       1.408    
   62.00       1.261    
   63.00       1.120    
   64.00      0.9882    
   65.00      0.8657    
   66.00      0.7539    
   67.00      0.6538    
   68.00      0.5655    
   69.00      0.4889    
   70.00      0.4235    
   71.00      0.3682    
   72.00      0.3219    
   73.00      0.2834    
   74.00      0.2513    
   75.00      0.2245    
   76.00      0.2018    
   77.00      0.1823    
   78.00      0.1652    
   79.00      0.1499    
   80.00      0.1360    
   81.00      0.1231    
   82.00      0.1110    
   83.00      0.9970E-01
   84.00      0.8913E-01
   85.00      0.7929E-01
   86.00      0.7021E-01
   87.00      0.6191E-01
   88.00      0.5442E-01
   89.00      0.4772E-01
   90.00      0.4182E-01
   91.00      0.3667E-01
   92.00      0.3223E-01
   93.00      0.2842E-01
   94.00      0.2518E-01
   95.00      0.2244E-01
   96.00      0.2010E-01
   97.00      0.1810E-01
   98.00      0.1637E-01
   99.00      0.1486E-01
   100.0      0.1351E-01
   101.0      0.1229E-01
   102.0      0.1116E-01
   103.0      0.1011E-01
   104.0      0.9129E-02
   105.0      0.8200E-02
   106.0      0.7326E-02
   107.0      0.6508E-02
   108.0      0.5748E-02
   109.0      0.5049E-02
   110.0      0.4414E-02
   111.0      0.3844E-02
   112.0      0.3339E-02
   113.0      0.2899E-02
   114.0      0.2521E-02
   115.0      0.2199E-02
   116.0      0.1930E-02
   117.0      0.1707E-02
   118.0      0.1524E-02
   119.0      0.1374E-02
   120.0      0.1250E-02
   121.0      0.1148E-02
   122.0      0.1061E-02
   123.0      0.9851E-03
   124.0      0.9167E-03
   125.0      0.8529E-03
   126.0      0.7916E-03
   127.0      0.7314E-03
   128.0      0.6717E-03
   129.0      0.6123E-03
   130.0      0.5534E-03
   131.0      0.4956E-03
   132.0      0.4393E-03
   133.0      0.3855E-03
   134.0      0.3348E-03
   135.0      0.2878E-03
   136.0      0.2450E-03
   137.0      0.2067E-03
   138.0      0.1732E-03
   139.0      0.1444E-03
   140.0      0.1201E-03
   141.0      0.1002E-03
   142.0      0.8415E-04
   143.0      0.7157E-04
   144.0      0.6196E-04
   145.0      0.5482E-04
   146.0      0.4967E-04
   147.0      0.4603E-04
   148.0      0.4352E-04
   149.0      0.4178E-04
   150.0      0.4053E-04
   151.0      0.3954E-04
   152.0      0.3865E-04
   153.0      0.3773E-04
   154.0      0.3670E-04
   155.0      0.3551E-04
   156.0      0.3412E-04
   157.0      0.3253E-04
   158.0      0.3074E-04
   159.0      0.2875E-04
   160.0      0.2659E-04
   161.0      0.2428E-04
   162.0      0.2186E-04
   163.0      0.1938E-04
   164.0      0.1690E-04
   165.0      0.1448E-04
   166.0      0.1220E-04
   167.0      0.1010E-04
   168.0      0.8271E-05
   169.0      0.6747E-05
   170.0      0.5564E-05
   171.0      0.4735E-05
   172.0      0.4249E-05
   173.0      0.4071E-05
   174.0      0.4147E-05
   175.0      0.4406E-05
   176.0      0.4770E-05
   177.0      0.5157E-05
   178.0      0.5494E-05
   179.0      0.5722E-05
   180.0      0.5803E-05
 END
