# 178 angles,  1 tensor ranks for 0=projectile
@subtitle   "p+O20 1.with BG ;"                                                             
@legend ON
@legend x1 0.2
@legend y1 0.8
@g0 type LOGY
@yaxis ticklabel format power
@legend string   0 "Lab energy =   43.0000"
#legend string   0 "Partition=  1 Excit=  2 near/far= 1"
#  Theta       sigma       iT11        T20         T21         T22         Kyy for projectile
   3.000       13.82    
   4.000       13.48    
   5.000       13.06    
   6.000       12.58    
   7.000       12.07    
   8.000       11.54    
   9.000       11.01    
   10.00       10.50    
   11.00       10.04    
   12.00       9.625    
   13.00       9.282    
   14.00       9.013    
   15.00       8.819    
   16.00       8.699    
   17.00       8.644    
   18.00       8.643    
   19.00       8.681    
   20.00       8.742    
   21.00       8.808    
   22.00       8.861    
   23.00       8.887    
   24.00       8.870    
   25.00       8.801    
   26.00       8.672    
   27.00       8.481    
   28.00       8.227    
   29.00       7.914    
   30.00       7.547    
   31.00       7.134    
   32.00       6.684    
   33.00       6.207    
   34.00       5.714    
   35.00       5.214    
   36.00       4.717    
   37.00       4.234    
   38.00       3.771    
   39.00       3.336    
   40.00       2.935    
   41.00       2.572    
   42.00       2.252    
   43.00       1.975    
   44.00       1.743    
   45.00       1.554    
   46.00       1.408    
   47.00       1.300    
   48.00       1.228    
   49.00       1.185    
   50.00       1.167    
   51.00       1.169    
   52.00       1.185    
   53.00       1.210    
   54.00       1.239    
   55.00       1.269    
   56.00       1.295    
   57.00       1.315    
   58.00       1.328    
   59.00       1.331    
   60.00       1.325    
   61.00       1.308    
   62.00       1.281    
   63.00       1.245    
   64.00       1.200    
   65.00       1.147    
   66.00       1.088    
   67.00       1.023    
   68.00      0.9544    
   69.00      0.8826    
   70.00      0.8091    
   71.00      0.7353    
   72.00      0.6623    
   73.00      0.5913    
   74.00      0.5233    
   75.00      0.4591    
   76.00      0.3995    
   77.00      0.3449    
   78.00      0.2958    
   79.00      0.2523    
   80.00      0.2143    
   81.00      0.1818    
   82.00      0.1543    
   83.00      0.1316    
   84.00      0.1133    
   85.00      0.9877E-01
   86.00      0.8764E-01
   87.00      0.7942E-01
   88.00      0.7367E-01
   89.00      0.6997E-01
   90.00      0.6793E-01
   91.00      0.6718E-01
   92.00      0.6742E-01
   93.00      0.6832E-01
   94.00      0.6963E-01
   95.00      0.7111E-01
   96.00      0.7252E-01
   97.00      0.7371E-01
   98.00      0.7451E-01
   99.00      0.7482E-01
   100.0      0.7456E-01
   101.0      0.7370E-01
   102.0      0.7225E-01
   103.0      0.7022E-01
   104.0      0.6768E-01
   105.0      0.6470E-01
   106.0      0.6137E-01
   107.0      0.5777E-01
   108.0      0.5399E-01
   109.0      0.5011E-01
   110.0      0.4619E-01
   111.0      0.4228E-01
   112.0      0.3845E-01
   113.0      0.3471E-01
   114.0      0.3111E-01
   115.0      0.2767E-01
   116.0      0.2442E-01
   117.0      0.2137E-01
   118.0      0.1854E-01
   119.0      0.1595E-01
   120.0      0.1361E-01
   121.0      0.1153E-01
   122.0      0.9709E-02
   123.0      0.8148E-02
   124.0      0.6836E-02
   125.0      0.5759E-02
   126.0      0.4896E-02
   127.0      0.4223E-02
   128.0      0.3714E-02
   129.0      0.3342E-02
   130.0      0.3081E-02
   131.0      0.2909E-02
   132.0      0.2810E-02
   133.0      0.2768E-02
   134.0      0.2775E-02
   135.0      0.2823E-02
   136.0      0.2905E-02
   137.0      0.3017E-02
   138.0      0.3151E-02
   139.0      0.3298E-02
   140.0      0.3450E-02
   141.0      0.3596E-02
   142.0      0.3726E-02
   143.0      0.3834E-02
   144.0      0.3910E-02
   145.0      0.3951E-02
   146.0      0.3952E-02
   147.0      0.3914E-02
   148.0      0.3838E-02
   149.0      0.3726E-02
   150.0      0.3585E-02
   151.0      0.3421E-02
   152.0      0.3241E-02
   153.0      0.3052E-02
   154.0      0.2862E-02
   155.0      0.2675E-02
   156.0      0.2494E-02
   157.0      0.2319E-02
   158.0      0.2149E-02
   159.0      0.1984E-02
   160.0      0.1821E-02
   161.0      0.1660E-02
   162.0      0.1503E-02
   163.0      0.1352E-02
   164.0      0.1209E-02
   165.0      0.1079E-02
   166.0      0.9636E-03
   167.0      0.8639E-03
   168.0      0.7797E-03
   169.0      0.7096E-03
   170.0      0.6515E-03
   171.0      0.6032E-03
   172.0      0.5631E-03
   173.0      0.5300E-03
   174.0      0.5032E-03
   175.0      0.4825E-03
   176.0      0.4674E-03
   177.0      0.4572E-03
   178.0      0.4510E-03
   179.0      0.4478E-03
   180.0      0.4469E-03
 END
