# 178 angles,  1 tensor ranks for 0=projectile
@subtitle   "p+O20 with CH89;"                                                              
@legend ON
@legend x1 0.2
@legend y1 0.8
@g0 type LOGY
@yaxis ticklabel format power
@legend string   0 "Lab energy =   35.0000"
#legend string   0 "Partition=  1 Excit=  1 near/far= 1"
#  Theta       sigma       iT11        T20         T21         T22         Kyy for projectile
   3.000      0.1323E+06
   4.000      0.3844E+05
   5.000      0.1500E+05
   6.000       7411.    
   7.000       4493.    
   8.000       3212.    
   9.000       2573.    
   10.00       2207.    
   11.00       1964.    
   12.00       1777.    
   13.00       1617.    
   14.00       1472.    
   15.00       1335.    
   16.00       1204.    
   17.00       1079.    
   18.00       959.4    
   19.00       846.1    
   20.00       739.6    
   21.00       640.6    
   22.00       549.4    
   23.00       466.3    
   24.00       391.4    
   25.00       324.6    
   26.00       265.8    
   27.00       214.7    
   28.00       170.8    
   29.00       133.6    
   30.00       102.7    
   31.00       77.50    
   32.00       57.34    
   33.00       41.63    
   34.00       29.80    
   35.00       21.25    
   36.00       15.46    
   37.00       11.91    
   38.00       10.14    
   39.00       9.732    
   40.00       10.33    
   41.00       11.61    
   42.00       13.30    
   43.00       15.19    
   44.00       17.10    
   45.00       18.88    
   46.00       20.43    
   47.00       21.69    
   48.00       22.62    
   49.00       23.18    
   50.00       23.39    
   51.00       23.26    
   52.00       22.82    
   53.00       22.10    
   54.00       21.14    
   55.00       19.98    
   56.00       18.68    
   57.00       17.27    
   58.00       15.79    
   59.00       14.29    
   60.00       12.79    
   61.00       11.33    
   62.00       9.929    
   63.00       8.607    
   64.00       7.380    
   65.00       6.257    
   66.00       5.246    
   67.00       4.350    
   68.00       3.568    
   69.00       2.897    
   70.00       2.333    
   71.00       1.868    
   72.00       1.495    
   73.00       1.204    
   74.00      0.9853    
   75.00      0.8305    
   76.00      0.7293    
   77.00      0.6727    
   78.00      0.6518    
   79.00      0.6587    
   80.00      0.6859    
   81.00      0.7269    
   82.00      0.7760    
   83.00      0.8285    
   84.00      0.8801    
   85.00      0.9278    
   86.00      0.9690    
   87.00       1.002    
   88.00       1.025    
   89.00       1.039    
   90.00       1.042    
   91.00       1.034    
   92.00       1.017    
   93.00      0.9917    
   94.00      0.9579    
   95.00      0.9173    
   96.00      0.8709    
   97.00      0.8199    
   98.00      0.7655    
   99.00      0.7089    
   100.0      0.6510    
   101.0      0.5930    
   102.0      0.5356    
   103.0      0.4797    
   104.0      0.4260    
   105.0      0.3749    
   106.0      0.3271    
   107.0      0.2828    
   108.0      0.2423    
   109.0      0.2056    
   110.0      0.1730    
   111.0      0.1443    
   112.0      0.1196    
   113.0      0.9856E-01
   114.0      0.8113E-01
   115.0      0.6706E-01
   116.0      0.5610E-01
   117.0      0.4797E-01
   118.0      0.4239E-01
   119.0      0.3907E-01
   120.0      0.3772E-01
   121.0      0.3804E-01
   122.0      0.3975E-01
   123.0      0.4259E-01
   124.0      0.4630E-01
   125.0      0.5064E-01
   126.0      0.5539E-01
   127.0      0.6036E-01
   128.0      0.6537E-01
   129.0      0.7026E-01
   130.0      0.7490E-01
   131.0      0.7916E-01
   132.0      0.8297E-01
   133.0      0.8623E-01
   134.0      0.8890E-01
   135.0      0.9094E-01
   136.0      0.9232E-01
   137.0      0.9303E-01
   138.0      0.9309E-01
   139.0      0.9250E-01
   140.0      0.9130E-01
   141.0      0.8951E-01
   142.0      0.8720E-01
   143.0      0.8441E-01
   144.0      0.8120E-01
   145.0      0.7764E-01
   146.0      0.7378E-01
   147.0      0.6969E-01
   148.0      0.6545E-01
   149.0      0.6111E-01
   150.0      0.5674E-01
   151.0      0.5240E-01
   152.0      0.4816E-01
   153.0      0.4406E-01
   154.0      0.4016E-01
   155.0      0.3649E-01
   156.0      0.3309E-01
   157.0      0.3000E-01
   158.0      0.2723E-01
   159.0      0.2480E-01
   160.0      0.2272E-01
   161.0      0.2099E-01
   162.0      0.1961E-01
   163.0      0.1857E-01
   164.0      0.1784E-01
   165.0      0.1741E-01
   166.0      0.1725E-01
   167.0      0.1733E-01
   168.0      0.1761E-01
   169.0      0.1806E-01
   170.0      0.1864E-01
   171.0      0.1930E-01
   172.0      0.2002E-01
   173.0      0.2076E-01
   174.0      0.2148E-01
   175.0      0.2214E-01
   176.0      0.2273E-01
   177.0      0.2321E-01
   178.0      0.2356E-01
   179.0      0.2378E-01
   180.0      0.2386E-01
 END
