# 178 angles,  1 tensor ranks for 0=projectile
@subtitle   "20O(d,t) @ 30AMeV Haixia (d) + Pang (t)"                                       
@legend ON
@legend x1 0.2
@legend y1 0.8
@g0 type LOGY
@yaxis ticklabel format power
@legend string   0 "Lab energy =   70.0000"
#legend string   0 "Partition=  2 Excit=  1 near/far= 1"
#  Theta       sigma       iT11        T20         T21         T22         Kyy for projectile
   3.000       152.7    
   4.000       109.7    
   5.000       69.52    
   6.000       37.29    
   7.000       15.44    
   8.000       3.734    
   9.000      0.8448E-01
   10.00       1.533    
   11.00       5.188    
   12.00       8.828    
   13.00       11.15    
   14.00       11.73    
   15.00       10.78    
   16.00       8.878    
   17.00       6.674    
   18.00       4.732    
   19.00       3.407    
   20.00       2.828    
   21.00       2.936    
   22.00       3.541    
   23.00       4.401    
   24.00       5.277    
   25.00       5.978    
   26.00       6.387    
   27.00       6.456    
   28.00       6.204    
   29.00       5.694    
   30.00       5.010    
   31.00       4.244    
   32.00       3.478    
   33.00       2.773    
   34.00       2.169    
   35.00       1.683    
   36.00       1.314    
   37.00       1.048    
   38.00      0.8649    
   39.00      0.7403    
   40.00      0.6527    
   41.00      0.5845    
   42.00      0.5234    
   43.00      0.4623    
   44.00      0.3986    
   45.00      0.3328    
   46.00      0.2674    
   47.00      0.2057    
   48.00      0.1508    
   49.00      0.1048    
   50.00      0.6893E-01
   51.00      0.4311E-01
   52.00      0.2646E-01
   53.00      0.1741E-01
   54.00      0.1409E-01
   55.00      0.1457E-01
   56.00      0.1713E-01
   57.00      0.2041E-01
   58.00      0.2346E-01
   59.00      0.2574E-01
   60.00      0.2706E-01
   61.00      0.2751E-01
   62.00      0.2732E-01
   63.00      0.2679E-01
   64.00      0.2625E-01
   65.00      0.2591E-01
   66.00      0.2594E-01
   67.00      0.2637E-01
   68.00      0.2716E-01
   69.00      0.2821E-01
   70.00      0.2936E-01
   71.00      0.3044E-01
   72.00      0.3130E-01
   73.00      0.3183E-01
   74.00      0.3193E-01
   75.00      0.3159E-01
   76.00      0.3080E-01
   77.00      0.2962E-01
   78.00      0.2812E-01
   79.00      0.2639E-01
   80.00      0.2454E-01
   81.00      0.2264E-01
   82.00      0.2079E-01
   83.00      0.1904E-01
   84.00      0.1743E-01
   85.00      0.1600E-01
   86.00      0.1475E-01
   87.00      0.1367E-01
   88.00      0.1274E-01
   89.00      0.1194E-01
   90.00      0.1124E-01
   91.00      0.1062E-01
   92.00      0.1004E-01
   93.00      0.9494E-02
   94.00      0.8957E-02
   95.00      0.8423E-02
   96.00      0.7885E-02
   97.00      0.7343E-02
   98.00      0.6801E-02
   99.00      0.6263E-02
   100.0      0.5735E-02
   101.0      0.5225E-02
   102.0      0.4739E-02
   103.0      0.4282E-02
   104.0      0.3859E-02
   105.0      0.3471E-02
   106.0      0.3120E-02
   107.0      0.2805E-02
   108.0      0.2524E-02
   109.0      0.2276E-02
   110.0      0.2056E-02
   111.0      0.1863E-02
   112.0      0.1691E-02
   113.0      0.1538E-02
   114.0      0.1401E-02
   115.0      0.1277E-02
   116.0      0.1164E-02
   117.0      0.1060E-02
   118.0      0.9645E-03
   119.0      0.8760E-03
   120.0      0.7940E-03
   121.0      0.7182E-03
   122.0      0.6483E-03
   123.0      0.5841E-03
   124.0      0.5256E-03
   125.0      0.4726E-03
   126.0      0.4250E-03
   127.0      0.3824E-03
   128.0      0.3448E-03
   129.0      0.3116E-03
   130.0      0.2825E-03
   131.0      0.2571E-03
   132.0      0.2349E-03
   133.0      0.2156E-03
   134.0      0.1987E-03
   135.0      0.1838E-03
   136.0      0.1706E-03
   137.0      0.1586E-03
   138.0      0.1476E-03
   139.0      0.1374E-03
   140.0      0.1276E-03
   141.0      0.1181E-03
   142.0      0.1089E-03
   143.0      0.9968E-04
   144.0      0.9055E-04
   145.0      0.8146E-04
   146.0      0.7249E-04
   147.0      0.6371E-04
   148.0      0.5524E-04
   149.0      0.4719E-04
   150.0      0.3971E-04
   151.0      0.3290E-04
   152.0      0.2687E-04
   153.0      0.2171E-04
   154.0      0.1743E-04
   155.0      0.1404E-04
   156.0      0.1148E-04
   157.0      0.9668E-05
   158.0      0.8489E-05
   159.0      0.7804E-05
   160.0      0.7473E-05
   161.0      0.7368E-05
   162.0      0.7378E-05
   163.0      0.7418E-05
   164.0      0.7436E-05
   165.0      0.7412E-05
   166.0      0.7363E-05
   167.0      0.7329E-05
   168.0      0.7363E-05
   169.0      0.7523E-05
   170.0      0.7860E-05
   171.0      0.8409E-05
   172.0      0.9178E-05
   173.0      0.1014E-04
   174.0      0.1123E-04
   175.0      0.1239E-04
   176.0      0.1352E-04
   177.0      0.1453E-04
   178.0      0.1535E-04
   179.0      0.1588E-04
   180.0      0.1607E-04
 END
