# Fusion cross sections for ELAB=  70.000, ECM=  63.596
     0.0   1.748     -1
     1.0   10.49      1
     1.0   15.74     -1
     2.0   8.762      1
     2.0   26.30     -1
     3.0   24.65      1
     3.0   36.97     -1
     4.0   15.92      1
     4.0   47.76     -1
     5.0   39.19      1
     5.0   58.76     -1
     6.0   23.31      1
     6.0   69.89     -1
     7.0   54.28      1
     7.0   81.36     -1
     8.0   31.01      1
     8.0   92.68     -1
     9.0   66.38      1
     9.0   101.3     -1
    10.0   36.24      1
    10.0   103.6     -1
    11.0   63.35      1
    11.0   96.12     -1
    12.0   25.77      1
    12.0   79.25     -1
    13.0   40.10      1
    13.0   58.26     -1
    14.0   11.90      1
    14.0   39.21     -1
    15.0   17.45      1
    15.0   24.92     -1
    16.0   4.566      1
    16.0   15.32     -1
    17.0   6.490      1
    17.0   9.241     -1
    18.0   1.642      1
    18.0   5.515     -1
    19.0   2.295      1
    19.0   3.270     -1
    20.0  0.5754      1
    20.0   1.930     -1
    21.0  0.7963      1
    21.0   1.135     -1
    22.0  0.1987      1
    22.0  0.6656     -1
    23.0  0.2731      1
    23.0  0.3894     -1
    24.0  0.6788E-01  1
    24.0  0.2273     -1
    25.0  0.9285E-01  1
    25.0  0.1324     -1
    26.0  0.2299E-01  1
    26.0  0.7697E-01 -1
    27.0  0.3133E-01  1
    27.0  0.4467E-01 -1
    28.0  0.7729E-02  1
    28.0  0.2588E-01 -1
    29.0  0.1050E-01  1
    29.0  0.1497E-01 -1
    30.0  0.2581E-02  1
    30.0  0.8645E-02 -1
    31.0  0.3497E-02  1
    31.0  0.4986E-02 -1
    32.0  0.8572E-03  1
    32.0  0.2872E-02 -1
    33.0  0.1159E-02  1
    33.0  0.1652E-02 -1
    34.0  0.2832E-03  1
    34.0  0.9489E-03 -1
    35.0  0.3820E-03  1
    35.0  0.5445E-03 -1
    36.0  0.9314E-04  1
    36.0  0.3121E-03 -1
    37.0  0.1254E-03  1
    37.0  0.1787E-03 -1
    38.0  0.3050E-04  1
    38.0  0.1022E-03 -1
    39.0  0.4100E-04  1
    39.0  0.5844E-04 -1
    40.0  0.9953E-05  1
    40.0  0.3337E-04 -1
    41.0  0.1336E-04  1
    41.0  0.1904E-04 -1
    42.0  0.3236E-05  1
    42.0  0.1085E-04 -1
    43.0  0.4338E-05  1
    43.0  0.6181E-05 -1
    44.0  0.1049E-05  1
    44.0  0.3518E-05 -1
    45.0  0.1404E-05  1
    45.0  0.2001E-05 -1
    46.0  0.3391E-06  1
    46.0  0.1137E-05 -1
    47.0  0.4534E-06  1
    47.0  0.6460E-06 -1
    48.0  0.1093E-06  1
    48.0  0.3667E-06 -1
    49.0  0.1460E-06  1
    49.0  0.2080E-06 -1
    50.0  0.3515E-07  1
    50.0  0.1179E-06 -1
    51.0  0.4691E-07  1
    51.0  0.6683E-07 -1
    52.0  0.1128E-07  1
    52.0  0.3785E-07 -1
    53.0  0.1504E-07  1
    53.0  0.2142E-07 -1
    54.0  0.3611E-08  1
    54.0  0.1212E-07 -1
    55.0  0.4810E-08  1
    55.0  0.6853E-08 -1
    56.0  0.1154E-08  1
    56.0  0.3873E-08 -1
    57.0  0.1537E-08  1
    57.0  0.2188E-08 -1
    58.0  0.3677E-09  1
    58.0  0.1236E-08 -1
    59.0  0.4901E-09  1
    59.0  0.6979E-09 -1
    60.0  0.1178E-09  1
    60.0  0.3937E-09 -1
 &
