           2           1           1
    0.0-     1 1   1.753       0.000      0.5555E-02   1.748    
    1.0+     0 1   5.250       0.000      0.1520E-01   5.235    
    1.0+     2 2   5.274       0.000      0.1413E-01   5.259    
    1.0-     1 1   5.258       0.000      0.1534E-01   5.243    
    2.0+     2 1   8.782       0.000      0.2000E-01   8.762    
    2.0-     1 1   8.755       0.000      0.2142E-01   8.733    
    2.0-     3 2   8.821       0.000      0.1726E-01   8.803    
    3.0+     2 1   12.28       0.000      0.2137E-01   12.26    
    3.0+     4 2   12.41       0.000      0.1584E-01   12.40    
    3.0-     3 1   12.33       0.000      0.1875E-01   12.31    
    4.0+     4 1   15.93       0.000      0.1442E-01   15.92    
    4.0-     3 1   15.83       0.000      0.1652E-01   15.81    
    4.0-     5 2   16.05       0.000      0.1156E-01   16.04    
    5.0+     4 1   19.43       0.000      0.1127E-01   19.42    
    5.0+     6 2   19.78       0.000      0.9134E-02   19.77    
    5.0-     5 1   19.57       0.000      0.1023E-01   19.56    
    6.0+     6 1   23.32       0.000      0.1011E-01   23.31    
    6.0-     5 1   23.07       0.000      0.9872E-02   23.06    
    6.0-     7 2   23.53       0.000      0.1316E-01   23.52    
    7.0+     6 1   26.83       0.000      0.1404E-01   26.82    
    7.0+     8 2   27.48       0.000      0.1598E-01   27.47    
    7.0-     7 1   27.09       0.000      0.1857E-01   27.08    
    8.0+     8 1   31.04       0.000      0.2454E-01   31.01    
    8.0-     7 1   30.64       0.000      0.2620E-01   30.61    
    8.0-     9 2   31.09       0.000      0.3829E-01   31.05    
    9.0+     8 1   34.54       0.000      0.3597E-01   34.50    
    9.0+    10 2   32.06       0.000      0.1783       31.88    
    9.0-     9 1   34.97       0.000      0.3084E-01   34.94    
   10.0+    10 1   36.40       0.000      0.1565       36.24    
   10.0-     9 1   38.75       0.000      0.2419E-01   38.72    
   10.0-    11 2   28.91       0.000      0.2962       28.61    
   11.0+    10 1   40.91       0.000      0.1231       40.78    
   11.0+    12 2   22.84       0.000      0.2690       22.57    
   11.0-    11 1   33.06       0.000      0.2884       32.77    
   12.0+    12 1   26.04       0.000      0.2745       25.77    
   12.0-    11 1   37.66       0.000      0.2676       37.40    
   12.0-    13 2   16.27       0.000      0.1861       16.08    
   13.0+    12 1   29.69       0.000      0.2736       29.42    
   13.0+    14 2   10.80       0.000      0.1143       10.68    
   13.0-    13 1   18.35       0.000      0.1940       18.16    
   14.0+    14 1   12.02       0.000      0.1202       11.90    
   14.0-    13 1   20.72       0.000      0.1997       20.52    
   14.0-    15 2   6.857       0.000      0.6647E-01   6.791    
   15.0+    14 1   13.38       0.000      0.1255       13.25    
   15.0+    16 2   4.239       0.000      0.3770E-01   4.201    
   15.0-    15 1   7.535       0.000      0.7016E-01   7.465    
   16.0+    16 1   4.606       0.000      0.3981E-01   4.566    
   16.0-    15 1   8.270       0.000      0.7363E-01   8.196    
   16.0-    17 2   2.576       0.000      0.2113E-01   2.555    
   17.0+    16 1   4.995       0.000      0.4186E-01   4.953    
   17.0+    18 2   1.548       0.000      0.1177E-01   1.537    
   17.0-    17 1   2.773       0.000      0.2230E-01   2.751    
   18.0+    18 1   1.655       0.000      0.1241E-01   1.642    
   18.0-    17 1   2.979       0.000      0.2344E-01   2.956    
   18.0-    19 2  0.9238       0.000      0.6543E-02  0.9172    
   19.0+    18 1   1.764       0.000      0.1303E-01   1.751    
   19.0+    20 2  0.5480       0.000      0.3631E-02  0.5444    
   19.0-    19 1  0.9811       0.000      0.6881E-02  0.9743    
   20.0+    20 1  0.5792       0.000      0.3811E-02  0.5754    
   20.0-    19 1   1.040       0.000      0.7217E-02   1.033    
   20.0-    21 2  0.3236       0.000      0.2013E-02  0.3216    
   21.0+    20 1  0.6109       0.000      0.3991E-02  0.6069    
   21.0+    22 2  0.1905       0.000      0.1116E-02  0.1893    
   21.0-    21 1  0.3407       0.000      0.2109E-02  0.3386    
   22.0+    22 1  0.1998       0.000      0.1167E-02  0.1987    
   22.0-    21 1  0.3580       0.000      0.2205E-02  0.3558    
   22.0-    23 2  0.1117       0.000      0.6183E-03  0.1111    
   23.0+    22 1  0.2093       0.000      0.1218E-02  0.2081    
   23.0+    24 2  0.6537E-01   0.000      0.3425E-03  0.6502E-01
   23.0-    23 1  0.1169       0.000      0.6454E-03  0.1163    
   24.0+    24 1  0.6824E-01   0.000      0.3570E-03  0.6788E-01
   24.0-    23 1  0.1221       0.000      0.6726E-03  0.1215    
   24.0-    25 2  0.3815E-01   0.000      0.1897E-03  0.3796E-01
   25.0+    24 1  0.7112E-01   0.000      0.3714E-03  0.7074E-01
   25.0+    26 2  0.2221E-01   0.000      0.1050E-03  0.2211E-01
   25.0-    25 1  0.3974E-01   0.000      0.1974E-03  0.3954E-01
   26.0+    26 1  0.2310E-01   0.000      0.1091E-03  0.2299E-01
   26.0-    25 1  0.4134E-01   0.000      0.2051E-03  0.4113E-01
   26.0-    27 2  0.1291E-01   0.000      0.5816E-04  0.1285E-01
   27.0+    26 1  0.2399E-01   0.000      0.1132E-03  0.2387E-01
   27.0+    28 2  0.7488E-02   0.000      0.3219E-04  0.7455E-02
   27.0-    27 1  0.1340E-01   0.000      0.6035E-04  0.1334E-01
   28.0+    28 1  0.7762E-02   0.000      0.3336E-04  0.7729E-02
   28.0-    27 1  0.1390E-01   0.000      0.6253E-04  0.1383E-01
   28.0-    29 2  0.4336E-02   0.000      0.1782E-04  0.4318E-02
   29.0+    28 1  0.8037E-02   0.000      0.3453E-04  0.8003E-02
   29.0+    30 2  0.2506E-02   0.000      0.9860E-05  0.2496E-02
   29.0-    29 1  0.4489E-02   0.000      0.1844E-04  0.4470E-02
   30.0+    30 1  0.2592E-02   0.000      0.1019E-04  0.2581E-02
   30.0-    29 1  0.4642E-02   0.000      0.1907E-04  0.4623E-02
   30.0-    31 2  0.1447E-02   0.000      0.5456E-05  0.1441E-02
   31.0+    30 1  0.2677E-02   0.000      0.1053E-04  0.2666E-02
   31.0+    32 2  0.8338E-03   0.000      0.3019E-05  0.8308E-03
   31.0-    31 1  0.1494E-02   0.000      0.5635E-05  0.1489E-02
   32.0+    32 1  0.8604E-03   0.000      0.3114E-05  0.8572E-03
   32.0-    31 1  0.1542E-02   0.000      0.5814E-05  0.1536E-02
   32.0-    33 2  0.4800E-03   0.000      0.1670E-05  0.4783E-03
   33.0+    32 1  0.8869E-03   0.000      0.3210E-05  0.8837E-03
   33.0+    34 2  0.2759E-03   0.000      0.9238E-06  0.2750E-03
   33.0-    33 1  0.4948E-03   0.000      0.1721E-05  0.4930E-03
   34.0+    34 1  0.2842E-03   0.000      0.9514E-06  0.2832E-03
   34.0-    33 1  0.5095E-03   0.000      0.1773E-05  0.5078E-03
   34.0-    35 2  0.1584E-03   0.000      0.5110E-06  0.1579E-03
   35.0+    34 1  0.2924E-03   0.000      0.9789E-06  0.2914E-03
   35.0+    36 2  0.9087E-04   0.000      0.2826E-06  0.9059E-04
   35.0-    35 1  0.1630E-03   0.000      0.5258E-06  0.1625E-03
   36.0+    36 1  0.9343E-04   0.000      0.2906E-06  0.9314E-04
   36.0-    35 1  0.1676E-03   0.000      0.5406E-06  0.1671E-03
   36.0-    37 2  0.5206E-04   0.000      0.1563E-06  0.5191E-04
   37.0+    36 1  0.9599E-04   0.000      0.2985E-06  0.9569E-04
   37.0+    38 2  0.2980E-04   0.000      0.8643E-07  0.2971E-04
   37.0-    37 1  0.5349E-04   0.000      0.1606E-06  0.5333E-04
   38.0+    38 1  0.3059E-04   0.000      0.8873E-07  0.3050E-04
   38.0-    37 1  0.5492E-04   0.000      0.1649E-06  0.5475E-04
   38.0-    39 2  0.1704E-04   0.000      0.4779E-07  0.1699E-04
   39.0+    38 1  0.3139E-04   0.000      0.9103E-07  0.3130E-04
   39.0+    40 2  0.9734E-05   0.000      0.2642E-07  0.9707E-05
   39.0-    39 1  0.1748E-04   0.000      0.4903E-07  0.1743E-04
   40.0+    40 1  0.9980E-05   0.000      0.2709E-07  0.9953E-05
   40.0-    39 1  0.1792E-04   0.000      0.5027E-07  0.1787E-04
   40.0-    41 2  0.5556E-05   0.000      0.1461E-07  0.5541E-05
   41.0+    40 1  0.1023E-04   0.000      0.2776E-07  0.1020E-04
   41.0+    42 2  0.3168E-05   0.000      0.8075E-08  0.3160E-05
   41.0-    41 1  0.5693E-05   0.000      0.1497E-07  0.5678E-05
   42.0+    42 1  0.3245E-05   0.000      0.8270E-08  0.3236E-05
   42.0-    41 1  0.5830E-05   0.000      0.1533E-07  0.5815E-05
   42.0-    43 2  0.1805E-05   0.000      0.4464E-08  0.1801E-05
   43.0+    42 1  0.3321E-05   0.000      0.8465E-08  0.3312E-05
   43.0+    44 2  0.1028E-05   0.000      0.2468E-08  0.1025E-05
   43.0-    43 1  0.1848E-05   0.000      0.4569E-08  0.1843E-05
   44.0+    44 1  0.1052E-05   0.000      0.2524E-08  0.1049E-05
   44.0-    43 1  0.1890E-05   0.000      0.4674E-08  0.1886E-05
   44.0-    45 2  0.5849E-06   0.000      0.1364E-08  0.5835E-06
   45.0+    44 1  0.1075E-05   0.000      0.2581E-08  0.1073E-05
   45.0+    46 2  0.3325E-06   0.000      0.7539E-09  0.3318E-06
   45.0-    45 1  0.5980E-06   0.000      0.1395E-08  0.5966E-06
   46.0+    46 1  0.3399E-06   0.000      0.7705E-09  0.3391E-06
   46.0-    45 1  0.6112E-06   0.000      0.1425E-08  0.6097E-06
   46.0-    47 2  0.1889E-06   0.000      0.4167E-09  0.1885E-06
   47.0+    46 1  0.3472E-06   0.000      0.7870E-09  0.3464E-06
   47.0+    48 2  0.1073E-06   0.000      0.2303E-09  0.1071E-06
   47.0-    47 1  0.1930E-06   0.000      0.4256E-09  0.1926E-06
   48.0+    48 1  0.1095E-06   0.000      0.2351E-09  0.1093E-06
   48.0-    47 1  0.1971E-06   0.000      0.4346E-09  0.1966E-06
   48.0-    49 2  0.6088E-07   0.000      0.1273E-09  0.6075E-07
   49.0+    48 1  0.1118E-06   0.000      0.2400E-09  0.1116E-06
   49.0+    50 2  0.3453E-07   0.000      0.7030E-10  0.3446E-07
   49.0-    49 1  0.6214E-07   0.000      0.1299E-09  0.6201E-07
   50.0+    50 1  0.3522E-07   0.000      0.7173E-10  0.3515E-07
   50.0-    49 1  0.6339E-07   0.000      0.1325E-09  0.6326E-07
   50.0-    51 2  0.1957E-07   0.000      0.3885E-10  0.1953E-07
   51.0+    50 1  0.3592E-07   0.000      0.7315E-10  0.3585E-07
   51.0+    52 2  0.1109E-07   0.000      0.2147E-10  0.1106E-07
   51.0-    51 1  0.1996E-07   0.000      0.3962E-10  0.1992E-07
   52.0+    52 1  0.1130E-07   0.000      0.2188E-10  0.1128E-07
   52.0-    51 1  0.2034E-07   0.000      0.4040E-10  0.2030E-07
   52.0-    53 2  0.6276E-08   0.000      0.1186E-10  0.6264E-08
   53.0+    52 1  0.1152E-07   0.000      0.2229E-10  0.1149E-07
   53.0+    54 2  0.3552E-08   0.000      0.6559E-11  0.3546E-08
   53.0-    53 1  0.6397E-08   0.000      0.1208E-10  0.6384E-08
   54.0+    54 1  0.3617E-08   0.000      0.6689E-11  0.3611E-08
   54.0-    53 1  0.6515E-08   0.000      0.1232E-10  0.6503E-08
   54.0-    55 2  0.2008E-08   0.000      0.3620E-11  0.2005E-08
   55.0+    54 1  0.3684E-08   0.000      0.6807E-11  0.3678E-08
   55.0+    56 2  0.1135E-08   0.000      0.1993E-11  0.1133E-08
   55.0-    55 1  0.2046E-08   0.000      0.3682E-11  0.2042E-08
   56.0+    56 1  0.1156E-08   0.000      0.2037E-11  0.1154E-08
   56.0-    55 1  0.2083E-08   0.000      0.3750E-11  0.2079E-08
   56.0-    57 2  0.6418E-09   0.000      0.1103E-11  0.6407E-09
   57.0+    56 1  0.1177E-08   0.000      0.2069E-11  0.1175E-08
   57.0+    58 2  0.3625E-09   0.000      0.6095E-12  0.3619E-09
   57.0-    57 1  0.6527E-09   0.000      0.1125E-11  0.6515E-09
   58.0+    58 1  0.3683E-09   0.000      0.6199E-12  0.3677E-09
   58.0-    57 1  0.6652E-09   0.000      0.1142E-11  0.6640E-09
   58.0-    59 2  0.2046E-09   0.000      0.3361E-12  0.2043E-09
   59.0+    58 1  0.3750E-09   0.000      0.6289E-12  0.3743E-09
   59.0+    60 2  0.1159E-09   0.000      0.1817E-12  0.1157E-09
   59.0-    59 1  0.2082E-09   0.000      0.3399E-12  0.2078E-09
   60.0+    60 1  0.1180E-09   0.000      0.1903E-12  0.1178E-09
   60.0-    59 1  0.2111E-09   0.000      0.3427E-12  0.2107E-09
   60.0-    61 2  0.6529E-10   0.000      0.1013E-12  0.6519E-10
