# 178 angles,  1 tensor ranks for 0=projectile
@subtitle   "p+O20 with CH89;"                                                              
@legend ON
@legend x1 0.2
@legend y1 0.8
@g0 type LOGY
@yaxis ticklabel format power
@legend string   0 "Lab energy =   35.0000"
#legend string   0 "Partition=  1 Excit=  1 near/far= 1"
#  Theta       sigma       iT11        T20         T21         T22         Kyy for projectile
   3.000      0.1329E+06
   4.000      0.3870E+05
   5.000      0.1512E+05
   6.000       7452.    
   7.000       4495.    
   8.000       3191.    
   9.000       2537.    
   10.00       2161.    
   11.00       1909.    
   12.00       1717.    
   13.00       1553.    
   14.00       1405.    
   15.00       1267.    
   16.00       1135.    
   17.00       1011.    
   18.00       892.8    
   19.00       782.3    
   20.00       679.8    
   21.00       585.7    
   22.00       500.3    
   23.00       423.9    
   24.00       356.4    
   25.00       297.7    
   26.00       247.5    
   27.00       205.2    
   28.00       170.5    
   29.00       142.6    
   30.00       120.9    
   31.00       104.6    
   32.00       93.18    
   33.00       85.77    
   34.00       81.72    
   35.00       80.37    
   36.00       81.10    
   37.00       83.36    
   38.00       86.64    
   39.00       90.51    
   40.00       94.58    
   41.00       98.56    
   42.00       102.2    
   43.00       105.3    
   44.00       107.7    
   45.00       109.3    
   46.00       110.1    
   47.00       110.1    
   48.00       109.2    
   49.00       107.6    
   50.00       105.3    
   51.00       102.4    
   52.00       98.94    
   53.00       95.05    
   54.00       90.82    
   55.00       86.34    
   56.00       81.70    
   57.00       76.99    
   58.00       72.28    
   59.00       67.63    
   60.00       63.11    
   61.00       58.77    
   62.00       54.63    
   63.00       50.74    
   64.00       47.10    
   65.00       43.73    
   66.00       40.64    
   67.00       37.82    
   68.00       35.27    
   69.00       32.97    
   70.00       30.92    
   71.00       29.09    
   72.00       27.46    
   73.00       26.01    
   74.00       24.74    
   75.00       23.60    
   76.00       22.59    
   77.00       21.69    
   78.00       20.88    
   79.00       20.15    
   80.00       19.48    
   81.00       18.85    
   82.00       18.27    
   83.00       17.71    
   84.00       17.19    
   85.00       16.67    
   86.00       16.18    
   87.00       15.69    
   88.00       15.21    
   89.00       14.73    
   90.00       14.26    
   91.00       13.80    
   92.00       13.33    
   93.00       12.88    
   94.00       12.42    
   95.00       11.98    
   96.00       11.54    
   97.00       11.10    
   98.00       10.67    
   99.00       10.25    
   100.0       9.840    
   101.0       9.435    
   102.0       9.039    
   103.0       8.651    
   104.0       8.272    
   105.0       7.903    
   106.0       7.544    
   107.0       7.196    
   108.0       6.859    
   109.0       6.534    
   110.0       6.221    
   111.0       5.922    
   112.0       5.637    
   113.0       5.367    
   114.0       5.112    
   115.0       4.875    
   116.0       4.654    
   117.0       4.451    
   118.0       4.266    
   119.0       4.100    
   120.0       3.952    
   121.0       3.822    
   122.0       3.710    
   123.0       3.614    
   124.0       3.535    
   125.0       3.470    
   126.0       3.419    
   127.0       3.380    
   128.0       3.350    
   129.0       3.329    
   130.0       3.314    
   131.0       3.303    
   132.0       3.293    
   133.0       3.284    
   134.0       3.274    
   135.0       3.259    
   136.0       3.240    
   137.0       3.215    
   138.0       3.184    
   139.0       3.145    
   140.0       3.100    
   141.0       3.048    
   142.0       2.989    
   143.0       2.926    
   144.0       2.859    
   145.0       2.791    
   146.0       2.724    
   147.0       2.660    
   148.0       2.602    
   149.0       2.552    
   150.0       2.513    
   151.0       2.488    
   152.0       2.480    
   153.0       2.491    
   154.0       2.524    
   155.0       2.580    
   156.0       2.661    
   157.0       2.767    
   158.0       2.901    
   159.0       3.060    
   160.0       3.246    
   161.0       3.457    
   162.0       3.691    
   163.0       3.945    
   164.0       4.218    
   165.0       4.506    
   166.0       4.805    
   167.0       5.112    
   168.0       5.421    
   169.0       5.728    
   170.0       6.029    
   171.0       6.319    
   172.0       6.593    
   173.0       6.847    
   174.0       7.076    
   175.0       7.277    
   176.0       7.447    
   177.0       7.582    
   178.0       7.680    
   179.0       7.739    
   180.0       7.759    
 END
