# 178 angles,  1 tensor ranks for 0=projectile
@subtitle   "p+O20 1st with BG ;"                                                           
@legend ON
@legend x1 0.2
@legend y1 0.8
@g0 type LOGY
@yaxis ticklabel format power
@legend string   0 "Lab energy =   43.0000"
#legend string   0 "Partition=  1 Excit=  1 near/far= 1"
#  Theta       sigma       iT11        T20         T21         T22         Kyy for projectile
   3.000      0.7953E+05
   4.000      0.2201E+05
   5.000       8519.    
   6.000       4514.    
   7.000       3137.    
   8.000       2597.    
   9.000       2342.    
   10.00       2181.    
   11.00       2045.    
   12.00       1912.    
   13.00       1774.    
   14.00       1630.    
   15.00       1484.    
   16.00       1337.    
   17.00       1193.    
   18.00       1053.    
   19.00       920.8    
   20.00       796.9    
   21.00       682.6    
   22.00       578.6    
   23.00       485.2    
   24.00       402.4    
   25.00       330.1    
   26.00       267.7    
   27.00       214.7    
   28.00       170.4    
   29.00       133.9    
   30.00       104.3    
   31.00       80.98    
   32.00       62.92    
   33.00       49.36    
   34.00       39.52    
   35.00       32.73    
   36.00       28.33    
   37.00       25.78    
   38.00       24.58    
   39.00       24.33    
   40.00       24.68    
   41.00       25.35    
   42.00       26.14    
   43.00       26.87    
   44.00       27.43    
   45.00       27.74    
   46.00       27.76    
   47.00       27.48    
   48.00       26.89    
   49.00       26.03    
   50.00       24.92    
   51.00       23.61    
   52.00       22.14    
   53.00       20.54    
   54.00       18.88    
   55.00       17.19    
   56.00       15.50    
   57.00       13.85    
   58.00       12.27    
   59.00       10.77    
   60.00       9.376    
   61.00       8.097    
   62.00       6.941    
   63.00       5.909    
   64.00       5.001    
   65.00       4.213    
   66.00       3.539    
   67.00       2.972    
   68.00       2.503    
   69.00       2.121    
   70.00       1.817    
   71.00       1.579    
   72.00       1.399    
   73.00       1.266    
   74.00       1.171    
   75.00       1.107    
   76.00       1.066    
   77.00       1.042    
   78.00       1.028    
   79.00       1.022    
   80.00       1.018    
   81.00       1.014    
   82.00       1.007    
   83.00      0.9968    
   84.00      0.9815    
   85.00      0.9607    
   86.00      0.9342    
   87.00      0.9023    
   88.00      0.8654    
   89.00      0.8241    
   90.00      0.7792    
   91.00      0.7314    
   92.00      0.6816    
   93.00      0.6307    
   94.00      0.5795    
   95.00      0.5287    
   96.00      0.4789    
   97.00      0.4309    
   98.00      0.3850    
   99.00      0.3417    
   100.0      0.3012    
   101.0      0.2639    
   102.0      0.2298    
   103.0      0.1990    
   104.0      0.1715    
   105.0      0.1471    
   106.0      0.1259    
   107.0      0.1077    
   108.0      0.9213E-01
   109.0      0.7913E-01
   110.0      0.6844E-01
   111.0      0.5980E-01
   112.0      0.5298E-01
   113.0      0.4774E-01
   114.0      0.4386E-01
   115.0      0.4112E-01
   116.0      0.3930E-01
   117.0      0.3823E-01
   118.0      0.3773E-01
   119.0      0.3766E-01
   120.0      0.3787E-01
   121.0      0.3826E-01
   122.0      0.3872E-01
   123.0      0.3918E-01
   124.0      0.3958E-01
   125.0      0.3986E-01
   126.0      0.3999E-01
   127.0      0.3994E-01
   128.0      0.3971E-01
   129.0      0.3927E-01
   130.0      0.3864E-01
   131.0      0.3781E-01
   132.0      0.3681E-01
   133.0      0.3564E-01
   134.0      0.3432E-01
   135.0      0.3287E-01
   136.0      0.3131E-01
   137.0      0.2967E-01
   138.0      0.2795E-01
   139.0      0.2619E-01
   140.0      0.2439E-01
   141.0      0.2258E-01
   142.0      0.2077E-01
   143.0      0.1898E-01
   144.0      0.1723E-01
   145.0      0.1553E-01
   146.0      0.1388E-01
   147.0      0.1231E-01
   148.0      0.1083E-01
   149.0      0.9443E-02
   150.0      0.8158E-02
   151.0      0.6985E-02
   152.0      0.5931E-02
   153.0      0.5003E-02
   154.0      0.4204E-02
   155.0      0.3540E-02
   156.0      0.3011E-02
   157.0      0.2618E-02
   158.0      0.2362E-02
   159.0      0.2239E-02
   160.0      0.2245E-02
   161.0      0.2376E-02
   162.0      0.2622E-02
   163.0      0.2977E-02
   164.0      0.3427E-02
   165.0      0.3963E-02
   166.0      0.4569E-02
   167.0      0.5232E-02
   168.0      0.5935E-02
   169.0      0.6664E-02
   170.0      0.7400E-02
   171.0      0.8128E-02
   172.0      0.8832E-02
   173.0      0.9495E-02
   174.0      0.1010E-01
   175.0      0.1064E-01
   176.0      0.1110E-01
   177.0      0.1147E-01
   178.0      0.1174E-01
   179.0      0.1190E-01
   180.0      0.1196E-01
 END
