# 178 angles,  1 tensor ranks for 0=projectile
@subtitle   "20O(d,t) @ 30AMeV Haixia (d) + Pang (t)"                                       
@legend ON
@legend x1 0.2
@legend y1 0.8
@g0 type LOGY
@yaxis ticklabel format power
@legend string   0 "Lab energy =   70.0000"
#legend string   0 "Partition=  2 Excit=  2 near/far= 1"
#  Theta       sigma       iT11        T20         T21         T22         Kyy for projectile
   3.000       7.895    
   4.000       7.734    
   5.000       7.330    
   6.000       6.651    
   7.000       5.731    
   8.000       4.657    
   9.000       3.549    
   10.00       2.526    
   11.00       1.680    
   12.00       1.062    
   13.00      0.6760    
   14.00      0.4881    
   15.00      0.4422    
   16.00      0.4760    
   17.00      0.5343    
   18.00      0.5779    
   19.00      0.5865    
   20.00      0.5569    
   21.00      0.4980    
   22.00      0.4252    
   23.00      0.3546    
   24.00      0.2991    
   25.00      0.2662    
   26.00      0.2575    
   27.00      0.2698    
   28.00      0.2966    
   29.00      0.3302    
   30.00      0.3637    
   31.00      0.3913    
   32.00      0.4099    
   33.00      0.4183    
   34.00      0.4172    
   35.00      0.4088    
   36.00      0.3956    
   37.00      0.3802    
   38.00      0.3645    
   39.00      0.3501    
   40.00      0.3375    
   41.00      0.3267    
   42.00      0.3170    
   43.00      0.3078    
   44.00      0.2982    
   45.00      0.2876    
   46.00      0.2754    
   47.00      0.2615    
   48.00      0.2460    
   49.00      0.2293    
   50.00      0.2119    
   51.00      0.1942    
   52.00      0.1769    
   53.00      0.1603    
   54.00      0.1448    
   55.00      0.1306    
   56.00      0.1179    
   57.00      0.1065    
   58.00      0.9643E-01
   59.00      0.8751E-01
   60.00      0.7956E-01
   61.00      0.7240E-01
   62.00      0.6587E-01
   63.00      0.5986E-01
   64.00      0.5425E-01
   65.00      0.4901E-01
   66.00      0.4408E-01
   67.00      0.3946E-01
   68.00      0.3516E-01
   69.00      0.3118E-01
   70.00      0.2755E-01
   71.00      0.2425E-01
   72.00      0.2130E-01
   73.00      0.1868E-01
   74.00      0.1637E-01
   75.00      0.1436E-01
   76.00      0.1262E-01
   77.00      0.1111E-01
   78.00      0.9806E-02
   79.00      0.8675E-02
   80.00      0.7688E-02
   81.00      0.6822E-02
   82.00      0.6056E-02
   83.00      0.5373E-02
   84.00      0.4761E-02
   85.00      0.4209E-02
   86.00      0.3710E-02
   87.00      0.3258E-02
   88.00      0.2851E-02
   89.00      0.2484E-02
   90.00      0.2156E-02
   91.00      0.1865E-02
   92.00      0.1607E-02
   93.00      0.1382E-02
   94.00      0.1185E-02
   95.00      0.1015E-02
   96.00      0.8692E-03
   97.00      0.7442E-03
   98.00      0.6376E-03
   99.00      0.5470E-03
   100.0      0.4700E-03
   101.0      0.4045E-03
   102.0      0.3487E-03
   103.0      0.3011E-03
   104.0      0.2602E-03
   105.0      0.2250E-03
   106.0      0.1946E-03
   107.0      0.1682E-03
   108.0      0.1453E-03
   109.0      0.1254E-03
   110.0      0.1080E-03
   111.0      0.9295E-04
   112.0      0.7986E-04
   113.0      0.6851E-04
   114.0      0.5870E-04
   115.0      0.5026E-04
   116.0      0.4299E-04
   117.0      0.3677E-04
   118.0      0.3143E-04
   119.0      0.2687E-04
   120.0      0.2297E-04
   121.0      0.1962E-04
   122.0      0.1675E-04
   123.0      0.1429E-04
   124.0      0.1217E-04
   125.0      0.1035E-04
   126.0      0.8775E-05
   127.0      0.7420E-05
   128.0      0.6254E-05
   129.0      0.5255E-05
   130.0      0.4403E-05
   131.0      0.3682E-05
   132.0      0.3076E-05
   133.0      0.2572E-05
   134.0      0.2157E-05
   135.0      0.1820E-05
   136.0      0.1548E-05
   137.0      0.1333E-05
   138.0      0.1164E-05
   139.0      0.1032E-05
   140.0      0.9298E-06
   141.0      0.8508E-06
   142.0      0.7893E-06
   143.0      0.7407E-06
   144.0      0.7014E-06
   145.0      0.6688E-06
   146.0      0.6409E-06
   147.0      0.6161E-06
   148.0      0.5937E-06
   149.0      0.5729E-06
   150.0      0.5534E-06
   151.0      0.5348E-06
   152.0      0.5169E-06
   153.0      0.4996E-06
   154.0      0.4829E-06
   155.0      0.4669E-06
   156.0      0.4518E-06
   157.0      0.4382E-06
   158.0      0.4268E-06
   159.0      0.4184E-06
   160.0      0.4143E-06
   161.0      0.4157E-06
   162.0      0.4239E-06
   163.0      0.4405E-06
   164.0      0.4665E-06
   165.0      0.5031E-06
   166.0      0.5507E-06
   167.0      0.6095E-06
   168.0      0.6791E-06
   169.0      0.7583E-06
   170.0      0.8455E-06
   171.0      0.9386E-06
   172.0      0.1035E-05
   173.0      0.1131E-05
   174.0      0.1223E-05
   175.0      0.1309E-05
   176.0      0.1384E-05
   177.0      0.1446E-05
   178.0      0.1493E-05
   179.0      0.1522E-05
   180.0      0.1531E-05
 END
