# 178 angles,  1 tensor ranks for 0=projectile
@subtitle   "20O(d,t) @ 30AMeV Haixia (d) + Pang (t)"                                       
@legend ON
@legend x1 0.2
@legend y1 0.8
@g0 type LOGY
@yaxis ticklabel format power
@legend string   0 "Lab energy =   70.0000"
#legend string   0 "Partition=  2 Excit=  1 near/far= 1"
#  Theta       sigma       iT11        T20         T21         T22         Kyy for projectile
   3.000       19.85    
   4.000       14.37    
   5.000       9.214    
   6.000       5.098    
   7.000       2.383    
   8.000       1.079    
   9.000      0.9133    
   10.00       1.460    
   11.00       2.274    
   12.00       3.001    
   13.00       3.425    
   14.00       3.481    
   15.00       3.221    
   16.00       2.767    
   17.00       2.257    
   18.00       1.810    
   19.00       1.502    
   20.00       1.359    
   21.00       1.366    
   22.00       1.478    
   23.00       1.641    
   24.00       1.800    
   25.00       1.915    
   26.00       1.960    
   27.00       1.928    
   28.00       1.824    
   29.00       1.665    
   30.00       1.469    
   31.00       1.259    
   32.00       1.050    
   33.00      0.8579    
   34.00      0.6898    
   35.00      0.5498    
   36.00      0.4383    
   37.00      0.3531    
   38.00      0.2905    
   39.00      0.2463    
   40.00      0.2162    
   41.00      0.1967    
   42.00      0.1844    
   43.00      0.1770    
   44.00      0.1724    
   45.00      0.1691    
   46.00      0.1660    
   47.00      0.1625    
   48.00      0.1578    
   49.00      0.1518    
   50.00      0.1445    
   51.00      0.1358    
   52.00      0.1262    
   53.00      0.1159    
   54.00      0.1053    
   55.00      0.9500E-01
   56.00      0.8522E-01
   57.00      0.7629E-01
   58.00      0.6841E-01
   59.00      0.6167E-01
   60.00      0.5606E-01
   61.00      0.5149E-01
   62.00      0.4779E-01
   63.00      0.4477E-01
   64.00      0.4224E-01
   65.00      0.4000E-01
   66.00      0.3788E-01
   67.00      0.3577E-01
   68.00      0.3358E-01
   69.00      0.3129E-01
   70.00      0.2889E-01
   71.00      0.2642E-01
   72.00      0.2393E-01
   73.00      0.2147E-01
   74.00      0.1911E-01
   75.00      0.1689E-01
   76.00      0.1485E-01
   77.00      0.1303E-01
   78.00      0.1142E-01
   79.00      0.1004E-01
   80.00      0.8867E-02
   81.00      0.7880E-02
   82.00      0.7054E-02
   83.00      0.6361E-02
   84.00      0.5773E-02
   85.00      0.5265E-02
   86.00      0.4816E-02
   87.00      0.4409E-02
   88.00      0.4031E-02
   89.00      0.3673E-02
   90.00      0.3332E-02
   91.00      0.3005E-02
   92.00      0.2692E-02
   93.00      0.2396E-02
   94.00      0.2117E-02
   95.00      0.1858E-02
   96.00      0.1622E-02
   97.00      0.1408E-02
   98.00      0.1217E-02
   99.00      0.1048E-02
   100.0      0.9017E-03
   101.0      0.7751E-03
   102.0      0.6668E-03
   103.0      0.5745E-03
   104.0      0.4962E-03
   105.0      0.4296E-03
   106.0      0.3730E-03
   107.0      0.3244E-03
   108.0      0.2826E-03
   109.0      0.2463E-03
   110.0      0.2146E-03
   111.0      0.1867E-03
   112.0      0.1621E-03
   113.0      0.1403E-03
   114.0      0.1212E-03
   115.0      0.1043E-03
   116.0      0.8970E-04
   117.0      0.7705E-04
   118.0      0.6624E-04
   119.0      0.5711E-04
   120.0      0.4948E-04
   121.0      0.4317E-04
   122.0      0.3801E-04
   123.0      0.3382E-04
   124.0      0.3041E-04
   125.0      0.2764E-04
   126.0      0.2534E-04
   127.0      0.2341E-04
   128.0      0.2172E-04
   129.0      0.2021E-04
   130.0      0.1879E-04
   131.0      0.1745E-04
   132.0      0.1614E-04
   133.0      0.1485E-04
   134.0      0.1359E-04
   135.0      0.1236E-04
   136.0      0.1116E-04
   137.0      0.1003E-04
   138.0      0.8962E-05
   139.0      0.7977E-05
   140.0      0.7084E-05
   141.0      0.6290E-05
   142.0      0.5600E-05
   143.0      0.5014E-05
   144.0      0.4531E-05
   145.0      0.4145E-05
   146.0      0.3848E-05
   147.0      0.3633E-05
   148.0      0.3488E-05
   149.0      0.3401E-05
   150.0      0.3360E-05
   151.0      0.3351E-05
   152.0      0.3363E-05
   153.0      0.3383E-05
   154.0      0.3399E-05
   155.0      0.3402E-05
   156.0      0.3382E-05
   157.0      0.3334E-05
   158.0      0.3252E-05
   159.0      0.3134E-05
   160.0      0.2981E-05
   161.0      0.2796E-05
   162.0      0.2583E-05
   163.0      0.2350E-05
   164.0      0.2105E-05
   165.0      0.1856E-05
   166.0      0.1614E-05
   167.0      0.1387E-05
   168.0      0.1183E-05
   169.0      0.1007E-05
   170.0      0.8649E-06
   171.0      0.7568E-06
   172.0      0.6823E-06
   173.0      0.6385E-06
   174.0      0.6203E-06
   175.0      0.6217E-06
   176.0      0.6358E-06
   177.0      0.6555E-06
   178.0      0.6747E-06
   179.0      0.6883E-06
   180.0      0.6933E-06
 END
