# 178 angles,  1 tensor ranks for 0=projectile
@subtitle   "20O(d,t) @ 30AMeV Haixia (d) + Pang (t)"                                       
@legend ON
@legend x1 0.2
@legend y1 0.8
@g0 type LOGY
@yaxis ticklabel format power
@legend string   0 "Lab energy =   70.0000"
#legend string   0 "Partition=  2 Excit=  3 near/far= 1"
#  Theta       sigma       iT11        T20         T21         T22         Kyy for projectile
   3.000       9.181    
   4.000       8.932    
   5.000       8.622    
   6.000       8.242    
   7.000       7.778    
   8.000       7.219    
   9.000       6.558    
   10.00       5.806    
   11.00       4.988    
   12.00       4.145    
   13.00       3.324    
   14.00       2.573    
   15.00       1.927    
   16.00       1.411    
   17.00       1.033    
   18.00      0.7824    
   19.00      0.6407    
   20.00      0.5811    
   21.00      0.5758    
   22.00      0.6003    
   23.00      0.6355    
   24.00      0.6695    
   25.00      0.6969    
   26.00      0.7176    
   27.00      0.7345    
   28.00      0.7520    
   29.00      0.7739    
   30.00      0.8026    
   31.00      0.8386    
   32.00      0.8801    
   33.00      0.9240    
   34.00      0.9664    
   35.00       1.003    
   36.00       1.031    
   37.00       1.047    
   38.00       1.050    
   39.00       1.040    
   40.00       1.017    
   41.00      0.9849    
   42.00      0.9446    
   43.00      0.8987    
   44.00      0.8495    
   45.00      0.7992    
   46.00      0.7492    
   47.00      0.7006    
   48.00      0.6541    
   49.00      0.6100    
   50.00      0.5681    
   51.00      0.5285    
   52.00      0.4907    
   53.00      0.4547    
   54.00      0.4201    
   55.00      0.3869    
   56.00      0.3550    
   57.00      0.3245    
   58.00      0.2955    
   59.00      0.2680    
   60.00      0.2423    
   61.00      0.2183    
   62.00      0.1962    
   63.00      0.1760    
   64.00      0.1576    
   65.00      0.1410    
   66.00      0.1261    
   67.00      0.1127    
   68.00      0.1008    
   69.00      0.9009E-01
   70.00      0.8056E-01
   71.00      0.7203E-01
   72.00      0.6437E-01
   73.00      0.5749E-01
   74.00      0.5129E-01
   75.00      0.4569E-01
   76.00      0.4064E-01
   77.00      0.3609E-01
   78.00      0.3198E-01
   79.00      0.2829E-01
   80.00      0.2499E-01
   81.00      0.2203E-01
   82.00      0.1940E-01
   83.00      0.1707E-01
   84.00      0.1501E-01
   85.00      0.1320E-01
   86.00      0.1160E-01
   87.00      0.1020E-01
   88.00      0.8974E-02
   89.00      0.7899E-02
   90.00      0.6957E-02
   91.00      0.6131E-02
   92.00      0.5404E-02
   93.00      0.4764E-02
   94.00      0.4200E-02
   95.00      0.3700E-02
   96.00      0.3259E-02
   97.00      0.2867E-02
   98.00      0.2520E-02
   99.00      0.2212E-02
   100.0      0.1940E-02
   101.0      0.1700E-02
   102.0      0.1487E-02
   103.0      0.1300E-02
   104.0      0.1136E-02
   105.0      0.9923E-03
   106.0      0.8666E-03
   107.0      0.7571E-03
   108.0      0.6617E-03
   109.0      0.5789E-03
   110.0      0.5069E-03
   111.0      0.4445E-03
   112.0      0.3902E-03
   113.0      0.3431E-03
   114.0      0.3021E-03
   115.0      0.2663E-03
   116.0      0.2351E-03
   117.0      0.2077E-03
   118.0      0.1837E-03
   119.0      0.1626E-03
   120.0      0.1440E-03
   121.0      0.1275E-03
   122.0      0.1130E-03
   123.0      0.1002E-03
   124.0      0.8878E-04
   125.0      0.7872E-04
   126.0      0.6982E-04
   127.0      0.6195E-04
   128.0      0.5501E-04
   129.0      0.4888E-04
   130.0      0.4348E-04
   131.0      0.3873E-04
   132.0      0.3456E-04
   133.0      0.3090E-04
   134.0      0.2769E-04
   135.0      0.2488E-04
   136.0      0.2242E-04
   137.0      0.2027E-04
   138.0      0.1839E-04
   139.0      0.1675E-04
   140.0      0.1532E-04
   141.0      0.1406E-04
   142.0      0.1296E-04
   143.0      0.1200E-04
   144.0      0.1116E-04
   145.0      0.1043E-04
   146.0      0.9780E-05
   147.0      0.9210E-05
   148.0      0.8706E-05
   149.0      0.8258E-05
   150.0      0.7856E-05
   151.0      0.7494E-05
   152.0      0.7164E-05
   153.0      0.6860E-05
   154.0      0.6576E-05
   155.0      0.6308E-05
   156.0      0.6052E-05
   157.0      0.5806E-05
   158.0      0.5566E-05
   159.0      0.5333E-05
   160.0      0.5106E-05
   161.0      0.4884E-05
   162.0      0.4669E-05
   163.0      0.4461E-05
   164.0      0.4261E-05
   165.0      0.4072E-05
   166.0      0.3895E-05
   167.0      0.3730E-05
   168.0      0.3580E-05
   169.0      0.3445E-05
   170.0      0.3324E-05
   171.0      0.3220E-05
   172.0      0.3130E-05
   173.0      0.3055E-05
   174.0      0.2993E-05
   175.0      0.2944E-05
   176.0      0.2905E-05
   177.0      0.2877E-05
   178.0      0.2858E-05
   179.0      0.2846E-05
   180.0      0.2843E-05
 END
