# 178 angles,  1 tensor ranks for 0=projectile
@subtitle   "p+O20 with CH89;"                                                              
@legend ON
@legend x1 0.2
@legend y1 0.8
@g0 type LOGY
@yaxis ticklabel format power
@legend string   0 "Lab energy =   35.0000"
#legend string   0 "Partition=  1 Excit=  1 near/far= 1"
#  Theta       sigma       iT11        T20         T21         T22         Kyy for projectile
   3.000      0.1306E+06
   4.000      0.3756E+05
   5.000      0.1452E+05
   6.000       7145.    
   7.000       4361.    
   8.000       3166.    
   9.000       2586.    
   10.00       2260.    
   11.00       2044.    
   12.00       1877.    
   13.00       1731.    
   14.00       1594.    
   15.00       1463.    
   16.00       1334.    
   17.00       1209.    
   18.00       1088.    
   19.00       972.5    
   20.00       862.4    
   21.00       759.0    
   22.00       662.8    
   23.00       574.3    
   24.00       493.8    
   25.00       421.2    
   26.00       356.7    
   27.00       299.9    
   28.00       250.6    
   29.00       208.4    
   30.00       172.7    
   31.00       143.0    
   32.00       118.8    
   33.00       99.38    
   34.00       84.26    
   35.00       72.82    
   36.00       64.49    
   37.00       58.75    
   38.00       55.10    
   39.00       53.10    
   40.00       52.34    
   41.00       52.47    
   42.00       53.17    
   43.00       54.20    
   44.00       55.33    
   45.00       56.40    
   46.00       57.27    
   47.00       57.85    
   48.00       58.08    
   49.00       57.91    
   50.00       57.34    
   51.00       56.36    
   52.00       55.01    
   53.00       53.32    
   54.00       51.32    
   55.00       49.06    
   56.00       46.60    
   57.00       43.99    
   58.00       41.27    
   59.00       38.50    
   60.00       35.72    
   61.00       32.97    
   62.00       30.28    
   63.00       27.69    
   64.00       25.22    
   65.00       22.89    
   66.00       20.71    
   67.00       18.69    
   68.00       16.85    
   69.00       15.18    
   70.00       13.67    
   71.00       12.33    
   72.00       11.15    
   73.00       10.12    
   74.00       9.220    
   75.00       8.451    
   76.00       7.796    
   77.00       7.243    
   78.00       6.780    
   79.00       6.394    
   80.00       6.076    
   81.00       5.813    
   82.00       5.596    
   83.00       5.416    
   84.00       5.264    
   85.00       5.133    
   86.00       5.017    
   87.00       4.910    
   88.00       4.809    
   89.00       4.708    
   90.00       4.606    
   91.00       4.500    
   92.00       4.389    
   93.00       4.272    
   94.00       4.148    
   95.00       4.017    
   96.00       3.879    
   97.00       3.736    
   98.00       3.587    
   99.00       3.434    
   100.0       3.277    
   101.0       3.119    
   102.0       2.959    
   103.0       2.800    
   104.0       2.642    
   105.0       2.487    
   106.0       2.335    
   107.0       2.187    
   108.0       2.045    
   109.0       1.909    
   110.0       1.779    
   111.0       1.657    
   112.0       1.542    
   113.0       1.436    
   114.0       1.337    
   115.0       1.247    
   116.0       1.165    
   117.0       1.091    
   118.0       1.026    
   119.0      0.9674    
   120.0      0.9166    
   121.0      0.8727    
   122.0      0.8352    
   123.0      0.8037    
   124.0      0.7775    
   125.0      0.7561    
   126.0      0.7388    
   127.0      0.7251    
   128.0      0.7143    
   129.0      0.7058    
   130.0      0.6990    
   131.0      0.6935    
   132.0      0.6886    
   133.0      0.6840    
   134.0      0.6792    
   135.0      0.6739    
   136.0      0.6678    
   137.0      0.6607    
   138.0      0.6525    
   139.0      0.6430    
   140.0      0.6324    
   141.0      0.6208    
   142.0      0.6081    
   143.0      0.5948    
   144.0      0.5809    
   145.0      0.5669    
   146.0      0.5531    
   147.0      0.5399    
   148.0      0.5277    
   149.0      0.5168    
   150.0      0.5078    
   151.0      0.5010    
   152.0      0.4967    
   153.0      0.4954    
   154.0      0.4972    
   155.0      0.5026    
   156.0      0.5115    
   157.0      0.5242    
   158.0      0.5408    
   159.0      0.5610    
   160.0      0.5850    
   161.0      0.6124    
   162.0      0.6431    
   163.0      0.6766    
   164.0      0.7126    
   165.0      0.7507    
   166.0      0.7902    
   167.0      0.8307    
   168.0      0.8716    
   169.0      0.9123    
   170.0      0.9520    
   171.0      0.9903    
   172.0       1.026    
   173.0       1.060    
   174.0       1.090    
   175.0       1.117    
   176.0       1.139    
   177.0       1.157    
   178.0       1.169    
   179.0       1.177    
   180.0       1.180    
 END
