# 178 angles,  1 tensor ranks for 0=projectile
@subtitle   "p+O20 1st ex with BG ;"                                                        
@legend ON
@legend x1 0.2
@legend y1 0.8
@g0 type LOGY
@yaxis ticklabel format power
@legend string   0 "Lab energy =   35.0000"
#legend string   0 "Partition=  1 Excit=  2 near/far= 1"
#  Theta       sigma       iT11        T20         T21         T22         Kyy for projectile
   3.000       13.02    
   4.000       12.74    
   5.000       12.41    
   6.000       12.01    
   7.000       11.58    
   8.000       11.12    
   9.000       10.65    
   10.00       10.18    
   11.00       9.729    
   12.00       9.304    
   13.00       8.918    
   14.00       8.581    
   15.00       8.297    
   16.00       8.070    
   17.00       7.900    
   18.00       7.783    
   19.00       7.712    
   20.00       7.680    
   21.00       7.675    
   22.00       7.687    
   23.00       7.704    
   24.00       7.714    
   25.00       7.708    
   26.00       7.676    
   27.00       7.612    
   28.00       7.510    
   29.00       7.369    
   30.00       7.186    
   31.00       6.963    
   32.00       6.702    
   33.00       6.407    
   34.00       6.083    
   35.00       5.734    
   36.00       5.367    
   37.00       4.988    
   38.00       4.604    
   39.00       4.221    
   40.00       3.844    
   41.00       3.480    
   42.00       3.134    
   43.00       2.811    
   44.00       2.514    
   45.00       2.247    
   46.00       2.011    
   47.00       1.807    
   48.00       1.637    
   49.00       1.499    
   50.00       1.391    
   51.00       1.311    
   52.00       1.256    
   53.00       1.224    
   54.00       1.210    
   55.00       1.210    
   56.00       1.221    
   57.00       1.241    
   58.00       1.264    
   59.00       1.289    
   60.00       1.313    
   61.00       1.335    
   62.00       1.352    
   63.00       1.362    
   64.00       1.366    
   65.00       1.362    
   66.00       1.350    
   67.00       1.330    
   68.00       1.302    
   69.00       1.266    
   70.00       1.223    
   71.00       1.174    
   72.00       1.118    
   73.00       1.058    
   74.00      0.9947    
   75.00      0.9284    
   76.00      0.8606    
   77.00      0.7924    
   78.00      0.7247    
   79.00      0.6586    
   80.00      0.5949    
   81.00      0.5342    
   82.00      0.4770    
   83.00      0.4238    
   84.00      0.3749    
   85.00      0.3303    
   86.00      0.2903    
   87.00      0.2547    
   88.00      0.2235    
   89.00      0.1964    
   90.00      0.1733    
   91.00      0.1539    
   92.00      0.1379    
   93.00      0.1251    
   94.00      0.1150    
   95.00      0.1075    
   96.00      0.1021    
   97.00      0.9853E-01
   98.00      0.9643E-01
   99.00      0.9547E-01
   100.0      0.9538E-01
   101.0      0.9588E-01
   102.0      0.9671E-01
   103.0      0.9768E-01
   104.0      0.9860E-01
   105.0      0.9933E-01
   106.0      0.9976E-01
   107.0      0.9982E-01
   108.0      0.9947E-01
   109.0      0.9866E-01
   110.0      0.9739E-01
   111.0      0.9567E-01
   112.0      0.9351E-01
   113.0      0.9094E-01
   114.0      0.8797E-01
   115.0      0.8466E-01
   116.0      0.8103E-01
   117.0      0.7715E-01
   118.0      0.7305E-01
   119.0      0.6880E-01
   120.0      0.6445E-01
   121.0      0.6007E-01
   122.0      0.5570E-01
   123.0      0.5141E-01
   124.0      0.4724E-01
   125.0      0.4323E-01
   126.0      0.3942E-01
   127.0      0.3583E-01
   128.0      0.3248E-01
   129.0      0.2938E-01
   130.0      0.2655E-01
   131.0      0.2396E-01
   132.0      0.2162E-01
   133.0      0.1952E-01
   134.0      0.1765E-01
   135.0      0.1600E-01
   136.0      0.1455E-01
   137.0      0.1330E-01
   138.0      0.1224E-01
   139.0      0.1136E-01
   140.0      0.1064E-01
   141.0      0.1008E-01
   142.0      0.9659E-02
   143.0      0.9357E-02
   144.0      0.9161E-02
   145.0      0.9051E-02
   146.0      0.9013E-02
   147.0      0.9031E-02
   148.0      0.9094E-02
   149.0      0.9190E-02
   150.0      0.9312E-02
   151.0      0.9454E-02
   152.0      0.9611E-02
   153.0      0.9781E-02
   154.0      0.9961E-02
   155.0      0.1015E-01
   156.0      0.1035E-01
   157.0      0.1056E-01
   158.0      0.1077E-01
   159.0      0.1099E-01
   160.0      0.1121E-01
   161.0      0.1144E-01
   162.0      0.1165E-01
   163.0      0.1187E-01
   164.0      0.1207E-01
   165.0      0.1226E-01
   166.0      0.1244E-01
   167.0      0.1261E-01
   168.0      0.1278E-01
   169.0      0.1295E-01
   170.0      0.1312E-01
   171.0      0.1330E-01
   172.0      0.1347E-01
   173.0      0.1365E-01
   174.0      0.1381E-01
   175.0      0.1397E-01
   176.0      0.1410E-01
   177.0      0.1421E-01
   178.0      0.1430E-01
   179.0      0.1435E-01
   180.0      0.1436E-01
 END
