# 181 angles,  1 tensor ranks for 0=projectile
@subtitle   "p+O20 2nd ex with BG ;"                                                        
@legend ON
@legend x1 0.2
@legend y1 0.8
@g0 type LOGY
@yaxis ticklabel format power
@legend string   0 "Lab energy =   35.0000"
#legend string   0 "Partition=  1 Excit=  2 near/far= 1"
#  Theta       sigma       iT11        T20         T21         T22         Kyy for projectile
   0.000       4.788    
   1.000       4.838    
   2.000       4.967    
   3.000       5.127    
   4.000       5.262    
   5.000       5.327    
   6.000       5.303    
   7.000       5.198    
   8.000       5.035    
   9.000       4.844    
   10.00       4.648    
   11.00       4.459    
   12.00       4.280    
   13.00       4.113    
   14.00       3.958    
   15.00       3.818    
   16.00       3.697    
   17.00       3.598    
   18.00       3.521    
   19.00       3.464    
   20.00       3.424    
   21.00       3.396    
   22.00       3.375    
   23.00       3.359    
   24.00       3.344    
   25.00       3.325    
   26.00       3.300    
   27.00       3.266    
   28.00       3.221    
   29.00       3.162    
   30.00       3.088    
   31.00       2.998    
   32.00       2.892    
   33.00       2.772    
   34.00       2.640    
   35.00       2.497    
   36.00       2.346    
   37.00       2.188    
   38.00       2.027    
   39.00       1.865    
   40.00       1.704    
   41.00       1.548    
   42.00       1.398    
   43.00       1.258    
   44.00       1.128    
   45.00       1.009    
   46.00      0.9036    
   47.00      0.8111    
   48.00      0.7322    
   49.00      0.6665    
   50.00      0.6138    
   51.00      0.5731    
   52.00      0.5437    
   53.00      0.5245    
   54.00      0.5141    
   55.00      0.5113    
   56.00      0.5142    
   57.00      0.5216    
   58.00      0.5321    
   59.00      0.5445    
   60.00      0.5578    
   61.00      0.5709    
   62.00      0.5827    
   63.00      0.5922    
   64.00      0.5988    
   65.00      0.6021    
   66.00      0.6019    
   67.00      0.5981    
   68.00      0.5907    
   69.00      0.5796    
   70.00      0.5648    
   71.00      0.5467    
   72.00      0.5255    
   73.00      0.5019    
   74.00      0.4763    
   75.00      0.4490    
   76.00      0.4206    
   77.00      0.3914    
   78.00      0.3618    
   79.00      0.3323    
   80.00      0.3033    
   81.00      0.2752    
   82.00      0.2482    
   83.00      0.2226    
   84.00      0.1986    
   85.00      0.1762    
   86.00      0.1557    
   87.00      0.1372    
   88.00      0.1206    
   89.00      0.1059    
   90.00      0.9301E-01
   91.00      0.8197E-01
   92.00      0.7265E-01
   93.00      0.6493E-01
   94.00      0.5866E-01
   95.00      0.5371E-01
   96.00      0.4992E-01
   97.00      0.4714E-01
   98.00      0.4525E-01
   99.00      0.4410E-01
   100.0      0.4356E-01
   101.0      0.4346E-01
   102.0      0.4369E-01
   103.0      0.4414E-01
   104.0      0.4473E-01
   105.0      0.4537E-01
   106.0      0.4599E-01
   107.0      0.4653E-01
   108.0      0.4693E-01
   109.0      0.4714E-01
   110.0      0.4716E-01
   111.0      0.4696E-01
   112.0      0.4653E-01
   113.0      0.4588E-01
   114.0      0.4501E-01
   115.0      0.4392E-01
   116.0      0.4265E-01
   117.0      0.4120E-01
   118.0      0.3960E-01
   119.0      0.3788E-01
   120.0      0.3606E-01
   121.0      0.3416E-01
   122.0      0.3220E-01
   123.0      0.3022E-01
   124.0      0.2824E-01
   125.0      0.2628E-01
   126.0      0.2435E-01
   127.0      0.2248E-01
   128.0      0.2067E-01
   129.0      0.1895E-01
   130.0      0.1732E-01
   131.0      0.1580E-01
   132.0      0.1437E-01
   133.0      0.1306E-01
   134.0      0.1185E-01
   135.0      0.1075E-01
   136.0      0.9764E-02
   137.0      0.8888E-02
   138.0      0.8111E-02
   139.0      0.7425E-02
   140.0      0.6827E-02
   141.0      0.6315E-02
   142.0      0.5890E-02
   143.0      0.5546E-02
   144.0      0.5272E-02
   145.0      0.5056E-02
   146.0      0.4888E-02
   147.0      0.4766E-02
   148.0      0.4689E-02
   149.0      0.4658E-02
   150.0      0.4670E-02
   151.0      0.4716E-02
   152.0      0.4789E-02
   153.0      0.4883E-02
   154.0      0.4997E-02
   155.0      0.5132E-02
   156.0      0.5290E-02
   157.0      0.5468E-02
   158.0      0.5664E-02
   159.0      0.5872E-02
   160.0      0.6089E-02
   161.0      0.6315E-02
   162.0      0.6549E-02
   163.0      0.6790E-02
   164.0      0.7037E-02
   165.0      0.7287E-02
   166.0      0.7537E-02
   167.0      0.7784E-02
   168.0      0.8027E-02
   169.0      0.8264E-02
   170.0      0.8490E-02
   171.0      0.8703E-02
   172.0      0.8901E-02
   173.0      0.9083E-02
   174.0      0.9247E-02
   175.0      0.9391E-02
   176.0      0.9511E-02
   177.0      0.9605E-02
   178.0      0.9672E-02
   179.0      0.9712E-02
   180.0      0.9725E-02
 END
