# 178 angles,  1 tensor ranks for 0=projectile
@subtitle   "20O + d inelastic scattering;"                                                 
@legend ON
@legend x1 0.2
@legend y1 0.8
@g0 type LOGY
@yaxis ticklabel format power
@legend string   0 "Lab energy =   70.0000"
#legend string   0 "Partition=  1 Excit=  2 near/far= 1"
#  Theta       sigma       iT11        T20         T21         T22         Kyy for projectile
   3.000       7.444    
   4.000       6.633    
   5.000       6.023    
   6.000       5.884    
   7.000       6.395    
   8.000       7.554    
   9.000       9.181    
   10.00       11.00    
   11.00       12.73    
   12.00       14.14    
   13.00       15.08    
   14.00       15.41    
   15.00       15.07    
   16.00       14.09    
   17.00       12.57    
   18.00       10.72    
   19.00       8.774    
   20.00       6.936    
   21.00       5.367    
   22.00       4.158    
   23.00       3.348    
   24.00       2.924    
   25.00       2.833    
   26.00       2.984    
   27.00       3.269    
   28.00       3.587    
   29.00       3.856    
   30.00       4.024    
   31.00       4.067    
   32.00       3.977    
   33.00       3.766    
   34.00       3.458    
   35.00       3.090    
   36.00       2.702    
   37.00       2.330    
   38.00       1.999    
   39.00       1.725    
   40.00       1.512    
   41.00       1.361    
   42.00       1.265    
   43.00       1.211    
   44.00       1.186    
   45.00       1.172    
   46.00       1.158    
   47.00       1.134    
   48.00       1.097    
   49.00       1.046    
   50.00      0.9800    
   51.00      0.9012    
   52.00      0.8127    
   53.00      0.7191    
   54.00      0.6256    
   55.00      0.5368    
   56.00      0.4560    
   57.00      0.3850    
   58.00      0.3245    
   59.00      0.2746    
   60.00      0.2348    
   61.00      0.2040    
   62.00      0.1807    
   63.00      0.1630    
   64.00      0.1493    
   65.00      0.1382    
   66.00      0.1286    
   67.00      0.1199    
   68.00      0.1114    
   69.00      0.1028    
   70.00      0.9385E-01
   71.00      0.8474E-01
   72.00      0.7562E-01
   73.00      0.6670E-01
   74.00      0.5819E-01
   75.00      0.5025E-01
   76.00      0.4303E-01
   77.00      0.3661E-01
   78.00      0.3103E-01
   79.00      0.2628E-01
   80.00      0.2229E-01
   81.00      0.1899E-01
   82.00      0.1630E-01
   83.00      0.1415E-01
   84.00      0.1244E-01
   85.00      0.1105E-01
   86.00      0.9904E-02
   87.00      0.8945E-02
   88.00      0.8140E-02
   89.00      0.7461E-02
   90.00      0.6873E-02
   91.00      0.6333E-02
   92.00      0.5813E-02
   93.00      0.5316E-02
   94.00      0.4858E-02
   95.00      0.4448E-02
   96.00      0.4080E-02
   97.00      0.3736E-02
   98.00      0.3397E-02
   99.00      0.3062E-02
   100.0      0.2745E-02
   101.0      0.2462E-02
   102.0      0.2212E-02
   103.0      0.1983E-02
   104.0      0.1768E-02
   105.0      0.1561E-02
   106.0      0.1368E-02
   107.0      0.1199E-02
   108.0      0.1056E-02
   109.0      0.9324E-03
   110.0      0.8207E-03
   111.0      0.7210E-03
   112.0      0.6372E-03
   113.0      0.5731E-03
   114.0      0.5296E-03
   115.0      0.5006E-03
   116.0      0.4759E-03
   117.0      0.4502E-03
   118.0      0.4276E-03
   119.0      0.4132E-03
   120.0      0.4080E-03
   121.0      0.4096E-03
   122.0      0.4117E-03
   123.0      0.4070E-03
   124.0      0.3939E-03
   125.0      0.3782E-03
   126.0      0.3645E-03
   127.0      0.3523E-03
   128.0      0.3399E-03
   129.0      0.3251E-03
   130.0      0.3054E-03
   131.0      0.2822E-03
   132.0      0.2604E-03
   133.0      0.2419E-03
   134.0      0.2240E-03
   135.0      0.2051E-03
   136.0      0.1863E-03
   137.0      0.1682E-03
   138.0      0.1521E-03
   139.0      0.1407E-03
   140.0      0.1328E-03
   141.0      0.1238E-03
   142.0      0.1128E-03
   143.0      0.1028E-03
   144.0      0.9566E-04
   145.0      0.9160E-04
   146.0      0.9111E-04
   147.0      0.9187E-04
   148.0      0.8930E-04
   149.0      0.8347E-04
   150.0      0.7904E-04
   151.0      0.7775E-04
   152.0      0.7823E-04
   153.0      0.8014E-04
   154.0      0.8203E-04
   155.0      0.8033E-04
   156.0      0.7565E-04
   157.0      0.7293E-04
   158.0      0.7328E-04
   159.0      0.7382E-04
   160.0      0.7431E-04
   161.0      0.7510E-04
   162.0      0.7332E-04
   163.0      0.6871E-04
   164.0      0.6595E-04
   165.0      0.6601E-04
   166.0      0.6496E-04
   167.0      0.6275E-04
   168.0      0.6198E-04
   169.0      0.6031E-04
   170.0      0.5547E-04
   171.0      0.5158E-04
   172.0      0.5118E-04
   173.0      0.5057E-04
   174.0      0.4912E-04
   175.0      0.4996E-04
   176.0      0.5015E-04
   177.0      0.4587E-04
   178.0      0.4356E-04
   179.0      0.4887E-04
   180.0      0.5328E-04
 END
