# 178 angles,  1 tensor ranks for 0=projectile
@subtitle   "20O + d inelastic scattering;"                                                 
@legend ON
@legend x1 0.2
@legend y1 0.8
@g0 type LOGY
@yaxis ticklabel format power
@legend string   0 "Lab energy =   70.0000"
#legend string   0 "Partition=  1 Excit=  1 near/far= 1"
#  Theta       sigma       iT11        T20         T21         T22         Kyy for projectile
   3.000      0.2959E+05
   4.000      0.1224E+05
   5.000       8294.    
   6.000       6616.    
   7.000       5381.    
   8.000       4267.    
   9.000       3248.    
   10.00       2352.    
   11.00       1606.    
   12.00       1020.    
   13.00       589.0    
   14.00       298.0    
   15.00       123.2    
   16.00       37.54    
   17.00       14.36    
   18.00       29.55    
   19.00       63.38    
   20.00       101.2    
   21.00       133.4    
   22.00       154.7    
   23.00       163.6    
   24.00       161.0    
   25.00       149.2    
   26.00       131.4    
   27.00       110.8    
   28.00       89.92    
   29.00       70.88    
   30.00       54.91    
   31.00       42.57    
   32.00       33.85    
   33.00       28.30    
   34.00       25.28    
   35.00       24.03    
   36.00       23.82    
   37.00       24.03    
   38.00       24.20    
   39.00       24.03    
   40.00       23.35    
   41.00       22.15    
   42.00       20.49    
   43.00       18.48    
   44.00       16.28    
   45.00       14.03    
   46.00       11.85    
   47.00       9.856    
   48.00       8.098    
   49.00       6.613    
   50.00       5.404    
   51.00       4.455    
   52.00       3.734    
   53.00       3.200    
   54.00       2.810    
   55.00       2.525    
   56.00       2.309    
   57.00       2.133    
   58.00       1.978    
   59.00       1.829    
   60.00       1.679    
   61.00       1.525    
   62.00       1.368    
   63.00       1.210    
   64.00       1.055    
   65.00      0.9079    
   66.00      0.7710    
   67.00      0.6475    
   68.00      0.5388    
   69.00      0.4457    
   70.00      0.3678    
   71.00      0.3040    
   72.00      0.2529    
   73.00      0.2127    
   74.00      0.1814    
   75.00      0.1573    
   76.00      0.1385    
   77.00      0.1237    
   78.00      0.1117    
   79.00      0.1014    
   80.00      0.9240E-01
   81.00      0.8407E-01
   82.00      0.7618E-01
   83.00      0.6861E-01
   84.00      0.6131E-01
   85.00      0.5431E-01
   86.00      0.4768E-01
   87.00      0.4148E-01
   88.00      0.3576E-01
   89.00      0.3059E-01
   90.00      0.2598E-01
   91.00      0.2194E-01
   92.00      0.1845E-01
   93.00      0.1550E-01
   94.00      0.1302E-01
   95.00      0.1097E-01
   96.00      0.9302E-02
   97.00      0.7951E-02
   98.00      0.6867E-02
   99.00      0.6000E-02
   100.0      0.5307E-02
   101.0      0.4748E-02
   102.0      0.4293E-02
   103.0      0.3915E-02
   104.0      0.3594E-02
   105.0      0.3313E-02
   106.0      0.3062E-02
   107.0      0.2832E-02
   108.0      0.2617E-02
   109.0      0.2413E-02
   110.0      0.2219E-02
   111.0      0.2033E-02
   112.0      0.1856E-02
   113.0      0.1687E-02
   114.0      0.1526E-02
   115.0      0.1375E-02
   116.0      0.1233E-02
   117.0      0.1102E-02
   118.0      0.9812E-03
   119.0      0.8710E-03
   120.0      0.7715E-03
   121.0      0.6824E-03
   122.0      0.6034E-03
   123.0      0.5340E-03
   124.0      0.4737E-03
   125.0      0.4217E-03
   126.0      0.3773E-03
   127.0      0.3398E-03
   128.0      0.3084E-03
   129.0      0.2821E-03
   130.0      0.2604E-03
   131.0      0.2424E-03
   132.0      0.2274E-03
   133.0      0.2148E-03
   134.0      0.2041E-03
   135.0      0.1946E-03
   136.0      0.1861E-03
   137.0      0.1781E-03
   138.0      0.1705E-03
   139.0      0.1628E-03
   140.0      0.1552E-03
   141.0      0.1473E-03
   142.0      0.1393E-03
   143.0      0.1311E-03
   144.0      0.1227E-03
   145.0      0.1142E-03
   146.0      0.1058E-03
   147.0      0.9739E-04
   148.0      0.8921E-04
   149.0      0.8133E-04
   150.0      0.7385E-04
   151.0      0.6687E-04
   152.0      0.6046E-04
   153.0      0.5469E-04
   154.0      0.4961E-04
   155.0      0.4523E-04
   156.0      0.4157E-04
   157.0      0.3862E-04
   158.0      0.3634E-04
   159.0      0.3467E-04
   160.0      0.3356E-04
   161.0      0.3293E-04
   162.0      0.3270E-04
   163.0      0.3277E-04
   164.0      0.3307E-04
   165.0      0.3350E-04
   166.0      0.3399E-04
   167.0      0.3447E-04
   168.0      0.3490E-04
   169.0      0.3523E-04
   170.0      0.3543E-04
   171.0      0.3551E-04
   172.0      0.3547E-04
   173.0      0.3531E-04
   174.0      0.3508E-04
   175.0      0.3480E-04
   176.0      0.3451E-04
   177.0      0.3424E-04
   178.0      0.3403E-04
   179.0      0.3388E-04
   180.0      0.3383E-04
 END
