# 178 angles,  1 tensor ranks for 0=projectile
@subtitle   "p+O20 with CH89;"                                                              
@legend ON
@legend x1 0.2
@legend y1 0.8
@g0 type LOGY
@yaxis ticklabel format power
@legend string   0 "Lab energy =   35.0000"
#legend string   0 "Partition=  1 Excit=  1 near/far= 1"
#  Theta       sigma       iT11        T20         T21         T22         Kyy for projectile
   3.000      0.1331E+06
   4.000      0.3786E+05
   5.000      0.1403E+05
   6.000       6335.    
   7.000       3425.    
   8.000       2196.    
   9.000       1627.    
   10.00       1338.    
   11.00       1173.    
   12.00       1065.    
   13.00       981.9    
   14.00       910.1    
   15.00       843.0    
   16.00       777.8    
   17.00       713.8    
   18.00       650.8    
   19.00       589.2    
   20.00       529.5    
   21.00       472.3    
   22.00       418.0    
   23.00       367.0    
   24.00       319.6    
   25.00       275.9    
   26.00       236.1    
   27.00       200.1    
   28.00       167.9    
   29.00       139.5    
   30.00       114.6    
   31.00       92.98    
   32.00       74.48    
   33.00       58.82    
   34.00       45.74    
   35.00       34.97    
   36.00       26.23    
   37.00       19.28    
   38.00       13.87    
   39.00       9.765    
   40.00       6.751    
   41.00       4.635    
   42.00       3.242    
   43.00       2.417    
   44.00       2.026    
   45.00       1.954    
   46.00       2.103    
   47.00       2.392    
   48.00       2.759    
   49.00       3.150    
   50.00       3.529    
   51.00       3.865    
   52.00       4.142    
   53.00       4.347    
   54.00       4.476    
   55.00       4.527    
   56.00       4.505    
   57.00       4.416    
   58.00       4.268    
   59.00       4.070    
   60.00       3.832    
   61.00       3.564    
   62.00       3.275    
   63.00       2.974    
   64.00       2.670    
   65.00       2.369    
   66.00       2.077    
   67.00       1.799    
   68.00       1.538    
   69.00       1.298    
   70.00       1.081    
   71.00      0.8866    
   72.00      0.7162    
   73.00      0.5690    
   74.00      0.4445    
   75.00      0.3413    
   76.00      0.2578    
   77.00      0.1924    
   78.00      0.1431    
   79.00      0.1080    
   80.00      0.8513E-01
   81.00      0.7251E-01
   82.00      0.6833E-01
   83.00      0.7086E-01
   84.00      0.7853E-01
   85.00      0.8991E-01
   86.00      0.1037    
   87.00      0.1189    
   88.00      0.1345    
   89.00      0.1497    
   90.00      0.1639    
   91.00      0.1767    
   92.00      0.1877    
   93.00      0.1967    
   94.00      0.2035    
   95.00      0.2080    
   96.00      0.2104    
   97.00      0.2107    
   98.00      0.2089    
   99.00      0.2054    
   100.0      0.2002    
   101.0      0.1936    
   102.0      0.1858    
   103.0      0.1770    
   104.0      0.1675    
   105.0      0.1573    
   106.0      0.1469    
   107.0      0.1362    
   108.0      0.1255    
   109.0      0.1149    
   110.0      0.1045    
   111.0      0.9448E-01
   112.0      0.8489E-01
   113.0      0.7582E-01
   114.0      0.6730E-01
   115.0      0.5938E-01
   116.0      0.5208E-01
   117.0      0.4541E-01
   118.0      0.3938E-01
   119.0      0.3398E-01
   120.0      0.2919E-01
   121.0      0.2498E-01
   122.0      0.2133E-01
   123.0      0.1821E-01
   124.0      0.1557E-01
   125.0      0.1338E-01
   126.0      0.1160E-01
   127.0      0.1019E-01
   128.0      0.9112E-02
   129.0      0.8323E-02
   130.0      0.7786E-02
   131.0      0.7466E-02
   132.0      0.7331E-02
   133.0      0.7348E-02
   134.0      0.7488E-02
   135.0      0.7726E-02
   136.0      0.8037E-02
   137.0      0.8399E-02
   138.0      0.8796E-02
   139.0      0.9208E-02
   140.0      0.9624E-02
   141.0      0.1003E-01
   142.0      0.1042E-01
   143.0      0.1078E-01
   144.0      0.1111E-01
   145.0      0.1140E-01
   146.0      0.1165E-01
   147.0      0.1186E-01
   148.0      0.1202E-01
   149.0      0.1214E-01
   150.0      0.1222E-01
   151.0      0.1225E-01
   152.0      0.1225E-01
   153.0      0.1221E-01
   154.0      0.1214E-01
   155.0      0.1204E-01
   156.0      0.1191E-01
   157.0      0.1176E-01
   158.0      0.1158E-01
   159.0      0.1140E-01
   160.0      0.1119E-01
   161.0      0.1098E-01
   162.0      0.1076E-01
   163.0      0.1054E-01
   164.0      0.1031E-01
   165.0      0.1009E-01
   166.0      0.9869E-02
   167.0      0.9656E-02
   168.0      0.9451E-02
   169.0      0.9256E-02
   170.0      0.9073E-02
   171.0      0.8904E-02
   172.0      0.8748E-02
   173.0      0.8609E-02
   174.0      0.8486E-02
   175.0      0.8380E-02
   176.0      0.8293E-02
   177.0      0.8225E-02
   178.0      0.8176E-02
   179.0      0.8146E-02
   180.0      0.8136E-02
 END
