           2           1           1
    0.0-     1 1   1.753       0.000      0.1472E-01   1.739    
    1.0+     0 1   5.250       0.000      0.3793E-01   5.212    
    1.0+     2 2   5.274       0.000      0.4608E-01   5.228    
    1.0-     1 1   5.258       0.000      0.4116E-01   5.217    
    2.0+     2 1   8.782       0.000      0.6735E-01   8.714    
    2.0-     1 1   8.755       0.000      0.5732E-01   8.698    
    2.0-     3 2   8.821       0.000      0.7815E-01   8.743    
    3.0+     2 1   12.28       0.000      0.7067E-01   12.21    
    3.0+     4 2   12.41       0.000      0.1088       12.30    
    3.0-     3 1   12.33       0.000      0.9124E-01   12.24    
    4.0+     4 1   15.93       0.000      0.1117       15.82    
    4.0-     3 1   15.83       0.000      0.7841E-01   15.75    
    4.0-     5 2   16.05       0.000      0.1339       15.92    
    5.0+     4 1   19.43       0.000      0.8091E-01   19.35    
    5.0+     6 2   19.78       0.000      0.1503       19.63    
    5.0-     5 1   19.57       0.000      0.1261       19.45    
    6.0+     6 1   23.32       0.000      0.1323       23.19    
    6.0-     5 1   23.07       0.000      0.7861E-01   22.99    
    6.0-     7 2   23.53       0.000      0.1521       23.38    
    7.0+     6 1   26.83       0.000      0.7202E-01   26.76    
    7.0+     8 2   27.48       0.000      0.1329       27.35    
    7.0-     7 1   27.09       0.000      0.1278       26.97    
    8.0+     8 1   31.04       0.000      0.1053       30.93    
    8.0-     7 1   30.64       0.000      0.6251E-01   30.58    
    8.0-     9 2   31.09       0.000      0.1610       30.93    
    9.0+     8 1   34.54       0.000      0.4698E-01   34.49    
    9.0+    10 2   32.06       0.000      0.2513       31.80    
    9.0-     9 1   34.97       0.000      0.1142       34.85    
   10.0+    10 1   36.40       0.000      0.1764       36.22    
   10.0-     9 1   38.75       0.000      0.4486E-01   38.70    
   10.0-    11 2   28.91       0.000      0.3120       28.59    
   11.0+    10 1   40.91       0.000      0.7033E-01   40.84    
   11.0+    12 2   22.84       0.000      0.2939       22.54    
   11.0-    11 1   33.06       0.000      0.2248       32.83    
   12.0+    12 1   26.04       0.000      0.2151       25.83    
   12.0-    11 1   37.66       0.000      0.9729E-01   37.57    
   12.0-    13 2   16.27       0.000      0.2251       16.04    
   13.0+    12 1   29.69       0.000      0.9925E-01   29.59    
   13.0+    14 2   10.80       0.000      0.1501       10.65    
   13.0-    13 1   18.35       0.000      0.1649       18.19    
   14.0+    14 1   12.02       0.000      0.1092       11.91    
   14.0-    13 1   20.72       0.000      0.7850E-01   20.64    
   14.0-    15 2   6.857       0.000      0.9158E-01   6.766    
   15.0+    14 1   13.38       0.000      0.5262E-01   13.32    
   15.0+    16 2   4.239       0.000      0.5289E-01   4.186    
   15.0-    15 1   7.535       0.000      0.6604E-01   7.469    
   16.0+    16 1   4.606       0.000      0.3780E-01   4.568    
   16.0-    15 1   8.270       0.000      0.3196E-01   8.238    
   16.0-    17 2   2.576       0.000      0.2952E-01   2.547    
   17.0+    16 1   4.995       0.000      0.1828E-01   4.977    
   17.0+    18 2   1.548       0.000      0.1612E-01   1.532    
   17.0-    17 1   2.773       0.000      0.2091E-01   2.752    
   18.0+    18 1   1.655       0.000      0.1133E-01   1.643    
   18.0-    17 1   2.979       0.000      0.1008E-01   2.969    
   18.0-    19 2  0.9238       0.000      0.8691E-02  0.9151    
   19.0+    18 1   1.764       0.000      0.5429E-02   1.759    
   19.0+    20 2  0.5480       0.000      0.4646E-02  0.5433    
   19.0-    19 1  0.9811       0.000      0.6063E-02  0.9751    
   20.0+    20 1  0.5792       0.000      0.3218E-02  0.5760    
   20.0-    19 1   1.040       0.000      0.2881E-02   1.037    
   20.0-    21 2  0.3236       0.000      0.2470E-02  0.3212    
   21.0+    20 1  0.6109       0.000      0.1516E-02  0.6094    
   21.0+    22 2  0.1905       0.000      0.1309E-02  0.1891    
   21.0-    21 1  0.3407       0.000      0.1700E-02  0.3390    
   22.0+    22 1  0.1998       0.000      0.8957E-03  0.1989    
   22.0-    21 1  0.3580       0.000      0.7932E-03  0.3572    
   22.0-    23 2  0.1117       0.000      0.6923E-03  0.1110    
   23.0+    22 1  0.2093       0.000      0.4140E-03  0.2089    
   23.0+    24 2  0.6537E-01   0.000      0.3656E-03  0.6500E-01
   23.0-    23 1  0.1169       0.000      0.4712E-03  0.1164    
   24.0+    24 1  0.6824E-01   0.000      0.2476E-03  0.6799E-01
   24.0-    23 1  0.1221       0.000      0.2158E-03  0.1219    
   24.0-    25 2  0.3815E-01   0.000      0.1930E-03  0.3795E-01
   25.0+    24 1  0.7112E-01   0.000      0.1124E-03  0.7100E-01
   25.0+    26 2  0.2221E-01   0.000      0.1018E-03  0.2211E-01
   25.0-    25 1  0.3974E-01   0.000      0.1301E-03  0.3961E-01
   26.0+    26 1  0.2310E-01   0.000      0.6837E-04  0.2303E-01
   26.0-    25 1  0.4134E-01   0.000      0.5857E-04  0.4128E-01
   26.0-    27 2  0.1291E-01   0.000      0.5370E-04  0.1286E-01
   27.0+    26 1  0.2399E-01   0.000      0.3054E-04  0.2396E-01
   27.0+    28 2  0.7488E-02   0.000      0.2832E-04  0.7459E-02
   27.0-    27 1  0.1340E-01   0.000      0.3593E-04  0.1337E-01
   28.0+    28 1  0.7762E-02   0.000      0.1888E-04  0.7743E-02
   28.0-    27 1  0.1390E-01   0.000      0.1593E-04  0.1388E-01
   28.0-    29 2  0.4336E-02   0.000      0.1493E-04  0.4321E-02
   29.0+    28 1  0.8037E-02   0.000      0.8316E-05  0.8029E-02
   29.0+    30 2  0.2506E-02   0.000      0.7876E-05  0.2498E-02
   29.0-    29 1  0.4489E-02   0.000      0.9928E-05  0.4479E-02
   30.0+    30 1  0.2592E-02   0.000      0.5220E-05  0.2586E-02
   30.0-    29 1  0.4642E-02   0.000      0.4345E-05  0.4637E-02
   30.0-    31 2  0.1447E-02   0.000      0.4154E-05  0.1443E-02
   31.0+    30 1  0.2677E-02   0.000      0.2271E-05  0.2675E-02
   31.0+    32 2  0.8338E-03   0.000      0.2191E-05  0.8316E-03
   31.0-    31 1  0.1494E-02   0.000      0.2746E-05  0.1491E-02
   32.0+    32 1  0.8604E-03   0.000      0.1445E-05  0.8589E-03
   32.0-    31 1  0.1542E-02   0.000      0.1188E-05  0.1541E-02
   32.0-    33 2  0.4800E-03   0.000      0.1156E-05  0.4788E-03
   33.0+    32 1  0.8869E-03   0.000      0.6218E-06  0.8863E-03
   33.0+    34 2  0.2759E-03   0.000      0.6096E-06  0.2753E-03
   33.0-    33 1  0.4948E-03   0.000      0.7602E-06  0.4940E-03
   34.0+    34 1  0.2842E-03   0.000      0.4002E-06  0.2838E-03
   34.0-    33 1  0.5095E-03   0.000      0.3256E-06  0.5092E-03
   34.0-    35 2  0.1584E-03   0.000      0.3216E-06  0.1581E-03
   35.0+    34 1  0.2924E-03   0.000      0.1706E-06  0.2922E-03
   35.0+    36 2  0.9087E-04   0.000      0.1697E-06  0.9070E-04
   35.0-    35 1  0.1630E-03   0.000      0.2107E-06  0.1628E-03
   36.0+    36 1  0.9343E-04   0.000      0.1109E-06  0.9332E-04
   36.0-    35 1  0.1676E-03   0.000      0.8944E-07  0.1675E-03
   36.0-    37 2  0.5206E-04   0.000      0.8953E-07  0.5197E-04
   37.0+    36 1  0.9599E-04   0.000      0.4691E-07  0.9595E-04
   37.0+    38 2  0.2980E-04   0.000      0.4724E-07  0.2975E-04
   37.0-    37 1  0.5349E-04   0.000      0.5843E-07  0.5343E-04
   38.0+    38 1  0.3059E-04   0.000      0.3078E-07  0.3056E-04
   38.0-    37 1  0.5492E-04   0.000      0.2461E-07  0.5489E-04
   38.0-    39 2  0.1704E-04   0.000      0.2493E-07  0.1701E-04
   39.0+    38 1  0.3139E-04   0.000      0.1292E-07  0.3137E-04
   39.0+    40 2  0.9734E-05   0.000      0.1316E-07  0.9720E-05
   39.0-    39 1  0.1748E-04   0.000      0.1621E-07  0.1746E-04
   40.0+    40 1  0.9980E-05   0.000      0.8544E-08  0.9971E-05
   40.0-    39 1  0.1792E-04   0.000      0.6781E-08  0.1792E-04
   40.0-    41 2  0.5556E-05   0.000      0.6944E-08  0.5549E-05
   41.0+    40 1  0.1023E-04   0.000      0.3561E-08  0.1022E-04
   41.0+    42 2  0.3168E-05   0.000      0.3665E-08  0.3165E-05
   41.0-    41 1  0.5693E-05   0.000      0.4503E-08  0.5688E-05
   42.0+    42 1  0.3245E-05   0.000      0.2374E-08  0.3242E-05
   42.0-    41 1  0.5830E-05   0.000      0.1871E-08  0.5828E-05
   42.0-    43 2  0.1805E-05   0.000      0.1935E-08  0.1803E-05
   43.0+    42 1  0.3321E-05   0.000      0.9833E-09  0.3320E-05
   43.0+    44 2  0.1028E-05   0.000      0.1021E-08  0.1027E-05
   43.0-    43 1  0.1848E-05   0.000      0.1251E-08  0.1847E-05
   44.0+    44 1  0.1052E-05   0.000      0.6598E-09  0.1051E-05
   44.0-    43 1  0.1890E-05   0.000      0.5169E-09  0.1890E-05
   44.0-    45 2  0.5849E-06   0.000      0.5392E-09  0.5843E-06
   45.0+    44 1  0.1075E-05   0.000      0.2718E-09  0.1075E-05
   45.0+    46 2  0.3325E-06   0.000      0.2847E-09  0.3323E-06
   45.0-    45 1  0.5980E-06   0.000      0.3479E-09  0.5977E-06
   46.0+    46 1  0.3399E-06   0.000      0.1834E-09  0.3397E-06
   46.0-    45 1  0.6112E-06   0.000      0.1430E-09  0.6110E-06
   46.0-    47 2  0.1889E-06   0.000      0.1503E-09  0.1888E-06
   47.0+    46 1  0.3472E-06   0.000      0.7520E-10  0.3471E-06
   47.0+    48 2  0.1073E-06   0.000      0.7934E-10  0.1072E-06
   47.0-    47 1  0.1930E-06   0.000      0.9674E-10  0.1929E-06
   48.0+    48 1  0.1095E-06   0.000      0.5102E-10  0.1095E-06
   48.0-    47 1  0.1971E-06   0.000      0.3956E-10  0.1970E-06
   48.0-    49 2  0.6088E-07   0.000      0.4189E-10  0.6084E-07
   49.0+    48 1  0.1118E-06   0.000      0.2082E-10  0.1118E-06
   49.0+    50 2  0.3453E-07   0.000      0.2211E-10  0.3450E-07
   49.0-    49 1  0.6214E-07   0.000      0.2691E-10  0.6211E-07
   50.0+    50 1  0.3522E-07   0.000      0.1419E-10  0.3521E-07
   50.0-    49 1  0.6339E-07   0.000      0.1096E-10  0.6338E-07
   50.0-    51 2  0.1957E-07   0.000      0.1167E-10  0.1956E-07
   51.0+    50 1  0.3592E-07   0.000      0.5766E-11  0.3592E-07
   51.0+    52 2  0.1109E-07   0.000      0.6164E-11  0.1108E-07
   51.0-    51 1  0.1996E-07   0.000      0.7485E-11  0.1995E-07
   52.0+    52 1  0.1130E-07   0.000      0.3949E-11  0.1130E-07
   52.0-    51 1  0.2034E-07   0.000      0.3035E-11  0.2034E-07
   52.0-    53 2  0.6276E-08   0.000      0.3255E-11  0.6273E-08
   53.0+    52 1  0.1152E-07   0.000      0.1598E-11  0.1151E-07
   53.0+    54 2  0.3552E-08   0.000      0.1719E-11  0.3550E-08
   53.0-    53 1  0.6397E-08   0.000      0.2083E-11  0.6394E-08
   54.0+    54 1  0.3617E-08   0.000      0.1099E-11  0.3616E-08
   54.0-    53 1  0.6515E-08   0.000      0.8416E-12  0.6515E-08
   54.0-    55 2  0.2008E-08   0.000      0.9078E-12  0.2008E-08
   55.0+    54 1  0.3684E-08   0.000      0.4433E-12  0.3684E-08
   55.0+    56 2  0.1135E-08   0.000      0.4793E-12  0.1134E-08
   55.0-    55 1  0.2046E-08   0.000      0.5800E-12  0.2045E-08
   56.0+    56 1  0.1156E-08   0.000      0.3060E-12  0.1155E-08
   56.0-    55 1  0.2083E-08   0.000      0.2335E-12  0.2083E-08
   56.0-    57 2  0.6417E-09   0.000      0.2531E-12  0.6415E-09
   57.0+    56 1  0.1177E-08   0.000      0.1230E-12  0.1177E-08
   57.0+    58 2  0.3626E-09   0.000      0.1336E-12  0.3624E-09
   57.0-    57 1  0.6527E-09   0.000      0.1615E-12  0.6525E-09
   58.0+    58 1  0.3683E-09   0.000      0.8521E-13  0.3682E-09
   58.0-    57 1  0.6652E-09   0.000      0.6480E-13  0.6651E-09
   58.0-    59 2  0.2046E-09   0.000      0.7058E-13  0.2046E-09
   59.0+    58 1  0.3750E-09   0.000      0.3414E-13  0.3749E-09
   59.0+    60 2  0.1159E-09   0.000      0.3727E-13  0.1159E-09
   59.0-    59 1  0.2082E-09   0.000      0.4496E-13  0.2081E-09
   60.0+    60 1  0.1180E-09   0.000      0.2373E-13  0.1180E-09
   60.0-    59 1  0.2111E-09   0.000      0.1799E-13  0.2111E-09
   60.0-    61 2  0.6519E-10   0.000      0.1969E-13  0.6517E-10
