# Fusion cross sections for ELAB=  70.000, ECM=  63.596
     0.0   1.738       1.753      0.1477E-01
     1.0   15.65       15.78      0.1256    
     2.0   26.15       26.35      0.2034    
     3.0   36.74       37.01      0.2715    
     4.0   47.47       47.80      0.3248    
     5.0   58.42       58.78      0.3581    
     6.0   69.55       69.92      0.3637    
     7.0   81.07       81.40      0.3330    
     8.0   92.44       92.77      0.3287    
     9.0   101.2       101.6      0.4121    
    10.0   103.6       104.1      0.5328    
    11.0   96.27       96.86      0.5888    
    12.0   79.51       80.04      0.5374    
    13.0   58.49       58.91      0.4142    
    14.0   39.36       39.64      0.2793    
    15.0   25.01       25.18      0.1716    
    16.0   15.37       15.47      0.9927E-01
    17.0   9.274       9.330      0.5532E-01
    18.0   5.535       5.565      0.3010E-01
    19.0   3.282       3.298      0.1614E-01
    20.0   1.937       1.946      0.8570E-02
    21.0   1.139       1.144      0.4525E-02
    22.0  0.6682      0.6706      0.2381E-02
    23.0  0.3909      0.3922      0.1251E-02
    24.0  0.2282      0.2289      0.6564E-03
    25.0  0.1329      0.1333      0.3443E-03
    26.0  0.7729E-01  0.7747E-01  0.1806E-03
    27.0  0.4485E-01  0.4495E-01  0.9478E-04
    28.0  0.2598E-01  0.2603E-01  0.4975E-04
    29.0  0.1503E-01  0.1506E-01  0.2612E-04
    30.0  0.8680E-02  0.8694E-02  0.1372E-04
    31.0  0.5006E-02  0.5013E-02  0.7208E-05
    32.0  0.2883E-02  0.2887E-02  0.3788E-05
    33.0  0.1658E-02  0.1660E-02  0.1992E-05
    34.0  0.9527E-03  0.9537E-03  0.1047E-05
    35.0  0.5467E-03  0.5472E-03  0.5510E-06
    36.0  0.3133E-03  0.3136E-03  0.2899E-06
    37.0  0.1794E-03  0.1796E-03  0.1526E-06
    38.0  0.1026E-03  0.1027E-03  0.8032E-07
    39.0  0.5866E-04  0.5870E-04  0.4229E-07
    40.0  0.3349E-04  0.3351E-04  0.2227E-07
    41.0  0.1911E-04  0.1912E-04  0.1173E-07
    42.0  0.1089E-04  0.1090E-04  0.6180E-08
    43.0  0.6204E-05  0.6207E-05  0.3256E-08
    44.0  0.3531E-05  0.3533E-05  0.1716E-08
    45.0  0.2008E-05  0.2009E-05  0.9044E-09
    46.0  0.1141E-05  0.1142E-05  0.4767E-09
    47.0  0.6483E-06  0.6485E-06  0.2513E-09
    48.0  0.3680E-06  0.3681E-06  0.1325E-09
    49.0  0.2087E-06  0.2088E-06  0.6984E-10
    50.0  0.1183E-06  0.1184E-06  0.3682E-10
    51.0  0.6706E-07  0.6708E-07  0.1942E-10
    52.0  0.3797E-07  0.3798E-07  0.1024E-10
    53.0  0.2150E-07  0.2150E-07  0.5400E-11
    54.0  0.1216E-07  0.1216E-07  0.2849E-11
    55.0  0.6876E-08  0.6878E-08  0.1503E-11
    56.0  0.3886E-08  0.3886E-08  0.7927E-12
    57.0  0.2197E-08  0.2197E-08  0.4181E-12
    58.0  0.1239E-08  0.1240E-08  0.2206E-12
    59.0  0.6998E-09  0.7000E-09  0.1164E-12
    60.0  0.3952E-09  0.3952E-09  0.6141E-13
 &
