# 178 angles,  1 tensor ranks for 0=projectile
@subtitle   "p+O20 1.with BG ;"                                                             
@legend ON
@legend x1 0.2
@legend y1 0.8
@g0 type LOGY
@yaxis ticklabel format power
@legend string   0 "Lab energy =   35.0000"
#legend string   0 "Partition=  1 Excit=  2 near/far= 1"
#  Theta       sigma       iT11        T20         T21         T22         Kyy for projectile
   3.000       15.27    
   4.000       14.96    
   5.000       14.58    
   6.000       14.13    
   7.000       13.64    
   8.000       13.12    
   9.000       12.58    
   10.00       12.04    
   11.00       11.53    
   12.00       11.04    
   13.00       10.60    
   14.00       10.21    
   15.00       9.882    
   16.00       9.619    
   17.00       9.419    
   18.00       9.278    
   19.00       9.190    
   20.00       9.145    
   21.00       9.130    
   22.00       9.133    
   23.00       9.141    
   24.00       9.140    
   25.00       9.120    
   26.00       9.070    
   27.00       8.982    
   28.00       8.852    
   29.00       8.675    
   30.00       8.451    
   31.00       8.181    
   32.00       7.867    
   33.00       7.515    
   34.00       7.129    
   35.00       6.716    
   36.00       6.283    
   37.00       5.837    
   38.00       5.385    
   39.00       4.934    
   40.00       4.492    
   41.00       4.065    
   42.00       3.659    
   43.00       3.279    
   44.00       2.931    
   45.00       2.617    
   46.00       2.339    
   47.00       2.100    
   48.00       1.900    
   49.00       1.737    
   50.00       1.611    
   51.00       1.518    
   52.00       1.455    
   53.00       1.419    
   54.00       1.405    
   55.00       1.409    
   56.00       1.426    
   57.00       1.453    
   58.00       1.486    
   59.00       1.521    
   60.00       1.556    
   61.00       1.587    
   62.00       1.613    
   63.00       1.631    
   64.00       1.642    
   65.00       1.643    
   66.00       1.635    
   67.00       1.616    
   68.00       1.588    
   69.00       1.549    
   70.00       1.502    
   71.00       1.446    
   72.00       1.383    
   73.00       1.314    
   74.00       1.240    
   75.00       1.162    
   76.00       1.081    
   77.00      0.9991    
   78.00      0.9175    
   79.00      0.8371    
   80.00      0.7589    
   81.00      0.6840    
   82.00      0.6129    
   83.00      0.5463    
   84.00      0.4846    
   85.00      0.4281    
   86.00      0.3768    
   87.00      0.3308    
   88.00      0.2902    
   89.00      0.2546    
   90.00      0.2239    
   91.00      0.1979    
   92.00      0.1762    
   93.00      0.1585    
   94.00      0.1445    
   95.00      0.1337    
   96.00      0.1258    
   97.00      0.1203    
   98.00      0.1169    
   99.00      0.1151    
   100.0      0.1147    
   101.0      0.1151    
   102.0      0.1162    
   103.0      0.1176    
   104.0      0.1191    
   105.0      0.1205    
   106.0      0.1217    
   107.0      0.1224    
   108.0      0.1227    
   109.0      0.1225    
   110.0      0.1217    
   111.0      0.1204    
   112.0      0.1184    
   113.0      0.1160    
   114.0      0.1130    
   115.0      0.1095    
   116.0      0.1055    
   117.0      0.1012    
   118.0      0.9649E-01
   119.0      0.9154E-01
   120.0      0.8639E-01
   121.0      0.8110E-01
   122.0      0.7576E-01
   123.0      0.7043E-01
   124.0      0.6517E-01
   125.0      0.6003E-01
   126.0      0.5508E-01
   127.0      0.5034E-01
   128.0      0.4585E-01
   129.0      0.4162E-01
   130.0      0.3768E-01
   131.0      0.3403E-01
   132.0      0.3066E-01
   133.0      0.2758E-01
   134.0      0.2478E-01
   135.0      0.2225E-01
   136.0      0.1999E-01
   137.0      0.1799E-01
   138.0      0.1625E-01
   139.0      0.1474E-01
   140.0      0.1348E-01
   141.0      0.1243E-01
   142.0      0.1159E-01
   143.0      0.1093E-01
   144.0      0.1044E-01
   145.0      0.1009E-01
   146.0      0.9865E-02
   147.0      0.9748E-02
   148.0      0.9721E-02
   149.0      0.9771E-02
   150.0      0.9885E-02
   151.0      0.1006E-01
   152.0      0.1027E-01
   153.0      0.1054E-01
   154.0      0.1084E-01
   155.0      0.1118E-01
   156.0      0.1155E-01
   157.0      0.1195E-01
   158.0      0.1238E-01
   159.0      0.1283E-01
   160.0      0.1330E-01
   161.0      0.1377E-01
   162.0      0.1425E-01
   163.0      0.1471E-01
   164.0      0.1517E-01
   165.0      0.1561E-01
   166.0      0.1604E-01
   167.0      0.1645E-01
   168.0      0.1684E-01
   169.0      0.1722E-01
   170.0      0.1758E-01
   171.0      0.1794E-01
   172.0      0.1828E-01
   173.0      0.1861E-01
   174.0      0.1891E-01
   175.0      0.1918E-01
   176.0      0.1941E-01
   177.0      0.1960E-01
   178.0      0.1974E-01
   179.0      0.1982E-01
   180.0      0.1985E-01
 END
