# 178 angles,  1 tensor ranks for 0=projectile
@subtitle   "20O + d 2+1 inelastic;"                                                        
@legend ON
@legend x1 0.2
@legend y1 0.8
@g0 type LOGY
@yaxis ticklabel format power
@legend string   0 "Lab energy =   70.0000"
#legend string   0 "Partition=  1 Excit=  1 near/far= 1"
#  Theta       sigma       iT11        T20         T21         T22         Kyy for projectile
   3.000      0.2726E+05
   4.000      0.1164E+05
   5.000       8313.    
   6.000       6829.    
   7.000       5609.    
   8.000       4440.    
   9.000       3350.    
   10.00       2394.    
   11.00       1608.    
   12.00       1003.    
   13.00       571.4    
   14.00       290.6    
   15.00       130.9    
   16.00       60.51    
   17.00       49.20    
   18.00       71.28    
   19.00       106.9    
   20.00       142.1    
   21.00       168.9    
   22.00       183.4    
   23.00       185.5    
   24.00       177.0    
   25.00       160.8    
   26.00       140.3    
   27.00       118.3    
   28.00       97.22    
   29.00       78.63    
   30.00       63.36    
   31.00       51.63    
   32.00       43.18    
   33.00       37.47    
   34.00       33.83    
   35.00       31.57    
   36.00       30.10    
   37.00       28.93    
   38.00       27.73    
   39.00       26.31    
   40.00       24.59    
   41.00       22.58    
   42.00       20.38    
   43.00       18.06    
   44.00       15.76    
   45.00       13.55    
   46.00       11.53    
   47.00       9.734    
   48.00       8.195    
   49.00       6.912    
   50.00       5.868    
   51.00       5.036    
   52.00       4.379    
   53.00       3.861    
   54.00       3.448    
   55.00       3.109    
   56.00       2.820    
   57.00       2.564    
   58.00       2.327    
   59.00       2.104    
   60.00       1.890    
   61.00       1.686    
   62.00       1.492    
   63.00       1.311    
   64.00       1.144    
   65.00      0.9942    
   66.00      0.8611    
   67.00      0.7453    
   68.00      0.6462    
   69.00      0.5624    
   70.00      0.4924    
   71.00      0.4341    
   72.00      0.3857    
   73.00      0.3450    
   74.00      0.3105    
   75.00      0.2806    
   76.00      0.2542    
   77.00      0.2304    
   78.00      0.2085    
   79.00      0.1881    
   80.00      0.1691    
   81.00      0.1513    
   82.00      0.1348    
   83.00      0.1195    
   84.00      0.1055    
   85.00      0.9292E-01
   86.00      0.8167E-01
   87.00      0.7174E-01
   88.00      0.6308E-01
   89.00      0.5560E-01
   90.00      0.4918E-01
   91.00      0.4371E-01
   92.00      0.3905E-01
   93.00      0.3506E-01
   94.00      0.3163E-01
   95.00      0.2865E-01
   96.00      0.2602E-01
   97.00      0.2366E-01
   98.00      0.2152E-01
   99.00      0.1955E-01
   100.0      0.1771E-01
   101.0      0.1600E-01
   102.0      0.1439E-01
   103.0      0.1290E-01
   104.0      0.1150E-01
   105.0      0.1021E-01
   106.0      0.9031E-02
   107.0      0.7960E-02
   108.0      0.6997E-02
   109.0      0.6142E-02
   110.0      0.5389E-02
   111.0      0.4733E-02
   112.0      0.4166E-02
   113.0      0.3679E-02
   114.0      0.3264E-02
   115.0      0.2911E-02
   116.0      0.2611E-02
   117.0      0.2354E-02
   118.0      0.2133E-02
   119.0      0.1941E-02
   120.0      0.1772E-02
   121.0      0.1621E-02
   122.0      0.1483E-02
   123.0      0.1357E-02
   124.0      0.1239E-02
   125.0      0.1129E-02
   126.0      0.1026E-02
   127.0      0.9279E-03
   128.0      0.8362E-03
   129.0      0.7504E-03
   130.0      0.6705E-03
   131.0      0.5969E-03
   132.0      0.5295E-03
   133.0      0.4683E-03
   134.0      0.4133E-03
   135.0      0.3642E-03
   136.0      0.3209E-03
   137.0      0.2829E-03
   138.0      0.2499E-03
   139.0      0.2213E-03
   140.0      0.1968E-03
   141.0      0.1758E-03
   142.0      0.1579E-03
   143.0      0.1427E-03
   144.0      0.1296E-03
   145.0      0.1185E-03
   146.0      0.1090E-03
   147.0      0.1007E-03
   148.0      0.9355E-04
   149.0      0.8721E-04
   150.0      0.8154E-04
   151.0      0.7640E-04
   152.0      0.7166E-04
   153.0      0.6721E-04
   154.0      0.6296E-04
   155.0      0.5885E-04
   156.0      0.5482E-04
   157.0      0.5085E-04
   158.0      0.4692E-04
   159.0      0.4305E-04
   160.0      0.3926E-04
   161.0      0.3560E-04
   162.0      0.3213E-04
   163.0      0.2893E-04
   164.0      0.2607E-04
   165.0      0.2362E-04
   166.0      0.2165E-04
   167.0      0.2021E-04
   168.0      0.1932E-04
   169.0      0.1900E-04
   170.0      0.1922E-04
   171.0      0.1992E-04
   172.0      0.2102E-04
   173.0      0.2242E-04
   174.0      0.2401E-04
   175.0      0.2565E-04
   176.0      0.2721E-04
   177.0      0.2857E-04
   178.0      0.2963E-04
   179.0      0.3029E-04
   180.0      0.3052E-04
 END
