# Fusion cross sections for ELAB=  70.000, ECM=  63.597
     0.0   1.726       1.754      0.2771E-01
     1.0   15.54       15.78      0.2456    
     2.0   26.00       26.37      0.3688    
     3.0   36.61       37.04      0.4393    
     4.0   47.39       47.85      0.4671    
     5.0   58.35       58.82      0.4729    
     6.0   69.43       69.91      0.4872    
     7.0   80.46       81.05      0.5886    
     8.0   90.81       91.63      0.8152    
     9.0   98.68       99.80       1.129    
    10.0   101.3       102.7       1.436    
    11.0   95.40       97.01       1.608    
    12.0   79.49       80.93       1.444    
    13.0   58.25       59.28       1.028    
    14.0   38.95       39.56      0.6077    
    15.0   24.76       25.06      0.3030    
    16.0   15.34       15.47      0.1319    
    17.0   9.368       9.420      0.5226E-01
    18.0   5.676       5.696      0.1932E-01
    19.0   3.422       3.428      0.6680E-02
    20.0   2.055       2.057      0.2133E-02
    21.0   1.230       1.231      0.6281E-03
    22.0  0.7341      0.7343      0.2004E-03
    23.0  0.4371      0.4372      0.1214E-03
    24.0  0.2596      0.2597      0.1357E-03
    25.0  0.1538      0.1539      0.1618E-03
    26.0  0.9089E-01  0.9107E-01  0.1788E-03
    27.0  0.5358E-01  0.5377E-01  0.1846E-03
    28.0  0.3150E-01  0.3169E-01  0.1823E-03
    29.0  0.1847E-01  0.1864E-01  0.1750E-03
    30.0  0.1078E-01  0.1095E-01  0.1650E-03
    31.0  0.6267E-02  0.6421E-02  0.1541E-03
    32.0  0.3617E-02  0.3760E-02  0.1430E-03
    33.0  0.2067E-02  0.2199E-02  0.1323E-03
    34.0  0.1162E-02  0.1284E-02  0.1223E-03
    35.0  0.6362E-03  0.7492E-03  0.1130E-03
    36.0  0.3321E-03  0.4365E-03  0.1045E-03
    37.0  0.1573E-03  0.2541E-03  0.9674E-04
    38.0  0.5804E-04  0.1477E-03  0.8968E-04
    39.0  0.2535E-05  0.8581E-04  0.8327E-04
    40.0 -0.2763E-04  0.4979E-04  0.7742E-04
    41.0 -0.4324E-04  0.2887E-04  0.7211E-04
    42.0 -0.5052E-04  0.1672E-04  0.6724E-04
    43.0 -0.5312E-04  0.9680E-05  0.6280E-04
    44.0 -0.5314E-04  0.5598E-05  0.5874E-04
    45.0 -0.5177E-04  0.3236E-05  0.5500E-04
    46.0 -0.4971E-04  0.1869E-05  0.5158E-04
    47.0 -0.4734E-04  0.1078E-05  0.4842E-04
    48.0 -0.4489E-04  0.6220E-06  0.4551E-04
    49.0 -0.4246E-04  0.3585E-06  0.4282E-04
    50.0 -0.4012E-04  0.2065E-06  0.4033E-04
 &
