# 178 angles,  1 tensor ranks for 0=projectile
@subtitle   "p+O20 with CH89;"                                                              
@legend ON
@legend x1 0.2
@legend y1 0.8
@g0 type LOGY
@yaxis ticklabel format power
@legend string   0 "Lab energy =   35.0000"
#legend string   0 "Partition=  1 Excit=  1 near/far= 1"
#  Theta       sigma       iT11        T20         T21         T22         Kyy for projectile
   3.000      0.1292E+06
   4.000      0.3652E+05
   5.000      0.1372E+05
   6.000       6513.    
   7.000       3849.    
   8.000       2745.    
   9.000       2235.    
   10.00       1967.    
   11.00       1800.    
   12.00       1673.    
   13.00       1563.    
   14.00       1458.    
   15.00       1353.    
   16.00       1248.    
   17.00       1144.    
   18.00       1041.    
   19.00       940.1    
   20.00       842.7    
   21.00       749.5    
   22.00       661.5    
   23.00       579.1    
   24.00       502.9    
   25.00       433.0    
   26.00       369.7    
   27.00       312.8    
   28.00       262.3    
   29.00       217.8    
   30.00       179.2    
   31.00       146.1    
   32.00       117.9    
   33.00       94.40    
   34.00       75.01    
   35.00       59.30    
   36.00       46.83    
   37.00       37.16    
   38.00       29.87    
   39.00       24.58    
   40.00       20.93    
   41.00       18.59    
   42.00       17.28    
   43.00       16.74    
   44.00       16.75    
   45.00       17.14    
   46.00       17.73    
   47.00       18.42    
   48.00       19.09    
   49.00       19.68    
   50.00       20.14    
   51.00       20.42    
   52.00       20.51    
   53.00       20.40    
   54.00       20.10    
   55.00       19.61    
   56.00       18.96    
   57.00       18.16    
   58.00       17.25    
   59.00       16.24    
   60.00       15.16    
   61.00       14.04    
   62.00       12.90    
   63.00       11.76    
   64.00       10.64    
   65.00       9.550    
   66.00       8.511    
   67.00       7.531    
   68.00       6.618    
   69.00       5.777    
   70.00       5.012    
   71.00       4.325    
   72.00       3.714    
   73.00       3.179    
   74.00       2.716    
   75.00       2.321    
   76.00       1.989    
   77.00       1.714    
   78.00       1.492    
   79.00       1.316    
   80.00       1.180    
   81.00       1.078    
   82.00       1.006    
   83.00      0.9575    
   84.00      0.9282    
   85.00      0.9138    
   86.00      0.9102    
   87.00      0.9141    
   88.00      0.9224    
   89.00      0.9327    
   90.00      0.9429    
   91.00      0.9514    
   92.00      0.9567    
   93.00      0.9581    
   94.00      0.9548    
   95.00      0.9465    
   96.00      0.9332    
   97.00      0.9147    
   98.00      0.8915    
   99.00      0.8638    
   100.0      0.8322    
   101.0      0.7970    
   102.0      0.7591    
   103.0      0.7188    
   104.0      0.6769    
   105.0      0.6338    
   106.0      0.5903    
   107.0      0.5468    
   108.0      0.5039    
   109.0      0.4619    
   110.0      0.4212    
   111.0      0.3823    
   112.0      0.3453    
   113.0      0.3105    
   114.0      0.2781    
   115.0      0.2481    
   116.0      0.2207    
   117.0      0.1959    
   118.0      0.1736    
   119.0      0.1539    
   120.0      0.1366    
   121.0      0.1216    
   122.0      0.1088    
   123.0      0.9813E-01
   124.0      0.8933E-01
   125.0      0.8226E-01
   126.0      0.7676E-01
   127.0      0.7264E-01
   128.0      0.6974E-01
   129.0      0.6788E-01
   130.0      0.6691E-01
   131.0      0.6666E-01
   132.0      0.6699E-01
   133.0      0.6777E-01
   134.0      0.6886E-01
   135.0      0.7017E-01
   136.0      0.7160E-01
   137.0      0.7307E-01
   138.0      0.7451E-01
   139.0      0.7586E-01
   140.0      0.7708E-01
   141.0      0.7815E-01
   142.0      0.7905E-01
   143.0      0.7977E-01
   144.0      0.8031E-01
   145.0      0.8069E-01
   146.0      0.8092E-01
   147.0      0.8103E-01
   148.0      0.8105E-01
   149.0      0.8101E-01
   150.0      0.8094E-01
   151.0      0.8089E-01
   152.0      0.8087E-01
   153.0      0.8094E-01
   154.0      0.8112E-01
   155.0      0.8143E-01
   156.0      0.8190E-01
   157.0      0.8256E-01
   158.0      0.8341E-01
   159.0      0.8446E-01
   160.0      0.8571E-01
   161.0      0.8717E-01
   162.0      0.8882E-01
   163.0      0.9065E-01
   164.0      0.9264E-01
   165.0      0.9476E-01
   166.0      0.9698E-01
   167.0      0.9928E-01
   168.0      0.1016    
   169.0      0.1040    
   170.0      0.1063    
   171.0      0.1085    
   172.0      0.1106    
   173.0      0.1126    
   174.0      0.1143    
   175.0      0.1159    
   176.0      0.1172    
   177.0      0.1183    
   178.0      0.1190    
   179.0      0.1195    
   180.0      0.1197    
 END
