# 181 angles,  1 tensor ranks for 0=projectile
@subtitle   "p+O20 1st ex with BG ;"                                                        
@legend ON
@legend x1 0.2
@legend y1 0.8
@g0 type LOGY
@yaxis ticklabel format power
@legend string   0 "Lab energy =   35.0000"
#legend string   0 "Partition=  1 Excit=  2 near/far= 1"
#  Theta       sigma       iT11        T20         T21         T22         Kyy for projectile
   0.000       16.86    
   1.000       16.88    
   2.000       16.94    
   3.000       16.95    
   4.000       16.83    
   5.000       16.54    
   6.000       16.08    
   7.000       15.49    
   8.000       14.84    
   9.000       14.18    
   10.00       13.54    
   11.00       12.94    
   12.00       12.39    
   13.00       11.90    
   14.00       11.47    
   15.00       11.12    
   16.00       10.84    
   17.00       10.63    
   18.00       10.49    
   19.00       10.40    
   20.00       10.37    
   21.00       10.37    
   22.00       10.41    
   23.00       10.44    
   24.00       10.46    
   25.00       10.46    
   26.00       10.42    
   27.00       10.35    
   28.00       10.23    
   29.00       10.06    
   30.00       9.838    
   31.00       9.551    
   32.00       9.205    
   33.00       8.807    
   34.00       8.369    
   35.00       7.898    
   36.00       7.402    
   37.00       6.886    
   38.00       6.358    
   39.00       5.829    
   40.00       5.309    
   41.00       4.809    
   42.00       4.335    
   43.00       3.894    
   44.00       3.489    
   45.00       3.124    
   46.00       2.802    
   47.00       2.523    
   48.00       2.290    
   49.00       2.099    
   50.00       1.948    
   51.00       1.835    
   52.00       1.755    
   53.00       1.706    
   54.00       1.682    
   55.00       1.679    
   56.00       1.691    
   57.00       1.713    
   58.00       1.743    
   59.00       1.775    
   60.00       1.808    
   61.00       1.837    
   62.00       1.860    
   63.00       1.875    
   64.00       1.878    
   65.00       1.871    
   66.00       1.852    
   67.00       1.823    
   68.00       1.783    
   69.00       1.732    
   70.00       1.671    
   71.00       1.601    
   72.00       1.523    
   73.00       1.440    
   74.00       1.353    
   75.00       1.263    
   76.00       1.171    
   77.00       1.079    
   78.00      0.9869    
   79.00      0.8974    
   80.00      0.8113    
   81.00      0.7294    
   82.00      0.6523    
   83.00      0.5803    
   84.00      0.5138    
   85.00      0.4532    
   86.00      0.3987    
   87.00      0.3503    
   88.00      0.3079    
   89.00      0.2712    
   90.00      0.2398    
   91.00      0.2134    
   92.00      0.1918    
   93.00      0.1743    
   94.00      0.1607    
   95.00      0.1503    
   96.00      0.1427    
   97.00      0.1375    
   98.00      0.1342    
   99.00      0.1324    
   100.0      0.1318    
   101.0      0.1320    
   102.0      0.1326    
   103.0      0.1334    
   104.0      0.1343    
   105.0      0.1350    
   106.0      0.1354    
   107.0      0.1353    
   108.0      0.1346    
   109.0      0.1333    
   110.0      0.1314    
   111.0      0.1289    
   112.0      0.1259    
   113.0      0.1223    
   114.0      0.1181    
   115.0      0.1135    
   116.0      0.1085    
   117.0      0.1032    
   118.0      0.9764E-01
   119.0      0.9193E-01
   120.0      0.8614E-01
   121.0      0.8031E-01
   122.0      0.7452E-01
   123.0      0.6885E-01
   124.0      0.6335E-01
   125.0      0.5805E-01
   126.0      0.5299E-01
   127.0      0.4819E-01
   128.0      0.4370E-01
   129.0      0.3955E-01
   130.0      0.3576E-01
   131.0      0.3230E-01
   132.0      0.2917E-01
   133.0      0.2635E-01
   134.0      0.2384E-01
   135.0      0.2166E-01
   136.0      0.1980E-01
   137.0      0.1824E-01
   138.0      0.1694E-01
   139.0      0.1584E-01
   140.0      0.1494E-01
   141.0      0.1420E-01
   142.0      0.1365E-01
   143.0      0.1326E-01
   144.0      0.1302E-01
   145.0      0.1287E-01
   146.0      0.1278E-01
   147.0      0.1275E-01
   148.0      0.1277E-01
   149.0      0.1283E-01
   150.0      0.1295E-01
   151.0      0.1309E-01
   152.0      0.1324E-01
   153.0      0.1339E-01
   154.0      0.1354E-01
   155.0      0.1370E-01
   156.0      0.1386E-01
   157.0      0.1402E-01
   158.0      0.1418E-01
   159.0      0.1434E-01
   160.0      0.1451E-01
   161.0      0.1468E-01
   162.0      0.1487E-01
   163.0      0.1506E-01
   164.0      0.1524E-01
   165.0      0.1542E-01
   166.0      0.1559E-01
   167.0      0.1578E-01
   168.0      0.1599E-01
   169.0      0.1621E-01
   170.0      0.1642E-01
   171.0      0.1660E-01
   172.0      0.1676E-01
   173.0      0.1691E-01
   174.0      0.1706E-01
   175.0      0.1720E-01
   176.0      0.1734E-01
   177.0      0.1744E-01
   178.0      0.1751E-01
   179.0      0.1754E-01
   180.0      0.1754E-01
 END
