# 178 angles,  1 tensor ranks for 0=projectile
@subtitle   "p+O20 1st ex with BG ;"                                                        
@legend ON
@legend x1 0.2
@legend y1 0.8
@g0 type LOGY
@yaxis ticklabel format power
@legend string   0 "Lab energy =   35.0000"
#legend string   0 "Partition=  1 Excit=  1 near/far= 1"
#  Theta       sigma       iT11        T20         T21         T22         Kyy for projectile
   3.000      0.1291E+06
   4.000      0.3691E+05
   5.000      0.1423E+05
   6.000       7038.    
   7.000       4348.    
   8.000       3203.    
   9.000       2647.    
   10.00       2331.    
   11.00       2117.    
   12.00       1945.    
   13.00       1791.    
   14.00       1644.    
   15.00       1502.    
   16.00       1362.    
   17.00       1226.    
   18.00       1095.    
   19.00       969.6    
   20.00       851.1    
   21.00       740.4    
   22.00       638.1    
   23.00       544.6    
   24.00       460.1    
   25.00       384.6    
   26.00       318.0    
   27.00       260.0    
   28.00       210.0    
   29.00       167.7    
   30.00       132.3    
   31.00       103.3    
   32.00       79.98    
   33.00       61.65    
   34.00       47.65    
   35.00       37.34    
   36.00       30.13    
   37.00       25.44    
   38.00       22.77    
   39.00       21.65    
   40.00       21.67    
   41.00       22.50    
   42.00       23.82    
   43.00       25.39    
   44.00       27.01    
   45.00       28.54    
   46.00       29.85    
   47.00       30.87    
   48.00       31.54    
   49.00       31.84    
   50.00       31.78    
   51.00       31.36    
   52.00       30.61    
   53.00       29.56    
   54.00       28.27    
   55.00       26.77    
   56.00       25.11    
   57.00       23.33    
   58.00       21.49    
   59.00       19.62    
   60.00       17.76    
   61.00       15.94    
   62.00       14.19    
   63.00       12.52    
   64.00       10.96    
   65.00       9.523    
   66.00       8.209    
   67.00       7.025    
   68.00       5.972    
   69.00       5.048    
   70.00       4.248    
   71.00       3.567    
   72.00       2.994    
   73.00       2.523    
   74.00       2.142    
   75.00       1.841    
   76.00       1.611    
   77.00       1.440    
   78.00       1.320    
   79.00       1.241    
   80.00       1.195    
   81.00       1.174    
   82.00       1.171    
   83.00       1.181    
   84.00       1.198    
   85.00       1.218    
   86.00       1.238    
   87.00       1.254    
   88.00       1.266    
   89.00       1.270    
   90.00       1.267    
   91.00       1.255    
   92.00       1.236    
   93.00       1.208    
   94.00       1.173    
   95.00       1.131    
   96.00       1.083    
   97.00       1.030    
   98.00      0.9730    
   99.00      0.9131    
   100.0      0.8511    
   101.0      0.7881    
   102.0      0.7249    
   103.0      0.6623    
   104.0      0.6011    
   105.0      0.5419    
   106.0      0.4852    
   107.0      0.4315    
   108.0      0.3810    
   109.0      0.3342    
   110.0      0.2910    
   111.0      0.2517    
   112.0      0.2162    
   113.0      0.1846    
   114.0      0.1567    
   115.0      0.1323    
   116.0      0.1113    
   117.0      0.9358E-01
   118.0      0.7879E-01
   119.0      0.6675E-01
   120.0      0.5718E-01
   121.0      0.4984E-01
   122.0      0.4447E-01
   123.0      0.4082E-01
   124.0      0.3865E-01
   125.0      0.3772E-01
   126.0      0.3781E-01
   127.0      0.3872E-01
   128.0      0.4025E-01
   129.0      0.4223E-01
   130.0      0.4451E-01
   131.0      0.4693E-01
   132.0      0.4938E-01
   133.0      0.5176E-01
   134.0      0.5396E-01
   135.0      0.5591E-01
   136.0      0.5756E-01
   137.0      0.5884E-01
   138.0      0.5975E-01
   139.0      0.6024E-01
   140.0      0.6031E-01
   141.0      0.5996E-01
   142.0      0.5919E-01
   143.0      0.5804E-01
   144.0      0.5651E-01
   145.0      0.5465E-01
   146.0      0.5249E-01
   147.0      0.5007E-01
   148.0      0.4743E-01
   149.0      0.4461E-01
   150.0      0.4168E-01
   151.0      0.3866E-01
   152.0      0.3562E-01
   153.0      0.3259E-01
   154.0      0.2962E-01
   155.0      0.2674E-01
   156.0      0.2400E-01
   157.0      0.2143E-01
   158.0      0.1904E-01
   159.0      0.1687E-01
   160.0      0.1492E-01
   161.0      0.1322E-01
   162.0      0.1177E-01
   163.0      0.1056E-01
   164.0      0.9588E-02
   165.0      0.8850E-02
   166.0      0.8329E-02
   167.0      0.8006E-02
   168.0      0.7859E-02
   169.0      0.7863E-02
   170.0      0.7993E-02
   171.0      0.8221E-02
   172.0      0.8519E-02
   173.0      0.8859E-02
   174.0      0.9214E-02
   175.0      0.9561E-02
   176.0      0.9878E-02
   177.0      0.1014E-01
   178.0      0.1035E-01
   179.0      0.1047E-01
   180.0      0.1051E-01
 END
