# 181 angles,  1 tensor ranks for 0=projectile
@subtitle   "p+O20 1st ex with BG ;"                                                        
@legend ON
@legend x1 0.2
@legend y1 0.8
@g0 type LOGY
@yaxis ticklabel format power
@legend string   0 "Lab energy =   35.0000"
#legend string   0 "Partition=  1 Excit=  2 near/far= 1"
#  Theta       sigma       iT11        T20         T21         T22         Kyy for projectile
   0.000       2.124    
   1.000       2.142    
   2.000       2.196    
   3.000       2.284    
   4.000       2.403    
   5.000       2.549    
   6.000       2.719    
   7.000       2.906    
   8.000       3.108    
   9.000       3.322    
   10.00       3.544    
   11.00       3.772    
   12.00       4.004    
   13.00       4.237    
   14.00       4.469    
   15.00       4.698    
   16.00       4.925    
   17.00       5.147    
   18.00       5.367    
   19.00       5.585    
   20.00       5.800    
   21.00       6.013    
   22.00       6.224    
   23.00       6.432    
   24.00       6.636    
   25.00       6.837    
   26.00       7.031    
   27.00       7.218    
   28.00       7.393    
   29.00       7.556    
   30.00       7.701    
   31.00       7.827    
   32.00       7.928    
   33.00       8.004    
   34.00       8.049    
   35.00       8.062    
   36.00       8.041    
   37.00       7.984    
   38.00       7.890    
   39.00       7.759    
   40.00       7.591    
   41.00       7.389    
   42.00       7.153    
   43.00       6.887    
   44.00       6.595    
   45.00       6.279    
   46.00       5.944    
   47.00       5.594    
   48.00       5.235    
   49.00       4.870    
   50.00       4.505    
   51.00       4.144    
   52.00       3.791    
   53.00       3.451    
   54.00       3.126    
   55.00       2.819    
   56.00       2.534    
   57.00       2.271    
   58.00       2.033    
   59.00       1.820    
   60.00       1.633    
   61.00       1.471    
   62.00       1.334    
   63.00       1.220    
   64.00       1.129    
   65.00       1.058    
   66.00       1.006    
   67.00      0.9709    
   68.00      0.9501    
   69.00      0.9416    
   70.00      0.9431    
   71.00      0.9524    
   72.00      0.9674    
   73.00      0.9861    
   74.00       1.007    
   75.00       1.028    
   76.00       1.047    
   77.00       1.064    
   78.00       1.078    
   79.00       1.087    
   80.00       1.092    
   81.00       1.091    
   82.00       1.084    
   83.00       1.072    
   84.00       1.054    
   85.00       1.031    
   86.00       1.003    
   87.00      0.9701    
   88.00      0.9332    
   89.00      0.8927    
   90.00      0.8492    
   91.00      0.8034    
   92.00      0.7559    
   93.00      0.7072    
   94.00      0.6579    
   95.00      0.6086    
   96.00      0.5599    
   97.00      0.5121    
   98.00      0.4657    
   99.00      0.4211    
   100.0      0.3786    
   101.0      0.3384    
   102.0      0.3008    
   103.0      0.2658    
   104.0      0.2336    
   105.0      0.2042    
   106.0      0.1776    
   107.0      0.1539    
   108.0      0.1328    
   109.0      0.1144    
   110.0      0.9854E-01
   111.0      0.8502E-01
   112.0      0.7370E-01
   113.0      0.6443E-01
   114.0      0.5702E-01
   115.0      0.5130E-01
   116.0      0.4708E-01
   117.0      0.4417E-01
   118.0      0.4240E-01
   119.0      0.4161E-01
   120.0      0.4163E-01
   121.0      0.4231E-01
   122.0      0.4351E-01
   123.0      0.4509E-01
   124.0      0.4694E-01
   125.0      0.4895E-01
   126.0      0.5103E-01
   127.0      0.5309E-01
   128.0      0.5507E-01
   129.0      0.5690E-01
   130.0      0.5853E-01
   131.0      0.5993E-01
   132.0      0.6107E-01
   133.0      0.6191E-01
   134.0      0.6246E-01
   135.0      0.6271E-01
   136.0      0.6265E-01
   137.0      0.6230E-01
   138.0      0.6165E-01
   139.0      0.6073E-01
   140.0      0.5954E-01
   141.0      0.5812E-01
   142.0      0.5648E-01
   143.0      0.5464E-01
   144.0      0.5264E-01
   145.0      0.5049E-01
   146.0      0.4823E-01
   147.0      0.4587E-01
   148.0      0.4343E-01
   149.0      0.4096E-01
   150.0      0.3846E-01
   151.0      0.3596E-01
   152.0      0.3348E-01
   153.0      0.3104E-01
   154.0      0.2865E-01
   155.0      0.2632E-01
   156.0      0.2408E-01
   157.0      0.2194E-01
   158.0      0.1989E-01
   159.0      0.1795E-01
   160.0      0.1613E-01
   161.0      0.1443E-01
   162.0      0.1284E-01
   163.0      0.1138E-01
   164.0      0.1004E-01
   165.0      0.8818E-02
   166.0      0.7711E-02
   167.0      0.6715E-02
   168.0      0.5826E-02
   169.0      0.5038E-02
   170.0      0.4346E-02
   171.0      0.3744E-02
   172.0      0.3225E-02
   173.0      0.2784E-02
   174.0      0.2414E-02
   175.0      0.2111E-02
   176.0      0.1869E-02
   177.0      0.1686E-02
   178.0      0.1558E-02
   179.0      0.1483E-02
   180.0      0.1458E-02
 END
