# 178 angles,  1 tensor ranks for 0=projectile
@subtitle   "20O(d,t) @ 30AMeV Daeh (d) + Pang (t)"                                         
@legend ON
@legend x1 0.2
@legend y1 0.8
@g0 type LOGY
@yaxis ticklabel format power
@legend string   0 "Lab energy =   70.0000"
#legend string   0 "Partition=  2 Excit=  3 near/far= 1"
#  Theta       sigma       iT11        T20         T21         T22         Kyy for projectile
   3.000       14.48    
   4.000       14.11    
   5.000       13.64    
   6.000       13.05    
   7.000       12.33    
   8.000       11.44    
   9.000       10.38    
   10.00       9.164    
   11.00       7.840    
   12.00       6.478    
   13.00       5.163    
   14.00       3.974    
   15.00       2.974    
   16.00       2.199    
   17.00       1.657    
   18.00       1.328    
   19.00       1.174    
   20.00       1.144    
   21.00       1.187    
   22.00       1.261    
   23.00       1.333    
   24.00       1.383    
   25.00       1.405    
   26.00       1.402    
   27.00       1.381    
   28.00       1.354    
   29.00       1.329    
   30.00       1.314    
   31.00       1.311    
   32.00       1.319    
   33.00       1.335    
   34.00       1.353    
   35.00       1.366    
   36.00       1.370    
   37.00       1.361    
   38.00       1.337    
   39.00       1.298    
   40.00       1.245    
   41.00       1.182    
   42.00       1.111    
   43.00       1.037    
   44.00      0.9614    
   45.00      0.8877    
   46.00      0.8175    
   47.00      0.7519    
   48.00      0.6913    
   49.00      0.6358    
   50.00      0.5847    
   51.00      0.5376    
   52.00      0.4938    
   53.00      0.4527    
   54.00      0.4139    
   55.00      0.3771    
   56.00      0.3422    
   57.00      0.3092    
   58.00      0.2781    
   59.00      0.2492    
   60.00      0.2223    
   61.00      0.1978    
   62.00      0.1755    
   63.00      0.1555    
   64.00      0.1376    
   65.00      0.1218    
   66.00      0.1078    
   67.00      0.9553E-01
   68.00      0.8470E-01
   69.00      0.7515E-01
   70.00      0.6670E-01
   71.00      0.5921E-01
   72.00      0.5252E-01
   73.00      0.4654E-01
   74.00      0.4119E-01
   75.00      0.3638E-01
   76.00      0.3206E-01
   77.00      0.2820E-01
   78.00      0.2476E-01
   79.00      0.2169E-01
   80.00      0.1899E-01
   81.00      0.1661E-01
   82.00      0.1452E-01
   83.00      0.1270E-01
   84.00      0.1112E-01
   85.00      0.9742E-02
   86.00      0.8551E-02
   87.00      0.7518E-02
   88.00      0.6621E-02
   89.00      0.5838E-02
   90.00      0.5153E-02
   91.00      0.4551E-02
   92.00      0.4019E-02
   93.00      0.3549E-02
   94.00      0.3133E-02
   95.00      0.2762E-02
   96.00      0.2434E-02
   97.00      0.2142E-02
   98.00      0.1885E-02
   99.00      0.1657E-02
   100.0      0.1457E-02
   101.0      0.1282E-02
   102.0      0.1129E-02
   103.0      0.9958E-03
   104.0      0.8799E-03
   105.0      0.7791E-03
   106.0      0.6915E-03
   107.0      0.6152E-03
   108.0      0.5485E-03
   109.0      0.4900E-03
   110.0      0.4383E-03
   111.0      0.3925E-03
   112.0      0.3517E-03
   113.0      0.3152E-03
   114.0      0.2825E-03
   115.0      0.2530E-03
   116.0      0.2264E-03
   117.0      0.2025E-03
   118.0      0.1809E-03
   119.0      0.1616E-03
   120.0      0.1443E-03
   121.0      0.1289E-03
   122.0      0.1151E-03
   123.0      0.1029E-03
   124.0      0.9215E-04
   125.0      0.8263E-04
   126.0      0.7422E-04
   127.0      0.6680E-04
   128.0      0.6025E-04
   129.0      0.5444E-04
   130.0      0.4927E-04
   131.0      0.4466E-04
   132.0      0.4051E-04
   133.0      0.3677E-04
   134.0      0.3338E-04
   135.0      0.3028E-04
   136.0      0.2744E-04
   137.0      0.2483E-04
   138.0      0.2243E-04
   139.0      0.2022E-04
   140.0      0.1818E-04
   141.0      0.1631E-04
   142.0      0.1460E-04
   143.0      0.1304E-04
   144.0      0.1162E-04
   145.0      0.1034E-04
   146.0      0.9203E-05
   147.0      0.8192E-05
   148.0      0.7305E-05
   149.0      0.6536E-05
   150.0      0.5877E-05
   151.0      0.5320E-05
   152.0      0.4856E-05
   153.0      0.4477E-05
   154.0      0.4172E-05
   155.0      0.3931E-05
   156.0      0.3744E-05
   157.0      0.3601E-05
   158.0      0.3491E-05
   159.0      0.3406E-05
   160.0      0.3335E-05
   161.0      0.3271E-05
   162.0      0.3207E-05
   163.0      0.3135E-05
   164.0      0.3051E-05
   165.0      0.2951E-05
   166.0      0.2832E-05
   167.0      0.2694E-05
   168.0      0.2538E-05
   169.0      0.2365E-05
   170.0      0.2179E-05
   171.0      0.1984E-05
   172.0      0.1786E-05
   173.0      0.1590E-05
   174.0      0.1404E-05
   175.0      0.1232E-05
   176.0      0.1083E-05
   177.0      0.9597E-06
   178.0      0.8684E-06
   179.0      0.8121E-06
   180.0      0.7931E-06
 END
