# 178 angles,  1 tensor ranks for 0=projectile
@subtitle   "20O + d Ex 7.639 3-;"                                                          
@legend ON
@legend x1 0.2
@legend y1 0.8
@g0 type LOGY
@yaxis ticklabel format power
@legend string   0 "Lab energy =   70.0000"
#legend string   0 "Partition=  1 Excit=  2 near/far= 1"
#  Theta       sigma       iT11        T20         T21         T22         Kyy for projectile
   3.000       3.612    
   4.000       4.177    
   5.000       4.786    
   6.000       5.378    
   7.000       5.906    
   8.000       6.356    
   9.000       6.745    
   10.00       7.111    
   11.00       7.495    
   12.00       7.923    
   13.00       8.400    
   14.00       8.902    
   15.00       9.384    
   16.00       9.784    
   17.00       10.04    
   18.00       10.10    
   19.00       9.923    
   20.00       9.513    
   21.00       8.889    
   22.00       8.099    
   23.00       7.205    
   24.00       6.275    
   25.00       5.376    
   26.00       4.567    
   27.00       3.890    
   28.00       3.369    
   29.00       3.008    
   30.00       2.797    
   31.00       2.709    
   32.00       2.712    
   33.00       2.768    
   34.00       2.844    
   35.00       2.908    
   36.00       2.939    
   37.00       2.924    
   38.00       2.857    
   39.00       2.740    
   40.00       2.581    
   41.00       2.392    
   42.00       2.184    
   43.00       1.972    
   44.00       1.767    
   45.00       1.577    
   46.00       1.408    
   47.00       1.263    
   48.00       1.142    
   49.00       1.044    
   50.00      0.9637    
   51.00      0.8982    
   52.00      0.8429    
   53.00      0.7935    
   54.00      0.7467    
   55.00      0.6999    
   56.00      0.6517    
   57.00      0.6014    
   58.00      0.5493    
   59.00      0.4961    
   60.00      0.4429    
   61.00      0.3910    
   62.00      0.3416    
   63.00      0.2957    
   64.00      0.2542    
   65.00      0.2176    
   66.00      0.1861    
   67.00      0.1595    
   68.00      0.1375    
   69.00      0.1197    
   70.00      0.1054    
   71.00      0.9395E-01
   72.00      0.8471E-01
   73.00      0.7712E-01
   74.00      0.7069E-01
   75.00      0.6502E-01
   76.00      0.5980E-01
   77.00      0.5485E-01
   78.00      0.5006E-01
   79.00      0.4539E-01
   80.00      0.4085E-01
   81.00      0.3649E-01
   82.00      0.3235E-01
   83.00      0.2848E-01
   84.00      0.2495E-01
   85.00      0.2178E-01
   86.00      0.1899E-01
   87.00      0.1659E-01
   88.00      0.1454E-01
   89.00      0.1283E-01
   90.00      0.1139E-01
   91.00      0.1021E-01
   92.00      0.9227E-02
   93.00      0.8402E-02
   94.00      0.7694E-02
   95.00      0.7070E-02
   96.00      0.6505E-02
   97.00      0.5981E-02
   98.00      0.5486E-02
   99.00      0.5012E-02
   100.0      0.4555E-02
   101.0      0.4117E-02
   102.0      0.3701E-02
   103.0      0.3313E-02
   104.0      0.2957E-02
   105.0      0.2636E-02
   106.0      0.2350E-02
   107.0      0.2100E-02
   108.0      0.1887E-02
   109.0      0.1707E-02
   110.0      0.1559E-02
   111.0      0.1437E-02
   112.0      0.1338E-02
   113.0      0.1256E-02
   114.0      0.1190E-02
   115.0      0.1133E-02
   116.0      0.1083E-02
   117.0      0.1035E-02
   118.0      0.9873E-03
   119.0      0.9378E-03
   120.0      0.8862E-03
   121.0      0.8323E-03
   122.0      0.7763E-03
   123.0      0.7186E-03
   124.0      0.6600E-03
   125.0      0.6017E-03
   126.0      0.5446E-03
   127.0      0.4895E-03
   128.0      0.4368E-03
   129.0      0.3873E-03
   130.0      0.3417E-03
   131.0      0.3009E-03
   132.0      0.2655E-03
   133.0      0.2353E-03
   134.0      0.2102E-03
   135.0      0.1895E-03
   136.0      0.1729E-03
   137.0      0.1598E-03
   138.0      0.1498E-03
   139.0      0.1420E-03
   140.0      0.1360E-03
   141.0      0.1313E-03
   142.0      0.1279E-03
   143.0      0.1257E-03
   144.0      0.1243E-03
   145.0      0.1229E-03
   146.0      0.1209E-03
   147.0      0.1178E-03
   148.0      0.1140E-03
   149.0      0.1097E-03
   150.0      0.1054E-03
   151.0      0.1012E-03
   152.0      0.9697E-04
   153.0      0.9250E-04
   154.0      0.8772E-04
   155.0      0.8271E-04
   156.0      0.7763E-04
   157.0      0.7263E-04
   158.0      0.6783E-04
   159.0      0.6336E-04
   160.0      0.5932E-04
   161.0      0.5580E-04
   162.0      0.5277E-04
   163.0      0.5013E-04
   164.0      0.4776E-04
   165.0      0.4559E-04
   166.0      0.4370E-04
   167.0      0.4216E-04
   168.0      0.4105E-04
   169.0      0.4033E-04
   170.0      0.3998E-04
   171.0      0.3996E-04
   172.0      0.4024E-04
   173.0      0.4080E-04
   174.0      0.4149E-04
   175.0      0.4209E-04
   176.0      0.4240E-04
   177.0      0.4231E-04
   178.0      0.4194E-04
   179.0      0.4155E-04
   180.0      0.4139E-04
 END
