# 178 angles,  1 tensor ranks for 0=projectile
@subtitle   "p+O20 1st ex with BG ;"                                                        
@legend ON
@legend x1 0.2
@legend y1 0.8
@g0 type LOGY
@yaxis ticklabel format power
@legend string   0 "Lab energy =   35.0000"
#legend string   0 "Partition=  1 Excit=  2 near/far= 1"
#  Theta       sigma       iT11        T20         T21         T22         Kyy for projectile
   3.000       18.80    
   4.000       18.40    
   5.000       17.90    
   6.000       17.33    
   7.000       16.70    
   8.000       16.04    
   9.000       15.36    
   10.00       14.68    
   11.00       14.04    
   12.00       13.44    
   13.00       12.90    
   14.00       12.44    
   15.00       12.05    
   16.00       11.76    
   17.00       11.54    
   18.00       11.40    
   19.00       11.34    
   20.00       11.32    
   21.00       11.35    
   22.00       11.39    
   23.00       11.45    
   24.00       11.49    
   25.00       11.50    
   26.00       11.47    
   27.00       11.40    
   28.00       11.26    
   29.00       11.07    
   30.00       10.81    
   31.00       10.49    
   32.00       10.10    
   33.00       9.670    
   34.00       9.190    
   35.00       8.671    
   36.00       8.124    
   37.00       7.558    
   38.00       6.983    
   39.00       6.408    
   40.00       5.843    
   41.00       5.297    
   42.00       4.777    
   43.00       4.292    
   44.00       3.845    
   45.00       3.443    
   46.00       3.088    
   47.00       2.781    
   48.00       2.523    
   49.00       2.313    
   50.00       2.148    
   51.00       2.025    
   52.00       1.939    
   53.00       1.886    
   54.00       1.861    
   55.00       1.857    
   56.00       1.870    
   57.00       1.894    
   58.00       1.926    
   59.00       1.960    
   60.00       1.992    
   61.00       2.021    
   62.00       2.043    
   63.00       2.056    
   64.00       2.058    
   65.00       2.050    
   66.00       2.029    
   67.00       1.997    
   68.00       1.952    
   69.00       1.897    
   70.00       1.831    
   71.00       1.755    
   72.00       1.671    
   73.00       1.581    
   74.00       1.485    
   75.00       1.386    
   76.00       1.285    
   77.00       1.183    
   78.00       1.083    
   79.00      0.9843    
   80.00      0.8897    
   81.00      0.7996    
   82.00      0.7148    
   83.00      0.6359    
   84.00      0.5633    
   85.00      0.4973    
   86.00      0.4380    
   87.00      0.3852    
   88.00      0.3388    
   89.00      0.2986    
   90.00      0.2642    
   91.00      0.2353    
   92.00      0.2115    
   93.00      0.1922    
   94.00      0.1770    
   95.00      0.1655    
   96.00      0.1571    
   97.00      0.1513    
   98.00      0.1477    
   99.00      0.1457    
   100.0      0.1450    
   101.0      0.1452    
   102.0      0.1459    
   103.0      0.1468    
   104.0      0.1476    
   105.0      0.1482    
   106.0      0.1484    
   107.0      0.1481    
   108.0      0.1472    
   109.0      0.1457    
   110.0      0.1435    
   111.0      0.1407    
   112.0      0.1373    
   113.0      0.1333    
   114.0      0.1287    
   115.0      0.1237    
   116.0      0.1183    
   117.0      0.1125    
   118.0      0.1064    
   119.0      0.1002    
   120.0      0.9384E-01
   121.0      0.8745E-01
   122.0      0.8111E-01
   123.0      0.7489E-01
   124.0      0.6886E-01
   125.0      0.6307E-01
   126.0      0.5758E-01
   127.0      0.5241E-01
   128.0      0.4760E-01
   129.0      0.4315E-01
   130.0      0.3908E-01
   131.0      0.3538E-01
   132.0      0.3203E-01
   133.0      0.2904E-01
   134.0      0.2638E-01
   135.0      0.2403E-01
   136.0      0.2198E-01
   137.0      0.2022E-01
   138.0      0.1873E-01
   139.0      0.1749E-01
   140.0      0.1647E-01
   141.0      0.1568E-01
   142.0      0.1507E-01
   143.0      0.1463E-01
   144.0      0.1432E-01
   145.0      0.1414E-01
   146.0      0.1405E-01
   147.0      0.1403E-01
   148.0      0.1406E-01
   149.0      0.1414E-01
   150.0      0.1424E-01
   151.0      0.1436E-01
   152.0      0.1450E-01
   153.0      0.1464E-01
   154.0      0.1480E-01
   155.0      0.1496E-01
   156.0      0.1512E-01
   157.0      0.1529E-01
   158.0      0.1547E-01
   159.0      0.1565E-01
   160.0      0.1583E-01
   161.0      0.1601E-01
   162.0      0.1618E-01
   163.0      0.1635E-01
   164.0      0.1650E-01
   165.0      0.1664E-01
   166.0      0.1678E-01
   167.0      0.1691E-01
   168.0      0.1704E-01
   169.0      0.1717E-01
   170.0      0.1732E-01
   171.0      0.1747E-01
   172.0      0.1762E-01
   173.0      0.1779E-01
   174.0      0.1795E-01
   175.0      0.1810E-01
   176.0      0.1824E-01
   177.0      0.1835E-01
   178.0      0.1844E-01
   179.0      0.1849E-01
   180.0      0.1851E-01
 END
