# 178 angles,  1 tensor ranks for 0=projectile
@subtitle   "20O + d 3-?;"                                                                  
@legend ON
@legend x1 0.2
@legend y1 0.8
@g0 type LOGY
@yaxis ticklabel format power
@legend string   0 "Lab energy =   70.0000"
#legend string   0 "Partition=  1 Excit=  2 near/far= 1"
#  Theta       sigma       iT11        T20         T21         T22         Kyy for projectile
   3.000       1.914    
   4.000       2.297    
   5.000       2.707    
   6.000       3.096    
   7.000       3.431    
   8.000       3.703    
   9.000       3.929    
   10.00       4.138    
   11.00       4.362    
   12.00       4.621    
   13.00       4.919    
   14.00       5.242    
   15.00       5.559    
   16.00       5.829    
   17.00       6.011    
   18.00       6.066    
   19.00       5.972    
   20.00       5.727    
   21.00       5.346    
   22.00       4.861    
   23.00       4.312    
   24.00       3.744    
   25.00       3.200    
   26.00       2.714    
   27.00       2.314    
   28.00       2.013    
   29.00       1.812    
   30.00       1.702    
   31.00       1.666    
   32.00       1.681    
   33.00       1.724    
   34.00       1.773    
   35.00       1.811    
   36.00       1.824    
   37.00       1.806    
   38.00       1.753    
   39.00       1.670    
   40.00       1.562    
   41.00       1.437    
   42.00       1.304    
   43.00       1.169    
   44.00       1.041    
   45.00      0.9245    
   46.00      0.8225    
   47.00      0.7362    
   48.00      0.6651    
   49.00      0.6075    
   50.00      0.5609    
   51.00      0.5228    
   52.00      0.4902    
   53.00      0.4607    
   54.00      0.4322    
   55.00      0.4034    
   56.00      0.3735    
   57.00      0.3425    
   58.00      0.3105    
   59.00      0.2782    
   60.00      0.2463    
   61.00      0.2155    
   62.00      0.1867    
   63.00      0.1603    
   64.00      0.1368    
   65.00      0.1164    
   66.00      0.9912E-01
   67.00      0.8478E-01
   68.00      0.7313E-01
   69.00      0.6382E-01
   70.00      0.5642E-01
   71.00      0.5052E-01
   72.00      0.4576E-01
   73.00      0.4179E-01
   74.00      0.3837E-01
   75.00      0.3529E-01
   76.00      0.3238E-01
   77.00      0.2957E-01
   78.00      0.2682E-01
   79.00      0.2415E-01
   80.00      0.2156E-01
   81.00      0.1910E-01
   82.00      0.1680E-01
   83.00      0.1467E-01
   84.00      0.1275E-01
   85.00      0.1106E-01
   86.00      0.9610E-02
   87.00      0.8380E-02
   88.00      0.7350E-02
   89.00      0.6496E-02
   90.00      0.5792E-02
   91.00      0.5214E-02
   92.00      0.4736E-02
   93.00      0.4330E-02
   94.00      0.3975E-02
   95.00      0.3653E-02
   96.00      0.3354E-02
   97.00      0.3074E-02
   98.00      0.2806E-02
   99.00      0.2548E-02
   100.0      0.2298E-02
   101.0      0.2059E-02
   102.0      0.1834E-02
   103.0      0.1628E-02
   104.0      0.1443E-02
   105.0      0.1279E-02
   106.0      0.1137E-02
   107.0      0.1016E-02
   108.0      0.9156E-03
   109.0      0.8341E-03
   110.0      0.7688E-03
   111.0      0.7161E-03
   112.0      0.6731E-03
   113.0      0.6378E-03
   114.0      0.6086E-03
   115.0      0.5836E-03
   116.0      0.5603E-03
   117.0      0.5367E-03
   118.0      0.5112E-03
   119.0      0.4837E-03
   120.0      0.4546E-03
   121.0      0.4239E-03
   122.0      0.3919E-03
   123.0      0.3590E-03
   124.0      0.3259E-03
   125.0      0.2936E-03
   126.0      0.2630E-03
   127.0      0.2341E-03
   128.0      0.2071E-03
   129.0      0.1819E-03
   130.0      0.1590E-03
   131.0      0.1390E-03
   132.0      0.1221E-03
   133.0      0.1084E-03
   134.0      0.9743E-04
   135.0      0.8877E-04
   136.0      0.8216E-04
   137.0      0.7738E-04
   138.0      0.7402E-04
   139.0      0.7149E-04
   140.0      0.6934E-04
   141.0      0.6746E-04
   142.0      0.6608E-04
   143.0      0.6535E-04
   144.0      0.6510E-04
   145.0      0.6481E-04
   146.0      0.6388E-04
   147.0      0.6205E-04
   148.0      0.5953E-04
   149.0      0.5675E-04
   150.0      0.5406E-04
   151.0      0.5151E-04
   152.0      0.4898E-04
   153.0      0.4632E-04
   154.0      0.4350E-04
   155.0      0.4064E-04
   156.0      0.3785E-04
   157.0      0.3514E-04
   158.0      0.3253E-04
   159.0      0.3011E-04
   160.0      0.2802E-04
   161.0      0.2634E-04
   162.0      0.2510E-04
   163.0      0.2419E-04
   164.0      0.2349E-04
   165.0      0.2290E-04
   166.0      0.2247E-04
   167.0      0.2227E-04
   168.0      0.2233E-04
   169.0      0.2260E-04
   170.0      0.2305E-04
   171.0      0.2368E-04
   172.0      0.2450E-04
   173.0      0.2550E-04
   174.0      0.2659E-04
   175.0      0.2751E-04
   176.0      0.2808E-04
   177.0      0.2823E-04
   178.0      0.2806E-04
   179.0      0.2779E-04
   180.0      0.2767E-04
 END
