# 178 angles,  1 tensor ranks for 0=projectile
@subtitle   "p+O20 with CH89;"                                                              
@legend ON
@legend x1 0.2
@legend y1 0.8
@g0 type LOGY
@yaxis ticklabel format power
@legend string   0 "Lab energy =   35.0000"
#legend string   0 "Partition=  1 Excit=  1 near/far= 1"
#  Theta       sigma       iT11        T20         T21         T22         Kyy for projectile
   3.000      0.1313E+06
   4.000      0.3757E+05
   5.000      0.1428E+05
   6.000       6815.    
   7.000       3994.    
   8.000       2791.    
   9.000       2217.    
   10.00       1906.    
   11.00       1709.    
   12.00       1564.    
   13.00       1441.    
   14.00       1328.    
   15.00       1220.    
   16.00       1115.    
   17.00       1013.    
   18.00       913.1    
   19.00       817.0    
   20.00       725.3    
   21.00       638.5    
   22.00       557.3    
   23.00       482.0    
   24.00       413.0    
   25.00       350.4    
   26.00       294.1    
   27.00       244.1    
   28.00       200.1    
   29.00       161.9    
   30.00       129.1    
   31.00       101.3    
   32.00       78.11    
   33.00       59.03    
   34.00       43.63    
   35.00       31.47    
   36.00       22.10    
   37.00       15.12    
   38.00       10.14    
   39.00       6.797    
   40.00       4.775    
   41.00       3.782    
   42.00       3.565    
   43.00       3.906    
   44.00       4.619    
   45.00       5.551    
   46.00       6.578    
   47.00       7.602    
   48.00       8.550    
   49.00       9.370    
   50.00       10.03    
   51.00       10.50    
   52.00       10.79    
   53.00       10.89    
   54.00       10.81    
   55.00       10.58    
   56.00       10.21    
   57.00       9.722    
   58.00       9.143    
   59.00       8.494    
   60.00       7.798    
   61.00       7.076    
   62.00       6.347    
   63.00       5.626    
   64.00       4.929    
   65.00       4.265    
   66.00       3.644    
   67.00       3.073    
   68.00       2.556    
   69.00       2.095    
   70.00       1.691    
   71.00       1.342    
   72.00       1.048    
   73.00      0.8043    
   74.00      0.6078    
   75.00      0.4541    
   76.00      0.3386    
   77.00      0.2566    
   78.00      0.2033    
   79.00      0.1739    
   80.00      0.1642    
   81.00      0.1699    
   82.00      0.1872    
   83.00      0.2126    
   84.00      0.2433    
   85.00      0.2766    
   86.00      0.3103    
   87.00      0.3426    
   88.00      0.3721    
   89.00      0.3978    
   90.00      0.4189    
   91.00      0.4348    
   92.00      0.4455    
   93.00      0.4508    
   94.00      0.4510    
   95.00      0.4462    
   96.00      0.4370    
   97.00      0.4237    
   98.00      0.4069    
   99.00      0.3872    
   100.0      0.3651    
   101.0      0.3412    
   102.0      0.3160    
   103.0      0.2902    
   104.0      0.2640    
   105.0      0.2380    
   106.0      0.2125    
   107.0      0.1879    
   108.0      0.1644    
   109.0      0.1422    
   110.0      0.1216    
   111.0      0.1027    
   112.0      0.8548E-01
   113.0      0.7006E-01
   114.0      0.5643E-01
   115.0      0.4457E-01
   116.0      0.3443E-01
   117.0      0.2593E-01
   118.0      0.1900E-01
   119.0      0.1352E-01
   120.0      0.9369E-02
   121.0      0.6439E-02
   122.0      0.4596E-02
   123.0      0.3713E-02
   124.0      0.3664E-02
   125.0      0.4322E-02
   126.0      0.5568E-02
   127.0      0.7289E-02
   128.0      0.9378E-02
   129.0      0.1173E-01
   130.0      0.1427E-01
   131.0      0.1690E-01
   132.0      0.1956E-01
   133.0      0.2217E-01
   134.0      0.2469E-01
   135.0      0.2707E-01
   136.0      0.2928E-01
   137.0      0.3127E-01
   138.0      0.3304E-01
   139.0      0.3456E-01
   140.0      0.3582E-01
   141.0      0.3682E-01
   142.0      0.3757E-01
   143.0      0.3806E-01
   144.0      0.3830E-01
   145.0      0.3831E-01
   146.0      0.3811E-01
   147.0      0.3770E-01
   148.0      0.3711E-01
   149.0      0.3635E-01
   150.0      0.3546E-01
   151.0      0.3444E-01
   152.0      0.3331E-01
   153.0      0.3211E-01
   154.0      0.3084E-01
   155.0      0.2952E-01
   156.0      0.2818E-01
   157.0      0.2683E-01
   158.0      0.2548E-01
   159.0      0.2414E-01
   160.0      0.2284E-01
   161.0      0.2157E-01
   162.0      0.2035E-01
   163.0      0.1919E-01
   164.0      0.1809E-01
   165.0      0.1705E-01
   166.0      0.1608E-01
   167.0      0.1518E-01
   168.0      0.1436E-01
   169.0      0.1360E-01
   170.0      0.1292E-01
   171.0      0.1232E-01
   172.0      0.1178E-01
   173.0      0.1131E-01
   174.0      0.1091E-01
   175.0      0.1057E-01
   176.0      0.1030E-01
   177.0      0.1009E-01
   178.0      0.9941E-02
   179.0      0.9852E-02
   180.0      0.9822E-02
 END
