# 178 angles,  1 tensor ranks for 0=projectile
@subtitle   "p+O20 1st with BG ;"                                                           
@legend ON
@legend x1 0.2
@legend y1 0.8
@g0 type LOGY
@yaxis ticklabel format power
@legend string   0 "Lab energy =   43.2700"
#legend string   0 "Partition=  1 Excit=  2 near/far= 1"
#  Theta       sigma       iT11        T20         T21         T22         Kyy for projectile
   3.000       45.92    
   4.000       45.01    
   5.000       43.70    
   6.000       42.09    
   7.000       40.31    
   8.000       38.51    
   9.000       36.84    
   10.00       35.36    
   11.00       34.15    
   12.00       33.25    
   13.00       32.70    
   14.00       32.50    
   15.00       32.65    
   16.00       33.10    
   17.00       33.81    
   18.00       34.69    
   19.00       35.70    
   20.00       36.78    
   21.00       37.85    
   22.00       38.83    
   23.00       39.64    
   24.00       40.21    
   25.00       40.49    
   26.00       40.45    
   27.00       40.10    
   28.00       39.42    
   29.00       38.43    
   30.00       37.13    
   31.00       35.55    
   32.00       33.72    
   33.00       31.70    
   34.00       29.55    
   35.00       27.32    
   36.00       25.06    
   37.00       22.82    
   38.00       20.62    
   39.00       18.52    
   40.00       16.54    
   41.00       14.73    
   42.00       13.09    
   43.00       11.64    
   44.00       10.38    
   45.00       9.308    
   46.00       8.418    
   47.00       7.701    
   48.00       7.140    
   49.00       6.718    
   50.00       6.413    
   51.00       6.206    
   52.00       6.077    
   53.00       6.009    
   54.00       5.982    
   55.00       5.977    
   56.00       5.978    
   57.00       5.972    
   58.00       5.951    
   59.00       5.908    
   60.00       5.838    
   61.00       5.736    
   62.00       5.601    
   63.00       5.431    
   64.00       5.229    
   65.00       4.998    
   66.00       4.744    
   67.00       4.471    
   68.00       4.184    
   69.00       3.886    
   70.00       3.584    
   71.00       3.280    
   72.00       2.982    
   73.00       2.693    
   74.00       2.417    
   75.00       2.156    
   76.00       1.912    
   77.00       1.686    
   78.00       1.481    
   79.00       1.296    
   80.00       1.133    
   81.00      0.9894    
   82.00      0.8655    
   83.00      0.7597    
   84.00      0.6709    
   85.00      0.5976    
   86.00      0.5382    
   87.00      0.4910    
   88.00      0.4544    
   89.00      0.4264    
   90.00      0.4057    
   91.00      0.3908    
   92.00      0.3804    
   93.00      0.3732    
   94.00      0.3681    
   95.00      0.3642    
   96.00      0.3608    
   97.00      0.3571    
   98.00      0.3530    
   99.00      0.3479    
   100.0      0.3416    
   101.0      0.3339    
   102.0      0.3248    
   103.0      0.3143    
   104.0      0.3026    
   105.0      0.2898    
   106.0      0.2760    
   107.0      0.2615    
   108.0      0.2463    
   109.0      0.2308    
   110.0      0.2151    
   111.0      0.1995    
   112.0      0.1841    
   113.0      0.1691    
   114.0      0.1545    
   115.0      0.1406    
   116.0      0.1275    
   117.0      0.1152    
   118.0      0.1037    
   119.0      0.9314E-01
   120.0      0.8347E-01
   121.0      0.7472E-01
   122.0      0.6689E-01
   123.0      0.5996E-01
   124.0      0.5387E-01
   125.0      0.4854E-01
   126.0      0.4392E-01
   127.0      0.3996E-01
   128.0      0.3664E-01
   129.0      0.3393E-01
   130.0      0.3174E-01
   131.0      0.2998E-01
   132.0      0.2857E-01
   133.0      0.2744E-01
   134.0      0.2658E-01
   135.0      0.2597E-01
   136.0      0.2557E-01
   137.0      0.2533E-01
   138.0      0.2518E-01
   139.0      0.2507E-01
   140.0      0.2497E-01
   141.0      0.2489E-01
   142.0      0.2480E-01
   143.0      0.2471E-01
   144.0      0.2459E-01
   145.0      0.2440E-01
   146.0      0.2413E-01
   147.0      0.2378E-01
   148.0      0.2336E-01
   149.0      0.2288E-01
   150.0      0.2233E-01
   151.0      0.2170E-01
   152.0      0.2101E-01
   153.0      0.2025E-01
   154.0      0.1945E-01
   155.0      0.1862E-01
   156.0      0.1774E-01
   157.0      0.1683E-01
   158.0      0.1590E-01
   159.0      0.1496E-01
   160.0      0.1403E-01
   161.0      0.1312E-01
   162.0      0.1224E-01
   163.0      0.1139E-01
   164.0      0.1056E-01
   165.0      0.9753E-02
   166.0      0.8996E-02
   167.0      0.8299E-02
   168.0      0.7666E-02
   169.0      0.7095E-02
   170.0      0.6577E-02
   171.0      0.6105E-02
   172.0      0.5679E-02
   173.0      0.5305E-02
   174.0      0.4991E-02
   175.0      0.4736E-02
   176.0      0.4535E-02
   177.0      0.4384E-02
   178.0      0.4277E-02
   179.0      0.4210E-02
   180.0      0.4187E-02
 END
