# 178 angles,  1 tensor ranks for 0=projectile
@subtitle   "20O + d inelastic scattering;"                                                 
@legend ON
@legend x1 0.2
@legend y1 0.8
@g0 type LOGY
@yaxis ticklabel format power
@legend string   0 "Lab energy =   70.0000"
#legend string   0 "Partition=  1 Excit=  2 near/far= 1"
#  Theta       sigma       iT11        T20         T21         T22         Kyy for projectile
   3.000       1.750    
   4.000       2.276    
   5.000       2.851    
   6.000       3.411    
   7.000       3.909    
   8.000       4.320    
   9.000       4.654    
   10.00       4.940    
   11.00       5.214    
   12.00       5.508    
   13.00       5.837    
   14.00       6.193    
   15.00       6.553    
   16.00       6.876    
   17.00       7.115    
   18.00       7.223    
   19.00       7.169    
   20.00       6.936    
   21.00       6.534    
   22.00       5.989    
   23.00       5.346    
   24.00       4.657    
   25.00       3.973    
   26.00       3.345    
   27.00       2.811    
   28.00       2.396    
   29.00       2.109    
   30.00       1.946    
   31.00       1.888    
   32.00       1.908    
   33.00       1.977    
   34.00       2.063    
   35.00       2.139    
   36.00       2.187    
   37.00       2.191    
   38.00       2.147    
   39.00       2.057    
   40.00       1.928    
   41.00       1.770    
   42.00       1.594    
   43.00       1.414    
   44.00       1.241    
   45.00       1.084    
   46.00      0.9479    
   47.00      0.8360    
   48.00      0.7481    
   49.00      0.6822    
   50.00      0.6348    
   51.00      0.6012    
   52.00      0.5769    
   53.00      0.5573    
   54.00      0.5385    
   55.00      0.5178    
   56.00      0.4934    
   57.00      0.4645    
   58.00      0.4313    
   59.00      0.3945    
   60.00      0.3552    
   61.00      0.3148    
   62.00      0.2748    
   63.00      0.2365    
   64.00      0.2009    
   65.00      0.1689    
   66.00      0.1410    
   67.00      0.1172    
   68.00      0.9749E-01
   69.00      0.8159E-01
   70.00      0.6904E-01
   71.00      0.5933E-01
   72.00      0.5190E-01
   73.00      0.4623E-01
   74.00      0.4185E-01
   75.00      0.3836E-01
   76.00      0.3542E-01
   77.00      0.3281E-01
   78.00      0.3035E-01
   79.00      0.2795E-01
   80.00      0.2558E-01
   81.00      0.2321E-01
   82.00      0.2087E-01
   83.00      0.1858E-01
   84.00      0.1639E-01
   85.00      0.1432E-01
   86.00      0.1241E-01
   87.00      0.1067E-01
   88.00      0.9110E-02
   89.00      0.7735E-02
   90.00      0.6537E-02
   91.00      0.5509E-02
   92.00      0.4638E-02
   93.00      0.3910E-02
   94.00      0.3306E-02
   95.00      0.2810E-02
   96.00      0.2407E-02
   97.00      0.2083E-02
   98.00      0.1829E-02
   99.00      0.1633E-02
   100.0      0.1486E-02
   101.0      0.1379E-02
   102.0      0.1304E-02
   103.0      0.1254E-02
   104.0      0.1223E-02
   105.0      0.1207E-02
   106.0      0.1198E-02
   107.0      0.1194E-02
   108.0      0.1188E-02
   109.0      0.1177E-02
   110.0      0.1160E-02
   111.0      0.1134E-02
   112.0      0.1099E-02
   113.0      0.1055E-02
   114.0      0.1002E-02
   115.0      0.9406E-03
   116.0      0.8717E-03
   117.0      0.7975E-03
   118.0      0.7201E-03
   119.0      0.6419E-03
   120.0      0.5651E-03
   121.0      0.4914E-03
   122.0      0.4220E-03
   123.0      0.3585E-03
   124.0      0.3020E-03
   125.0      0.2536E-03
   126.0      0.2137E-03
   127.0      0.1820E-03
   128.0      0.1581E-03
   129.0      0.1412E-03
   130.0      0.1309E-03
   131.0      0.1266E-03
   132.0      0.1276E-03
   133.0      0.1328E-03
   134.0      0.1408E-03
   135.0      0.1505E-03
   136.0      0.1609E-03
   137.0      0.1714E-03
   138.0      0.1816E-03
   139.0      0.1908E-03
   140.0      0.1985E-03
   141.0      0.2040E-03
   142.0      0.2073E-03
   143.0      0.2086E-03
   144.0      0.2079E-03
   145.0      0.2054E-03
   146.0      0.2008E-03
   147.0      0.1942E-03
   148.0      0.1857E-03
   149.0      0.1761E-03
   150.0      0.1658E-03
   151.0      0.1553E-03
   152.0      0.1447E-03
   153.0      0.1339E-03
   154.0      0.1229E-03
   155.0      0.1120E-03
   156.0      0.1015E-03
   157.0      0.9180E-04
   158.0      0.8305E-04
   159.0      0.7521E-04
   160.0      0.6812E-04
   161.0      0.6173E-04
   162.0      0.5607E-04
   163.0      0.5122E-04
   164.0      0.4712E-04
   165.0      0.4361E-04
   166.0      0.4054E-04
   167.0      0.3788E-04
   168.0      0.3568E-04
   169.0      0.3403E-04
   170.0      0.3291E-04
   171.0      0.3209E-04
   172.0      0.3127E-04
   173.0      0.3029E-04
   174.0      0.2922E-04
   175.0      0.2831E-04
   176.0      0.2789E-04
   177.0      0.2809E-04
   178.0      0.2874E-04
   179.0      0.2940E-04
   180.0      0.2968E-04
 END
