# 181 angles,  1 tensor ranks for 0=projectile
@subtitle   "p+O20 1st ex with BG ;"                                                        
@legend ON
@legend x1 0.2
@legend y1 0.8
@g0 type LOGY
@yaxis ticklabel format power
@legend string   0 "Lab energy =   35.0000"
#legend string   0 "Partition=  1 Excit=  1 near/far= 1"
#  Theta       sigma       iT11        T20         T21         T22         Kyy for projectile
  0.1000E-01  0.1288E+16
   1.000      0.1250E+08
   2.000      0.7223E+06
   3.000      0.1285E+06
   4.000      0.3662E+05
   5.000      0.1408E+05
   6.000       6963.    
   7.000       4316.    
   8.000       3197.    
   9.000       2657.    
   10.00       2350.    
   11.00       2141.    
   12.00       1972.    
   13.00       1819.    
   14.00       1672.    
   15.00       1528.    
   16.00       1387.    
   17.00       1249.    
   18.00       1115.    
   19.00       987.6    
   20.00       866.9    
   21.00       754.0    
   22.00       649.7    
   23.00       554.5    
   24.00       468.5    
   25.00       391.7    
   26.00       324.1    
   27.00       265.2    
   28.00       214.6    
   29.00       171.9    
   30.00       136.2    
   31.00       107.1    
   32.00       83.74    
   33.00       65.49    
   34.00       51.64    
   35.00       41.54    
   36.00       34.55    
   37.00       30.10    
   38.00       27.66    
   39.00       26.75    
   40.00       26.96    
   41.00       27.92    
   42.00       29.33    
   43.00       30.95    
   44.00       32.57    
   45.00       34.04    
   46.00       35.25    
   47.00       36.12    
   48.00       36.60    
   49.00       36.69    
   50.00       36.37    
   51.00       35.68    
   52.00       34.64    
   53.00       33.30    
   54.00       31.70    
   55.00       29.89    
   56.00       27.93    
   57.00       25.87    
   58.00       23.75    
   59.00       21.62    
   60.00       19.52    
   61.00       17.47    
   62.00       15.52    
   63.00       13.67    
   64.00       11.95    
   65.00       10.36    
   66.00       8.928    
   67.00       7.640    
   68.00       6.501    
   69.00       5.506    
   70.00       4.650    
   71.00       3.924    
   72.00       3.318    
   73.00       2.821    
   74.00       2.422    
   75.00       2.110    
   76.00       1.872    
   77.00       1.698    
   78.00       1.576    
   79.00       1.497    
   80.00       1.451    
   81.00       1.430    
   82.00       1.426    
   83.00       1.434    
   84.00       1.449    
   85.00       1.464    
   86.00       1.478    
   87.00       1.487    
   88.00       1.489    
   89.00       1.483    
   90.00       1.469    
   91.00       1.445    
   92.00       1.412    
   93.00       1.371    
   94.00       1.322    
   95.00       1.266    
   96.00       1.204    
   97.00       1.138    
   98.00       1.068    
   99.00      0.9959    
   100.0      0.9224    
   101.0      0.8486    
   102.0      0.7755    
   103.0      0.7039    
   104.0      0.6347    
   105.0      0.5685    
   106.0      0.5057    
   107.0      0.4468    
   108.0      0.3922    
   109.0      0.3419    
   110.0      0.2962    
   111.0      0.2550    
   112.0      0.2183    
   113.0      0.1860    
   114.0      0.1580    
   115.0      0.1339    
   116.0      0.1136    
   117.0      0.9685E-01
   118.0      0.8328E-01
   119.0      0.7260E-01
   120.0      0.6451E-01
   121.0      0.5870E-01
   122.0      0.5487E-01
   123.0      0.5272E-01
   124.0      0.5198E-01
   125.0      0.5237E-01
   126.0      0.5365E-01
   127.0      0.5560E-01
   128.0      0.5800E-01
   129.0      0.6067E-01
   130.0      0.6345E-01
   131.0      0.6618E-01
   132.0      0.6876E-01
   133.0      0.7107E-01
   134.0      0.7303E-01
   135.0      0.7457E-01
   136.0      0.7566E-01
   137.0      0.7625E-01
   138.0      0.7633E-01
   139.0      0.7589E-01
   140.0      0.7495E-01
   141.0      0.7352E-01
   142.0      0.7163E-01
   143.0      0.6931E-01
   144.0      0.6662E-01
   145.0      0.6359E-01
   146.0      0.6029E-01
   147.0      0.5676E-01
   148.0      0.5307E-01
   149.0      0.4927E-01
   150.0      0.4541E-01
   151.0      0.4156E-01
   152.0      0.3777E-01
   153.0      0.3408E-01
   154.0      0.3055E-01
   155.0      0.2721E-01
   156.0      0.2410E-01
   157.0      0.2124E-01
   158.0      0.1867E-01
   159.0      0.1639E-01
   160.0      0.1443E-01
   161.0      0.1278E-01
   162.0      0.1143E-01
   163.0      0.1040E-01
   164.0      0.9648E-02
   165.0      0.9170E-02
   166.0      0.8940E-02
   167.0      0.8931E-02
   168.0      0.9112E-02
   169.0      0.9451E-02
   170.0      0.9913E-02
   171.0      0.1046E-01
   172.0      0.1107E-01
   173.0      0.1169E-01
   174.0      0.1231E-01
   175.0      0.1288E-01
   176.0      0.1339E-01
   177.0      0.1381E-01
   178.0      0.1412E-01
   179.0      0.1431E-01
   180.0      0.1438E-01
 END
