# 178 angles,  1 tensor ranks for 0=projectile
@subtitle   "p+O20 with CH89;"                                                              
@legend ON
@legend x1 0.2
@legend y1 0.8
@g0 type LOGY
@yaxis ticklabel format power
@legend string   0 "Lab energy =   35.0000"
#legend string   0 "Partition=  1 Excit=  1 near/far= 1"
#  Theta       sigma       iT11        T20         T21         T22         Kyy for projectile
   3.000      0.1302E+06
   4.000      0.3576E+05
   5.000      0.1247E+05
   6.000       5153.    
   7.000       2508.    
   8.000       1472.    
   9.000       1051.    
   10.00       877.7    
   11.00       805.3    
   12.00       772.2    
   13.00       751.5    
   14.00       731.8    
   15.00       708.5    
   16.00       680.4    
   17.00       647.7    
   18.00       611.1    
   19.00       571.7    
   20.00       530.4    
   21.00       488.2    
   22.00       446.0    
   23.00       404.5    
   24.00       364.1    
   25.00       325.5    
   26.00       288.9    
   27.00       254.6    
   28.00       222.8    
   29.00       193.5    
   30.00       166.9    
   31.00       142.9    
   32.00       121.4    
   33.00       102.3    
   34.00       85.49    
   35.00       70.86    
   36.00       58.23    
   37.00       47.42    
   38.00       38.28    
   39.00       30.62    
   40.00       24.28    
   41.00       19.10    
   42.00       14.93    
   43.00       11.62    
   44.00       9.053    
   45.00       7.098    
   46.00       5.650    
   47.00       4.615    
   48.00       3.909    
   49.00       3.458    
   50.00       3.201    
   51.00       3.085    
   52.00       3.066    
   53.00       3.109    
   54.00       3.185    
   55.00       3.272    
   56.00       3.354    
   57.00       3.420    
   58.00       3.460    
   59.00       3.470    
   60.00       3.449    
   61.00       3.396    
   62.00       3.313    
   63.00       3.202    
   64.00       3.068    
   65.00       2.914    
   66.00       2.744    
   67.00       2.563    
   68.00       2.375    
   69.00       2.183    
   70.00       1.991    
   71.00       1.802    
   72.00       1.619    
   73.00       1.444    
   74.00       1.278    
   75.00       1.124    
   76.00      0.9813    
   77.00      0.8511    
   78.00      0.7337    
   79.00      0.6290    
   80.00      0.5366    
   81.00      0.4563    
   82.00      0.3872    
   83.00      0.3288    
   84.00      0.2800    
   85.00      0.2402    
   86.00      0.2083    
   87.00      0.1834    
   88.00      0.1646    
   89.00      0.1510    
   90.00      0.1418    
   91.00      0.1363    
   92.00      0.1336    
   93.00      0.1332    
   94.00      0.1345    
   95.00      0.1369    
   96.00      0.1400    
   97.00      0.1435    
   98.00      0.1469    
   99.00      0.1501    
   100.0      0.1528    
   101.0      0.1548    
   102.0      0.1562    
   103.0      0.1568    
   104.0      0.1565    
   105.0      0.1553    
   106.0      0.1534    
   107.0      0.1506    
   108.0      0.1471    
   109.0      0.1429    
   110.0      0.1381    
   111.0      0.1328    
   112.0      0.1270    
   113.0      0.1209    
   114.0      0.1145    
   115.0      0.1079    
   116.0      0.1011    
   117.0      0.9438E-01
   118.0      0.8763E-01
   119.0      0.8096E-01
   120.0      0.7442E-01
   121.0      0.6805E-01
   122.0      0.6191E-01
   123.0      0.5602E-01
   124.0      0.5041E-01
   125.0      0.4510E-01
   126.0      0.4011E-01
   127.0      0.3545E-01
   128.0      0.3113E-01
   129.0      0.2714E-01
   130.0      0.2350E-01
   131.0      0.2019E-01
   132.0      0.1720E-01
   133.0      0.1453E-01
   134.0      0.1217E-01
   135.0      0.1009E-01
   136.0      0.8293E-02
   137.0      0.6756E-02
   138.0      0.5463E-02
   139.0      0.4397E-02
   140.0      0.3543E-02
   141.0      0.2883E-02
   142.0      0.2401E-02
   143.0      0.2080E-02
   144.0      0.1906E-02
   145.0      0.1864E-02
   146.0      0.1939E-02
   147.0      0.2117E-02
   148.0      0.2387E-02
   149.0      0.2735E-02
   150.0      0.3151E-02
   151.0      0.3625E-02
   152.0      0.4146E-02
   153.0      0.4706E-02
   154.0      0.5297E-02
   155.0      0.5912E-02
   156.0      0.6542E-02
   157.0      0.7183E-02
   158.0      0.7828E-02
   159.0      0.8473E-02
   160.0      0.9112E-02
   161.0      0.9741E-02
   162.0      0.1036E-01
   163.0      0.1096E-01
   164.0      0.1154E-01
   165.0      0.1209E-01
   166.0      0.1262E-01
   167.0      0.1313E-01
   168.0      0.1360E-01
   169.0      0.1404E-01
   170.0      0.1445E-01
   171.0      0.1482E-01
   172.0      0.1516E-01
   173.0      0.1546E-01
   174.0      0.1572E-01
   175.0      0.1595E-01
   176.0      0.1613E-01
   177.0      0.1627E-01
   178.0      0.1638E-01
   179.0      0.1644E-01
   180.0      0.1646E-01
 END
