# 178 angles,  1 tensor ranks for 0=projectile
@subtitle   "p+O20 with CH89;"                                                              
@legend ON
@legend x1 0.2
@legend y1 0.8
@g0 type LOGY
@yaxis ticklabel format power
@legend string   0 "Lab energy =   35.0000"
#legend string   0 "Partition=  1 Excit=  1 near/far= 1"
#  Theta       sigma       iT11        T20         T21         T22         Kyy for projectile
   3.000      0.1320E+06
   4.000      0.3832E+05
   5.000      0.1496E+05
   6.000       7403.    
   7.000       4509.    
   8.000       3242.    
   9.000       2611.    
   10.00       2250.    
   11.00       2008.    
   12.00       1822.    
   13.00       1661.    
   14.00       1514.    
   15.00       1375.    
   16.00       1242.    
   17.00       1114.    
   18.00       992.0    
   19.00       876.3    
   20.00       767.7    
   21.00       666.9    
   22.00       574.2    
   23.00       490.0    
   24.00       414.4    
   25.00       347.3    
   26.00       288.5    
   27.00       237.7    
   28.00       194.5    
   29.00       158.3    
   30.00       128.7    
   31.00       104.8    
   32.00       86.21    
   33.00       72.14    
   34.00       61.98    
   35.00       55.10    
   36.00       50.92    
   37.00       48.89    
   38.00       48.51    
   39.00       49.34    
   40.00       50.97    
   41.00       53.09    
   42.00       55.39    
   43.00       57.65    
   44.00       59.70    
   45.00       61.38    
   46.00       62.61    
   47.00       63.32    
   48.00       63.49    
   49.00       63.12    
   50.00       62.22    
   51.00       60.83    
   52.00       59.01    
   53.00       56.80    
   54.00       54.27    
   55.00       51.49    
   56.00       48.53    
   57.00       45.44    
   58.00       42.29    
   59.00       39.14    
   60.00       36.03    
   61.00       33.00    
   62.00       30.09    
   63.00       27.33    
   64.00       24.74    
   65.00       22.34    
   66.00       20.14    
   67.00       18.13    
   68.00       16.33    
   69.00       14.73    
   70.00       13.32    
   71.00       12.08    
   72.00       11.01    
   73.00       10.10    
   74.00       9.327    
   75.00       8.677    
   76.00       8.137    
   77.00       7.690    
   78.00       7.323    
   79.00       7.023    
   80.00       6.776    
   81.00       6.572    
   82.00       6.400    
   83.00       6.251    
   84.00       6.118    
   85.00       5.995    
   86.00       5.875    
   87.00       5.754    
   88.00       5.630    
   89.00       5.500    
   90.00       5.362    
   91.00       5.215    
   92.00       5.060    
   93.00       4.895    
   94.00       4.723    
   95.00       4.543    
   96.00       4.357    
   97.00       4.166    
   98.00       3.972    
   99.00       3.776    
   100.0       3.579    
   101.0       3.384    
   102.0       3.190    
   103.0       3.000    
   104.0       2.815    
   105.0       2.636    
   106.0       2.463    
   107.0       2.298    
   108.0       2.141    
   109.0       1.993    
   110.0       1.854    
   111.0       1.725    
   112.0       1.606    
   113.0       1.496    
   114.0       1.396    
   115.0       1.306    
   116.0       1.226    
   117.0       1.154    
   118.0       1.092    
   119.0       1.038    
   120.0      0.9918    
   121.0      0.9531    
   122.0      0.9211    
   123.0      0.8952    
   124.0      0.8748    
   125.0      0.8591    
   126.0      0.8474    
   127.0      0.8390    
   128.0      0.8332    
   129.0      0.8292    
   130.0      0.8265    
   131.0      0.8244    
   132.0      0.8222    
   133.0      0.8195    
   134.0      0.8158    
   135.0      0.8107    
   136.0      0.8038    
   137.0      0.7951    
   138.0      0.7842    
   139.0      0.7712    
   140.0      0.7561    
   141.0      0.7390    
   142.0      0.7202    
   143.0      0.6999    
   144.0      0.6785    
   145.0      0.6564    
   146.0      0.6341    
   147.0      0.6123    
   148.0      0.5913    
   149.0      0.5718    
   150.0      0.5544    
   151.0      0.5397    
   152.0      0.5281    
   153.0      0.5202    
   154.0      0.5165    
   155.0      0.5172    
   156.0      0.5228    
   157.0      0.5333    
   158.0      0.5490    
   159.0      0.5698    
   160.0      0.5956    
   161.0      0.6263    
   162.0      0.6615    
   163.0      0.7008    
   164.0      0.7437    
   165.0      0.7897    
   166.0      0.8380    
   167.0      0.8879    
   168.0      0.9386    
   169.0      0.9894    
   170.0       1.039    
   171.0       1.088    
   172.0       1.134    
   173.0       1.176    
   174.0       1.215    
   175.0       1.249    
   176.0       1.277    
   177.0       1.300    
   178.0       1.316    
   179.0       1.326    
   180.0       1.330    
 END
