# 178 angles,  1 tensor ranks for 0=projectile
@subtitle   "20O + d inelastic scattering;"                                                 
@legend ON
@legend x1 0.2
@legend y1 0.8
@g0 type LOGY
@yaxis ticklabel format power
@legend string   0 "Lab energy =   70.0000"
#legend string   0 "Partition=  1 Excit=  2 near/far= 1"
#  Theta       sigma       iT11        T20         T21         T22         Kyy for projectile
   3.000       4.929    
   4.000       6.514    
   5.000       8.218    
   6.000       9.864    
   7.000       11.32    
   8.000       12.54    
   9.000       13.54    
   10.00       14.41    
   11.00       15.26    
   12.00       16.16    
   13.00       17.16    
   14.00       18.25    
   15.00       19.33    
   16.00       20.30    
   17.00       21.00    
   18.00       21.31    
   19.00       21.12    
   20.00       20.41    
   21.00       19.18    
   22.00       17.52    
   23.00       15.57    
   24.00       13.49    
   25.00       11.42    
   26.00       9.526    
   27.00       7.920    
   28.00       6.676    
   29.00       5.822    
   30.00       5.342    
   31.00       5.180    
   32.00       5.256    
   33.00       5.479    
   34.00       5.757    
   35.00       6.010    
   36.00       6.175    
   37.00       6.212    
   38.00       6.104    
   39.00       5.857    
   40.00       5.489    
   41.00       5.033    
   42.00       4.525    
   43.00       4.002    
   44.00       3.498    
   45.00       3.040    
   46.00       2.645    
   47.00       2.322    
   48.00       2.071    
   49.00       1.886    
   50.00       1.756    
   51.00       1.668    
   52.00       1.608    
   53.00       1.561    
   54.00       1.517    
   55.00       1.466    
   56.00       1.404    
   57.00       1.327    
   58.00       1.236    
   59.00       1.134    
   60.00       1.023    
   61.00      0.9074    
   62.00      0.7923    
   63.00      0.6814    
   64.00      0.5780    
   65.00      0.4847    
   66.00      0.4031    
   67.00      0.3336    
   68.00      0.2761    
   69.00      0.2299    
   70.00      0.1936    
   71.00      0.1658    
   72.00      0.1448    
   73.00      0.1290    
   74.00      0.1170    
   75.00      0.1077    
   76.00      0.9996E-01
   77.00      0.9311E-01
   78.00      0.8664E-01
   79.00      0.8026E-01
   80.00      0.7383E-01
   81.00      0.6732E-01
   82.00      0.6078E-01
   83.00      0.5431E-01
   84.00      0.4803E-01
   85.00      0.4205E-01
   86.00      0.3648E-01
   87.00      0.3137E-01
   88.00      0.2677E-01
   89.00      0.2269E-01
   90.00      0.1913E-01
   91.00      0.1606E-01
   92.00      0.1346E-01
   93.00      0.1128E-01
   94.00      0.9471E-02
   95.00      0.7987E-02
   96.00      0.6783E-02
   97.00      0.5820E-02
   98.00      0.5065E-02
   99.00      0.4487E-02
   100.0      0.4055E-02
   101.0      0.3742E-02
   102.0      0.3526E-02
   103.0      0.3385E-02
   104.0      0.3302E-02
   105.0      0.3261E-02
   106.0      0.3246E-02
   107.0      0.3241E-02
   108.0      0.3235E-02
   109.0      0.3218E-02
   110.0      0.3181E-02
   111.0      0.3121E-02
   112.0      0.3033E-02
   113.0      0.2919E-02
   114.0      0.2777E-02
   115.0      0.2611E-02
   116.0      0.2424E-02
   117.0      0.2220E-02
   118.0      0.2006E-02
   119.0      0.1788E-02
   120.0      0.1572E-02
   121.0      0.1364E-02
   122.0      0.1168E-02
   123.0      0.9874E-03
   124.0      0.8264E-03
   125.0      0.6874E-03
   126.0      0.5717E-03
   127.0      0.4791E-03
   128.0      0.4085E-03
   129.0      0.3584E-03
   130.0      0.3272E-03
   131.0      0.3129E-03
   132.0      0.3134E-03
   133.0      0.3256E-03
   134.0      0.3462E-03
   135.0      0.3719E-03
   136.0      0.4002E-03
   137.0      0.4292E-03
   138.0      0.4572E-03
   139.0      0.4826E-03
   140.0      0.5038E-03
   141.0      0.5196E-03
   142.0      0.5295E-03
   143.0      0.5335E-03
   144.0      0.5320E-03
   145.0      0.5251E-03
   146.0      0.5129E-03
   147.0      0.4955E-03
   148.0      0.4735E-03
   149.0      0.4483E-03
   150.0      0.4210E-03
   151.0      0.3929E-03
   152.0      0.3642E-03
   153.0      0.3353E-03
   154.0      0.3063E-03
   155.0      0.2778E-03
   156.0      0.2506E-03
   157.0      0.2255E-03
   158.0      0.2027E-03
   159.0      0.1823E-03
   160.0      0.1641E-03
   161.0      0.1480E-03
   162.0      0.1339E-03
   163.0      0.1219E-03
   164.0      0.1119E-03
   165.0      0.1036E-03
   166.0      0.9656E-04
   167.0      0.9069E-04
   168.0      0.8599E-04
   169.0      0.8250E-04
   170.0      0.8012E-04
   171.0      0.7843E-04
   172.0      0.7693E-04
   173.0      0.7531E-04
   174.0      0.7360E-04
   175.0      0.7218E-04
   176.0      0.7151E-04
   177.0      0.7179E-04
   178.0      0.7275E-04
   179.0      0.7374E-04
   180.0      0.7415E-04
 END
