 Overlap wf  3#  1/  1 of <O19     |O20     >: lsj,I;J =  0  0.5  0.5,  0.5;  0.0 @-10.72810 MeV
         301  0.100000001               0
  8.0787E-01  7.9820E-01  7.8853E-01  7.7258E-01  7.5061E-01  7.2295E-01
  6.9001E-01  6.5229E-01  6.1033E-01  5.6476E-01  5.1623E-01  4.6543E-01
  4.1305E-01  3.5982E-01  3.0644E-01  2.5359E-01  2.0193E-01  1.5206E-01
  1.0454E-01  5.9846E-02  1.8395E-02 -1.9481E-02 -5.3533E-02 -8.3599E-02
 -1.0960E-01 -1.3155E-01 -1.4952E-01 -1.6367E-01 -1.7422E-01 -1.8144E-01
 -1.8564E-01 -1.8714E-01 -1.8629E-01 -1.8345E-01 -1.7897E-01 -1.7317E-01
 -1.6634E-01 -1.5878E-01 -1.5072E-01 -1.4237E-01 -1.3391E-01 -1.2549E-01
 -1.1721E-01 -1.0917E-01 -1.0144E-01 -9.4064E-02 -8.7068E-02 -8.0471E-02
 -7.4280E-02 -6.8494E-02 -6.3103E-02 -5.8094E-02 -5.3452E-02 -4.9158E-02
 -4.5192E-02 -4.1535E-02 -3.8166E-02 -3.5065E-02 -3.2214E-02 -2.9593E-02
 -2.7185E-02 -2.4973E-02 -2.2943E-02 -2.1079E-02 -1.9369E-02 -1.7799E-02
 -1.6358E-02 -1.5036E-02 -1.3823E-02 -1.2709E-02 -1.1687E-02 -1.0748E-02
 -9.8869E-03 -9.0958E-03 -8.3693E-03 -7.7020E-03 -7.0890E-03 -6.5258E-03
 -6.0082E-03 -5.5324E-03 -5.0951E-03 -4.6931E-03 -4.3234E-03 -3.9833E-03
 -3.6705E-03 -3.3828E-03 -3.1180E-03 -2.8743E-03 -2.6500E-03 -2.4435E-03
 -2.2534E-03 -2.0783E-03 -1.9171E-03 -1.7685E-03 -1.6317E-03 -1.5056E-03
 -1.3894E-03 -1.2823E-03 -1.1836E-03 -1.0926E-03 -1.0087E-03 -9.3137E-04
 -8.6002E-04 -7.9422E-04 -7.3352E-04 -6.7752E-04 -6.2585E-04 -5.7818E-04
 -5.3418E-04 -4.9357E-04 -4.5609E-04 -4.2149E-04 -3.8955E-04 -3.6005E-04
 -3.3282E-04 -3.0766E-04 -2.8444E-04 -2.6298E-04 -2.4316E-04 -2.2485E-04
 -2.0793E-04 -1.9230E-04 -1.7786E-04 -1.6451E-04 -1.5218E-04 -1.4078E-04
 -1.3024E-04 -1.2049E-04 -1.1149E-04 -1.0316E-04 -9.5461E-05 -8.8341E-05
 -8.1757E-05 -7.5668E-05 -7.0037E-05 -6.4828E-05 -6.0010E-05 -5.5553E-05
 -5.1430E-05 -4.7615E-05 -4.4086E-05 -4.0820E-05 -3.7798E-05 -3.5002E-05
 -3.2414E-05 -3.0019E-05 -2.7802E-05 -2.5750E-05 -2.3850E-05 -2.2092E-05
 -2.0464E-05 -1.8957E-05 -1.7562E-05 -1.6270E-05 -1.5074E-05 -1.3967E-05
 -1.2941E-05 -1.1991E-05 -1.1111E-05 -1.0296E-05 -9.5418E-06 -8.8428E-06
 -8.1954E-06 -7.5956E-06 -7.0400E-06 -6.5253E-06 -6.0484E-06 -5.6066E-06
 -5.1972E-06 -4.8179E-06 -4.4665E-06 -4.1408E-06 -3.8390E-06 -3.5593E-06
 -3.3001E-06 -3.0599E-06 -2.8372E-06 -2.6309E-06 -2.4396E-06 -2.2623E-06
 -2.0980E-06 -1.9456E-06 -1.8044E-06 -1.6735E-06 -1.5521E-06 -1.4396E-06
 -1.3352E-06 -1.2385E-06 -1.1488E-06 -1.0656E-06 -9.8851E-07 -9.1699E-07
 -8.5068E-07 -7.8918E-07 -7.3214E-07 -6.7925E-07 -6.3019E-07 -5.8470E-07
 -5.4250E-07 -5.0336E-07 -4.6705E-07 -4.3338E-07 -4.0214E-07 -3.7316E-07
 -3.4628E-07 -3.2134E-07 -2.9821E-07 -2.7675E-07 -2.5684E-07 -2.3837E-07
 -2.2123E-07 -2.0532E-07 -1.9057E-07 -1.7688E-07 -1.6417E-07 -1.5239E-07
 -1.4145E-07 -1.3130E-07 -1.2188E-07 -1.1314E-07 -1.0503E-07 -9.7497E-08
 -9.0510E-08 -8.4025E-08 -7.8007E-08 -7.2421E-08 -6.7237E-08 -6.2424E-08
 -5.7958E-08 -5.3812E-08 -4.9963E-08 -4.6391E-08 -4.3075E-08 -3.9996E-08
 -3.7139E-08 -3.4486E-08 -3.2023E-08 -2.9737E-08 -2.7614E-08 -2.5643E-08
 -2.3814E-08 -2.2115E-08 -2.0538E-08 -1.9074E-08 -1.7714E-08 -1.6451E-08
 -1.5279E-08 -1.4191E-08 -1.3180E-08 -1.2241E-08 -1.1370E-08 -1.0561E-08
 -9.8092E-09 -9.1112E-09 -8.4631E-09 -7.8612E-09 -7.3023E-09 -6.7831E-09
 -6.3010E-09 -5.8532E-09 -5.4374E-09 -5.0511E-09 -4.6924E-09 -4.3592E-09
 -4.0497E-09 -3.7622E-09 -3.4952E-09 -3.2472E-09 -3.0169E-09 -2.8029E-09
 -2.6041E-09 -2.4195E-09 -2.2479E-09 -2.0886E-09 -1.9406E-09 -1.8031E-09
 -1.6754E-09 -1.5567E-09 -1.4465E-09 -1.3440E-09 -1.2489E-09 -1.1605E-09
 -1.0784E-09 -1.0021E-09 -9.3117E-10 -8.6530E-10 -8.0411E-10 -7.4725E-10
 -6.9442E-10 -6.4533E-10 -5.9972E-10 -5.5734E-10 -5.1796E-10 -4.8137E-10
 -4.4736E-10 -4.1577E-10 -3.8641E-10 -3.5913E-10 -3.3378E-10 -3.1022E-10
 -3.7099E-17
 -5.1863E+01 -5.1186E+01 -5.0508E+01 -4.9421E+01 -4.7942E+01 -4.6092E+01
 -4.3900E+01 -4.1399E+01 -3.8627E+01 -3.5626E+01 -3.2440E+01 -2.9117E+01
 -2.5708E+01 -2.2261E+01 -1.8828E+01 -1.5456E+01 -1.2194E+01 -9.0847E+00
 -6.1688E+00 -3.4816E+00 -1.0528E+00  1.0943E+00  2.9435E+00  4.4859E+00
  5.7204E+00  6.6537E+00  7.2997E+00  7.6793E+00  7.8189E+00  7.7499E+00
  7.5063E+00  7.1242E+00  6.6389E+00  6.0844E+00  5.4915E+00  4.8869E+00
  4.2925E+00  3.7254E+00  3.1977E+00  2.7172E+00  2.2877E+00  1.9101E+00
  1.5830E+00  1.3030E+00  1.0662E+00  8.6782E-01  7.0305E-01  5.6725E-01
  4.5604E-01  3.6551E-01  2.9216E-01  2.3300E-01  1.8546E-01  1.4737E-01
  1.1693E-01  9.2676E-02  7.3377E-02  5.8049E-02  4.5891E-02  3.6260E-02
  2.8637E-02  2.2609E-02  1.7844E-02  1.4081E-02  1.1110E-02  8.7648E-03
  6.9142E-03  5.4543E-03  4.3026E-03  3.3942E-03  2.6777E-03  2.1126E-03
  1.6669E-03  1.3153E-03  1.0380E-03  8.1926E-04  6.4668E-04  5.1051E-04
  4.0307E-04  3.1828E-04  2.5135E-04  1.9853E-04  1.5682E-04  1.2389E-04
  9.7893E-05  7.7358E-05  6.1138E-05  4.8325E-05  3.8202E-05  3.0204E-05
  2.3882E-05  1.8886E-05  1.4937E-05  1.1815E-05  9.3465E-06  7.3946E-06
  5.8510E-06  4.6300E-06  3.6643E-06  2.9003E-06  2.2958E-06  1.8174E-06
  1.4389E-06  1.1393E-06  9.0222E-07  7.1451E-07  5.6591E-07  4.4825E-07
  3.5509E-07  2.8131E-07  2.2288E-07  1.7660E-07  1.3994E-07  1.1090E-07
  8.7895E-08  6.9667E-08  5.5223E-08  4.3776E-08  3.4705E-08  2.7516E-08
  2.1817E-08  1.7300E-08  1.3719E-08  1.0880E-08  8.6291E-09  6.8443E-09
  5.4290E-09  4.3067E-09  3.4165E-09  2.7105E-09  2.1506E-09  1.7064E-09
  1.3540E-09  1.0745E-09  8.5271E-10  6.7674E-10  5.3712E-10  4.2632E-10
  3.3840E-10  2.6863E-10  2.1325E-10  1.6930E-10  1.3441E-10  1.0672E-10
  8.4734E-11  6.7283E-11  5.3428E-11  4.2429E-11  3.3695E-11  2.6760E-11
  2.1254E-11  1.6881E-11  1.3409E-11  1.0651E-11  8.4609E-12  6.7213E-12
  5.3397E-12  4.2422E-12  3.3704E-12  2.6779E-12  2.1278E-12  1.6907E-12
  1.3435E-12  1.0676E-12  8.4841E-13  6.7425E-13  5.3585E-13  4.2588E-13
  3.3849E-13  2.6904E-13  2.1385E-13  1.6999E-13  1.3513E-13  1.0742E-13
  8.5392E-14  6.7886E-14  5.3971E-14  4.2909E-14  3.4116E-14  2.7125E-14
  2.1568E-14  1.7149E-14  1.3637E-14  1.0844E-14  8.6231E-15  6.8575E-15
  5.4535E-15  4.3371E-15  3.4493E-15  2.7433E-15  2.1819E-15  1.7354E-15
  1.3804E-15  1.0980E-15  8.7337E-16  6.9473E-16  5.5264E-16  4.3963E-16
  3.4974E-16  2.7823E-16  2.2135E-16  1.7610E-16  1.4011E-16  1.1147E-16
  8.8692E-17  7.0569E-17  5.6150E-17  4.4679E-17  3.5551E-17  2.8290E-17
  2.2512E-17  1.7914E-17  1.4256E-17  1.1345E-17  9.0285E-18  7.1853E-18
  5.7185E-18  4.5512E-18  3.6223E-18  2.8830E-18  2.2947E-18  1.8264E-18
  1.4538E-18  1.1572E-18  9.2108E-19  7.3319E-19  5.8363E-19  4.6460E-19
  3.6984E-19  2.9442E-19  2.3438E-19  1.8659E-19  1.4855E-19  1.1826E-19
  9.4156E-20  7.4963E-20  5.9683E-20  4.7519E-20  3.7835E-20  3.0125E-20
  2.3986E-20  1.9099E-20  1.5208E-20  1.2109E-20  9.6425E-21  7.6783E-21
  6.1143E-21  4.8689E-21  3.8773E-21  3.0877E-21  2.4589E-21  1.9582E-21
  1.5595E-21  1.2420E-21  9.8914E-22  7.8778E-22  6.2742E-22  4.9971E-22
  3.9800E-22  3.1699E-22  2.5248E-22  2.0110E-22  1.6018E-22  1.2759E-22
  1.0163E-22  8.0950E-23  6.4481E-23  5.1363E-23  4.0915E-23  3.2592E-23
  2.5963E-23  2.0682E-23  1.6476E-23  1.3125E-23  1.0456E-23  8.3300E-24
  6.6362E-24  5.2869E-24  4.2120E-24  3.3557E-24  2.6735E-24  2.1300E-24
  1.6970E-24  1.3521E-24  1.0773E-24  8.5832E-25  6.8388E-25  5.4490E-25
  4.3416E-25  3.4594E-25  2.7565E-25  2.1964E-25  1.7501E-25  1.3946E-25
  0.0000E+00  0.0000E+00  0.0000E+00  0.0000E+00  0.0000E+00  0.0000E+00
  0.0000E+00
 Overlap wf  4#  1/  1 of <O19     |O20     >: lsj,I;J =  1  0.5  0.5,  0.5;  0.0 @-10.72810 MeV
         301  0.100000001               0
  2.1125E-03  2.8557E-02  5.5001E-02  8.1514E-02  1.0745E-01  1.3250E-01
  1.5643E-01  1.7904E-01  2.0014E-01  2.1956E-01  2.3718E-01  2.5287E-01
  2.6653E-01  2.7809E-01  2.8752E-01  2.9480E-01  2.9993E-01  3.0296E-01
  3.0395E-01  3.0298E-01  3.0016E-01  2.9563E-01  2.8953E-01  2.8202E-01
  2.7328E-01  2.6348E-01  2.5282E-01  2.4148E-01  2.2963E-01  2.1746E-01
  2.0513E-01  1.9278E-01  1.8055E-01  1.6856E-01  1.5690E-01  1.4566E-01
  1.3490E-01  1.2466E-01  1.1497E-01  1.0586E-01  9.7330E-02  8.9371E-02
  8.1974E-02  7.5121E-02  6.8789E-02  6.2952E-02  5.7583E-02  5.2652E-02
  4.8130E-02  4.3988E-02  4.0198E-02  3.6733E-02  3.3567E-02  3.0676E-02
  2.8036E-02  2.5627E-02  2.3428E-02  2.1422E-02  1.9591E-02  1.7921E-02
  1.6397E-02  1.5006E-02  1.3736E-02  1.2577E-02  1.1518E-02  1.0551E-02
  9.6678E-03  8.8605E-03  8.1227E-03  7.4481E-03  6.8311E-03  6.2668E-03
  5.7504E-03  5.2777E-03  4.8450E-03  4.4487E-03  4.0858E-03  3.7532E-03
  3.4484E-03  3.1690E-03  2.9128E-03  2.6779E-03  2.4623E-03  2.2646E-03
  2.0831E-03  1.9164E-03  1.7634E-03  1.6229E-03  1.4939E-03  1.3753E-03
  1.2663E-03  1.1662E-03  1.0741E-03  9.8942E-04  9.1157E-04  8.3995E-04
  7.7408E-04  7.1346E-04  6.5768E-04  6.0633E-04  5.5907E-04  5.1555E-04
  4.7548E-04  4.3857E-04  4.0458E-04  3.7326E-04  3.4440E-04  3.1781E-04
  2.9331E-04  2.7072E-04  2.4990E-04  2.3070E-04  2.1300E-04  1.9667E-04
  1.8162E-04  1.6773E-04  1.5492E-04  1.4310E-04  1.3219E-04  1.2213E-04
  1.1284E-04  1.0426E-04  9.6348E-05  8.9042E-05  8.2296E-05  7.6067E-05
  7.0315E-05  6.5003E-05  6.0096E-05  5.5564E-05  5.1378E-05  4.7510E-05
  4.3936E-05  4.0634E-05  3.7583E-05  3.4763E-05  3.2157E-05  2.9748E-05
  2.7521E-05  2.5462E-05  2.3559E-05  2.1800E-05  2.0173E-05  1.8668E-05
  1.7277E-05  1.5990E-05  1.4800E-05  1.3700E-05  1.2682E-05  1.1740E-05
  1.0868E-05  1.0062E-05  9.3164E-06  8.6262E-06  7.9876E-06  7.3966E-06
  6.8497E-06  6.3435E-06  5.8750E-06  5.4413E-06  5.0399E-06  4.6684E-06
  4.3244E-06  4.0059E-06  3.7110E-06  3.4380E-06  3.1852E-06  2.9512E-06
  2.7344E-06  2.5337E-06  2.3478E-06  2.1756E-06  2.0161E-06  1.8684E-06
  1.7316E-06  1.6048E-06  1.4874E-06  1.3787E-06  1.2779E-06  1.1845E-06
  1.0980E-06  1.0179E-06  9.4361E-07  8.7480E-07  8.1103E-07  7.5193E-07
  6.9717E-07  6.4641E-07  5.9937E-07  5.5577E-07  5.1535E-07  4.7790E-07
  4.4317E-07  4.1099E-07  3.8115E-07  3.5349E-07  3.2784E-07  3.0407E-07
  2.8203E-07  2.6159E-07  2.4264E-07  2.2507E-07  2.0878E-07  1.9367E-07
  1.7966E-07  1.6667E-07  1.5462E-07  1.4345E-07  1.3309E-07  1.2348E-07
  1.1457E-07  1.0630E-07  9.8630E-08  9.1517E-08  8.4919E-08  7.8799E-08
  7.3122E-08  6.7855E-08  6.2969E-08  5.8436E-08  5.4231E-08  5.0330E-08
  4.6710E-08  4.3352E-08  4.0236E-08  3.7345E-08  3.4662E-08  3.2173E-08
  2.9863E-08  2.7720E-08  2.5731E-08  2.3885E-08  2.2172E-08  2.0582E-08
  1.9107E-08  1.7738E-08  1.6467E-08  1.5288E-08  1.4193E-08  1.3177E-08
  1.2234E-08  1.1359E-08  1.0546E-08  9.7919E-09  9.0918E-09  8.4420E-09
  7.8387E-09  7.2786E-09  6.7587E-09  6.2761E-09  5.8280E-09  5.4120E-09
  5.0258E-09  4.6672E-09  4.3343E-09  4.0252E-09  3.7382E-09  3.4717E-09
  3.2243E-09  2.9946E-09  2.7813E-09  2.5832E-09  2.3992E-09  2.2284E-09
  2.0698E-09  1.9225E-09  1.7857E-09  1.6587E-09  1.5407E-09  1.4312E-09
  1.3295E-09  1.2350E-09  1.1472E-09  1.0657E-09  9.8999E-10  9.1968E-10
  8.5437E-10  7.9372E-10  7.3738E-10  6.8505E-10  6.3644E-10  5.9129E-10
  5.4935E-10  5.1039E-10  4.7420E-10  4.4059E-10  4.0936E-10  3.8035E-10
  3.5340E-10  3.2836E-10  3.0510E-10  2.8350E-10  2.6342E-10  2.4478E-10
  2.2745E-10  2.1135E-10  1.9640E-10  1.8250E-10  1.6959E-10  1.5760E-10
  0.0000E+00
 -3.1733E-02 -1.1723E+00 -2.3129E+00 -3.4498E+00 -4.5557E+00 -5.6167E+00
 -6.6217E+00 -7.5607E+00 -8.4247E+00 -9.2057E+00 -9.8963E+00 -1.0491E+01
 -1.0983E+01 -1.1371E+01 -1.1651E+01 -1.1822E+01 -1.1884E+01 -1.1840E+01
 -1.1693E+01 -1.1448E+01 -1.1112E+01 -1.0693E+01 -1.0200E+01 -9.6443E+00
 -9.0377E+00 -8.3928E+00 -7.7227E+00 -7.0404E+00 -6.3588E+00 -5.6896E+00
 -5.0435E+00 -4.4298E+00 -3.8556E+00 -3.3264E+00 -2.8454E+00 -2.4143E+00
 -2.0327E+00 -1.6990E+00 -1.4105E+00 -1.1638E+00 -9.5468E-01 -7.7910E-01
 -6.3283E-01 -5.1186E-01 -4.1247E-01 -3.3127E-01 -2.6528E-01 -2.1189E-01
 -1.6887E-01 -1.3433E-01 -1.0667E-01 -8.4587E-02 -6.6995E-02 -5.3007E-02
 -4.1904E-02 -3.3102E-02 -2.6134E-02 -2.0623E-02 -1.6268E-02 -1.2829E-02
 -1.0114E-02 -7.9727E-03 -6.2839E-03 -4.9524E-03 -3.9030E-03 -3.0759E-03
 -2.4241E-03 -1.9106E-03 -1.5059E-03 -1.1870E-03 -9.3579E-04 -7.3780E-04
 -5.8176E-04 -4.5878E-04 -3.6185E-04 -2.8543E-04 -2.2518E-04 -1.7767E-04
 -1.4021E-04 -1.1066E-04 -8.7349E-05 -6.8958E-05 -5.4448E-05 -4.2996E-05
 -3.3958E-05 -2.6823E-05 -2.1190E-05 -1.6742E-05 -1.3230E-05 -1.0456E-05
 -8.2642E-06 -6.5329E-06 -5.1649E-06 -4.0838E-06 -3.2294E-06 -2.5541E-06
 -2.0202E-06 -1.5981E-06 -1.2643E-06 -1.0003E-06 -7.9157E-07 -6.2644E-07
 -4.9581E-07 -3.9245E-07 -3.1067E-07 -2.4596E-07 -1.9475E-07 -1.5421E-07
 -1.2212E-07 -9.6719E-08 -7.6607E-08 -6.0682E-08 -4.8072E-08 -3.8086E-08
 -3.0176E-08 -2.3911E-08 -1.8949E-08 -1.5017E-08 -1.1902E-08 -9.4340E-09
 -7.4782E-09 -5.9284E-09 -4.7000E-09 -3.7265E-09 -2.9548E-09 -2.3431E-09
 -1.8581E-09 -1.4736E-09 -1.1688E-09 -9.2703E-10 -7.3534E-10 -5.8333E-10
 -4.6277E-10 -3.6715E-10 -2.9130E-10 -2.3114E-10 -1.8341E-10 -1.4555E-10
 -1.1551E-10 -9.1670E-11 -7.2757E-11 -5.7749E-11 -4.5840E-11 -3.6388E-11
 -2.8887E-11 -2.2933E-11 -1.8207E-11 -1.4456E-11 -1.1478E-11 -9.1142E-12
 -7.2374E-12 -5.7474E-12 -4.5643E-12 -3.6249E-12 -2.8790E-12 -2.2867E-12
 -1.8163E-12 -1.4428E-12 -1.1461E-12 -9.1044E-13 -7.2328E-13 -5.7462E-13
 -4.5654E-13 -3.6273E-13 -2.8821E-13 -2.2901E-13 -1.8197E-13 -1.4461E-13
 -1.1492E-13 -9.1324E-14 -7.2579E-14 -5.7683E-14 -4.5846E-14 -3.6440E-14
 -2.8964E-14 -2.3023E-14 -1.8301E-14 -1.4548E-14 -1.1565E-14 -9.1940E-15
 -7.3093E-15 -5.8112E-15 -4.6202E-15 -3.6735E-15 -2.9208E-15 -2.3225E-15
 -1.8467E-15 -1.4685E-15 -1.1677E-15 -9.2862E-16 -7.3849E-16 -5.8730E-16
 -4.6708E-16 -3.7148E-16 -2.9545E-16 -2.3499E-16 -1.8691E-16 -1.4867E-16
 -1.1826E-16 -9.4068E-17 -7.4828E-17 -5.9525E-17 -4.7353E-17 -3.7671E-17
 -2.9969E-17 -2.3843E-17 -1.8969E-17 -1.5092E-17 -1.2008E-17 -9.5540E-18
 -7.6018E-18 -6.0487E-18 -4.8130E-18 -3.8298E-18 -3.0475E-18 -2.4251E-18
 -1.9299E-18 -1.5358E-18 -1.2222E-18 -9.7266E-19 -7.7409E-19 -6.1607E-19
 -4.9032E-19 -3.9025E-19 -3.1060E-19 -2.4722E-19 -1.9677E-19 -1.5663E-19
 -1.2467E-19 -9.9237E-20 -7.8994E-20 -6.2882E-20 -5.0057E-20 -3.9848E-20
 -3.1722E-20 -2.5254E-20 -2.0104E-20 -1.6006E-20 -1.2743E-20 -1.0145E-20
 -8.0771E-21 -6.4308E-21 -5.1201E-21 -4.0767E-21 -3.2459E-21 -2.5845E-21
 -2.0579E-21 -1.6386E-21 -1.3048E-21 -1.0390E-21 -8.2736E-22 -6.5883E-22
 -5.2465E-22 -4.1780E-22 -3.3272E-22 -2.6496E-22 -2.1101E-22 -1.6805E-22
 -1.3383E-22 -1.0659E-22 -8.4889E-23 -6.7609E-23 -5.3847E-23 -4.2887E-23
 -3.4159E-23 -2.7207E-23 -2.1670E-23 -1.7261E-23 -1.3749E-23 -1.0951E-23
 -8.7231E-24 -6.9485E-24 -5.5349E-24 -4.4090E-24 -3.5122E-24 -2.7978E-24
 -2.2288E-24 -1.7755E-24 -1.4144E-24 -1.1268E-24 -8.9766E-25 -7.1513E-25
 -5.6973E-25 -4.5390E-25 -3.6162E-25 -2.8810E-25 -2.2954E-25 -1.8288E-25
 -1.4571E-25 -1.1609E-25 -9.2496E-26 -7.3698E-26 -5.8720E-26 -4.6788E-26
  1.0989E-27  8.7256E-28  6.9285E-28  5.5017E-28  4.3688E-28  3.4692E-28
  2.7550E-28
 Overlap wf  5#  1/  1 of <O19     |O20     >: lsj,I;J =  2  0.5  2.5,  0.5;  0.0 @-10.72810 MeV
         301  0.100000001               0
 -2.4865E-03  1.1807E-03  4.8479E-03  1.0818E-02  1.9009E-02  2.9268E-02
  4.1397E-02  5.5164E-02  7.0308E-02  8.6542E-02  1.0356E-01  1.2104E-01
  1.3865E-01  1.5608E-01  1.7299E-01  1.8910E-01  2.0411E-01  2.1777E-01
  2.2985E-01  2.4016E-01  2.4856E-01  2.5494E-01  2.5925E-01  2.6147E-01
  2.6163E-01  2.5982E-01  2.5614E-01  2.5075E-01  2.4382E-01  2.3556E-01
  2.2619E-01  2.1592E-01  2.0499E-01  1.9360E-01  1.8196E-01  1.7025E-01
  1.5865E-01  1.4728E-01  1.3627E-01  1.2569E-01  1.1563E-01  1.0613E-01
  9.7209E-02  8.8884E-02  8.1153E-02  7.4004E-02  6.7417E-02  6.1368E-02
  5.5827E-02  5.0763E-02  4.6143E-02  4.1934E-02  3.8106E-02  3.4626E-02
  3.1465E-02  2.8596E-02  2.5993E-02  2.3632E-02  2.1491E-02  1.9549E-02
  1.7787E-02  1.6190E-02  1.4740E-02  1.3425E-02  1.2232E-02  1.1148E-02
  1.0164E-02  9.2696E-03  8.4571E-03  7.7184E-03  7.0466E-03  6.4354E-03
  5.8792E-03  5.3728E-03  4.9116E-03  4.4913E-03  4.1083E-03  3.7590E-03
  3.4405E-03  3.1498E-03  2.8845E-03  2.6422E-03  2.4210E-03  2.2188E-03
  2.0341E-03  1.8651E-03  1.7107E-03  1.5694E-03  1.4400E-03  1.3217E-03
  1.2133E-03  1.1141E-03  1.0232E-03  9.3985E-04  8.6350E-04  7.9350E-04
  7.2932E-04  6.7045E-04  6.1645E-04  5.6689E-04  5.2141E-04  4.7966E-04
  4.4132E-04  4.0611E-04  3.7377E-04  3.4406E-04  3.1676E-04  2.9166E-04
  2.6860E-04  2.4739E-04  2.2789E-04  2.0995E-04  1.9346E-04  1.7828E-04
  1.6431E-04  1.5146E-04  1.3962E-04  1.2873E-04  1.1870E-04  1.0947E-04
  1.0097E-04  9.3132E-05  8.5915E-05  7.9266E-05  7.3140E-05  6.7493E-05
  6.2289E-05  5.7492E-05  5.3070E-05  4.8992E-05  4.5232E-05  4.1764E-05
  3.8566E-05  3.5616E-05  3.2894E-05  3.0383E-05  2.8066E-05  2.5928E-05
  2.3955E-05  2.2133E-05  2.0452E-05  1.8900E-05  1.7467E-05  1.6144E-05
  1.4922E-05  1.3794E-05  1.2752E-05  1.1789E-05  1.0900E-05  1.0079E-05
  9.3198E-06  8.6187E-06  7.9708E-06  7.3721E-06  6.8189E-06  6.3075E-06
  5.8348E-06  5.3979E-06  4.9940E-06  4.6206E-06  4.2754E-06  3.9561E-06
  3.6610E-06  3.3880E-06  3.1356E-06  2.9021E-06  2.6862E-06  2.4864E-06
  2.3016E-06  2.1307E-06  1.9726E-06  1.8263E-06  1.6909E-06  1.5656E-06
  1.4497E-06  1.3424E-06  1.2432E-06  1.1513E-06  1.0662E-06  9.8753E-07
  9.1467E-07  8.4722E-07  7.8478E-07  7.2697E-07  6.7345E-07  6.2390E-07
  5.7801E-07  5.3552E-07  4.9618E-07  4.5974E-07  4.2600E-07  3.9475E-07
  3.6580E-07  3.3899E-07  3.1416E-07  2.9115E-07  2.6985E-07  2.5011E-07
  2.3182E-07  2.1487E-07  1.9918E-07  1.8463E-07  1.7116E-07  1.5867E-07
  1.4710E-07  1.3637E-07  1.2644E-07  1.1723E-07  1.0869E-07  1.0078E-07
  9.3449E-08  8.6654E-08  8.0354E-08  7.4516E-08  6.9103E-08  6.4085E-08
  5.9434E-08  5.5122E-08  5.1124E-08  4.7417E-08  4.3981E-08  4.0794E-08
  3.7840E-08  3.5100E-08  3.2560E-08  3.0204E-08  2.8020E-08  2.5994E-08
  2.4115E-08  2.2373E-08  2.0757E-08  1.9258E-08  1.7868E-08  1.6579E-08
  1.5383E-08  1.4274E-08  1.3245E-08  1.2290E-08  1.1405E-08  1.0583E-08
  9.8212E-09  9.1143E-09  8.4584E-09  7.8499E-09  7.2854E-09  6.7616E-09
  6.2756E-09  5.8246E-09  5.4062E-09  5.0180E-09  4.6577E-09  4.3234E-09
  4.0131E-09  3.7252E-09  3.4581E-09  3.2101E-09  2.9800E-09  2.7664E-09
  2.5682E-09  2.3843E-09  2.2135E-09  2.0551E-09  1.9080E-09  1.7715E-09
  1.6447E-09  1.5271E-09  1.4179E-09  1.3165E-09  1.2224E-09  1.1351E-09
  1.0540E-09  9.7873E-10  9.0884E-10  8.4396E-10  7.8373E-10  7.2780E-10
  6.7588E-10  6.2768E-10  5.8292E-10  5.4136E-10  5.0277E-10  4.6694E-10
  4.3367E-10  4.0278E-10  3.7410E-10  3.4746E-10  3.2272E-10  2.9975E-10
  2.7842E-10  2.5862E-10  2.4022E-10  2.2314E-10  2.0727E-10  1.9254E-10
  1.7885E-10  1.6614E-10  1.5434E-10  1.4337E-10  1.3319E-10  1.2373E-10
  9.1833E-30
  1.4900E-01 -7.3324E-02 -2.9564E-01 -6.5531E-01 -1.1470E+00 -1.7609E+00
 -2.4843E+00 -3.3023E+00 -4.1981E+00 -5.1529E+00 -6.1469E+00 -7.1590E+00
 -8.1675E+00 -9.1508E+00 -1.0087E+01 -1.0957E+01 -1.1739E+01 -1.2417E+01
 -1.2975E+01 -1.3400E+01 -1.3682E+01 -1.3815E+01 -1.3797E+01 -1.3627E+01
 -1.3313E+01 -1.2864E+01 -1.2292E+01 -1.1614E+01 -1.0850E+01 -1.0022E+01
 -9.1510E+00 -8.2611E+00 -7.3734E+00 -6.5078E+00 -5.6811E+00 -4.9068E+00
 -4.1948E+00 -3.5511E+00 -2.9786E+00 -2.4770E+00 -2.0434E+00 -1.6734E+00
 -1.3613E+00 -1.1008E+00 -8.8544E-01 -7.0883E-01 -5.6509E-01 -4.4888E-01
 -3.5546E-01 -2.8073E-01 -2.2121E-01 -1.7398E-01 -1.3662E-01 -1.0714E-01
 -8.3933E-02 -6.5698E-02 -5.1391E-02 -4.0179E-02 -3.1402E-02 -2.4537E-02
 -1.9169E-02 -1.4975E-02 -1.1699E-02 -9.1397E-03 -7.1413E-03 -5.5807E-03
 -4.3619E-03 -3.4101E-03 -2.6665E-03 -2.0857E-03 -1.6317E-03 -1.2770E-03
 -9.9961E-04 -7.8272E-04 -6.1306E-04 -4.8031E-04 -3.7642E-04 -2.9508E-04
 -2.3139E-04 -1.8149E-04 -1.4240E-04 -1.1175E-04 -8.7727E-05 -6.8884E-05
 -5.4103E-05 -4.2505E-05 -3.3401E-05 -2.6253E-05 -2.0640E-05 -1.6231E-05
 -1.2767E-05 -1.0044E-05 -7.9038E-06 -6.2209E-06 -4.8973E-06 -3.8562E-06
 -3.0370E-06 -2.3923E-06 -1.8848E-06 -1.4852E-06 -1.1706E-06 -9.2278E-07
 -7.2755E-07 -5.7373E-07 -4.5250E-07 -3.5694E-07 -2.8161E-07 -2.2222E-07
 -1.7537E-07 -1.3842E-07 -1.0928E-07 -8.6279E-08 -6.8131E-08 -5.3808E-08
 -4.2501E-08 -3.3575E-08 -2.6527E-08 -2.0961E-08 -1.6565E-08 -1.3093E-08
 -1.0349E-08 -8.1818E-09 -6.4689E-09 -5.1153E-09 -4.0453E-09 -3.1995E-09
 -2.5308E-09 -2.0021E-09 -1.5840E-09 -1.2533E-09 -9.9177E-10 -7.8488E-10
 -6.2121E-10 -4.9172E-10 -3.8926E-10 -3.0817E-10 -2.4400E-10 -1.9321E-10
 -1.5300E-10 -1.2117E-10 -9.5973E-11 -7.6020E-11 -6.0220E-11 -4.7708E-11
 -3.7799E-11 -2.9950E-11 -2.3732E-11 -1.8807E-11 -1.4905E-11 -1.1814E-11
 -9.3639E-12 -7.4227E-12 -5.8843E-12 -4.6651E-12 -3.6988E-12 -2.9328E-12
 -2.3256E-12 -1.8442E-12 -1.4626E-12 -1.1600E-12 -9.2003E-13 -7.2977E-13
 -5.7889E-13 -4.5924E-13 -3.6433E-13 -2.8906E-13 -2.2935E-13 -1.8198E-13
 -1.4441E-13 -1.1460E-13 -9.0943E-14 -7.2177E-14 -5.7286E-14 -4.5469E-14
 -3.6092E-14 -2.8650E-14 -2.2744E-14 -1.8056E-14 -1.4335E-14 -1.1381E-14
 -9.0368E-15 -7.1755E-15 -5.6978E-15 -4.5247E-15 -3.5932E-15 -2.8536E-15
 -2.2664E-15 -1.8001E-15 -1.4297E-15 -1.1357E-15 -9.0210E-16 -7.1660E-16
 -5.6927E-16 -4.5225E-16 -3.5930E-16 -2.8546E-16 -2.2681E-16 -1.8021E-16
 -1.4319E-16 -1.1379E-16 -9.0419E-17 -7.1854E-17 -5.7102E-17 -4.5381E-17
 -3.6067E-17 -2.8666E-17 -2.2784E-17 -1.8110E-17 -1.4395E-17 -1.1442E-17
 -9.0956E-18 -7.2305E-18 -5.7481E-18 -4.5697E-18 -3.6330E-18 -2.8884E-18
 -2.2965E-18 -1.8259E-18 -1.4518E-18 -1.1544E-18 -9.1793E-19 -7.2993E-19
 -5.8045E-19 -4.6159E-19 -3.6708E-19 -2.9193E-19 -2.3217E-19 -1.8465E-19
 -1.4686E-19 -1.1681E-19 -9.2908E-20 -7.3900E-20 -5.8782E-20 -4.6758E-20
 -3.7194E-20 -2.9588E-20 -2.3537E-20 -1.8724E-20 -1.4896E-20 -1.1851E-20
 -9.4284E-21 -7.5013E-21 -5.9682E-21 -4.7486E-21 -3.7782E-21 -3.0063E-21
 -2.3921E-21 -1.9034E-21 -1.5146E-21 -1.2052E-21 -9.5910E-22 -7.6324E-22
 -6.0738E-22 -4.8337E-22 -3.8468E-22 -3.0615E-22 -2.4366E-22 -1.9392E-22
 -1.5434E-22 -1.2284E-22 -9.7776E-23 -7.7825E-23 -6.1946E-23 -4.9308E-23
 -3.9249E-23 -3.1243E-23 -2.4870E-23 -1.9798E-23 -1.5760E-23 -1.2546E-23
 -9.9879E-24 -7.9514E-24 -6.3302E-24 -5.0397E-24 -4.0123E-24 -3.1944E-24
 -2.5433E-24 -2.0250E-24 -1.6123E-24 -1.2837E-24 -1.0221E-24 -8.1387E-25
 -6.4805E-25 -5.1602E-25 -4.1090E-25 -3.2719E-25 -2.6055E-25 -2.0748E-25
 -1.6522E-25 -1.3157E-25 -1.0478E-25 -8.3444E-26 -6.6453E-26 -5.2923E-26
 -8.6411E-28 -6.8591E-28 -5.4447E-28 -4.3221E-28 -3.4310E-28 -2.7238E-28
 -2.1623E-28
