           2           1           1
    0.5+     0 1   16.94       0.000      0.2180       16.72    
    0.5-     1 1   17.49       0.000      0.1815       17.31    
    1.5+     2 1   34.99       0.000      0.3328       34.65    
    1.5-     1 1   34.73       0.000      0.4078       34.32    
    2.5+     2 1   52.35       0.000      0.6008       51.75    
    2.5-     3 1   54.88       0.000      0.3591       54.52    
    3.5+     4 1   76.76       0.000      0.3304       76.43    
    3.5-     3 1   70.78       0.000      0.7449       70.04    
    4.5+     4 1   98.64       0.000      0.4343       98.21    
    4.5-     5 1   65.39       0.000      0.9693       64.42    
    5.5+     6 1   34.40       0.000      0.6353       33.77    
    5.5-     5 1   85.88       0.000       1.497       84.38    
    6.5+     6 1   42.54       0.000       1.082       41.46    
    6.5-     7 1   14.70       0.000      0.2902       14.41    
    7.5+     8 1   5.859       0.000      0.1187       5.740    
    7.5-     7 1   17.23       0.000      0.4119       16.82    
    8.5+     8 1   6.658       0.000      0.1556       6.503    
    8.5-     9 1   2.270       0.000      0.3972E-01   2.230    
    9.5+    10 1  0.8646       0.000      0.1376E-01  0.8508    
    9.5-     9 1   2.532       0.000      0.4980E-01   2.482    
   10.5+    10 1  0.9525       0.000      0.1630E-01  0.9362    
   10.5-    11 1  0.3250       0.000      0.4448E-02  0.3206    
   11.5+    12 1  0.1208       0.000      0.1394E-02  0.1194    
   11.5-    11 1  0.3548       0.000      0.5164E-02  0.3496    
   12.5+    12 1  0.1309       0.000      0.1611E-02  0.1293    
   12.5-    13 1  0.4451E-01   0.000      0.4348E-03  0.4408E-01
   13.5+    14 1  0.1626E-01   0.000      0.1357E-03  0.1613E-01
   13.5-    13 1  0.4794E-01   0.000      0.5024E-03  0.4744E-01
   14.5+    14 1  0.1743E-01   0.000      0.1570E-03  0.1727E-01
   14.5-    15 1  0.5900E-02   0.000      0.4247E-04  0.5858E-02
   15.5+    16 1  0.2127E-02   0.000      0.1332E-04  0.2114E-02
   15.5-    15 1  0.6293E-02   0.000      0.4923E-04  0.6244E-02
   16.5+    16 1  0.2260E-02   0.000      0.1547E-04  0.2245E-02
   16.5-    17 1  0.7627E-03   0.000      0.4190E-05  0.7585E-03
   17.5+    18 1  0.2722E-03   0.000      0.1320E-05  0.2708E-03
   17.5-    17 1  0.8076E-03   0.000      0.4873E-05  0.8027E-03
   18.5+    18 1  0.2873E-03   0.000      0.1538E-05  0.2857E-03
   18.5-    19 1  0.9669E-04   0.000      0.4166E-06  0.9627E-04
   19.5+    20 1  0.3422E-04   0.000      0.1317E-06  0.3408E-04
   19.5-    19 1  0.1018E-03   0.000      0.4859E-06  0.1013E-03
   20.5+    20 1  0.3593E-04   0.000      0.1538E-06  0.3577E-04
   20.5-    21 1  0.1206E-04   0.000      0.4167E-07  0.1202E-04
   21.5+    22 1  0.4240E-05   0.000      0.1320E-07  0.4227E-05
   21.5-    21 1  0.1264E-04   0.000      0.4871E-07  0.1259E-04
   22.5+    22 1  0.4433E-05   0.000      0.1545E-07  0.4418E-05
   22.5-    23 1  0.1486E-05   0.000      0.4186E-08  0.1482E-05
   23.5+    24 1  0.5193E-06   0.000      0.1328E-08  0.5180E-06
   23.5-    23 1  0.1551E-05   0.000      0.4903E-08  0.1546E-05
   24.5+    24 1  0.5410E-06   0.000      0.1557E-08  0.5394E-06
   24.5-    25 1  0.1811E-06   0.000      0.4219E-09  0.1806E-06
   25.5+    26 1  0.6297E-07   0.000      0.1341E-09  0.6284E-07
   25.5-    25 1  0.1883E-06   0.000      0.4949E-09  0.1878E-06
   26.5+    26 1  0.6539E-07   0.000      0.1573E-09  0.6524E-07
   26.5-    27 1  0.2186E-07   0.000      0.4262E-10  0.2181E-07
   27.5+    28 1  0.7571E-08   0.000      0.1356E-10  0.7557E-08
   27.5-    27 1  0.2267E-07   0.000      0.5006E-10  0.2262E-07
   28.5+    28 1  0.7842E-08   0.000      0.1594E-10  0.7826E-08
   28.5-    29 1  0.2618E-08   0.000      0.4314E-11  0.2613E-08
   29.5+    30 1  0.9035E-09   0.000      0.1370E-11  0.9022E-09
   29.5-    29 1  0.2708E-08   0.000      0.5074E-11  0.2703E-08
   30.5+    30 1  0.9334E-09   0.000      0.1612E-11  0.9317E-09
   30.5-    31 1  0.3113E-09   0.000      0.4339E-12  0.3109E-09
   31.5+    32 1  0.1069E-09   0.000      0.1380E-12  0.1067E-09
   31.5-    31 1  0.3215E-09   0.000      0.5129E-12  0.3210E-09
   32.5+    32 1  0.1107E-09   0.000      0.1656E-12  0.1105E-09
   32.5-    33 1  0.3659E-10   0.000      0.4496E-13  0.3654E-10
   33.5+    34 1  0.1257E-10   0.000      0.1524E-13  0.1255E-10
   33.5-    33 1  0.3770E-10   0.000      0.5509E-13  0.3764E-10
   34.5+    34 1  0.1309E-10   0.000      0.1885E-13  0.1308E-10
   34.5-    35 1  0.4312E-11   0.000      0.5294E-14  0.4306E-11
   35.5+    36 1  0.1807E-11   0.000      0.1819E-14  0.1805E-11
   35.5-    35 1  0.4599E-11   0.000      0.6433E-14  0.4593E-11
   36.5+    36 1  0.3376E-12   0.000      0.2103E-14  0.3355E-12
   36.5-    37 1  0.3376E-12   0.000      0.5953E-15  0.3370E-12
   37.5+    38 1  0.1734E-12   0.000      0.1790E-15  0.1732E-12
   37.5-    37 1  0.5201E-12   0.000      0.6380E-15  0.5195E-12
   38.5+    38 1  0.5338E-12   0.000      0.1757E-15  0.5336E-12
   38.5-    39 1  0.3559E-12   0.000      0.4781E-16  0.3558E-12
   39.5+    40 1 -0.3650E-12   0.000      0.1106E-16 -0.3650E-12
   39.5-    39 1  0.3650E-12   0.000      0.4312E-16  0.3650E-12
   40.5+    40 1 -0.3741E-12   0.000      0.9275E-17 -0.3741E-12
   40.5-    41 1  0.1871E-12   0.000      0.2181E-17  0.1871E-12
