# 181 angles,  1 tensor ranks for 0=projectile
@subtitle   "20O(p,d) @ 30AMeV CH89 (p) + ADWA (d) 2nd ex"                                  
@legend ON
@legend x1 0.2
@legend y1 0.8
@g0 type LOGY
@yaxis ticklabel format power
@legend string   0 "Lab energy =   35.0000"
#legend string   0 "Partition=  2 Excit=  3 near/far= 1"
#  Theta       sigma       iT11        T20         T21         T22         Kyy for projectile
   0.000       5.735    
   1.000       5.718    
   2.000       5.666    
   3.000       5.583    
   4.000       5.475    
   5.000       5.350    
   6.000       5.215    
   7.000       5.077    
   8.000       4.942    
   9.000       4.815    
   10.00       4.699    
   11.00       4.593    
   12.00       4.497    
   13.00       4.407    
   14.00       4.317    
   15.00       4.223    
   16.00       4.119    
   17.00       3.999    
   18.00       3.860    
   19.00       3.699    
   20.00       3.515    
   21.00       3.311    
   22.00       3.087    
   23.00       2.849    
   24.00       2.601    
   25.00       2.349    
   26.00       2.100    
   27.00       1.861    
   28.00       1.637    
   29.00       1.433    
   30.00       1.254    
   31.00       1.102    
   32.00      0.9795    
   33.00      0.8872    
   34.00      0.8242    
   35.00      0.7889    
   36.00      0.7786    
   37.00      0.7901    
   38.00      0.8195    
   39.00      0.8628    
   40.00      0.9157    
   41.00      0.9742    
   42.00       1.034    
   43.00       1.093    
   44.00       1.147    
   45.00       1.193    
   46.00       1.231    
   47.00       1.259    
   48.00       1.276    
   49.00       1.282    
   50.00       1.278    
   51.00       1.264    
   52.00       1.241    
   53.00       1.211    
   54.00       1.175    
   55.00       1.135    
   56.00       1.091    
   57.00       1.046    
   58.00       1.000    
   59.00      0.9559    
   60.00      0.9132    
   61.00      0.8733    
   62.00      0.8366    
   63.00      0.8036    
   64.00      0.7744    
   65.00      0.7491    
   66.00      0.7276    
   67.00      0.7096    
   68.00      0.6947    
   69.00      0.6825    
   70.00      0.6725    
   71.00      0.6642    
   72.00      0.6572    
   73.00      0.6508    
   74.00      0.6446    
   75.00      0.6383    
   76.00      0.6315    
   77.00      0.6238    
   78.00      0.6151    
   79.00      0.6052    
   80.00      0.5939    
   81.00      0.5814    
   82.00      0.5676    
   83.00      0.5525    
   84.00      0.5364    
   85.00      0.5193    
   86.00      0.5015    
   87.00      0.4830    
   88.00      0.4642    
   89.00      0.4452    
   90.00      0.4262    
   91.00      0.4074    
   92.00      0.3889    
   93.00      0.3709    
   94.00      0.3536    
   95.00      0.3369    
   96.00      0.3211    
   97.00      0.3061    
   98.00      0.2921    
   99.00      0.2789    
   100.0      0.2667    
   101.0      0.2553    
   102.0      0.2448    
   103.0      0.2352    
   104.0      0.2263    
   105.0      0.2181    
   106.0      0.2106    
   107.0      0.2037    
   108.0      0.1974    
   109.0      0.1916    
   110.0      0.1862    
   111.0      0.1811    
   112.0      0.1764    
   113.0      0.1720    
   114.0      0.1678    
   115.0      0.1637    
   116.0      0.1599    
   117.0      0.1561    
   118.0      0.1524    
   119.0      0.1487    
   120.0      0.1451    
   121.0      0.1415    
   122.0      0.1378    
   123.0      0.1341    
   124.0      0.1303    
   125.0      0.1265    
   126.0      0.1226    
   127.0      0.1186    
   128.0      0.1146    
   129.0      0.1106    
   130.0      0.1065    
   131.0      0.1025    
   132.0      0.9844E-01
   133.0      0.9448E-01
   134.0      0.9060E-01
   135.0      0.8685E-01
   136.0      0.8325E-01
   137.0      0.7985E-01
   138.0      0.7667E-01
   139.0      0.7375E-01
   140.0      0.7110E-01
   141.0      0.6875E-01
   142.0      0.6672E-01
   143.0      0.6502E-01
   144.0      0.6365E-01
   145.0      0.6262E-01
   146.0      0.6193E-01
   147.0      0.6156E-01
   148.0      0.6150E-01
   149.0      0.6173E-01
   150.0      0.6224E-01
   151.0      0.6301E-01
   152.0      0.6399E-01
   153.0      0.6518E-01
   154.0      0.6655E-01
   155.0      0.6807E-01
   156.0      0.6972E-01
   157.0      0.7147E-01
   158.0      0.7331E-01
   159.0      0.7521E-01
   160.0      0.7716E-01
   161.0      0.7915E-01
   162.0      0.8115E-01
   163.0      0.8316E-01
   164.0      0.8516E-01
   165.0      0.8713E-01
   166.0      0.8907E-01
   167.0      0.9097E-01
   168.0      0.9281E-01
   169.0      0.9457E-01
   170.0      0.9625E-01
   171.0      0.9783E-01
   172.0      0.9929E-01
   173.0      0.1006    
   174.0      0.1018    
   175.0      0.1028    
   176.0      0.1037    
   177.0      0.1044    
   178.0      0.1049    
   179.0      0.1052    
   180.0      0.1053    
 END
