# 181 angles,  1 tensor ranks for 0=projectile
@subtitle   "20O(p,d) @ 30AMeV CH89 (p) + ADWA (d) 2nd ex"                                  
@legend ON
@legend x1 0.2
@legend y1 0.8
@g0 type LOGY
@yaxis ticklabel format power
@legend string   0 "Lab energy =   35.0000"
#legend string   0 "Partition=  1 Excit=  1 near/far= 1"
#  Theta       sigma       iT11        T20         T21         T22         Kyy for projectile
  0.1000E-01  0.1288E+16
   1.000      0.1252E+08
   2.000      0.7271E+06
   3.000      0.1300E+06
   4.000      0.3716E+05
   5.000      0.1421E+05
   6.000       6905.    
   7.000       4165.    
   8.000       3003.    
   9.000       2448.    
   10.00       2143.    
   11.00       1945.    
   12.00       1792.    
   13.00       1658.    
   14.00       1533.    
   15.00       1411.    
   16.00       1291.    
   17.00       1173.    
   18.00       1058.    
   19.00       947.2    
   20.00       841.3    
   21.00       741.2    
   22.00       647.5    
   23.00       560.8    
   24.00       481.3    
   25.00       409.2    
   26.00       344.6    
   27.00       287.3    
   28.00       237.0    
   29.00       193.4    
   30.00       156.1    
   31.00       124.7    
   32.00       98.58    
   33.00       77.27    
   34.00       60.23    
   35.00       46.92    
   36.00       36.83    
   37.00       29.48    
   38.00       24.40    
   39.00       21.16    
   40.00       19.39    
   41.00       18.73    
   42.00       18.90    
   43.00       19.62    
   44.00       20.68    
   45.00       21.90    
   46.00       23.14    
   47.00       24.28    
   48.00       25.25    
   49.00       25.97    
   50.00       26.43    
   51.00       26.60    
   52.00       26.48    
   53.00       26.08    
   54.00       25.43    
   55.00       24.55    
   56.00       23.48    
   57.00       22.25    
   58.00       20.89    
   59.00       19.44    
   60.00       17.94    
   61.00       16.42    
   62.00       14.90    
   63.00       13.41    
   64.00       11.98    
   65.00       10.61    
   66.00       9.320    
   67.00       8.126    
   68.00       7.031    
   69.00       6.040    
   70.00       5.153    
   71.00       4.369    
   72.00       3.686    
   73.00       3.099    
   74.00       2.603    
   75.00       2.189    
   76.00       1.851    
   77.00       1.581    
   78.00       1.372    
   79.00       1.214    
   80.00       1.101    
   81.00       1.024    
   82.00      0.9780    
   83.00      0.9557    
   84.00      0.9514    
   85.00      0.9601    
   86.00      0.9773    
   87.00      0.9993    
   88.00       1.023    
   89.00       1.045    
   90.00       1.064    
   91.00       1.078    
   92.00       1.086    
   93.00       1.088    
   94.00       1.083    
   95.00       1.070    
   96.00       1.051    
   97.00       1.025    
   98.00      0.9925    
   99.00      0.9552    
   100.0      0.9132    
   101.0      0.8674    
   102.0      0.8185    
   103.0      0.7675    
   104.0      0.7151    
   105.0      0.6620    
   106.0      0.6090    
   107.0      0.5567    
   108.0      0.5056    
   109.0      0.4563    
   110.0      0.4092    
   111.0      0.3646    
   112.0      0.3228    
   113.0      0.2841    
   114.0      0.2485    
   115.0      0.2162    
   116.0      0.1872    
   117.0      0.1614    
   118.0      0.1388    
   119.0      0.1192    
   120.0      0.1026    
   121.0      0.8867E-01
   122.0      0.7733E-01
   123.0      0.6833E-01
   124.0      0.6146E-01
   125.0      0.5648E-01
   126.0      0.5317E-01
   127.0      0.5129E-01
   128.0      0.5062E-01
   129.0      0.5095E-01
   130.0      0.5206E-01
   131.0      0.5377E-01
   132.0      0.5591E-01
   133.0      0.5830E-01
   134.0      0.6081E-01
   135.0      0.6330E-01
   136.0      0.6568E-01
   137.0      0.6785E-01
   138.0      0.6974E-01
   139.0      0.7130E-01
   140.0      0.7250E-01
   141.0      0.7332E-01
   142.0      0.7374E-01
   143.0      0.7378E-01
   144.0      0.7347E-01
   145.0      0.7283E-01
   146.0      0.7191E-01
   147.0      0.7075E-01
   148.0      0.6941E-01
   149.0      0.6795E-01
   150.0      0.6642E-01
   151.0      0.6489E-01
   152.0      0.6342E-01
   153.0      0.6206E-01
   154.0      0.6086E-01
   155.0      0.5988E-01
   156.0      0.5915E-01
   157.0      0.5871E-01
   158.0      0.5857E-01
   159.0      0.5877E-01
   160.0      0.5930E-01
   161.0      0.6017E-01
   162.0      0.6137E-01
   163.0      0.6287E-01
   164.0      0.6466E-01
   165.0      0.6671E-01
   166.0      0.6896E-01
   167.0      0.7138E-01
   168.0      0.7392E-01
   169.0      0.7653E-01
   170.0      0.7915E-01
   171.0      0.8173E-01
   172.0      0.8421E-01
   173.0      0.8654E-01
   174.0      0.8867E-01
   175.0      0.9056E-01
   176.0      0.9216E-01
   177.0      0.9345E-01
   178.0      0.9439E-01
   179.0      0.9496E-01
   180.0      0.9515E-01
 END
