# 178 angles,  1 tensor ranks for 0=projectile
@subtitle   "p+O20 with CH89;"                                                              
@legend ON
@legend x1 0.2
@legend y1 0.8
@g0 type LOGY
@yaxis ticklabel format power
@legend string   0 "Lab energy =   35.0000"
#legend string   0 "Partition=  1 Excit=  1 near/far= 1"
#  Theta       sigma       iT11        T20         T21         T22         Kyy for projectile
   3.000      0.1319E+06
   4.000      0.3701E+05
   5.000      0.1339E+05
   6.000       5842.    
   7.000       3038.    
   8.000       1886.    
   9.000       1377.    
   10.00       1135.    
   11.00       1009.    
   12.00       932.0    
   13.00       875.3    
   14.00       825.7    
   15.00       777.5    
   16.00       728.5    
   17.00       678.2    
   18.00       626.9    
   19.00       575.2    
   20.00       523.9    
   21.00       473.5    
   22.00       424.8    
   23.00       378.2    
   24.00       334.1    
   25.00       292.9    
   26.00       254.7    
   27.00       219.7    
   28.00       187.8    
   29.00       159.2    
   30.00       133.7    
   31.00       111.2    
   32.00       91.56    
   33.00       74.55    
   34.00       59.99    
   35.00       47.67    
   36.00       37.37    
   37.00       28.88    
   38.00       21.97    
   39.00       16.46    
   40.00       12.14    
   41.00       8.833    
   42.00       6.375    
   43.00       4.614    
   44.00       3.418    
   45.00       2.668    
   46.00       2.261    
   47.00       2.109    
   48.00       2.138    
   49.00       2.286    
   50.00       2.504    
   51.00       2.752    
   52.00       3.001    
   53.00       3.227    
   54.00       3.416    
   55.00       3.558    
   56.00       3.646    
   57.00       3.681    
   58.00       3.664    
   59.00       3.598    
   60.00       3.488    
   61.00       3.341    
   62.00       3.164    
   63.00       2.963    
   64.00       2.744    
   65.00       2.515    
   66.00       2.281    
   67.00       2.048    
   68.00       1.819    
   69.00       1.599    
   70.00       1.390    
   71.00       1.195    
   72.00       1.016    
   73.00      0.8539    
   74.00      0.7088    
   75.00      0.5810    
   76.00      0.4702    
   77.00      0.3758    
   78.00      0.2968    
   79.00      0.2321    
   80.00      0.1805    
   81.00      0.1406    
   82.00      0.1112    
   83.00      0.9078E-01
   84.00      0.7805E-01
   85.00      0.7172E-01
   86.00      0.7057E-01
   87.00      0.7350E-01
   88.00      0.7950E-01
   89.00      0.8764E-01
   90.00      0.9715E-01
   91.00      0.1073    
   92.00      0.1176    
   93.00      0.1275    
   94.00      0.1366    
   95.00      0.1447    
   96.00      0.1515    
   97.00      0.1569    
   98.00      0.1609    
   99.00      0.1633    
   100.0      0.1643    
   101.0      0.1638    
   102.0      0.1620    
   103.0      0.1589    
   104.0      0.1548    
   105.0      0.1497    
   106.0      0.1437    
   107.0      0.1371    
   108.0      0.1299    
   109.0      0.1223    
   110.0      0.1145    
   111.0      0.1064    
   112.0      0.9838E-01
   113.0      0.9036E-01
   114.0      0.8249E-01
   115.0      0.7483E-01
   116.0      0.6746E-01
   117.0      0.6041E-01
   118.0      0.5375E-01
   119.0      0.4749E-01
   120.0      0.4166E-01
   121.0      0.3628E-01
   122.0      0.3135E-01
   123.0      0.2687E-01
   124.0      0.2284E-01
   125.0      0.1924E-01
   126.0      0.1607E-01
   127.0      0.1329E-01
   128.0      0.1090E-01
   129.0      0.8860E-02
   130.0      0.7152E-02
   131.0      0.5750E-02
   132.0      0.4626E-02
   133.0      0.3755E-02
   134.0      0.3109E-02
   135.0      0.2665E-02
   136.0      0.2397E-02
   137.0      0.2282E-02
   138.0      0.2299E-02
   139.0      0.2427E-02
   140.0      0.2646E-02
   141.0      0.2939E-02
   142.0      0.3291E-02
   143.0      0.3686E-02
   144.0      0.4113E-02
   145.0      0.4560E-02
   146.0      0.5016E-02
   147.0      0.5475E-02
   148.0      0.5927E-02
   149.0      0.6367E-02
   150.0      0.6791E-02
   151.0      0.7194E-02
   152.0      0.7574E-02
   153.0      0.7927E-02
   154.0      0.8253E-02
   155.0      0.8552E-02
   156.0      0.8822E-02
   157.0      0.9064E-02
   158.0      0.9278E-02
   159.0      0.9466E-02
   160.0      0.9629E-02
   161.0      0.9769E-02
   162.0      0.9887E-02
   163.0      0.9984E-02
   164.0      0.1006E-01
   165.0      0.1013E-01
   166.0      0.1017E-01
   167.0      0.1021E-01
   168.0      0.1024E-01
   169.0      0.1025E-01
   170.0      0.1026E-01
   171.0      0.1026E-01
   172.0      0.1026E-01
   173.0      0.1026E-01
   174.0      0.1025E-01
   175.0      0.1025E-01
   176.0      0.1024E-01
   177.0      0.1023E-01
   178.0      0.1023E-01
   179.0      0.1022E-01
   180.0      0.1022E-01
 END
