# 178 angles,  1 tensor ranks for 0=projectile
@subtitle   "20O + d 3-?;"                                                                  
@legend ON
@legend x1 0.2
@legend y1 0.8
@g0 type LOGY
@yaxis ticklabel format power
@legend string   0 "Lab energy =   70.0000"
#legend string   0 "Partition=  1 Excit=  2 near/far= 1"
#  Theta       sigma       iT11        T20         T21         T22         Kyy for projectile
   3.000       5.095    
   4.000       6.216    
   5.000       7.396    
   6.000       8.506    
   7.000       9.466    
   8.000       10.26    
   9.000       10.93    
   10.00       11.56    
   11.00       12.23    
   12.00       13.00    
   13.00       13.88    
   14.00       14.82    
   15.00       15.73    
   16.00       16.51    
   17.00       17.01    
   18.00       17.15    
   19.00       16.86    
   20.00       16.14    
   21.00       15.02    
   22.00       13.61    
   23.00       12.01    
   24.00       10.36    
   25.00       8.786    
   26.00       7.384    
   27.00       6.231    
   28.00       5.367    
   29.00       4.795    
   30.00       4.488    
   31.00       4.396    
   32.00       4.454    
   33.00       4.594    
   34.00       4.755    
   35.00       4.882    
   36.00       4.939    
   37.00       4.904    
   38.00       4.772    
   39.00       4.550    
   40.00       4.255    
   41.00       3.910    
   42.00       3.538    
   43.00       3.164    
   44.00       2.807    
   45.00       2.483    
   46.00       2.201    
   47.00       1.964    
   48.00       1.771    
   49.00       1.617    
   50.00       1.495    
   51.00       1.397    
   52.00       1.315    
   53.00       1.241    
   54.00       1.169    
   55.00       1.096    
   56.00       1.019    
   57.00      0.9378    
   58.00      0.8527    
   59.00      0.7655    
   60.00      0.6784    
   61.00      0.5938    
   62.00      0.5140    
   63.00      0.4406    
   64.00      0.3751    
   65.00      0.3180    
   66.00      0.2696    
   67.00      0.2296    
   68.00      0.1972    
   69.00      0.1715    
   70.00      0.1513    
   71.00      0.1354    
   72.00      0.1227    
   73.00      0.1124    
   74.00      0.1035    
   75.00      0.9554E-01
   76.00      0.8802E-01
   77.00      0.8070E-01
   78.00      0.7346E-01
   79.00      0.6631E-01
   80.00      0.5933E-01
   81.00      0.5262E-01
   82.00      0.4626E-01
   83.00      0.4037E-01
   84.00      0.3503E-01
   85.00      0.3031E-01
   86.00      0.2623E-01
   87.00      0.2277E-01
   88.00      0.1988E-01
   89.00      0.1750E-01
   90.00      0.1556E-01
   91.00      0.1398E-01
   92.00      0.1269E-01
   93.00      0.1161E-01
   94.00      0.1068E-01
   95.00      0.9847E-02
   96.00      0.9076E-02
   97.00      0.8346E-02
   98.00      0.7642E-02
   99.00      0.6958E-02
   100.0      0.6290E-02
   101.0      0.5644E-02
   102.0      0.5030E-02
   103.0      0.4460E-02
   104.0      0.3942E-02
   105.0      0.3479E-02
   106.0      0.3072E-02
   107.0      0.2724E-02
   108.0      0.2432E-02
   109.0      0.2193E-02
   110.0      0.2001E-02
   111.0      0.1847E-02
   112.0      0.1724E-02
   113.0      0.1625E-02
   114.0      0.1545E-02
   115.0      0.1478E-02
   116.0      0.1417E-02
   117.0      0.1357E-02
   118.0      0.1294E-02
   119.0      0.1228E-02
   120.0      0.1156E-02
   121.0      0.1081E-02
   122.0      0.1002E-02
   123.0      0.9208E-03
   124.0      0.8382E-03
   125.0      0.7567E-03
   126.0      0.6781E-03
   127.0      0.6035E-03
   128.0      0.5334E-03
   129.0      0.4684E-03
   130.0      0.4092E-03
   131.0      0.3571E-03
   132.0      0.3127E-03
   133.0      0.2758E-03
   134.0      0.2458E-03
   135.0      0.2218E-03
   136.0      0.2031E-03
   137.0      0.1891E-03
   138.0      0.1789E-03
   139.0      0.1711E-03
   140.0      0.1649E-03
   141.0      0.1597E-03
   142.0      0.1558E-03
   143.0      0.1532E-03
   144.0      0.1515E-03
   145.0      0.1497E-03
   146.0      0.1468E-03
   147.0      0.1423E-03
   148.0      0.1365E-03
   149.0      0.1302E-03
   150.0      0.1238E-03
   151.0      0.1176E-03
   152.0      0.1113E-03
   153.0      0.1048E-03
   154.0      0.9817E-04
   155.0      0.9151E-04
   156.0      0.8505E-04
   157.0      0.7888E-04
   158.0      0.7303E-04
   159.0      0.6764E-04
   160.0      0.6292E-04
   161.0      0.5906E-04
   162.0      0.5607E-04
   163.0      0.5382E-04
   164.0      0.5204E-04
   165.0      0.5059E-04
   166.0      0.4947E-04
   167.0      0.4880E-04
   168.0      0.4860E-04
   169.0      0.4884E-04
   170.0      0.4945E-04
   171.0      0.5039E-04
   172.0      0.5165E-04
   173.0      0.5320E-04
   174.0      0.5485E-04
   175.0      0.5628E-04
   176.0      0.5717E-04
   177.0      0.5744E-04
   178.0      0.5722E-04
   179.0      0.5684E-04
   180.0      0.5666E-04
 END
