# 178 angles,  1 tensor ranks for 0=projectile
@subtitle   "20O + d 3-?;"                                                                  
@legend ON
@legend x1 0.2
@legend y1 0.8
@g0 type LOGY
@yaxis ticklabel format power
@legend string   0 "Lab energy =   70.0000"
#legend string   0 "Partition=  1 Excit=  2 near/far= 1"
#  Theta       sigma       iT11        T20         T21         T22         Kyy for projectile
   3.000       15.35    
   4.000       18.42    
   5.000       21.62    
   6.000       24.61    
   7.000       27.19    
   8.000       29.32    
   9.000       31.14    
   10.00       32.87    
   11.00       34.72    
   12.00       36.83    
   13.00       39.23    
   14.00       41.79    
   15.00       44.26    
   16.00       46.34    
   17.00       47.69    
   18.00       48.04    
   19.00       47.24    
   20.00       45.26    
   21.00       42.23    
   22.00       38.39    
   23.00       34.06    
   24.00       29.59    
   25.00       25.32    
   26.00       21.52    
   27.00       18.39    
   28.00       16.04    
   29.00       14.47    
   30.00       13.60    
   31.00       13.31    
   32.00       13.42    
   33.00       13.74    
   34.00       14.12    
   35.00       14.40    
   36.00       14.49    
   37.00       14.33    
   38.00       13.91    
   39.00       13.25    
   40.00       12.40    
   41.00       11.42    
   42.00       10.37    
   43.00       9.312    
   44.00       8.306    
   45.00       7.389    
   46.00       6.584    
   47.00       5.902    
   48.00       5.337    
   49.00       4.878    
   50.00       4.506    
   51.00       4.198    
   52.00       3.934    
   53.00       3.693    
   54.00       3.462    
   55.00       3.229    
   56.00       2.988    
   57.00       2.739    
   58.00       2.484    
   59.00       2.226    
   60.00       1.972    
   61.00       1.728    
   62.00       1.499    
   63.00       1.290    
   64.00       1.103    
   65.00      0.9410    
   66.00      0.8030    
   67.00      0.6883    
   68.00      0.5947    
   69.00      0.5193    
   70.00      0.4591    
   71.00      0.4109    
   72.00      0.3717    
   73.00      0.3390    
   74.00      0.3107    
   75.00      0.2852    
   76.00      0.2613    
   77.00      0.2384    
   78.00      0.2162    
   79.00      0.1946    
   80.00      0.1739    
   81.00      0.1542    
   82.00      0.1358    
   83.00      0.1188    
   84.00      0.1035    
   85.00      0.9006E-01
   86.00      0.7838E-01
   87.00      0.6842E-01
   88.00      0.6005E-01
   89.00      0.5306E-01
   90.00      0.4727E-01
   91.00      0.4246E-01
   92.00      0.3844E-01
   93.00      0.3501E-01
   94.00      0.3200E-01
   95.00      0.2930E-01
   96.00      0.2682E-01
   97.00      0.2449E-01
   98.00      0.2229E-01
   99.00      0.2019E-01
   100.0      0.1818E-01
   101.0      0.1629E-01
   102.0      0.1453E-01
   103.0      0.1292E-01
   104.0      0.1147E-01
   105.0      0.1019E-01
   106.0      0.9079E-02
   107.0      0.8129E-02
   108.0      0.7333E-02
   109.0      0.6678E-02
   110.0      0.6143E-02
   111.0      0.5706E-02
   112.0      0.5346E-02
   113.0      0.5044E-02
   114.0      0.4785E-02
   115.0      0.4554E-02
   116.0      0.4336E-02
   117.0      0.4120E-02
   118.0      0.3898E-02
   119.0      0.3667E-02
   120.0      0.3428E-02
   121.0      0.3180E-02
   122.0      0.2928E-02
   123.0      0.2673E-02
   124.0      0.2420E-02
   125.0      0.2175E-02
   126.0      0.1942E-02
   127.0      0.1723E-02
   128.0      0.1521E-02
   129.0      0.1337E-02
   130.0      0.1171E-02
   131.0      0.1027E-02
   132.0      0.9049E-03
   133.0      0.8036E-03
   134.0      0.7212E-03
   135.0      0.6554E-03
   136.0      0.6043E-03
   137.0      0.5656E-03
   138.0      0.5369E-03
   139.0      0.5152E-03
   140.0      0.4980E-03
   141.0      0.4839E-03
   142.0      0.4725E-03
   143.0      0.4635E-03
   144.0      0.4557E-03
   145.0      0.4473E-03
   146.0      0.4364E-03
   147.0      0.4221E-03
   148.0      0.4050E-03
   149.0      0.3863E-03
   150.0      0.3672E-03
   151.0      0.3479E-03
   152.0      0.3284E-03
   153.0      0.3086E-03
   154.0      0.2886E-03
   155.0      0.2689E-03
   156.0      0.2501E-03
   157.0      0.2322E-03
   158.0      0.2154E-03
   159.0      0.2000E-03
   160.0      0.1865E-03
   161.0      0.1751E-03
   162.0      0.1660E-03
   163.0      0.1589E-03
   164.0      0.1532E-03
   165.0      0.1485E-03
   166.0      0.1450E-03
   167.0      0.1429E-03
   168.0      0.1421E-03
   169.0      0.1427E-03
   170.0      0.1443E-03
   171.0      0.1469E-03
   172.0      0.1501E-03
   173.0      0.1540E-03
   174.0      0.1581E-03
   175.0      0.1618E-03
   176.0      0.1645E-03
   177.0      0.1661E-03
   178.0      0.1666E-03
   179.0      0.1666E-03
   180.0      0.1665E-03
 END
