# 178 angles,  1 tensor ranks for 0=projectile
@subtitle   "20O + d 3-?;"                                                                  
@legend ON
@legend x1 0.2
@legend y1 0.8
@g0 type LOGY
@yaxis ticklabel format power
@legend string   0 "Lab energy =   70.0000"
#legend string   0 "Partition=  1 Excit=  1 near/far= 1"
#  Theta       sigma       iT11        T20         T21         T22         Kyy for projectile
   3.000      0.2746E+05
   4.000      0.1165E+05
   5.000       8273.    
   6.000       6785.    
   7.000       5579.    
   8.000       4430.    
   9.000       3360.    
   10.00       2418.    
   11.00       1638.    
   12.00       1033.    
   13.00       596.3    
   14.00       306.2    
   15.00       135.3    
   16.00       53.26    
   17.00       31.46    
   18.00       45.19    
   19.00       75.14    
   20.00       107.6    
   21.00       134.1    
   22.00       150.6    
   23.00       156.0    
   24.00       151.7    
   25.00       139.9    
   26.00       123.5    
   27.00       105.0    
   28.00       86.60    
   29.00       69.86    
   30.00       55.67    
   31.00       44.39    
   32.00       35.95    
   33.00       30.00    
   34.00       26.05    
   35.00       23.54    
   36.00       21.97    
   37.00       20.90    
   38.00       20.00    
   39.00       19.05    
   40.00       17.94    
   41.00       16.63    
   42.00       15.13    
   43.00       13.51    
   44.00       11.82    
   45.00       10.16    
   46.00       8.583    
   47.00       7.143    
   48.00       5.876    
   49.00       4.798    
   50.00       3.912    
   51.00       3.206    
   52.00       2.661    
   53.00       2.254    
   54.00       1.955    
   55.00       1.740    
   56.00       1.584    
   57.00       1.467    
   58.00       1.372    
   59.00       1.287    
   60.00       1.204    
   61.00       1.119    
   62.00       1.030    
   63.00      0.9368    
   64.00      0.8413    
   65.00      0.7461    
   66.00      0.6536    
   67.00      0.5663    
   68.00      0.4863    
   69.00      0.4150    
   70.00      0.3530    
   71.00      0.3007    
   72.00      0.2576    
   73.00      0.2228    
   74.00      0.1953    
   75.00      0.1739    
   76.00      0.1571    
   77.00      0.1439    
   78.00      0.1331    
   79.00      0.1238    
   80.00      0.1152    
   81.00      0.1070    
   82.00      0.9874E-01
   83.00      0.9035E-01
   84.00      0.8182E-01
   85.00      0.7324E-01
   86.00      0.6477E-01
   87.00      0.5658E-01
   88.00      0.4884E-01
   89.00      0.4172E-01
   90.00      0.3533E-01
   91.00      0.2973E-01
   92.00      0.2497E-01
   93.00      0.2102E-01
   94.00      0.1784E-01
   95.00      0.1534E-01
   96.00      0.1344E-01
   97.00      0.1202E-01
   98.00      0.1098E-01
   99.00      0.1022E-01
   100.0      0.9644E-02
   101.0      0.9181E-02
   102.0      0.8768E-02
   103.0      0.8361E-02
   104.0      0.7931E-02
   105.0      0.7462E-02
   106.0      0.6949E-02
   107.0      0.6398E-02
   108.0      0.5819E-02
   109.0      0.5225E-02
   110.0      0.4633E-02
   111.0      0.4056E-02
   112.0      0.3510E-02
   113.0      0.3004E-02
   114.0      0.2547E-02
   115.0      0.2144E-02
   116.0      0.1796E-02
   117.0      0.1503E-02
   118.0      0.1262E-02
   119.0      0.1069E-02
   120.0      0.9177E-03
   121.0      0.8021E-03
   122.0      0.7158E-03
   123.0      0.6525E-03
   124.0      0.6065E-03
   125.0      0.5727E-03
   126.0      0.5468E-03
   127.0      0.5254E-03
   128.0      0.5057E-03
   129.0      0.4859E-03
   130.0      0.4647E-03
   131.0      0.4415E-03
   132.0      0.4159E-03
   133.0      0.3882E-03
   134.0      0.3588E-03
   135.0      0.3283E-03
   136.0      0.2973E-03
   137.0      0.2665E-03
   138.0      0.2365E-03
   139.0      0.2082E-03
   140.0      0.1818E-03
   141.0      0.1580E-03
   142.0      0.1370E-03
   143.0      0.1190E-03
   144.0      0.1041E-03
   145.0      0.9235E-04
   146.0      0.8367E-04
   147.0      0.7787E-04
   148.0      0.7473E-04
   149.0      0.7394E-04
   150.0      0.7520E-04
   151.0      0.7815E-04
   152.0      0.8241E-04
   153.0      0.8763E-04
   154.0      0.9342E-04
   155.0      0.9943E-04
   156.0      0.1053E-03
   157.0      0.1108E-03
   158.0      0.1156E-03
   159.0      0.1194E-03
   160.0      0.1220E-03
   161.0      0.1234E-03
   162.0      0.1233E-03
   163.0      0.1217E-03
   164.0      0.1187E-03
   165.0      0.1141E-03
   166.0      0.1083E-03
   167.0      0.1012E-03
   168.0      0.9303E-04
   169.0      0.8410E-04
   170.0      0.7461E-04
   171.0      0.6486E-04
   172.0      0.5511E-04
   173.0      0.4567E-04
   174.0      0.3682E-04
   175.0      0.2882E-04
   176.0      0.2193E-04
   177.0      0.1633E-04
   178.0      0.1221E-04
   179.0      0.9687E-05
   180.0      0.8837E-05
 END
