# 181 angles,  1 tensor ranks for 0=projectile
@subtitle   "20O(d,t) @ 30AMeV Haixia (d) + Pang (t)"                                       
@legend ON
@legend x1 0.2
@legend y1 0.8
@g0 type LOGY
@yaxis ticklabel format power
@xaxis label "Scattering angle (degrees)"
@yaxis label "Cross section (mb/sr)"
@legend string   0 "Partition=  1 Excit=  1 near/far= 1"
#legend string   0 "Lab energy =   70.0000"
@s0 linestyle   1
#  Theta       sigma       iT11        T20         T21         T22         Kyy for projectile
  0.1000E-01  0.3536E+15
   1.000      0.3194E+07
   2.000      0.1623E+06
   3.000      0.2940E+05
   4.000      0.1220E+05
   5.000       8308.    
   6.000       6646.    
   7.000       5410.    
   8.000       4288.    
   9.000       3260.    
   10.00       2355.    
   11.00       1602.    
   12.00       1012.    
   13.00       579.7    
   14.00       289.5    
   15.00       117.0    
   16.00       34.77    
   17.00       15.30    
   18.00       34.01    
   19.00       70.83    
   20.00       110.8    
   21.00       144.3    
   22.00       166.2    
   23.00       174.9    
   24.00       171.5    
   25.00       158.6    
   26.00       139.6    
   27.00       117.7    
   28.00       95.74    
   29.00       75.79    
   30.00       59.13    
   31.00       46.31    
   32.00       37.30    
   33.00       31.61    
   34.00       28.53    
   35.00       27.27    
   36.00       27.04    
   37.00       27.21    
   38.00       27.28    
   39.00       26.95    
   40.00       26.06    
   41.00       24.61    
   42.00       22.67    
   43.00       20.37    
   44.00       17.88    
   45.00       15.36    
   46.00       12.94    
   47.00       10.74    
   48.00       8.806    
   49.00       7.185    
   50.00       5.875    
   51.00       4.851    
   52.00       4.077    
   53.00       3.506    
   54.00       3.091    
   55.00       2.786    
   56.00       2.554    
   57.00       2.362    
   58.00       2.190    
   59.00       2.022    
   60.00       1.852    
   61.00       1.676    
   62.00       1.498    
   63.00       1.319    
   64.00       1.144    
   65.00      0.9792    
   66.00      0.8271    
   67.00      0.6909    
   68.00      0.5721    
   69.00      0.4712    
   70.00      0.3876    
   71.00      0.3200    
   72.00      0.2663    
   73.00      0.2246    
   74.00      0.1925    
   75.00      0.1679    
   76.00      0.1489    
   77.00      0.1339    
   78.00      0.1215    
   79.00      0.1109    
   80.00      0.1013    
   81.00      0.9224E-01
   82.00      0.8356E-01
   83.00      0.7514E-01
   84.00      0.6698E-01
   85.00      0.5914E-01
   86.00      0.5171E-01
   87.00      0.4479E-01
   88.00      0.3845E-01
   89.00      0.3274E-01
   90.00      0.2769E-01
   91.00      0.2329E-01
   92.00      0.1954E-01
   93.00      0.1637E-01
   94.00      0.1375E-01
   95.00      0.1159E-01
   96.00      0.9855E-02
   97.00      0.8460E-02
   98.00      0.7349E-02
   99.00      0.6467E-02
   100.0      0.5765E-02
   101.0      0.5200E-02
   102.0      0.4740E-02
   103.0      0.4355E-02
   104.0      0.4024E-02
   105.0      0.3732E-02
   106.0      0.3466E-02
   107.0      0.3218E-02
   108.0      0.2983E-02
   109.0      0.2757E-02
   110.0      0.2539E-02
   111.0      0.2328E-02
   112.0      0.2125E-02
   113.0      0.1929E-02
   114.0      0.1743E-02
   115.0      0.1567E-02
   116.0      0.1403E-02
   117.0      0.1250E-02
   118.0      0.1110E-02
   119.0      0.9823E-03
   120.0      0.8680E-03
   121.0      0.7665E-03
   122.0      0.6776E-03
   123.0      0.6007E-03
   124.0      0.5350E-03
   125.0      0.4795E-03
   126.0      0.4334E-03
   127.0      0.3956E-03
   128.0      0.3648E-03
   129.0      0.3401E-03
   130.0      0.3203E-03
   131.0      0.3044E-03
   132.0      0.2916E-03
   133.0      0.2808E-03
   134.0      0.2715E-03
   135.0      0.2630E-03
   136.0      0.2547E-03
   137.0      0.2464E-03
   138.0      0.2377E-03
   139.0      0.2284E-03
   140.0      0.2184E-03
   141.0      0.2078E-03
   142.0      0.1965E-03
   143.0      0.1847E-03
   144.0      0.1725E-03
   145.0      0.1601E-03
   146.0      0.1476E-03
   147.0      0.1353E-03
   148.0      0.1234E-03
   149.0      0.1120E-03
   150.0      0.1012E-03
   151.0      0.9135E-04
   152.0      0.8240E-04
   153.0      0.7448E-04
   154.0      0.6763E-04
   155.0      0.6189E-04
   156.0      0.5723E-04
   157.0      0.5360E-04
   158.0      0.5094E-04
   159.0      0.4915E-04
   160.0      0.4811E-04
   161.0      0.4769E-04
   162.0      0.4776E-04
   163.0      0.4818E-04
   164.0      0.4882E-04
   165.0      0.4955E-04
   166.0      0.5026E-04
   167.0      0.5088E-04
   168.0      0.5132E-04
   169.0      0.5155E-04
   170.0      0.5155E-04
   171.0      0.5133E-04
   172.0      0.5090E-04
   173.0      0.5032E-04
   174.0      0.4963E-04
   175.0      0.4890E-04
   176.0      0.4819E-04
   177.0      0.4757E-04
   178.0      0.4708E-04
   179.0      0.4677E-04
   180.0      0.4666E-04
 END
@legend string   1 "Partition=  2 Excit=  1 near/far= 1"
#legend string   0 "Lab energy =   70.0000"
@s1 linestyle   2
#  Theta       sigma       iT11        T20         T21         T22         Kyy for projectile
   0.000       11.57    
   1.000       11.51    
   2.000       11.35    
   3.000       11.07    
   4.000       10.69    
   5.000       10.21    
   6.000       9.609    
   7.000       8.896    
   8.000       8.073    
   9.000       7.156    
   10.00       6.173    
   11.00       5.167    
   12.00       4.187    
   13.00       3.282    
   14.00       2.494    
   15.00       1.850    
   16.00       1.360    
   17.00       1.019    
   18.00      0.8073    
   19.00      0.6980    
   20.00      0.6606    
   21.00      0.6666    
   22.00      0.6930    
   23.00      0.7239    
   24.00      0.7505    
   25.00      0.7701    
   26.00      0.7846    
   27.00      0.7976    
   28.00      0.8135    
   29.00      0.8352    
   30.00      0.8641    
   31.00      0.8993    
   32.00      0.9383    
   33.00      0.9774    
   34.00       1.013    
   35.00       1.040    
   36.00       1.057    
   37.00       1.062    
   38.00       1.054    
   39.00       1.033    
   40.00       1.002    
   41.00      0.9617    
   42.00      0.9153    
   43.00      0.8650    
   44.00      0.8130    
   45.00      0.7609    
   46.00      0.7100    
   47.00      0.6612    
   48.00      0.6148    
   49.00      0.5710    
   50.00      0.5296    
   51.00      0.4904    
   52.00      0.4532    
   53.00      0.4178    
   54.00      0.3839    
   55.00      0.3516    
   56.00      0.3209    
   57.00      0.2917    
   58.00      0.2641    
   59.00      0.2383    
   60.00      0.2143    
   61.00      0.1922    
   62.00      0.1720    
   63.00      0.1536    
   64.00      0.1371    
   65.00      0.1222    
   66.00      0.1089    
   67.00      0.9709E-01
   68.00      0.8654E-01
   69.00      0.7714E-01
   70.00      0.6875E-01
   71.00      0.6125E-01
   72.00      0.5453E-01
   73.00      0.4850E-01
   74.00      0.4308E-01
   75.00      0.3821E-01
   76.00      0.3383E-01
   77.00      0.2989E-01
   78.00      0.2637E-01
   79.00      0.2321E-01
   80.00      0.2041E-01
   81.00      0.1791E-01
   82.00      0.1571E-01
   83.00      0.1376E-01
   84.00      0.1206E-01
   85.00      0.1056E-01
   86.00      0.9250E-02
   87.00      0.8106E-02
   88.00      0.7108E-02
   89.00      0.6236E-02
   90.00      0.5473E-02
   91.00      0.4806E-02
   92.00      0.4220E-02
   93.00      0.3705E-02
   94.00      0.3252E-02
   95.00      0.2853E-02
   96.00      0.2500E-02
   97.00      0.2189E-02
   98.00      0.1914E-02
   99.00      0.1671E-02
   100.0      0.1458E-02
   101.0      0.1270E-02
   102.0      0.1105E-02
   103.0      0.9612E-03
   104.0      0.8356E-03
   105.0      0.7263E-03
   106.0      0.6314E-03
   107.0      0.5492E-03
   108.0      0.4781E-03
   109.0      0.4167E-03
   110.0      0.3637E-03
   111.0      0.3179E-03
   112.0      0.2783E-03
   113.0      0.2440E-03
   114.0      0.2143E-03
   115.0      0.1884E-03
   116.0      0.1659E-03
   117.0      0.1462E-03
   118.0      0.1290E-03
   119.0      0.1139E-03
   120.0      0.1005E-03
   121.0      0.8883E-04
   122.0      0.7849E-04
   123.0      0.6938E-04
   124.0      0.6135E-04
   125.0      0.5426E-04
   126.0      0.4803E-04
   127.0      0.4254E-04
   128.0      0.3772E-04
   129.0      0.3349E-04
   130.0      0.2979E-04
   131.0      0.2654E-04
   132.0      0.2371E-04
   133.0      0.2124E-04
   134.0      0.1908E-04
   135.0      0.1720E-04
   136.0      0.1556E-04
   137.0      0.1414E-04
   138.0      0.1290E-04
   139.0      0.1182E-04
   140.0      0.1088E-04
   141.0      0.1006E-04
   142.0      0.9353E-05
   143.0      0.8732E-05
   144.0      0.8191E-05
   145.0      0.7717E-05
   146.0      0.7302E-05
   147.0      0.6935E-05
   148.0      0.6610E-05
   149.0      0.6320E-05
   150.0      0.6058E-05
   151.0      0.5820E-05
   152.0      0.5599E-05
   153.0      0.5392E-05
   154.0      0.5196E-05
   155.0      0.5008E-05
   156.0      0.4825E-05
   157.0      0.4646E-05
   158.0      0.4469E-05
   159.0      0.4295E-05
   160.0      0.4122E-05
   161.0      0.3952E-05
   162.0      0.3784E-05
   163.0      0.3621E-05
   164.0      0.3463E-05
   165.0      0.3312E-05
   166.0      0.3168E-05
   167.0      0.3034E-05
   168.0      0.2909E-05
   169.0      0.2796E-05
   170.0      0.2694E-05
   171.0      0.2603E-05
   172.0      0.2525E-05
   173.0      0.2457E-05
   174.0      0.2401E-05
   175.0      0.2355E-05
   176.0      0.2319E-05
   177.0      0.2292E-05
   178.0      0.2273E-05
   179.0      0.2261E-05
   180.0      0.2258E-05
 END
