# 178 angles,  1 tensor ranks for 0=projectile
@subtitle   "p+O20 1st ex with BG ;"                                                        
@legend ON
@legend x1 0.2
@legend y1 0.8
@g0 type LOGY
@yaxis ticklabel format power
@legend string   0 "Lab energy =   35.0000"
#legend string   0 "Partition=  1 Excit=  2 near/far= 1"
#  Theta       sigma       iT11        T20         T21         T22         Kyy for projectile
   3.000       16.56    
   4.000       16.21    
   5.000       15.77    
   6.000       15.27    
   7.000       14.72    
   8.000       14.13    
   9.000       13.54    
   10.00       12.94    
   11.00       12.37    
   12.00       11.84    
   13.00       11.36    
   14.00       10.94    
   15.00       10.59    
   16.00       10.32    
   17.00       10.12    
   18.00       9.991    
   19.00       9.919    
   20.00       9.896    
   21.00       9.907    
   22.00       9.938    
   23.00       9.975    
   24.00       10.00    
   25.00       10.01    
   26.00       9.977    
   27.00       9.904    
   28.00       9.782    
   29.00       9.606    
   30.00       9.376    
   31.00       9.092    
   32.00       8.758    
   33.00       8.378    
   34.00       7.959    
   35.00       7.508    
   36.00       7.032    
   37.00       6.539    
   38.00       6.040    
   39.00       5.540    
   40.00       5.050    
   41.00       4.576    
   42.00       4.125    
   43.00       3.704    
   44.00       3.317    
   45.00       2.968    
   46.00       2.660    
   47.00       2.394    
   48.00       2.171    
   49.00       1.989    
   50.00       1.847    
   51.00       1.741    
   52.00       1.668    
   53.00       1.623    
   54.00       1.602    
   55.00       1.600    
   56.00       1.612    
   57.00       1.635    
   58.00       1.663    
   59.00       1.694    
   60.00       1.723    
   61.00       1.749    
   62.00       1.769    
   63.00       1.781    
   64.00       1.785    
   65.00       1.778    
   66.00       1.761    
   67.00       1.734    
   68.00       1.696    
   69.00       1.648    
   70.00       1.591    
   71.00       1.526    
   72.00       1.453    
   73.00       1.375    
   74.00       1.292    
   75.00       1.206    
   76.00       1.118    
   77.00       1.029    
   78.00      0.9416    
   79.00      0.8560    
   80.00      0.7735    
   81.00      0.6950    
   82.00      0.6210    
   83.00      0.5523    
   84.00      0.4890    
   85.00      0.4314    
   86.00      0.3796    
   87.00      0.3336    
   88.00      0.2932    
   89.00      0.2581    
   90.00      0.2282    
   91.00      0.2030    
   92.00      0.1823    
   93.00      0.1655    
   94.00      0.1524    
   95.00      0.1425    
   96.00      0.1353    
   97.00      0.1303    
   98.00      0.1273    
   99.00      0.1258    
   100.0      0.1254    
   101.0      0.1257    
   102.0      0.1265    
   103.0      0.1274    
   104.0      0.1283    
   105.0      0.1290    
   106.0      0.1293    
   107.0      0.1292    
   108.0      0.1285    
   109.0      0.1273    
   110.0      0.1255    
   111.0      0.1231    
   112.0      0.1202    
   113.0      0.1167    
   114.0      0.1128    
   115.0      0.1085    
   116.0      0.1038    
   117.0      0.9873E-01
   118.0      0.9344E-01
   119.0      0.8798E-01
   120.0      0.8241E-01
   121.0      0.7680E-01
   122.0      0.7123E-01
   123.0      0.6576E-01
   124.0      0.6045E-01
   125.0      0.5535E-01
   126.0      0.5050E-01
   127.0      0.4595E-01
   128.0      0.4170E-01
   129.0      0.3777E-01
   130.0      0.3418E-01
   131.0      0.3090E-01
   132.0      0.2795E-01
   133.0      0.2530E-01
   134.0      0.2294E-01
   135.0      0.2086E-01
   136.0      0.1904E-01
   137.0      0.1747E-01
   138.0      0.1614E-01
   139.0      0.1504E-01
   140.0      0.1414E-01
   141.0      0.1343E-01
   142.0      0.1290E-01
   143.0      0.1251E-01
   144.0      0.1225E-01
   145.0      0.1209E-01
   146.0      0.1202E-01
   147.0      0.1202E-01
   148.0      0.1207E-01
   149.0      0.1215E-01
   150.0      0.1227E-01
   151.0      0.1240E-01
   152.0      0.1255E-01
   153.0      0.1272E-01
   154.0      0.1289E-01
   155.0      0.1306E-01
   156.0      0.1325E-01
   157.0      0.1344E-01
   158.0      0.1364E-01
   159.0      0.1384E-01
   160.0      0.1405E-01
   161.0      0.1425E-01
   162.0      0.1445E-01
   163.0      0.1464E-01
   164.0      0.1483E-01
   165.0      0.1500E-01
   166.0      0.1516E-01
   167.0      0.1531E-01
   168.0      0.1547E-01
   169.0      0.1562E-01
   170.0      0.1578E-01
   171.0      0.1595E-01
   172.0      0.1612E-01
   173.0      0.1629E-01
   174.0      0.1646E-01
   175.0      0.1662E-01
   176.0      0.1676E-01
   177.0      0.1687E-01
   178.0      0.1696E-01
   179.0      0.1701E-01
   180.0      0.1703E-01
 END
