# 178 angles,  1 tensor ranks for 0=projectile
@subtitle   "20O(d,t) @ 30AMeV Daeh (d) + Pang (t)"                                         
@legend ON
@legend x1 0.2
@legend y1 0.8
@g0 type LOGY
@yaxis ticklabel format power
@legend string   0 "Lab energy =   70.0000"
#legend string   0 "Partition=  2 Excit=  1 near/far= 1"
#  Theta       sigma       iT11        T20         T21         T22         Kyy for projectile
   3.000       24.67    
   4.000       17.88    
   5.000       11.43    
   6.000       6.207    
   7.000       2.696    
   8.000      0.9615    
   9.000      0.7093    
   10.00       1.435    
   11.00       2.586    
   12.00       3.690    
   13.00       4.440    
   14.00       4.712    
   15.00       4.534    
   16.00       4.041    
   17.00       3.403    
   18.00       2.783    
   19.00       2.294    
   20.00       1.995    
   21.00       1.886    
   22.00       1.928    
   23.00       2.057    
   24.00       2.209    
   25.00       2.327    
   26.00       2.376    
   27.00       2.337    
   28.00       2.213    
   29.00       2.019    
   30.00       1.778    
   31.00       1.516    
   32.00       1.256    
   33.00       1.014    
   34.00      0.8030    
   35.00      0.6277    
   36.00      0.4887    
   37.00      0.3827    
   38.00      0.3048    
   39.00      0.2489    
   40.00      0.2094    
   41.00      0.1816    
   42.00      0.1617    
   43.00      0.1470    
   44.00      0.1357    
   45.00      0.1267    
   46.00      0.1192    
   47.00      0.1128    
   48.00      0.1071    
   49.00      0.1018    
   50.00      0.9672E-01
   51.00      0.9156E-01
   52.00      0.8622E-01
   53.00      0.8061E-01
   54.00      0.7476E-01
   55.00      0.6876E-01
   56.00      0.6276E-01
   57.00      0.5692E-01
   58.00      0.5143E-01
   59.00      0.4643E-01
   60.00      0.4201E-01
   61.00      0.3824E-01
   62.00      0.3508E-01
   63.00      0.3250E-01
   64.00      0.3038E-01
   65.00      0.2862E-01
   66.00      0.2709E-01
   67.00      0.2569E-01
   68.00      0.2432E-01
   69.00      0.2292E-01
   70.00      0.2146E-01
   71.00      0.1991E-01
   72.00      0.1830E-01
   73.00      0.1666E-01
   74.00      0.1501E-01
   75.00      0.1341E-01
   76.00      0.1188E-01
   77.00      0.1047E-01
   78.00      0.9188E-02
   79.00      0.8058E-02
   80.00      0.7081E-02
   81.00      0.6251E-02
   82.00      0.5556E-02
   83.00      0.4978E-02
   84.00      0.4498E-02
   85.00      0.4096E-02
   86.00      0.3753E-02
   87.00      0.3454E-02
   88.00      0.3184E-02
   89.00      0.2933E-02
   90.00      0.2694E-02
   91.00      0.2465E-02
   92.00      0.2242E-02
   93.00      0.2026E-02
   94.00      0.1818E-02
   95.00      0.1620E-02
   96.00      0.1435E-02
   97.00      0.1264E-02
   98.00      0.1108E-02
   99.00      0.9677E-03
   100.0      0.8438E-03
   101.0      0.7356E-03
   102.0      0.6420E-03
   103.0      0.5620E-03
   104.0      0.4938E-03
   105.0      0.4360E-03
   106.0      0.3870E-03
   107.0      0.3454E-03
   108.0      0.3097E-03
   109.0      0.2789E-03
   110.0      0.2520E-03
   111.0      0.2284E-03
   112.0      0.2074E-03
   113.0      0.1888E-03
   114.0      0.1722E-03
   115.0      0.1573E-03
   116.0      0.1441E-03
   117.0      0.1324E-03
   118.0      0.1220E-03
   119.0      0.1129E-03
   120.0      0.1049E-03
   121.0      0.9791E-04
   122.0      0.9170E-04
   123.0      0.8615E-04
   124.0      0.8110E-04
   125.0      0.7641E-04
   126.0      0.7194E-04
   127.0      0.6760E-04
   128.0      0.6331E-04
   129.0      0.5900E-04
   130.0      0.5466E-04
   131.0      0.5028E-04
   132.0      0.4587E-04
   133.0      0.4147E-04
   134.0      0.3712E-04
   135.0      0.3286E-04
   136.0      0.2876E-04
   137.0      0.2486E-04
   138.0      0.2121E-04
   139.0      0.1786E-04
   140.0      0.1482E-04
   141.0      0.1213E-04
   142.0      0.9793E-05
   143.0      0.7821E-05
   144.0      0.6208E-05
   145.0      0.4943E-05
   146.0      0.4009E-05
   147.0      0.3383E-05
   148.0      0.3038E-05
   149.0      0.2944E-05
   150.0      0.3066E-05
   151.0      0.3366E-05
   152.0      0.3807E-05
   153.0      0.4347E-05
   154.0      0.4948E-05
   155.0      0.5569E-05
   156.0      0.6174E-05
   157.0      0.6729E-05
   158.0      0.7206E-05
   159.0      0.7579E-05
   160.0      0.7832E-05
   161.0      0.7956E-05
   162.0      0.7947E-05
   163.0      0.7809E-05
   164.0      0.7555E-05
   165.0      0.7200E-05
   166.0      0.6764E-05
   167.0      0.6271E-05
   168.0      0.5745E-05
   169.0      0.5208E-05
   170.0      0.4682E-05
   171.0      0.4185E-05
   172.0      0.3730E-05
   173.0      0.3328E-05
   174.0      0.2984E-05
   175.0      0.2700E-05
   176.0      0.2474E-05
   177.0      0.2304E-05
   178.0      0.2186E-05
   179.0      0.2117E-05
   180.0      0.2094E-05
 END
