# 178 angles,  1 tensor ranks for 0=projectile
@subtitle   "p+O20 with CH89;"                                                              
@legend ON
@legend x1 0.2
@legend y1 0.8
@g0 type LOGY
@yaxis ticklabel format power
@legend string   0 "Lab energy =   35.0000"
#legend string   0 "Partition=  1 Excit=  1 near/far= 1"
#  Theta       sigma       iT11        T20         T21         T22         Kyy for projectile
   3.000      0.1312E+06
   4.000      0.3790E+05
   5.000      0.1472E+05
   6.000       7272.    
   7.000       4440.    
   8.000       3214.    
   9.000       2611.    
   10.00       2269.    
   11.00       2042.    
   12.00       1865.    
   13.00       1712.    
   14.00       1571.    
   15.00       1435.    
   16.00       1304.    
   17.00       1177.    
   18.00       1055.    
   19.00       939.0    
   20.00       829.1    
   21.00       726.3    
   22.00       631.2    
   23.00       544.2    
   24.00       465.4    
   25.00       394.9    
   26.00       332.6    
   27.00       278.2    
   28.00       231.4    
   29.00       191.6    
   30.00       158.4    
   31.00       131.1    
   32.00       109.2    
   33.00       92.12    
   34.00       79.12    
   35.00       69.65    
   36.00       63.12    
   37.00       58.99    
   38.00       56.78    
   39.00       56.02    
   40.00       56.31    
   41.00       57.30    
   42.00       58.70    
   43.00       60.26    
   44.00       61.77    
   45.00       63.07    
   46.00       64.06    
   47.00       64.64    
   48.00       64.78    
   49.00       64.44    
   50.00       63.63    
   51.00       62.38    
   52.00       60.70    
   53.00       58.66    
   54.00       56.30    
   55.00       53.68    
   56.00       50.86    
   57.00       47.89    
   58.00       44.84    
   59.00       41.75    
   60.00       38.67    
   61.00       35.64    
   62.00       32.71    
   63.00       29.90    
   64.00       27.24    
   65.00       24.74    
   66.00       22.42    
   67.00       20.29    
   68.00       18.35    
   69.00       16.59    
   70.00       15.03    
   71.00       13.63    
   72.00       12.41    
   73.00       11.35    
   74.00       10.43    
   75.00       9.641    
   76.00       8.972    
   77.00       8.407    
   78.00       7.934    
   79.00       7.538    
   80.00       7.208    
   81.00       6.932    
   82.00       6.700    
   83.00       6.502    
   84.00       6.330    
   85.00       6.177    
   86.00       6.036    
   87.00       5.902    
   88.00       5.772    
   89.00       5.640    
   90.00       5.506    
   91.00       5.366    
   92.00       5.220    
   93.00       5.067    
   94.00       4.908    
   95.00       4.741    
   96.00       4.568    
   97.00       4.390    
   98.00       4.207    
   99.00       4.020    
   100.0       3.832    
   101.0       3.642    
   102.0       3.453    
   103.0       3.265    
   104.0       3.081    
   105.0       2.900    
   106.0       2.724    
   107.0       2.553    
   108.0       2.390    
   109.0       2.234    
   110.0       2.087    
   111.0       1.948    
   112.0       1.818    
   113.0       1.697    
   114.0       1.586    
   115.0       1.485    
   116.0       1.393    
   117.0       1.310    
   118.0       1.237    
   119.0       1.172    
   120.0       1.116    
   121.0       1.068    
   122.0       1.027    
   123.0      0.9926    
   124.0      0.9645    
   125.0      0.9417    
   126.0      0.9237    
   127.0      0.9095    
   128.0      0.8986    
   129.0      0.8902    
   130.0      0.8836    
   131.0      0.8781    
   132.0      0.8731    
   133.0      0.8681    
   134.0      0.8626    
   135.0      0.8562    
   136.0      0.8485    
   137.0      0.8393    
   138.0      0.8285    
   139.0      0.8159    
   140.0      0.8016    
   141.0      0.7857    
   142.0      0.7684    
   143.0      0.7501    
   144.0      0.7310    
   145.0      0.7116    
   146.0      0.6924    
   147.0      0.6739    
   148.0      0.6567    
   149.0      0.6413    
   150.0      0.6282    
   151.0      0.6180    
   152.0      0.6113    
   153.0      0.6085    
   154.0      0.6100    
   155.0      0.6161    
   156.0      0.6272    
   157.0      0.6434    
   158.0      0.6648    
   159.0      0.6913    
   160.0      0.7228    
   161.0      0.7591    
   162.0      0.7999    
   163.0      0.8446    
   164.0      0.8928    
   165.0      0.9438    
   166.0      0.9970    
   167.0       1.052    
   168.0       1.107    
   169.0       1.161    
   170.0       1.215    
   171.0       1.267    
   172.0       1.316    
   173.0       1.361    
   174.0       1.402    
   175.0       1.438    
   176.0       1.468    
   177.0       1.492    
   178.0       1.510    
   179.0       1.521    
   180.0       1.524    
 END
