# 181 angles,  1 tensor ranks for 0=projectile
@subtitle   "p+O20 1st ex with BG ;"                                                        
@legend ON
@legend x1 0.2
@legend y1 0.8
@g0 type LOGY
@yaxis ticklabel format power
@legend string   0 "Lab energy =   35.0000"
#legend string   0 "Partition=  1 Excit=  1 near/far= 1"
#  Theta       sigma       iT11        T20         T21         T22         Kyy for projectile
  0.1000E-01  0.1288E+16
   1.000      0.1250E+08
   2.000      0.7237E+06
   3.000      0.1290E+06
   4.000      0.3687E+05
   5.000      0.1421E+05
   6.000       7022.    
   7.000       4337.    
   8.000       3194.    
   9.000       2640.    
   10.00       2326.    
   11.00       2112.    
   12.00       1940.    
   13.00       1786.    
   14.00       1640.    
   15.00       1497.    
   16.00       1357.    
   17.00       1221.    
   18.00       1090.    
   19.00       964.7    
   20.00       846.3    
   21.00       735.6    
   22.00       633.4    
   23.00       540.1    
   24.00       455.8    
   25.00       380.7    
   26.00       314.4    
   27.00       256.8    
   28.00       207.3    
   29.00       165.4    
   30.00       130.5    
   31.00       102.0    
   32.00       79.18    
   33.00       61.34    
   34.00       47.82    
   35.00       37.98    
   36.00       31.20    
   37.00       26.92    
   38.00       24.62    
   39.00       23.83    
   40.00       24.15    
   41.00       25.22    
   42.00       26.75    
   43.00       28.49    
   44.00       30.23    
   45.00       31.84    
   46.00       33.19    
   47.00       34.21    
   48.00       34.86    
   49.00       35.10    
   50.00       34.95    
   51.00       34.42    
   52.00       33.54    
   53.00       32.35    
   54.00       30.90    
   55.00       29.23    
   56.00       27.40    
   57.00       25.45    
   58.00       23.44    
   59.00       21.39    
   60.00       19.36    
   61.00       17.37    
   62.00       15.46    
   63.00       13.64    
   64.00       11.94    
   65.00       10.36    
   66.00       8.927    
   67.00       7.629    
   68.00       6.473    
   69.00       5.456    
   70.00       4.573    
   71.00       3.818    
   72.00       3.181    
   73.00       2.653    
   74.00       2.224    
   75.00       1.882    
   76.00       1.617    
   77.00       1.419    
   78.00       1.276    
   79.00       1.179    
   80.00       1.119    
   81.00       1.088    
   82.00       1.079    
   83.00       1.085    
   84.00       1.100    
   85.00       1.121    
   86.00       1.142    
   87.00       1.161    
   88.00       1.176    
   89.00       1.185    
   90.00       1.186    
   91.00       1.180    
   92.00       1.165    
   93.00       1.142    
   94.00       1.112    
   95.00       1.075    
   96.00       1.032    
   97.00      0.9829    
   98.00      0.9299    
   99.00      0.8736    
   100.0      0.8149    
   101.0      0.7549    
   102.0      0.6944    
   103.0      0.6343    
   104.0      0.5753    
   105.0      0.5181    
   106.0      0.4632    
   107.0      0.4110    
   108.0      0.3620    
   109.0      0.3165    
   110.0      0.2746    
   111.0      0.2364    
   112.0      0.2020    
   113.0      0.1714    
   114.0      0.1444    
   115.0      0.1210    
   116.0      0.1009    
   117.0      0.8407E-01
   118.0      0.7015E-01
   119.0      0.5893E-01
   120.0      0.5017E-01
   121.0      0.4361E-01
   122.0      0.3898E-01
   123.0      0.3603E-01
   124.0      0.3451E-01
   125.0      0.3419E-01
   126.0      0.3483E-01
   127.0      0.3624E-01
   128.0      0.3820E-01
   129.0      0.4056E-01
   130.0      0.4315E-01
   131.0      0.4584E-01
   132.0      0.4849E-01
   133.0      0.5102E-01
   134.0      0.5333E-01
   135.0      0.5535E-01
   136.0      0.5703E-01
   137.0      0.5834E-01
   138.0      0.5924E-01
   139.0      0.5973E-01
   140.0      0.5980E-01
   141.0      0.5946E-01
   142.0      0.5873E-01
   143.0      0.5762E-01
   144.0      0.5618E-01
   145.0      0.5443E-01
   146.0      0.5241E-01
   147.0      0.5017E-01
   148.0      0.4774E-01
   149.0      0.4516E-01
   150.0      0.4249E-01
   151.0      0.3975E-01
   152.0      0.3700E-01
   153.0      0.3427E-01
   154.0      0.3158E-01
   155.0      0.2898E-01
   156.0      0.2649E-01
   157.0      0.2413E-01
   158.0      0.2193E-01
   159.0      0.1989E-01
   160.0      0.1803E-01
   161.0      0.1635E-01
   162.0      0.1486E-01
   163.0      0.1356E-01
   164.0      0.1245E-01
   165.0      0.1151E-01
   166.0      0.1073E-01
   167.0      0.1011E-01
   168.0      0.9627E-02
   169.0      0.9268E-02
   170.0      0.9015E-02
   171.0      0.8853E-02
   172.0      0.8763E-02
   173.0      0.8730E-02
   174.0      0.8737E-02
   175.0      0.8770E-02
   176.0      0.8815E-02
   177.0      0.8863E-02
   178.0      0.8903E-02
   179.0      0.8930E-02
   180.0      0.8940E-02
 END
