# 178 angles,  1 tensor ranks for 0=projectile
@subtitle   "20O + d 3-?;"                                                                  
@legend ON
@legend x1 0.2
@legend y1 0.8
@g0 type LOGY
@yaxis ticklabel format power
@legend string   0 "Lab energy =   70.0000"
#legend string   0 "Partition=  1 Excit=  2 near/far= 1"
#  Theta       sigma       iT11        T20         T21         T22         Kyy for projectile
   3.000      0.6923    
   4.000      0.8311    
   5.000      0.9836    
   6.000       1.130    
   7.000       1.257    
   8.000       1.358    
   9.000       1.438    
   10.00       1.511    
   11.00       1.589    
   12.00       1.681    
   13.00       1.788    
   14.00       1.905    
   15.00       2.022    
   16.00       2.124    
   17.00       2.194    
   18.00       2.218    
   19.00       2.186    
   20.00       2.098    
   21.00       1.960    
   22.00       1.782    
   23.00       1.580    
   24.00       1.372    
   25.00       1.171    
   26.00      0.9915    
   27.00      0.8433    
   28.00      0.7317    
   29.00      0.6572    
   30.00      0.6165    
   31.00      0.6032    
   32.00      0.6093    
   33.00      0.6258    
   34.00      0.6449    
   35.00      0.6596    
   36.00      0.6650    
   37.00      0.6587    
   38.00      0.6398    
   39.00      0.6095    
   40.00      0.5699    
   41.00      0.5238    
   42.00      0.4745    
   43.00      0.4249    
   44.00      0.3777    
   45.00      0.3349    
   46.00      0.2974    
   47.00      0.2658    
   48.00      0.2399    
   49.00      0.2189    
   50.00      0.2021    
   51.00      0.1884    
   52.00      0.1768    
   53.00      0.1663    
   54.00      0.1562    
   55.00      0.1459    
   56.00      0.1352    
   57.00      0.1240    
   58.00      0.1124    
   59.00      0.1006    
   60.00      0.8900E-01
   61.00      0.7778E-01
   62.00      0.6726E-01
   63.00      0.5766E-01
   64.00      0.4911E-01
   65.00      0.4169E-01
   66.00      0.3540E-01
   67.00      0.3022E-01
   68.00      0.2602E-01
   69.00      0.2269E-01
   70.00      0.2007E-01
   71.00      0.1798E-01
   72.00      0.1631E-01
   73.00      0.1492E-01
   74.00      0.1372E-01
   75.00      0.1265E-01
   76.00      0.1162E-01
   77.00      0.1062E-01
   78.00      0.9639E-02
   79.00      0.8674E-02
   80.00      0.7742E-02
   81.00      0.6853E-02
   82.00      0.6017E-02
   83.00      0.5244E-02
   84.00      0.4547E-02
   85.00      0.3935E-02
   86.00      0.3411E-02
   87.00      0.2971E-02
   88.00      0.2605E-02
   89.00      0.2304E-02
   90.00      0.2057E-02
   91.00      0.1856E-02
   92.00      0.1692E-02
   93.00      0.1555E-02
   94.00      0.1433E-02
   95.00      0.1323E-02
   96.00      0.1219E-02
   97.00      0.1121E-02
   98.00      0.1026E-02
   99.00      0.9344E-03
   100.0      0.8438E-03
   101.0      0.7557E-03
   102.0      0.6723E-03
   103.0      0.5958E-03
   104.0      0.5272E-03
   105.0      0.4665E-03
   106.0      0.4137E-03
   107.0      0.3689E-03
   108.0      0.3321E-03
   109.0      0.3028E-03
   110.0      0.2797E-03
   111.0      0.2614E-03
   112.0      0.2465E-03
   113.0      0.2347E-03
   114.0      0.2254E-03
   115.0      0.2178E-03
   116.0      0.2110E-03
   117.0      0.2037E-03
   118.0      0.1953E-03
   119.0      0.1858E-03
   120.0      0.1755E-03
   121.0      0.1645E-03
   122.0      0.1527E-03
   123.0      0.1403E-03
   124.0      0.1277E-03
   125.0      0.1153E-03
   126.0      0.1036E-03
   127.0      0.9252E-04
   128.0      0.8201E-04
   129.0      0.7204E-04
   130.0      0.6283E-04
   131.0      0.5476E-04
   132.0      0.4804E-04
   133.0      0.4266E-04
   134.0      0.3841E-04
   135.0      0.3509E-04
   136.0      0.3262E-04
   137.0      0.3090E-04
   138.0      0.2976E-04
   139.0      0.2892E-04
   140.0      0.2814E-04
   141.0      0.2743E-04
   142.0      0.2695E-04
   143.0      0.2685E-04
   144.0      0.2704E-04
   145.0      0.2723E-04
   146.0      0.2707E-04
   147.0      0.2639E-04
   148.0      0.2531E-04
   149.0      0.2413E-04
   150.0      0.2303E-04
   151.0      0.2206E-04
   152.0      0.2111E-04
   153.0      0.2009E-04
   154.0      0.1894E-04
   155.0      0.1773E-04
   156.0      0.1653E-04
   157.0      0.1535E-04
   158.0      0.1421E-04
   159.0      0.1316E-04
   160.0      0.1226E-04
   161.0      0.1155E-04
   162.0      0.1105E-04
   163.0      0.1070E-04
   164.0      0.1044E-04
   165.0      0.1023E-04
   166.0      0.1010E-04
   167.0      0.1009E-04
   168.0      0.1019E-04
   169.0      0.1036E-04
   170.0      0.1062E-04
   171.0      0.1096E-04
   172.0      0.1142E-04
   173.0      0.1202E-04
   174.0      0.1269E-04
   175.0      0.1324E-04
   176.0      0.1355E-04
   177.0      0.1357E-04
   178.0      0.1340E-04
   179.0      0.1317E-04
   180.0      0.1307E-04
 END
