           4           1           1
    0.0-     1 1   1.753       0.000      0.1485E-01  0.1217E-02  0.8813E-02   1.729    
    1.0+     0 1   5.250       0.000      0.4685E-01  0.5350E-02  0.2295E-01   5.175    
    1.0+     2 2   5.274       0.000      0.3994E-01  0.3172E-02  0.2702E-01   5.203    
    1.0-     1 1   5.258       0.000      0.4558E-01  0.4457E-02  0.2466E-01   5.183    
    2.0+     2 1   8.782       0.000      0.6951E-01  0.7478E-02  0.3962E-01   8.665    
    2.0-     1 1   8.755       0.000      0.7908E-01  0.1066E-01  0.3442E-01   8.631    
    2.0-     3 2   8.821       0.000      0.5664E-01  0.4312E-02  0.4443E-01   8.715    
    3.0+     2 1   12.28       0.000      0.1024      0.1666E-01  0.4181E-01   12.12    
    3.0+     4 2   12.41       0.000      0.6410E-01  0.4742E-02  0.5934E-01   12.28    
    3.0-     3 1   12.33       0.000      0.8432E-01  0.1009E-01  0.5225E-01   12.19    
    4.0+     4 1   15.93       0.000      0.8893E-01  0.1215E-01  0.6182E-01   15.77    
    4.0-     3 1   15.83       0.000      0.1149      0.2330E-01  0.4550E-01   15.64    
    4.0-     5 2   16.05       0.000      0.6248E-01  0.4645E-02  0.6955E-01   15.91    
    5.0+     4 1   19.43       0.000      0.1153      0.2996E-01  0.4590E-01   19.24    
    5.0+     6 2   19.78       0.000      0.5376E-01  0.4056E-02  0.7383E-01   19.65    
    5.0-     5 1   19.57       0.000      0.8343E-01  0.1367E-01  0.6722E-01   19.41    
    6.0+     6 1   23.32       0.000      0.6969E-01  0.1415E-01  0.6764E-01   23.17    
    6.0-     5 1   23.07       0.000      0.1043      0.3621E-01  0.4370E-01   22.89    
    6.0-     7 2   23.53       0.000      0.4120E-01  0.3340E-02  0.7205E-01   23.41    
    7.0+     6 1   26.83       0.000      0.8392E-01  0.4036E-01  0.3924E-01   26.67    
    7.0+     8 2   27.48       0.000      0.2574E-01  0.2322E-02  0.5977E-01   27.39    
    7.0-     7 1   27.09       0.000      0.5230E-01  0.1412E-01  0.6400E-01   26.96    
    8.0+     8 1   31.04       0.000      0.3154E-01  0.1243E-01  0.5110E-01   30.94    
    8.0-     7 1   30.64       0.000      0.6090E-01  0.4251E-01  0.3412E-01   30.50    
    8.0-     9 2   31.09       0.000      0.2055E-01  0.1888E-02  0.7576E-01   30.99    
    9.0+     8 1   34.54       0.000      0.3554E-01  0.4000E-01  0.2562E-01   34.44    
    9.0+    10 2   32.06       0.000      0.2505E-01  0.3694E-02  0.1490       31.88    
    9.0-     9 1   34.97       0.000      0.2123E-01  0.1135E-01  0.5461E-01   34.88    
   10.0+    10 1   36.40       0.000      0.2486E-01  0.2788E-01  0.1035       36.24    
   10.0-     9 1   38.75       0.000      0.2012E-01  0.3312E-01  0.2265E-01   38.67    
   10.0-    11 2   28.91       0.000      0.3178E-01  0.5329E-02  0.2125       28.66    
   11.0+    10 1   40.91       0.000      0.2292E-01  0.6406E-01  0.4137E-01   40.78    
   11.0+    12 2   22.84       0.000      0.5243E-01  0.4798E-02  0.2089       22.57    
   11.0-    11 1   33.06       0.000      0.3559E-01  0.6103E-01  0.1516       32.81    
   12.0+    12 1   26.04       0.000      0.6299E-01  0.8024E-01  0.1521       25.75    
   12.0-    11 1   37.66       0.000      0.3950E-01  0.1408      0.6536E-01   37.42    
   12.0-    13 2   16.27       0.000      0.7458E-01  0.4718E-02  0.1590       16.03    
   13.0+    12 1   29.69       0.000      0.7590E-01  0.1868      0.7093E-01   29.36    
   13.0+    14 2   10.80       0.000      0.7577E-01  0.5532E-02  0.1030       10.61    
   13.0-    13 1   18.35       0.000      0.8838E-01  0.7330E-01  0.1170       18.08    
   14.0+    14 1   12.02       0.000      0.8738E-01  0.5367E-01  0.7600E-01   11.80    
   14.0-    13 1   20.72       0.000      0.1050      0.1670      0.5800E-01   20.39    
   14.0-    15 2   6.857       0.000      0.5940E-01  0.5435E-02  0.6054E-01   6.732    
   15.0+    14 1   13.38       0.000      0.1009      0.1169      0.3918E-01   13.12    
   15.0+    16 2   4.239       0.000      0.3945E-01  0.4245E-02  0.3352E-01   4.161    
   15.0-    15 1   7.535       0.000      0.6689E-01  0.3439E-01  0.4460E-01   7.390    
   16.0+    16 1   4.606       0.000      0.4362E-01  0.2026E-01  0.2464E-01   4.517    
   16.0-    15 1   8.270       0.000      0.7533E-01  0.7116E-01  0.2357E-01   8.100    
   16.0-    17 2   2.576       0.000      0.2369E-01  0.2815E-02  0.1791E-01   2.532    
   17.0+    16 1   4.995       0.000      0.4818E-01  0.4004E-01  0.1325E-01   4.894    
   17.0+    18 2   1.548       0.000      0.1337E-01  0.1683E-02  0.9361E-02   1.524    
   17.0-    17 1   2.773       0.000      0.2582E-01  0.1130E-01  0.1313E-01   2.723    
   18.0+    18 1   1.655       0.000      0.1442E-01  0.6084E-02  0.6836E-02   1.627    
   18.0-    17 1   2.979       0.000      0.2810E-01  0.2155E-01  0.7142E-02   2.922    
   18.0-    19 2  0.9238       0.000      0.7269E-02  0.9431E-03  0.4827E-02  0.9107    
   19.0+    18 1   1.764       0.000      0.1552E-01  0.1131E-01  0.3739E-02   1.734    
   19.0+    20 2  0.5480       0.000      0.3857E-02  0.5080E-03  0.2469E-02  0.5412    
   19.0-    19 1  0.9811       0.000      0.7772E-02  0.3203E-02  0.3510E-02  0.9667    
   20.0+    20 1  0.5792       0.000      0.4097E-02  0.1662E-02  0.1786E-02  0.5717    
   20.0-    19 1   1.040       0.000      0.8294E-02  0.5852E-02  0.1920E-02   1.024    
   20.0-    21 2  0.3236       0.000      0.2016E-02  0.2669E-03  0.1256E-02  0.3201    
   21.0+    20 1  0.6109       0.000      0.4344E-02  0.3001E-02  0.9733E-03  0.6026    
   21.0+    22 2  0.1905       0.000      0.1043E-02  0.1380E-03  0.6372E-03  0.1886    
   21.0-    21 1  0.3407       0.000      0.2130E-02  0.8548E-03  0.9041E-03  0.3368    
   22.0+    22 1  0.1998       0.000      0.1098E-02  0.4370E-03  0.4562E-03  0.1979    
   22.0-    21 1  0.3580       0.000      0.2247E-02  0.1530E-02  0.4897E-03  0.3537    
   22.0-    23 2  0.1117       0.000      0.5364E-03  0.7066E-04  0.3225E-03  0.1108    
   23.0+    22 1  0.2093       0.000      0.1153E-02  0.7779E-03  0.2453E-03  0.2071    
   23.0+    24 2  0.6537E-01   0.000      0.2746E-03  0.3595E-04  0.1631E-03  0.6489E-01
   23.0-    23 1  0.1169       0.000      0.5624E-03  0.2226E-03  0.2298E-03  0.1159    
   24.0+    24 1  0.6824E-01   0.000      0.2870E-03  0.1131E-03  0.1156E-03  0.6772E-01
   24.0-    23 1  0.1221       0.000      0.5886E-03  0.3946E-03  0.1226E-03  0.1210    
   24.0-    25 2  0.3815E-01   0.000      0.1402E-03  0.1822E-04  0.8240E-04  0.3791E-01
   25.0+    24 1  0.7112E-01   0.000      0.2996E-03  0.2000E-03  0.6119E-04  0.7056E-01
   25.0+    26 2  0.2221E-01   0.000      0.7139E-04  0.9211E-05  0.4162E-04  0.2209E-01
   25.0-    25 1  0.3974E-01   0.000      0.1462E-03  0.5738E-04  0.5815E-04  0.3948E-01
   26.0+    26 1  0.2310E-01   0.000      0.7430E-04  0.2908E-04  0.2925E-04  0.2297E-01
   26.0-    25 1  0.4134E-01   0.000      0.1522E-03  0.1012E-03  0.3053E-04  0.4105E-01
   26.0-    27 2  0.1291E-01   0.000      0.3632E-04  0.4650E-05  0.2102E-04  0.1285E-01
   27.0+    26 1  0.2399E-01   0.000      0.7721E-04  0.5123E-04  0.1524E-04  0.2384E-01
   27.0+    28 2  0.7488E-02   0.000      0.1846E-04  0.2345E-05  0.1061E-04  0.7456E-02
   27.0-    27 1  0.1340E-01   0.000      0.3773E-04  0.1473E-04  0.1471E-04  0.1333E-01
   28.0+    28 1  0.7762E-02   0.000      0.1914E-04  0.7458E-05  0.7402E-05  0.7728E-02
   28.0-    27 1  0.1390E-01   0.000      0.3914E-04  0.2592E-04  0.7611E-05  0.1382E-01
   28.0-    29 2  0.4336E-02   0.000      0.9375E-05  0.1182E-05  0.5359E-05  0.4320E-02
   29.0+    28 1  0.8037E-02   0.000      0.1983E-04  0.1311E-04  0.3803E-05  0.8000E-02
   29.0+    30 2  0.2506E-02   0.000      0.4759E-05  0.5957E-06  0.2707E-05  0.2498E-02
   29.0-    29 1  0.4489E-02   0.000      0.9709E-05  0.3775E-05  0.3725E-05  0.4471E-02
   30.0+    30 1  0.2592E-02   0.000      0.4922E-05  0.1911E-05  0.1875E-05  0.2583E-02
   30.0-    29 1  0.4642E-02   0.000      0.1004E-04  0.6633E-05  0.1901E-05  0.4623E-02
   30.0-    31 2  0.1447E-02   0.000      0.2415E-05  0.3002E-06  0.1367E-05  0.1443E-02
   31.0+    30 1  0.2677E-02   0.000      0.5086E-05  0.3355E-05  0.9514E-06  0.2668E-02
   31.0+    32 2  0.8338E-03   0.000      0.1225E-05  0.1513E-06  0.6904E-06  0.8318E-03
   31.0-    31 1  0.1494E-02   0.000      0.2495E-05  0.9669E-06  0.9443E-06  0.1490E-02
   32.0+    32 1  0.8604E-03   0.000      0.1264E-05  0.4893E-06  0.4757E-06  0.8581E-03
   32.0-    31 1  0.1542E-02   0.000      0.2575E-05  0.1697E-05  0.4763E-06  0.1537E-02
   32.0-    33 2  0.4800E-03   0.000      0.6215E-06  0.7624E-07  0.3488E-06  0.4789E-03
   33.0+    32 1  0.8869E-03   0.000      0.1304E-05  0.8586E-06  0.2386E-06  0.8845E-03
   33.0+    34 2  0.2759E-03   0.000      0.3152E-06  0.3843E-07  0.1762E-06  0.2754E-03
   33.0-    33 1  0.4948E-03   0.000      0.6407E-06  0.2476E-06  0.2397E-06  0.4936E-03
   34.0+    34 1  0.2842E-03   0.000      0.3246E-06  0.1253E-06  0.1208E-06  0.2836E-03
   34.0-    33 1  0.5095E-03   0.000      0.6599E-06  0.4343E-06  0.1196E-06  0.5083E-03
   34.0-    35 2  0.1584E-03   0.000      0.1598E-06  0.1938E-07  0.8904E-07  0.1582E-03
   35.0+    34 1  0.2924E-03   0.000      0.3341E-06  0.2197E-06  0.5999E-07  0.2918E-03
   35.0+    36 2  0.9087E-04   0.000      0.8103E-07  0.9772E-08  0.4499E-07  0.9073E-04
   35.0-    35 1  0.1630E-03   0.000      0.1645E-06  0.6340E-07  0.6089E-07  0.1627E-03
   36.0+    36 1  0.9343E-04   0.000      0.8332E-07  0.3209E-07  0.3070E-07  0.9329E-04
   36.0-    35 1  0.1676E-03   0.000      0.1691E-06  0.1112E-06  0.3010E-07  0.1673E-03
   36.0-    37 2  0.5206E-04   0.000      0.4108E-07  0.4929E-08  0.2274E-07  0.5199E-04
   37.0+    36 1  0.9599E-04   0.000      0.8561E-07  0.5624E-07  0.1511E-07  0.9584E-04
   37.0+    38 2  0.2980E-04   0.000      0.2083E-07  0.2486E-08  0.1149E-07  0.2976E-04
   37.0-    37 1  0.5349E-04   0.000      0.4221E-07  0.1624E-07  0.1548E-07  0.5342E-04
   38.0+    38 1  0.3059E-04   0.000      0.2138E-07  0.8217E-08  0.7812E-08  0.3056E-04
   38.0-    37 1  0.5492E-04   0.000      0.4334E-07  0.2845E-07  0.7592E-08  0.5484E-04
   38.0-    39 2  0.1704E-04   0.000      0.1056E-07  0.1254E-08  0.5810E-08  0.1702E-04
   39.0+    38 1  0.3139E-04   0.000      0.2194E-07  0.1440E-07  0.3815E-08  0.3135E-04
   39.0+    40 2  0.9734E-05   0.000      0.5350E-08  0.6328E-09  0.2937E-08  0.9725E-05
   39.0-    39 1  0.1748E-04   0.000      0.1083E-07  0.4158E-08  0.3941E-08  0.1746E-04
   40.0+    40 1  0.9980E-05   0.000      0.5486E-08  0.2104E-08  0.1989E-08  0.9970E-05
   40.0-    39 1  0.1792E-04   0.000      0.1111E-07  0.7283E-08  0.1918E-08  0.1790E-04
   40.0-    41 2  0.5556E-05   0.000      0.2712E-08  0.3193E-09  0.1485E-08  0.5551E-05
   41.0+    40 1  0.1023E-04   0.000      0.5621E-08  0.3685E-08  0.9643E-09  0.1022E-04
   41.0+    42 2  0.3168E-05   0.000      0.1374E-08  0.1612E-09  0.7509E-09  0.3166E-05
   41.0-    41 1  0.5693E-05   0.000      0.2779E-08  0.1065E-08  0.1004E-08  0.5688E-05
   42.0+    42 1  0.3245E-05   0.000      0.1407E-08  0.5390E-09  0.5069E-09  0.3242E-05
   42.0-    41 1  0.5830E-05   0.000      0.2845E-08  0.1865E-08  0.4851E-09  0.5825E-05
   42.0-    43 2  0.1805E-05   0.000      0.6965E-09  0.8136E-10  0.3797E-09  0.1804E-05
   43.0+    42 1  0.3321E-05   0.000      0.1441E-08  0.9435E-09  0.2441E-09  0.3318E-05
   43.0+    44 2  0.1028E-05   0.000      0.3530E-09  0.4108E-10  0.1920E-09  0.1027E-05
   43.0-    43 1  0.1848E-05   0.000      0.7129E-09  0.2728E-09  0.2559E-09  0.1847E-05
   44.0+    44 1  0.1052E-05   0.000      0.3611E-09  0.1381E-09  0.1292E-09  0.1051E-05
   44.0-    43 1  0.1890E-05   0.000      0.7293E-09  0.4775E-09  0.1229E-09  0.1889E-05
   44.0-    45 2  0.5849E-06   0.000      0.1789E-09  0.2075E-10  0.9708E-10  0.5846E-06
   45.0+    44 1  0.1075E-05   0.000      0.3692E-09  0.2416E-09  0.6187E-10  0.1075E-05
   45.0+    46 2  0.3325E-06   0.000      0.9064E-10  0.1048E-10  0.4910E-10  0.3324E-06
   45.0-    45 1  0.5980E-06   0.000      0.1829E-09  0.6990E-10  0.6525E-10  0.5977E-06
   46.0+    46 1  0.3399E-06   0.000      0.9263E-10  0.3538E-10  0.3296E-10  0.3397E-06
   46.0-    45 1  0.6112E-06   0.000      0.1869E-09  0.1223E-09  0.3116E-10  0.6108E-06
   46.0-    47 2  0.1889E-06   0.000      0.4593E-10  0.5292E-11  0.2483E-10  0.1889E-06
   47.0+    46 1  0.3472E-06   0.000      0.9463E-10  0.6189E-10  0.1569E-10  0.3470E-06
   47.0+    48 2  0.1073E-06   0.000      0.2327E-10  0.2673E-11  0.1256E-10  0.1072E-06
   47.0-    47 1  0.1930E-06   0.000      0.4691E-10  0.1791E-10  0.1665E-10  0.1929E-06
   48.0+    48 1  0.1095E-06   0.000      0.2376E-10  0.9064E-11  0.8409E-11  0.1095E-06
   48.0-    47 1  0.1971E-06   0.000      0.4790E-10  0.3132E-10  0.7906E-11  0.1970E-06
   48.0-    49 2  0.6088E-07   0.000      0.1179E-10  0.1350E-11  0.6352E-11  0.6086E-07
   49.0+    48 1  0.1118E-06   0.000      0.2425E-10  0.1585E-10  0.3984E-11  0.1118E-06
   49.0+    50 2  0.3453E-07   0.000      0.5974E-11  0.6821E-12  0.3213E-11  0.3452E-07
   49.0-    49 1  0.6214E-07   0.000      0.1203E-10  0.4588E-11  0.4248E-11  0.6211E-07
   50.0+    50 1  0.3522E-07   0.000      0.6094E-11  0.2322E-11  0.2147E-11  0.3521E-07
   50.0-    49 1  0.6339E-07   0.000      0.1228E-10  0.8021E-11  0.2008E-11  0.6337E-07
   50.0-    51 2  0.1957E-07   0.000      0.3027E-11  0.3446E-12  0.1625E-11  0.1956E-07
   51.0+    50 1  0.3592E-07   0.000      0.6215E-11  0.4060E-11  0.1012E-11  0.3591E-07
   51.0+    52 2  0.1109E-07   0.000      0.1533E-11  0.1741E-12  0.8221E-12  0.1108E-07
   51.0-    51 1  0.1996E-07   0.000      0.3087E-11  0.1175E-11  0.1085E-11  0.1995E-07
   52.0+    52 1  0.1130E-07   0.000      0.1563E-11  0.5950E-12  0.5481E-12  0.1130E-07
   52.0-    51 1  0.2034E-07   0.000      0.3147E-11  0.2055E-11  0.5104E-12  0.2034E-07
   52.0-    53 2  0.6276E-08   0.000      0.7769E-12  0.8798E-13  0.4159E-12  0.6275E-08
   53.0+    52 1  0.1152E-07   0.000      0.1593E-11  0.1040E-11  0.2574E-12  0.1151E-07
   53.0+    54 2  0.3552E-08   0.000      0.3935E-12  0.4446E-13  0.2104E-12  0.3551E-08
   53.0-    53 1  0.6397E-08   0.000      0.7917E-12  0.3011E-12  0.2770E-12  0.6395E-08
   54.0+    54 1  0.3617E-08   0.000      0.4009E-12  0.1524E-12  0.1400E-12  0.3617E-08
   54.0-    53 1  0.6515E-08   0.000      0.8065E-12  0.5263E-12  0.1298E-12  0.6514E-08
   54.0-    55 2  0.2008E-08   0.000      0.1994E-12  0.2247E-13  0.1064E-12  0.2008E-08
   55.0+    54 1  0.3684E-08   0.000      0.4083E-12  0.2664E-12  0.6548E-13  0.3684E-08
   55.0+    56 2  0.1135E-08   0.000      0.1010E-12  0.1135E-13  0.5384E-13  0.1135E-08
   55.0-    55 1  0.2046E-08   0.000      0.2030E-12  0.7716E-13  0.7076E-13  0.2045E-08
   56.0+    56 1  0.1156E-08   0.000      0.1028E-12  0.3906E-13  0.3577E-13  0.1155E-08
   56.0-    55 1  0.2083E-08   0.000      0.2067E-12  0.1348E-12  0.3303E-13  0.2082E-08
   56.0-    57 2  0.6418E-09   0.000      0.5116E-13  0.5738E-14  0.2724E-13  0.6417E-09
   57.0+    56 1  0.1177E-08   0.000      0.1046E-12  0.6823E-13  0.1667E-13  0.1177E-08
   57.0+    58 2  0.3626E-09   0.000      0.2591E-13  0.2900E-14  0.1378E-13  0.3626E-09
   57.0-    57 1  0.6527E-09   0.000      0.5206E-13  0.1977E-13  0.1808E-13  0.6526E-09
   58.0+    58 1  0.3684E-09   0.000      0.2636E-13  0.1001E-13  0.9140E-14  0.3683E-09
   58.0-    57 1  0.6652E-09   0.000      0.5297E-13  0.3454E-13  0.8411E-14  0.6651E-09
   58.0-    59 2  0.2046E-09   0.000      0.1313E-13  0.1466E-14  0.6974E-14  0.2046E-09
   59.0+    58 1  0.3750E-09   0.000      0.2681E-13  0.1748E-13  0.4245E-14  0.3750E-09
   59.0+    60 2  0.1158E-09   0.000      0.6649E-14  0.7413E-15  0.3529E-14  0.1158E-09
   59.0-    59 1  0.2081E-09   0.000      0.1335E-13  0.5067E-14  0.4621E-14  0.2081E-09
   60.0+    60 1  0.1180E-09   0.000      0.6761E-14  0.2565E-14  0.2336E-14  0.1180E-09
   60.0-    59 1  0.2111E-09   0.000      0.1358E-13  0.8849E-14  0.2142E-14  0.2111E-09
   60.0-    61 2  0.6519E-10   0.000      0.3368E-14  0.3747E-15  0.1786E-14  0.6518E-10
