# Fusion cross sections for ELAB=  70.000, ECM=  63.597
     0.0   1.756       1.782      0.2519E-01
     1.0   15.80       16.02      0.2195    
     2.0   26.39       26.72      0.3281    
     3.0   37.06       37.45      0.3892    
     4.0   47.84       48.25      0.4099    
     5.0   58.77       59.18      0.4122    
     6.0   69.85       70.27      0.4220    
     7.0   80.97       81.48      0.5049    
     8.0   91.42       92.12      0.6990    
     9.0   99.33       100.3      0.9755    
    10.0   101.9       103.2       1.252    
    11.0   95.96       97.38       1.419    
    12.0   79.93       81.23       1.304    
    13.0   58.62       59.58      0.9571    
    14.0   39.27       39.84      0.5694    
    15.0   24.98       25.25      0.2754    
    16.0   15.45       15.57      0.1132    
    17.0   9.422       9.463      0.4132E-01
    18.0   5.699       5.712      0.1359E-01
    19.0   3.430       3.434      0.3977E-02
    20.0   2.058       2.059      0.1081E-02
    21.0   1.231       1.231      0.4384E-03
    22.0  0.7344      0.7348      0.4432E-03
    23.0  0.4372      0.4378      0.5663E-03
    24.0  0.2597      0.2603      0.6606E-03
    25.0  0.1539      0.1546      0.7031E-03
    26.0  0.9105E-01  0.9176E-01  0.7044E-03
    27.0  0.5376E-01  0.5444E-01  0.6795E-03
    28.0  0.3168E-01  0.3232E-01  0.6405E-03
    29.0  0.1864E-01  0.1923E-01  0.5952E-03
    30.0  0.1095E-01  0.1150E-01  0.5484E-03
    31.0  0.6420E-02  0.6923E-02  0.5030E-03
    32.0  0.3760E-02  0.4220E-02  0.4602E-03
    33.0  0.2199E-02  0.2619E-02  0.4206E-03
    34.0  0.1284E-02  0.1669E-02  0.3844E-03
    35.0  0.7491E-03  0.1101E-02  0.3515E-03
    36.0  0.4365E-03  0.7581E-03  0.3216E-03
    37.0  0.2540E-03  0.5486E-03  0.2945E-03
    38.0  0.1477E-03  0.4178E-03  0.2701E-03
    39.0  0.8580E-04  0.3337E-03  0.2479E-03
    40.0  0.4979E-04  0.2776E-03  0.2278E-03
    41.0  0.2887E-04  0.2384E-03  0.2095E-03
    42.0  0.1673E-04  0.2096E-03  0.1929E-03
    43.0  0.9683E-05  0.1875E-03  0.1778E-03
    44.0  0.5602E-05  0.1696E-03  0.1640E-03
    45.0  0.3240E-05  0.1547E-03  0.1515E-03
    46.0  0.1873E-05  0.1418E-03  0.1400E-03
    47.0  0.1083E-05  0.1305E-03  0.1294E-03
    48.0  0.6263E-06  0.1205E-03  0.1198E-03
    49.0  0.3628E-06  0.1113E-03  0.1110E-03
    50.0  0.2107E-06  0.1031E-03  0.1029E-03
 &
