# 178 angles,  1 tensor ranks for 0=projectile
@subtitle   "p+O20 1st with BG ;"                                                           
@legend ON
@legend x1 0.2
@legend y1 0.8
@g0 type LOGY
@yaxis ticklabel format power
@legend string   0 "Lab energy =   43.0000"
#legend string   0 "Partition=  1 Excit=  1 near/far= 1"
#  Theta       sigma       iT11        T20         T21         T22         Kyy for projectile
   3.000      0.7903E+05
   4.000      0.2178E+05
   5.000       8407.    
   6.000       4464.    
   7.000       3122.    
   8.000       2604.    
   9.000       2361.    
   10.00       2207.    
   11.00       2075.    
   12.00       1943.    
   13.00       1805.    
   14.00       1660.    
   15.00       1512.    
   16.00       1363.    
   17.00       1216.    
   18.00       1074.    
   19.00       939.6    
   20.00       813.4    
   21.00       696.9    
   22.00       591.0    
   23.00       495.9    
   24.00       411.7    
   25.00       338.1    
   26.00       274.8    
   27.00       221.0    
   28.00       176.0    
   29.00       139.1    
   30.00       109.3    
   31.00       85.70    
   32.00       67.53    
   33.00       53.92    
   34.00       44.08    
   35.00       37.30    
   36.00       32.92    
   37.00       30.38    
   38.00       29.19    
   39.00       28.91    
   40.00       29.21    
   41.00       29.80    
   42.00       30.46    
   43.00       31.04    
   44.00       31.42    
   45.00       31.53    
   46.00       31.33    
   47.00       30.80    
   48.00       29.97    
   49.00       28.84    
   50.00       27.48    
   51.00       25.91    
   52.00       24.19    
   53.00       22.36    
   54.00       20.47    
   55.00       18.57    
   56.00       16.69    
   57.00       14.87    
   58.00       13.13    
   59.00       11.50    
   60.00       9.996    
   61.00       8.620    
   62.00       7.382    
   63.00       6.284    
   64.00       5.323    
   65.00       4.494    
   66.00       3.790    
   67.00       3.200    
   68.00       2.715    
   69.00       2.323    
   70.00       2.012    
   71.00       1.772    
   72.00       1.590    
   73.00       1.457    
   74.00       1.362    
   75.00       1.298    
   76.00       1.255    
   77.00       1.229    
   78.00       1.212    
   79.00       1.200    
   80.00       1.190    
   81.00       1.179    
   82.00       1.164    
   83.00       1.144    
   84.00       1.119    
   85.00       1.087    
   86.00       1.050    
   87.00       1.007    
   88.00      0.9588    
   89.00      0.9067    
   90.00      0.8515    
   91.00      0.7939    
   92.00      0.7350    
   93.00      0.6758    
   94.00      0.6169    
   95.00      0.5594    
   96.00      0.5038    
   97.00      0.4506    
   98.00      0.4005    
   99.00      0.3537    
   100.0      0.3105    
   101.0      0.2711    
   102.0      0.2355    
   103.0      0.2037    
   104.0      0.1756    
   105.0      0.1511    
   106.0      0.1300    
   107.0      0.1122    
   108.0      0.9718E-01
   109.0      0.8486E-01
   110.0      0.7492E-01
   111.0      0.6707E-01
   112.0      0.6104E-01
   113.0      0.5655E-01
   114.0      0.5335E-01
   115.0      0.5121E-01
   116.0      0.4991E-01
   117.0      0.4924E-01
   118.0      0.4904E-01
   119.0      0.4916E-01
   120.0      0.4945E-01
   121.0      0.4981E-01
   122.0      0.5015E-01
   123.0      0.5040E-01
   124.0      0.5050E-01
   125.0      0.5041E-01
   126.0      0.5011E-01
   127.0      0.4958E-01
   128.0      0.4882E-01
   129.0      0.4782E-01
   130.0      0.4660E-01
   131.0      0.4518E-01
   132.0      0.4356E-01
   133.0      0.4179E-01
   134.0      0.3987E-01
   135.0      0.3783E-01
   136.0      0.3571E-01
   137.0      0.3351E-01
   138.0      0.3128E-01
   139.0      0.2902E-01
   140.0      0.2677E-01
   141.0      0.2455E-01
   142.0      0.2237E-01
   143.0      0.2024E-01
   144.0      0.1820E-01
   145.0      0.1625E-01
   146.0      0.1440E-01
   147.0      0.1267E-01
   148.0      0.1107E-01
   149.0      0.9605E-02
   150.0      0.8285E-02
   151.0      0.7116E-02
   152.0      0.6102E-02
   153.0      0.5248E-02
   154.0      0.4555E-02
   155.0      0.4023E-02
   156.0      0.3652E-02
   157.0      0.3439E-02
   158.0      0.3379E-02
   159.0      0.3467E-02
   160.0      0.3695E-02
   161.0      0.4054E-02
   162.0      0.4534E-02
   163.0      0.5121E-02
   164.0      0.5803E-02
   165.0      0.6564E-02
   166.0      0.7389E-02
   167.0      0.8261E-02
   168.0      0.9162E-02
   169.0      0.1008E-01
   170.0      0.1098E-01
   171.0      0.1187E-01
   172.0      0.1271E-01
   173.0      0.1350E-01
   174.0      0.1422E-01
   175.0      0.1485E-01
   176.0      0.1538E-01
   177.0      0.1581E-01
   178.0      0.1612E-01
   179.0      0.1631E-01
   180.0      0.1637E-01
 END
