# 178 angles,  1 tensor ranks for 0=projectile
@subtitle   "20O + d Ex 7.639 3-;"                                                          
@legend ON
@legend x1 0.2
@legend y1 0.8
@g0 type LOGY
@yaxis ticklabel format power
@xaxis label "Scattering angle (degrees)"
@yaxis label "Cross section (mb/sr)"
@legend string   0 "Partition=  1 Excit=  1 near/far= 1"
#legend string   0 "Lab energy =   70.0000"
@s0 linestyle   1
#  Theta       sigma       iT11        T20         T21         T22         Kyy for projectile
   3.000      0.2748E+05
   4.000      0.1165E+05
   5.000       8263.    
   6.000       6772.    
   7.000       5566.    
   8.000       4418.    
   9.000       3349.    
   10.00       2408.    
   11.00       1630.    
   12.00       1027.    
   13.00       591.5    
   14.00       302.8    
   15.00       133.1    
   16.00       52.05    
   17.00       31.03    
   18.00       45.33    
   19.00       75.65    
   20.00       108.3    
   21.00       134.9    
   22.00       151.3    
   23.00       156.6    
   24.00       152.1    
   25.00       140.1    
   26.00       123.4    
   27.00       104.8    
   28.00       86.23    
   29.00       69.37    
   30.00       55.09    
   31.00       43.75    
   32.00       35.29    
   33.00       29.35    
   34.00       25.41    
   35.00       22.94    
   36.00       21.41    
   37.00       20.37    
   38.00       19.51    
   39.00       18.61    
   40.00       17.53    
   41.00       16.25    
   42.00       14.78    
   43.00       13.19    
   44.00       11.53    
   45.00       9.895    
   46.00       8.345    
   47.00       6.934    
   48.00       5.696    
   49.00       4.648    
   50.00       3.790    
   51.00       3.112    
   52.00       2.594    
   53.00       2.209    
   54.00       1.931    
   55.00       1.733    
   56.00       1.590    
   57.00       1.483    
   58.00       1.394    
   59.00       1.313    
   60.00       1.232    
   61.00       1.147    
   62.00       1.055    
   63.00      0.9594    
   64.00      0.8606    
   65.00      0.7618    
   66.00      0.6659    
   67.00      0.5756    
   68.00      0.4929    
   69.00      0.4195    
   70.00      0.3560    
   71.00      0.3025    
   72.00      0.2587    
   73.00      0.2235    
   74.00      0.1959    
   75.00      0.1744    
   76.00      0.1578    
   77.00      0.1446    
   78.00      0.1339    
   79.00      0.1246    
   80.00      0.1161    
   81.00      0.1077    
   82.00      0.9936E-01
   83.00      0.9079E-01
   84.00      0.8206E-01
   85.00      0.7327E-01
   86.00      0.6460E-01
   87.00      0.5622E-01
   88.00      0.4833E-01
   89.00      0.4109E-01
   90.00      0.3461E-01
   91.00      0.2897E-01
   92.00      0.2419E-01
   93.00      0.2026E-01
   94.00      0.1711E-01
   95.00      0.1466E-01
   96.00      0.1282E-01
   97.00      0.1146E-01
   98.00      0.1048E-01
   99.00      0.9776E-02
   100.0      0.9248E-02
   101.0      0.8821E-02
   102.0      0.8435E-02
   103.0      0.8046E-02
   104.0      0.7627E-02
   105.0      0.7163E-02
   106.0      0.6653E-02
   107.0      0.6103E-02
   108.0      0.5524E-02
   109.0      0.4933E-02
   110.0      0.4345E-02
   111.0      0.3776E-02
   112.0      0.3239E-02
   113.0      0.2746E-02
   114.0      0.2304E-02
   115.0      0.1918E-02
   116.0      0.1587E-02
   117.0      0.1311E-02
   118.0      0.1087E-02
   119.0      0.9084E-03
   120.0      0.7702E-03
   121.0      0.6657E-03
   122.0      0.5883E-03
   123.0      0.5319E-03
   124.0      0.4910E-03
   125.0      0.4610E-03
   126.0      0.4378E-03
   127.0      0.4184E-03
   128.0      0.4006E-03
   129.0      0.3828E-03
   130.0      0.3641E-03
   131.0      0.3440E-03
   132.0      0.3225E-03
   133.0      0.2998E-03
   134.0      0.2762E-03
   135.0      0.2523E-03
   136.0      0.2285E-03
   137.0      0.2053E-03
   138.0      0.1831E-03
   139.0      0.1624E-03
   140.0      0.1434E-03
   141.0      0.1263E-03
   142.0      0.1113E-03
   143.0      0.9834E-04
   144.0      0.8752E-04
   145.0      0.7874E-04
   146.0      0.7193E-04
   147.0      0.6697E-04
   148.0      0.6372E-04
   149.0      0.6204E-04
   150.0      0.6179E-04
   151.0      0.6282E-04
   152.0      0.6497E-04
   153.0      0.6809E-04
   154.0      0.7201E-04
   155.0      0.7655E-04
   156.0      0.8152E-04
   157.0      0.8671E-04
   158.0      0.9190E-04
   159.0      0.9684E-04
   160.0      0.1013E-03
   161.0      0.1050E-03
   162.0      0.1077E-03
   163.0      0.1092E-03
   164.0      0.1093E-03
   165.0      0.1080E-03
   166.0      0.1051E-03
   167.0      0.1007E-03
   168.0      0.9476E-04
   169.0      0.8754E-04
   170.0      0.7924E-04
   171.0      0.7014E-04
   172.0      0.6057E-04
   173.0      0.5090E-04
   174.0      0.4152E-04
   175.0      0.3280E-04
   176.0      0.2510E-04
   177.0      0.1875E-04
   178.0      0.1401E-04
   179.0      0.1108E-04
   180.0      0.1009E-04
 END
@legend string   1 "Partition=  1 Excit=  2 near/far= 1"
#legend string   0 "Lab energy =   70.0000"
@s1 linestyle   2
#  Theta       sigma       iT11        T20         T21         T22         Kyy for projectile
   3.000       13.42    
   4.000       16.23    
   5.000       19.18    
   6.000       21.98    
   7.000       24.47    
   8.000       26.61    
   9.000       28.50    
   10.00       30.31    
   11.00       32.21    
   12.00       34.30    
   13.00       36.60    
   14.00       39.00    
   15.00       41.26    
   16.00       43.12    
   17.00       44.28    
   18.00       44.50    
   19.00       43.63    
   20.00       41.66    
   21.00       38.69    
   22.00       34.94    
   23.00       30.69    
   24.00       26.29    
   25.00       22.05    
   26.00       18.25    
   27.00       15.08    
   28.00       12.66    
   29.00       11.02    
   30.00       10.09    
   31.00       9.766    
   32.00       9.880    
   33.00       10.26    
   34.00       10.74    
   35.00       11.18    
   36.00       11.47    
   37.00       11.53    
   38.00       11.35    
   39.00       10.92    
   40.00       10.29    
   41.00       9.508    
   42.00       8.634    
   43.00       7.730    
   44.00       6.852    
   45.00       6.042    
   46.00       5.331    
   47.00       4.733    
   48.00       4.249    
   49.00       3.871    
   50.00       3.581    
   51.00       3.361    
   52.00       3.186    
   53.00       3.038    
   54.00       2.898    
   55.00       2.753    
   56.00       2.595    
   57.00       2.421    
   58.00       2.230    
   59.00       2.027    
   60.00       1.816    
   61.00       1.605    
   62.00       1.400    
   63.00       1.206    
   64.00       1.029    
   65.00      0.8722    
   66.00      0.7366    
   67.00      0.6228    
   68.00      0.5299    
   69.00      0.4558    
   70.00      0.3980    
   71.00      0.3534    
   72.00      0.3191    
   73.00      0.2923    
   74.00      0.2705    
   75.00      0.2518    
   76.00      0.2346    
   77.00      0.2179    
   78.00      0.2012    
   79.00      0.1841    
   80.00      0.1669    
   81.00      0.1498    
   82.00      0.1330    
   83.00      0.1169    
   84.00      0.1019    
   85.00      0.8831E-01
   86.00      0.7622E-01
   87.00      0.6574E-01
   88.00      0.5687E-01
   89.00      0.4952E-01
   90.00      0.4353E-01
   91.00      0.3872E-01
   92.00      0.3489E-01
   93.00      0.3182E-01
   94.00      0.2930E-01
   95.00      0.2718E-01
   96.00      0.2530E-01
   97.00      0.2356E-01
   98.00      0.2188E-01
   99.00      0.2023E-01
   100.0      0.1857E-01
   101.0      0.1692E-01
   102.0      0.1529E-01
   103.0      0.1370E-01
   104.0      0.1219E-01
   105.0      0.1078E-01
   106.0      0.9486E-02
   107.0      0.8333E-02
   108.0      0.7327E-02
   109.0      0.6470E-02
   110.0      0.5756E-02
   111.0      0.5175E-02
   112.0      0.4710E-02
   113.0      0.4345E-02
   114.0      0.4061E-02
   115.0      0.3838E-02
   116.0      0.3659E-02
   117.0      0.3506E-02
   118.0      0.3366E-02
   119.0      0.3228E-02
   120.0      0.3086E-02
   121.0      0.2934E-02
   122.0      0.2771E-02
   123.0      0.2596E-02
   124.0      0.2412E-02
   125.0      0.2222E-02
   126.0      0.2029E-02
   127.0      0.1836E-02
   128.0      0.1648E-02
   129.0      0.1468E-02
   130.0      0.1299E-02
   131.0      0.1144E-02
   132.0      0.1005E-02
   133.0      0.8824E-03
   134.0      0.7771E-03
   135.0      0.6881E-03
   136.0      0.6145E-03
   137.0      0.5549E-03
   138.0      0.5075E-03
   139.0      0.4703E-03
   140.0      0.4414E-03
   141.0      0.4191E-03
   142.0      0.4023E-03
   143.0      0.3894E-03
   144.0      0.3792E-03
   145.0      0.3701E-03
   146.0      0.3609E-03
   147.0      0.3506E-03
   148.0      0.3390E-03
   149.0      0.3264E-03
   150.0      0.3132E-03
   151.0      0.2994E-03
   152.0      0.2852E-03
   153.0      0.2704E-03
   154.0      0.2552E-03
   155.0      0.2399E-03
   156.0      0.2248E-03
   157.0      0.2102E-03
   158.0      0.1963E-03
   159.0      0.1834E-03
   160.0      0.1716E-03
   161.0      0.1611E-03
   162.0      0.1517E-03
   163.0      0.1435E-03
   164.0      0.1363E-03
   165.0      0.1299E-03
   166.0      0.1244E-03
   167.0      0.1197E-03
   168.0      0.1158E-03
   169.0      0.1127E-03
   170.0      0.1103E-03
   171.0      0.1085E-03
   172.0      0.1074E-03
   173.0      0.1067E-03
   174.0      0.1063E-03
   175.0      0.1061E-03
   176.0      0.1057E-03
   177.0      0.1051E-03
   178.0      0.1044E-03
   179.0      0.1038E-03
   180.0      0.1035E-03
 END
