# 178 angles,  1 tensor ranks for 0=projectile
@subtitle   "p+O20 with CH89;"                                                              
@legend ON
@legend x1 0.2
@legend y1 0.8
@g0 type LOGY
@yaxis ticklabel format power
@legend string   0 "Lab energy =   35.0000"
#legend string   0 "Partition=  1 Excit=  1 near/far= 1"
#  Theta       sigma       iT11        T20         T21         T22         Kyy for projectile
   3.000      0.1331E+06
   4.000      0.3892E+05
   5.000      0.1532E+05
   6.000       7634.    
   7.000       4651.    
   8.000       3325.    
   9.000       2652.    
   10.00       2260.    
   11.00       1995.    
   12.00       1791.    
   13.00       1617.    
   14.00       1460.    
   15.00       1313.    
   16.00       1175.    
   17.00       1043.    
   18.00       918.7    
   19.00       802.0    
   20.00       693.4    
   21.00       593.4    
   22.00       502.2    
   23.00       420.0    
   24.00       346.8    
   25.00       282.4    
   26.00       226.5    
   27.00       178.7    
   28.00       138.5    
   29.00       105.3    
   30.00       78.41    
   31.00       57.22    
   32.00       41.02    
   33.00       29.14    
   34.00       20.93    
   35.00       15.76    
   36.00       13.04    
   37.00       12.25    
   38.00       12.90    
   39.00       14.57    
   40.00       16.89    
   41.00       19.55    
   42.00       22.30    
   43.00       24.95    
   44.00       27.32    
   45.00       29.33    
   46.00       30.88    
   47.00       31.96    
   48.00       32.53    
   49.00       32.62    
   50.00       32.25    
   51.00       31.48    
   52.00       30.34    
   53.00       28.90    
   54.00       27.22    
   55.00       25.35    
   56.00       23.37    
   57.00       21.32    
   58.00       19.25    
   59.00       17.20    
   60.00       15.22    
   61.00       13.34    
   62.00       11.57    
   63.00       9.940    
   64.00       8.460    
   65.00       7.137    
   66.00       5.972    
   67.00       4.964    
   68.00       4.106    
   69.00       3.392    
   70.00       2.809    
   71.00       2.347    
   72.00       1.993    
   73.00       1.732    
   74.00       1.552    
   75.00       1.439    
   76.00       1.381    
   77.00       1.366    
   78.00       1.383    
   79.00       1.422    
   80.00       1.474    
   81.00       1.534    
   82.00       1.593    
   83.00       1.648    
   84.00       1.695    
   85.00       1.730    
   86.00       1.752    
   87.00       1.760    
   88.00       1.752    
   89.00       1.731    
   90.00       1.695    
   91.00       1.647    
   92.00       1.587    
   93.00       1.518    
   94.00       1.440    
   95.00       1.356    
   96.00       1.267    
   97.00       1.175    
   98.00       1.082    
   99.00      0.9888    
   100.0      0.8972    
   101.0      0.8083    
   102.0      0.7230    
   103.0      0.6421    
   104.0      0.5664    
   105.0      0.4963    
   106.0      0.4322    
   107.0      0.3742    
   108.0      0.3225    
   109.0      0.2770    
   110.0      0.2376    
   111.0      0.2039    
   112.0      0.1759    
   113.0      0.1529    
   114.0      0.1348    
   115.0      0.1210    
   116.0      0.1111    
   117.0      0.1046    
   118.0      0.1012    
   119.0      0.1003    
   120.0      0.1016    
   121.0      0.1045    
   122.0      0.1088    
   123.0      0.1141    
   124.0      0.1201    
   125.0      0.1264    
   126.0      0.1327    
   127.0      0.1390    
   128.0      0.1448    
   129.0      0.1501    
   130.0      0.1547    
   131.0      0.1585    
   132.0      0.1615    
   133.0      0.1634    
   134.0      0.1643    
   135.0      0.1642    
   136.0      0.1631    
   137.0      0.1610    
   138.0      0.1579    
   139.0      0.1538    
   140.0      0.1490    
   141.0      0.1433    
   142.0      0.1370    
   143.0      0.1301    
   144.0      0.1227    
   145.0      0.1149    
   146.0      0.1070    
   147.0      0.9889E-01
   148.0      0.9081E-01
   149.0      0.8284E-01
   150.0      0.7511E-01
   151.0      0.6773E-01
   152.0      0.6079E-01
   153.0      0.5439E-01
   154.0      0.4860E-01
   155.0      0.4351E-01
   156.0      0.3916E-01
   157.0      0.3560E-01
   158.0      0.3285E-01
   159.0      0.3094E-01
   160.0      0.2984E-01
   161.0      0.2956E-01
   162.0      0.3005E-01
   163.0      0.3127E-01
   164.0      0.3316E-01
   165.0      0.3565E-01
   166.0      0.3865E-01
   167.0      0.4207E-01
   168.0      0.4581E-01
   169.0      0.4978E-01
   170.0      0.5386E-01
   171.0      0.5794E-01
   172.0      0.6193E-01
   173.0      0.6572E-01
   174.0      0.6922E-01
   175.0      0.7234E-01
   176.0      0.7500E-01
   177.0      0.7714E-01
   178.0      0.7870E-01
   179.0      0.7966E-01
   180.0      0.7998E-01
 END
