# 181 angles,  1 tensor ranks for 0=projectile
@subtitle   "p+O20 2nd ex with BG ;"                                                        
@legend ON
@legend x1 0.2
@legend y1 0.8
@g0 type LOGY
@yaxis ticklabel format power
@legend string   0 "Lab energy =   35.0000"
#legend string   0 "Partition=  1 Excit=  2 near/far= 1"
#  Theta       sigma       iT11        T20         T21         T22         Kyy for projectile
   0.000       1.065    
   1.000       1.095    
   2.000       1.177    
   3.000       1.283    
   4.000       1.382    
   5.000       1.450    
   6.000       1.476    
   7.000       1.464    
   8.000       1.424    
   9.000       1.371    
   10.00       1.316    
   11.00       1.262    
   12.00       1.211    
   13.00       1.161    
   14.00       1.113    
   15.00       1.068    
   16.00       1.028    
   17.00      0.9941    
   18.00      0.9672    
   19.00      0.9466    
   20.00      0.9311    
   21.00      0.9192    
   22.00      0.9098    
   23.00      0.9019    
   24.00      0.8945    
   25.00      0.8868    
   26.00      0.8780    
   27.00      0.8672    
   28.00      0.8538    
   29.00      0.8371    
   30.00      0.8164    
   31.00      0.7916    
   32.00      0.7626    
   33.00      0.7298    
   34.00      0.6937    
   35.00      0.6550    
   36.00      0.6142    
   37.00      0.5718    
   38.00      0.5282    
   39.00      0.4843    
   40.00      0.4409    
   41.00      0.3987    
   42.00      0.3584    
   43.00      0.3207    
   44.00      0.2857    
   45.00      0.2540    
   46.00      0.2257    
   47.00      0.2011    
   48.00      0.1802    
   49.00      0.1629    
   50.00      0.1492    
   51.00      0.1388    
   52.00      0.1316    
   53.00      0.1271    
   54.00      0.1252    
   55.00      0.1253    
   56.00      0.1269    
   57.00      0.1298    
   58.00      0.1335    
   59.00      0.1377    
   60.00      0.1422    
   61.00      0.1466    
   62.00      0.1507    
   63.00      0.1541    
   64.00      0.1566    
   65.00      0.1581    
   66.00      0.1587    
   67.00      0.1582    
   68.00      0.1568    
   69.00      0.1542    
   70.00      0.1506    
   71.00      0.1460    
   72.00      0.1405    
   73.00      0.1343    
   74.00      0.1275    
   75.00      0.1203    
   76.00      0.1127    
   77.00      0.1048    
   78.00      0.9677E-01
   79.00      0.8875E-01
   80.00      0.8085E-01
   81.00      0.7319E-01
   82.00      0.6583E-01
   83.00      0.5885E-01
   84.00      0.5228E-01
   85.00      0.4617E-01
   86.00      0.4057E-01
   87.00      0.3551E-01
   88.00      0.3098E-01
   89.00      0.2699E-01
   90.00      0.2351E-01
   91.00      0.2054E-01
   92.00      0.1805E-01
   93.00      0.1600E-01
   94.00      0.1437E-01
   95.00      0.1310E-01
   96.00      0.1215E-01
   97.00      0.1148E-01
   98.00      0.1107E-01
   99.00      0.1086E-01
   100.0      0.1082E-01
   101.0      0.1091E-01
   102.0      0.1108E-01
   103.0      0.1130E-01
   104.0      0.1156E-01
   105.0      0.1184E-01
   106.0      0.1210E-01
   107.0      0.1234E-01
   108.0      0.1253E-01
   109.0      0.1266E-01
   110.0      0.1273E-01
   111.0      0.1274E-01
   112.0      0.1267E-01
   113.0      0.1254E-01
   114.0      0.1234E-01
   115.0      0.1207E-01
   116.0      0.1174E-01
   117.0      0.1136E-01
   118.0      0.1094E-01
   119.0      0.1047E-01
   120.0      0.9974E-02
   121.0      0.9449E-02
   122.0      0.8906E-02
   123.0      0.8354E-02
   124.0      0.7800E-02
   125.0      0.7249E-02
   126.0      0.6706E-02
   127.0      0.6175E-02
   128.0      0.5662E-02
   129.0      0.5172E-02
   130.0      0.4710E-02
   131.0      0.4277E-02
   132.0      0.3872E-02
   133.0      0.3496E-02
   134.0      0.3151E-02
   135.0      0.2838E-02
   136.0      0.2559E-02
   137.0      0.2312E-02
   138.0      0.2093E-02
   139.0      0.1900E-02
   140.0      0.1731E-02
   141.0      0.1588E-02
   142.0      0.1473E-02
   143.0      0.1383E-02
   144.0      0.1316E-02
   145.0      0.1266E-02
   146.0      0.1228E-02
   147.0      0.1204E-02
   148.0      0.1194E-02
   149.0      0.1200E-02
   150.0      0.1221E-02
   151.0      0.1254E-02
   152.0      0.1295E-02
   153.0      0.1342E-02
   154.0      0.1394E-02
   155.0      0.1454E-02
   156.0      0.1522E-02
   157.0      0.1599E-02
   158.0      0.1681E-02
   159.0      0.1767E-02
   160.0      0.1855E-02
   161.0      0.1945E-02
   162.0      0.2038E-02
   163.0      0.2132E-02
   164.0      0.2229E-02
   165.0      0.2326E-02
   166.0      0.2423E-02
   167.0      0.2518E-02
   168.0      0.2610E-02
   169.0      0.2699E-02
   170.0      0.2784E-02
   171.0      0.2863E-02
   172.0      0.2938E-02
   173.0      0.3005E-02
   174.0      0.3066E-02
   175.0      0.3120E-02
   176.0      0.3164E-02
   177.0      0.3198E-02
   178.0      0.3222E-02
   179.0      0.3237E-02
   180.0      0.3242E-02
 END
