# 181 angles,  1 tensor ranks for 0=projectile
@subtitle   "p+O20 2nd ex with BG ;"                                                        
@legend ON
@legend x1 0.2
@legend y1 0.8
@g0 type LOGY
@yaxis ticklabel format power
@legend string   0 "Lab energy =   35.0000"
#legend string   0 "Partition=  1 Excit=  2 near/far= 1"
#  Theta       sigma       iT11        T20         T21         T22         Kyy for projectile
   0.000       2.137    
   1.000       2.176    
   2.000       2.278    
   3.000       2.409    
   4.000       2.528    
   5.000       2.603    
   6.000       2.619    
   7.000       2.582    
   8.000       2.507    
   9.000       2.413    
   10.00       2.316    
   11.00       2.221    
   12.00       2.132    
   13.00       2.047    
   14.00       1.966    
   15.00       1.891    
   16.00       1.825    
   17.00       1.770    
   18.00       1.727    
   19.00       1.694    
   20.00       1.669    
   21.00       1.651    
   22.00       1.637    
   23.00       1.626    
   24.00       1.615    
   25.00       1.603    
   26.00       1.588    
   27.00       1.570    
   28.00       1.546    
   29.00       1.516    
   30.00       1.479    
   31.00       1.435    
   32.00       1.383    
   33.00       1.324    
   34.00       1.260    
   35.00       1.190    
   36.00       1.117    
   37.00       1.040    
   38.00      0.9623    
   39.00      0.8836    
   40.00      0.8057    
   41.00      0.7300    
   42.00      0.6578    
   43.00      0.5900    
   44.00      0.5273    
   45.00      0.4702    
   46.00      0.4194    
   47.00      0.3750    
   48.00      0.3373    
   49.00      0.3060    
   50.00      0.2811    
   51.00      0.2621    
   52.00      0.2486    
   53.00      0.2401    
   54.00      0.2359    
   55.00      0.2355    
   56.00      0.2378    
   57.00      0.2423    
   58.00      0.2482    
   59.00      0.2551    
   60.00      0.2625    
   61.00      0.2698    
   62.00      0.2763    
   63.00      0.2818    
   64.00      0.2857    
   65.00      0.2879    
   66.00      0.2884    
   67.00      0.2871    
   68.00      0.2840    
   69.00      0.2791    
   70.00      0.2723    
   71.00      0.2638    
   72.00      0.2537    
   73.00      0.2424    
   74.00      0.2301    
   75.00      0.2170    
   76.00      0.2033    
   77.00      0.1891    
   78.00      0.1747    
   79.00      0.1603    
   80.00      0.1462    
   81.00      0.1325    
   82.00      0.1193    
   83.00      0.1068    
   84.00      0.9507E-01
   85.00      0.8415E-01
   86.00      0.7414E-01
   87.00      0.6508E-01
   88.00      0.5697E-01
   89.00      0.4980E-01
   90.00      0.4356E-01
   91.00      0.3821E-01
   92.00      0.3371E-01
   93.00      0.3000E-01
   94.00      0.2701E-01
   95.00      0.2467E-01
   96.00      0.2291E-01
   97.00      0.2164E-01
   98.00      0.2082E-01
   99.00      0.2037E-01
   100.0      0.2022E-01
   101.0      0.2028E-01
   102.0      0.2050E-01
   103.0      0.2083E-01
   104.0      0.2122E-01
   105.0      0.2163E-01
   106.0      0.2204E-01
   107.0      0.2240E-01
   108.0      0.2268E-01
   109.0      0.2286E-01
   110.0      0.2294E-01
   111.0      0.2290E-01
   112.0      0.2275E-01
   113.0      0.2248E-01
   114.0      0.2209E-01
   115.0      0.2159E-01
   116.0      0.2099E-01
   117.0      0.2030E-01
   118.0      0.1953E-01
   119.0      0.1870E-01
   120.0      0.1781E-01
   121.0      0.1687E-01
   122.0      0.1591E-01
   123.0      0.1492E-01
   124.0      0.1394E-01
   125.0      0.1297E-01
   126.0      0.1201E-01
   127.0      0.1107E-01
   128.0      0.1016E-01
   129.0      0.9299E-02
   130.0      0.8483E-02
   131.0      0.7717E-02
   132.0      0.7002E-02
   133.0      0.6338E-02
   134.0      0.5728E-02
   135.0      0.5174E-02
   136.0      0.4679E-02
   137.0      0.4239E-02
   138.0      0.3850E-02
   139.0      0.3505E-02
   140.0      0.3204E-02
   141.0      0.2948E-02
   142.0      0.2738E-02
   143.0      0.2572E-02
   144.0      0.2442E-02
   145.0      0.2343E-02
   146.0      0.2268E-02
   147.0      0.2216E-02
   148.0      0.2188E-02
   149.0      0.2187E-02
   150.0      0.2209E-02
   151.0      0.2252E-02
   152.0      0.2308E-02
   153.0      0.2375E-02
   154.0      0.2453E-02
   155.0      0.2543E-02
   156.0      0.2646E-02
   157.0      0.2762E-02
   158.0      0.2888E-02
   159.0      0.3020E-02
   160.0      0.3157E-02
   161.0      0.3298E-02
   162.0      0.3443E-02
   163.0      0.3592E-02
   164.0      0.3744E-02
   165.0      0.3897E-02
   166.0      0.4050E-02
   167.0      0.4201E-02
   168.0      0.4348E-02
   169.0      0.4490E-02
   170.0      0.4625E-02
   171.0      0.4753E-02
   172.0      0.4872E-02
   173.0      0.4980E-02
   174.0      0.5078E-02
   175.0      0.5163E-02
   176.0      0.5235E-02
   177.0      0.5290E-02
   178.0      0.5329E-02
   179.0      0.5353E-02
   180.0      0.5361E-02
 END
