# 178 angles,  1 tensor ranks for 0=projectile
@subtitle   "20O + d 2+2 inelastic;"                                                        
@legend ON
@legend x1 0.2
@legend y1 0.8
@g0 type LOGY
@yaxis ticklabel format power
@legend string   0 "Lab energy =   70.0000"
#legend string   0 "Partition=  1 Excit=  2 near/far= 1"
#  Theta       sigma       iT11        T20         T21         T22         Kyy for projectile
   3.000       23.65    
   4.000       21.75    
   5.000       21.19    
   6.000       22.90    
   7.000       27.36    
   8.000       34.32    
   9.000       42.91    
   10.00       51.88    
   11.00       59.92    
   12.00       65.93    
   13.00       69.17    
   14.00       69.26    
   15.00       66.23    
   16.00       60.50    
   17.00       52.80    
   18.00       44.11    
   19.00       35.42    
   20.00       27.60    
   21.00       21.24    
   22.00       16.64    
   23.00       13.85    
   24.00       12.68    
   25.00       12.80    
   26.00       13.79    
   27.00       15.18    
   28.00       16.59    
   29.00       17.70    
   30.00       18.32    
   31.00       18.37    
   32.00       17.87    
   33.00       16.89    
   34.00       15.56    
   35.00       14.03    
   36.00       12.45    
   37.00       10.94    
   38.00       9.591    
   39.00       8.447    
   40.00       7.528    
   41.00       6.824    
   42.00       6.304    
   43.00       5.926    
   44.00       5.640    
   45.00       5.399    
   46.00       5.164    
   47.00       4.911    
   48.00       4.626    
   49.00       4.305    
   50.00       3.952    
   51.00       3.577    
   52.00       3.192    
   53.00       2.812    
   54.00       2.451    
   55.00       2.118    
   56.00       1.822    
   57.00       1.565    
   58.00       1.348    
   59.00       1.170    
   60.00       1.026    
   61.00      0.9107    
   62.00      0.8186    
   63.00      0.7437    
   64.00      0.6806    
   65.00      0.6254    
   66.00      0.5749    
   67.00      0.5270    
   68.00      0.4803    
   69.00      0.4345    
   70.00      0.3898    
   71.00      0.3469    
   72.00      0.3063    
   73.00      0.2685    
   74.00      0.2339    
   75.00      0.2029    
   76.00      0.1757    
   77.00      0.1525    
   78.00      0.1330    
   79.00      0.1167    
   80.00      0.1032    
   81.00      0.9194E-01
   82.00      0.8263E-01
   83.00      0.7486E-01
   84.00      0.6819E-01
   85.00      0.6226E-01
   86.00      0.5679E-01
   87.00      0.5168E-01
   88.00      0.4691E-01
   89.00      0.4244E-01
   90.00      0.3825E-01
   91.00      0.3428E-01
   92.00      0.3056E-01
   93.00      0.2713E-01
   94.00      0.2406E-01
   95.00      0.2137E-01
   96.00      0.1902E-01
   97.00      0.1697E-01
   98.00      0.1519E-01
   99.00      0.1369E-01
   100.0      0.1244E-01
   101.0      0.1141E-01
   102.0      0.1054E-01
   103.0      0.9772E-02
   104.0      0.9085E-02
   105.0      0.8467E-02
   106.0      0.7908E-02
   107.0      0.7386E-02
   108.0      0.6874E-02
   109.0      0.6365E-02
   110.0      0.5865E-02
   111.0      0.5388E-02
   112.0      0.4939E-02
   113.0      0.4510E-02
   114.0      0.4096E-02
   115.0      0.3704E-02
   116.0      0.3348E-02
   117.0      0.3035E-02
   118.0      0.2757E-02
   119.0      0.2500E-02
   120.0      0.2257E-02
   121.0      0.2035E-02
   122.0      0.1850E-02
   123.0      0.1705E-02
   124.0      0.1590E-02
   125.0      0.1485E-02
   126.0      0.1380E-02
   127.0      0.1275E-02
   128.0      0.1181E-02
   129.0      0.1102E-02
   130.0      0.1034E-02
   131.0      0.9687E-03
   132.0      0.9023E-03
   133.0      0.8399E-03
   134.0      0.7871E-03
   135.0      0.7430E-03
   136.0      0.6993E-03
   137.0      0.6474E-03
   138.0      0.5878E-03
   139.0      0.5304E-03
   140.0      0.4858E-03
   141.0      0.4553E-03
   142.0      0.4316E-03
   143.0      0.4058E-03
   144.0      0.3740E-03
   145.0      0.3398E-03
   146.0      0.3096E-03
   147.0      0.2858E-03
   148.0      0.2655E-03
   149.0      0.2458E-03
   150.0      0.2272E-03
   151.0      0.2125E-03
   152.0      0.2028E-03
   153.0      0.1960E-03
   154.0      0.1875E-03
   155.0      0.1743E-03
   156.0      0.1583E-03
   157.0      0.1450E-03
   158.0      0.1375E-03
   159.0      0.1340E-03
   160.0      0.1307E-03
   161.0      0.1252E-03
   162.0      0.1173E-03
   163.0      0.1089E-03
   164.0      0.1025E-03
   165.0      0.9746E-04
   166.0      0.9113E-04
   167.0      0.8318E-04
   168.0      0.7596E-04
   169.0      0.7104E-04
   170.0      0.6795E-04
   171.0      0.6569E-04
   172.0      0.6319E-04
   173.0      0.5986E-04
   174.0      0.5702E-04
   175.0      0.5624E-04
   176.0      0.5613E-04
   177.0      0.5406E-04
   178.0      0.5046E-04
   179.0      0.4788E-04
   180.0      0.4713E-04
 END
