# 178 angles,  1 tensor ranks for 0=projectile
@subtitle   "p+O20 3- E. Khan reanalysis;"                                                  
@legend ON
@legend x1 0.2
@legend y1 0.8
@g0 type LOGY
@yaxis ticklabel format power
@legend string   0 "Lab energy =   43.2700"
#legend string   0 "Partition=  1 Excit=  1 near/far= 1"
#  Theta       sigma       iT11        T20         T21         T22         Kyy for projectile
   3.000      0.7968E+05
   4.000      0.2230E+05
   5.000       8698.    
   6.000       4598.    
   7.000       3154.    
   8.000       2571.    
   9.000       2286.    
   10.00       2107.    
   11.00       1962.    
   12.00       1823.    
   13.00       1684.    
   14.00       1542.    
   15.00       1398.    
   16.00       1256.    
   17.00       1117.    
   18.00       983.1    
   19.00       856.6    
   20.00       738.7    
   21.00       630.3    
   22.00       531.9    
   23.00       443.8    
   24.00       366.0    
   25.00       298.2    
   26.00       240.0    
   27.00       190.6    
   28.00       149.6    
   29.00       115.9    
   30.00       88.96    
   31.00       67.78    
   32.00       51.62    
   33.00       39.68    
   34.00       31.25    
   35.00       25.64    
   36.00       22.27    
   37.00       20.59    
   38.00       20.15    
   39.00       20.55    
   40.00       21.47    
   41.00       22.64    
   42.00       23.87    
   43.00       24.98    
   44.00       25.88    
   45.00       26.50    
   46.00       26.78    
   47.00       26.73    
   48.00       26.35    
   49.00       25.66    
   50.00       24.69    
   51.00       23.49    
   52.00       22.11    
   53.00       20.58    
   54.00       18.95    
   55.00       17.27    
   56.00       15.58    
   57.00       13.91    
   58.00       12.29    
   59.00       10.75    
   60.00       9.297    
   61.00       7.954    
   62.00       6.728    
   63.00       5.625    
   64.00       4.646    
   65.00       3.790    
   66.00       3.052    
   67.00       2.426    
   68.00       1.905    
   69.00       1.479    
   70.00       1.138    
   71.00      0.8734    
   72.00      0.6743    
   73.00      0.5311    
   74.00      0.4345    
   75.00      0.3758    
   76.00      0.3470    
   77.00      0.3410    
   78.00      0.3515    
   79.00      0.3730    
   80.00      0.4009    
   81.00      0.4314    
   82.00      0.4614    
   83.00      0.4885    
   84.00      0.5112    
   85.00      0.5281    
   86.00      0.5387    
   87.00      0.5425    
   88.00      0.5398    
   89.00      0.5307    
   90.00      0.5158    
   91.00      0.4958    
   92.00      0.4715    
   93.00      0.4436    
   94.00      0.4131    
   95.00      0.3807    
   96.00      0.3472    
   97.00      0.3133    
   98.00      0.2797    
   99.00      0.2470    
   100.0      0.2157    
   101.0      0.1861    
   102.0      0.1586    
   103.0      0.1334    
   104.0      0.1106    
   105.0      0.9036E-01
   106.0      0.7268E-01
   107.0      0.5750E-01
   108.0      0.4476E-01
   109.0      0.3431E-01
   110.0      0.2601E-01
   111.0      0.1968E-01
   112.0      0.1513E-01
   113.0      0.1215E-01
   114.0      0.1054E-01
   115.0      0.1008E-01
   116.0      0.1059E-01
   117.0      0.1187E-01
   118.0      0.1373E-01
   119.0      0.1603E-01
   120.0      0.1860E-01
   121.0      0.2131E-01
   122.0      0.2406E-01
   123.0      0.2673E-01
   124.0      0.2925E-01
   125.0      0.3155E-01
   126.0      0.3358E-01
   127.0      0.3531E-01
   128.0      0.3670E-01
   129.0      0.3775E-01
   130.0      0.3846E-01
   131.0      0.3883E-01
   132.0      0.3887E-01
   133.0      0.3861E-01
   134.0      0.3806E-01
   135.0      0.3726E-01
   136.0      0.3624E-01
   137.0      0.3503E-01
   138.0      0.3367E-01
   139.0      0.3217E-01
   140.0      0.3058E-01
   141.0      0.2893E-01
   142.0      0.2723E-01
   143.0      0.2552E-01
   144.0      0.2383E-01
   145.0      0.2216E-01
   146.0      0.2053E-01
   147.0      0.1896E-01
   148.0      0.1747E-01
   149.0      0.1605E-01
   150.0      0.1472E-01
   151.0      0.1347E-01
   152.0      0.1231E-01
   153.0      0.1124E-01
   154.0      0.1026E-01
   155.0      0.9357E-02
   156.0      0.8536E-02
   157.0      0.7790E-02
   158.0      0.7112E-02
   159.0      0.6498E-02
   160.0      0.5941E-02
   161.0      0.5437E-02
   162.0      0.4980E-02
   163.0      0.4565E-02
   164.0      0.4187E-02
   165.0      0.3843E-02
   166.0      0.3530E-02
   167.0      0.3243E-02
   168.0      0.2982E-02
   169.0      0.2744E-02
   170.0      0.2528E-02
   171.0      0.2333E-02
   172.0      0.2158E-02
   173.0      0.2004E-02
   174.0      0.1869E-02
   175.0      0.1755E-02
   176.0      0.1660E-02
   177.0      0.1587E-02
   178.0      0.1534E-02
   179.0      0.1502E-02
   180.0      0.1492E-02
 END
