# Fusion cross sections for ELAB=  43.270, ECM=  41.195
     0.5   13.83      1
     0.5   27.71     -1
     1.5   27.72      1
     1.5   55.30     -1
     2.5   41.39      1
     2.5   82.76     -1
     3.5   57.97      1
     3.5   112.0     -1
     4.5   71.96      1
     4.5   132.8     -1
     5.5   41.64      1
     5.5   121.8     -1
     6.5   55.00      1
     6.5   75.92     -1
     7.5   9.136      1
     7.5   35.23     -1
     8.5   10.77      1
     8.5   14.54     -1
     9.5   1.510      1
     9.5   5.798     -1
    10.5   1.680      1
    10.5   2.274     -1
    11.5  0.2308      1
    11.5  0.8821     -1
    12.5  0.2507      1
    12.5  0.3396     -1
    13.5  0.3399E-01  1
    13.5  0.1299     -1
    14.5  0.3644E-01  1
    14.5  0.4935E-01 -1
    15.5  0.4872E-02  1
    15.5  0.1864E-01 -1
    16.5  0.5177E-02  1
    16.5  0.7007E-02 -1
    17.5  0.6834E-03  1
    17.5  0.2620E-02 -1
    18.5  0.7214E-03  1
    18.5  0.9756E-03 -1
    19.5  0.9420E-04  1
    19.5  0.3618E-03 -1
    20.5  0.9891E-04  1
    20.5  0.1337E-03 -1
    21.5  0.1280E-04  1
    21.5  0.4924E-04 -1
    22.5  0.1338E-04  1
    22.5  0.1808E-04 -1
    23.5  0.1719E-05  1
    23.5  0.6620E-05 -1
    24.5  0.1791E-05  1
    24.5  0.2418E-05 -1
    25.5  0.2285E-06  1
    25.5  0.8812E-06 -1
    26.5  0.2373E-06  1
    26.5  0.3204E-06 -1
    27.5  0.3013E-07  1
    27.5  0.1163E-06 -1
    28.5  0.3121E-07  1
    28.5  0.4213E-07 -1
    29.5  0.3939E-08  1
    29.5  0.1522E-07 -1
    30.5  0.4091E-08  1
    30.5  0.5535E-08 -1
    31.5  0.5259E-09  1
    31.5  0.2012E-08 -1
    32.5  0.5263E-09  1
    32.5  0.7121E-09 -1
    33.5  0.7589E-10  1
    33.5  0.2643E-09 -1
    34.5  0.6828E-10  1
    34.5  0.9463E-10 -1
    35.5  0.2355E-10  1
    35.5  0.6382E-10 -1
    36.5  0.2585E-10  1
    36.5  0.3709E-10 -1
    37.5 -0.9774E-13  1
    37.5  0.1155E-10 -1
    38.5  0.1838E-10  1
    38.5  0.3470E-10 -1
    39.5  0.8220E-11  1
    39.5  0.5441E-11 -1
    40.5  0.1610E-10  1
    40.5  0.1453E-10 -1
    41.5  0.2935E-11  1
    41.5  0.1265E-10 -1
    42.5  0.1361E-11  1
    42.5  0.1333E-11 -1
    43.5  0.4634E-11  1
    43.5  0.2230E-10 -1
    44.5  0.1861E-10  1
    44.5  0.1480E-10 -1
    45.5  0.1423E-10  1
    45.5  0.1705E-10 -1
    46.5  0.2453E-10  1
    46.5  0.1625E-10 -1
    47.5 -0.8199E-11  1
    47.5 -0.1138E-10 -1
    48.5  0.1068E-10  1
    48.5  0.1989E-10 -1
    49.5 -0.1755E-11  1
    49.5 -0.8116E-12 -1
    50.5 -0.3365E-11  1
    50.5 -0.3893E-11 -1
 &
