# 178 angles,  1 tensor ranks for 0=projectile
@subtitle   "20O + d 2+2 inelastic;"                                                        
@legend ON
@legend x1 0.2
@legend y1 0.8
@g0 type LOGY
@yaxis ticklabel format power
@legend string   0 "Lab energy =   70.0000"
#legend string   0 "Partition=  1 Excit=  1 near/far= 1"
#  Theta       sigma       iT11        T20         T21         T22         Kyy for projectile
   3.000      0.2714E+05
   4.000      0.1162E+05
   5.000       8330.    
   6.000       6854.    
   7.000       5631.    
   8.000       4456.    
   9.000       3359.    
   10.00       2397.    
   11.00       1606.    
   12.00       998.0    
   13.00       565.3    
   14.00       285.3    
   15.00       127.5    
   16.00       59.69    
   17.00       51.12    
   18.00       75.75    
   19.00       113.4    
   20.00       150.2    
   21.00       177.8    
   22.00       192.5    
   23.00       194.4    
   24.00       185.2    
   25.00       168.2    
   26.00       146.8    
   27.00       123.9    
   28.00       102.1    
   29.00       82.83    
   30.00       67.08    
   31.00       55.00    
   32.00       46.32    
   33.00       40.46    
   34.00       36.72    
   35.00       34.38    
   36.00       32.81    
   37.00       31.51    
   38.00       30.15    
   39.00       28.54    
   40.00       26.60    
   41.00       24.37    
   42.00       21.93    
   43.00       19.38    
   44.00       16.86    
   45.00       14.47    
   46.00       12.28    
   47.00       10.36    
   48.00       8.712    
   49.00       7.349    
   50.00       6.246    
   51.00       5.370    
   52.00       4.681    
   53.00       4.140    
   54.00       3.707    
   55.00       3.350    
   56.00       3.043    
   57.00       2.767    
   58.00       2.511    
   59.00       2.267    
   60.00       2.033    
   61.00       1.809    
   62.00       1.596    
   63.00       1.399    
   64.00       1.218    
   65.00       1.056    
   66.00      0.9131    
   67.00      0.7900    
   68.00      0.6855    
   69.00      0.5978    
   70.00      0.5251    
   71.00      0.4649    
   72.00      0.4149    
   73.00      0.3729    
   74.00      0.3370    
   75.00      0.3057    
   76.00      0.2776    
   77.00      0.2519    
   78.00      0.2280    
   79.00      0.2056    
   80.00      0.1845    
   81.00      0.1647    
   82.00      0.1463    
   83.00      0.1293    
   84.00      0.1139    
   85.00      0.1001    
   86.00      0.8782E-01
   87.00      0.7711E-01
   88.00      0.6785E-01
   89.00      0.5994E-01
   90.00      0.5321E-01
   91.00      0.4750E-01
   92.00      0.4266E-01
   93.00      0.3853E-01
   94.00      0.3496E-01
   95.00      0.3182E-01
   96.00      0.2903E-01
   97.00      0.2649E-01
   98.00      0.2414E-01
   99.00      0.2195E-01
   100.0      0.1989E-01
   101.0      0.1795E-01
   102.0      0.1613E-01
   103.0      0.1442E-01
   104.0      0.1283E-01
   105.0      0.1136E-01
   106.0      0.1003E-01
   107.0      0.8829E-02
   108.0      0.7758E-02
   109.0      0.6815E-02
   110.0      0.5992E-02
   111.0      0.5281E-02
   112.0      0.4672E-02
   113.0      0.4153E-02
   114.0      0.3711E-02
   115.0      0.3336E-02
   116.0      0.3015E-02
   117.0      0.2739E-02
   118.0      0.2498E-02
   119.0      0.2285E-02
   120.0      0.2093E-02
   121.0      0.1918E-02
   122.0      0.1756E-02
   123.0      0.1605E-02
   124.0      0.1462E-02
   125.0      0.1327E-02
   126.0      0.1200E-02
   127.0      0.1081E-02
   128.0      0.9692E-03
   129.0      0.8658E-03
   130.0      0.7707E-03
   131.0      0.6840E-03
   132.0      0.6059E-03
   133.0      0.5361E-03
   134.0      0.4743E-03
   135.0      0.4200E-03
   136.0      0.3728E-03
   137.0      0.3320E-03
   138.0      0.2969E-03
   139.0      0.2668E-03
   140.0      0.2410E-03
   141.0      0.2189E-03
   142.0      0.1998E-03
   143.0      0.1834E-03
   144.0      0.1691E-03
   145.0      0.1565E-03
   146.0      0.1454E-03
   147.0      0.1355E-03
   148.0      0.1265E-03
   149.0      0.1184E-03
   150.0      0.1109E-03
   151.0      0.1040E-03
   152.0      0.9756E-04
   153.0      0.9147E-04
   154.0      0.8566E-04
   155.0      0.8006E-04
   156.0      0.7460E-04
   157.0      0.6927E-04
   158.0      0.6404E-04
   159.0      0.5893E-04
   160.0      0.5398E-04
   161.0      0.4925E-04
   162.0      0.4484E-04
   163.0      0.4084E-04
   164.0      0.3737E-04
   165.0      0.3452E-04
   166.0      0.3240E-04
   167.0      0.3108E-04
   168.0      0.3059E-04
   169.0      0.3094E-04
   170.0      0.3208E-04
   171.0      0.3392E-04
   172.0      0.3633E-04
   173.0      0.3915E-04
   174.0      0.4219E-04
   175.0      0.4524E-04
   176.0      0.4808E-04
   177.0      0.5052E-04
   178.0      0.5239E-04
   179.0      0.5357E-04
   180.0      0.5397E-04
 END
