           4           1           1
    0.0-     1 1   1.754       0.000      0.1034E-01  0.3967E-03  0.7058E-02   1.736    
    1.0+     0 1   5.247       0.000      0.3428E-01  0.2078E-02  0.1938E-01   5.191    
    1.0+     2 2   5.278       0.000      0.2690E-01  0.9561E-03  0.2089E-01   5.229    
    1.0-     1 1   5.257       0.000      0.3270E-01  0.1605E-02  0.2029E-01   5.203    
    2.0+     2 1   8.781       0.000      0.5003E-01  0.2725E-02  0.3249E-01   8.696    
    2.0-     1 1   8.748       0.000      0.5989E-01  0.4499E-02  0.2983E-01   8.654    
    2.0-     3 2   8.836       0.000      0.3663E-01  0.1119E-02  0.3290E-01   8.765    
    3.0+     2 1   12.26       0.000      0.8021E-01  0.7597E-02  0.3712E-01   12.14    
    3.0+     4 2   12.44       0.000      0.3937E-01  0.1002E-02  0.4149E-01   12.36    
    3.0-     3 1   12.34       0.000      0.6111E-01  0.3667E-02  0.4278E-01   12.23    
    4.0+     4 1   15.93       0.000      0.6521E-01  0.4435E-02  0.5052E-01   15.81    
    4.0-     3 1   15.80       0.000      0.9351E-01  0.1170E-01  0.4143E-01   15.66    
    4.0-     5 2   16.11       0.000      0.3607E-01  0.7509E-03  0.4526E-01   16.03    
    5.0+     4 1   19.38       0.000      0.9794E-01  0.1692E-01  0.4278E-01   19.22    
    5.0+     6 2   19.85       0.000      0.2907E-01  0.4768E-03  0.4417E-01   19.78    
    5.0-     5 1   19.58       0.000      0.6238E-01  0.5087E-02  0.5506E-01   19.46    
    6.0+     6 1   23.31       0.000      0.5392E-01  0.5518E-02  0.5608E-01   23.20    
    6.0-     5 1   23.00       0.000      0.9258E-01  0.2349E-01  0.4161E-01   22.84    
    6.0-     7 2   23.59       0.000      0.2212E-01  0.3499E-03  0.4126E-01   23.53    
    7.0+     6 1   26.70       0.000      0.7795E-01  0.3067E-01  0.3826E-01   26.56    
    7.0+     8 2   27.27       0.000      0.1790E-01  0.3826E-03  0.4224E-01   27.21    
    7.0-     7 1   27.06       0.000      0.4246E-01  0.6051E-02  0.5421E-01   26.96    
    8.0+     8 1   30.92       0.000      0.2911E-01  0.6375E-02  0.4805E-01   30.84    
    8.0-     7 1   30.46       0.000      0.5843E-01  0.3779E-01  0.3406E-01   30.33    
    8.0-     9 2   30.22       0.000      0.2048E-01  0.9481E-03  0.6953E-01   30.13    
    9.0+     8 1   34.28       0.000      0.3611E-01  0.4226E-01  0.2757E-01   34.18    
    9.0+    10 2   30.92       0.000      0.2550E-01  0.2657E-02  0.1381       30.75    
    9.0-     9 1   34.60       0.000      0.2202E-01  0.7768E-02  0.5473E-01   34.51    
   10.0+    10 1   36.03       0.000      0.2375E-01  0.2098E-01  0.9847E-01   35.89    
   10.0-     9 1   38.54       0.000      0.1877E-01  0.3778E-01  0.2279E-01   38.46    
   10.0-    11 2   28.14       0.000      0.2555E-01  0.4174E-02  0.2043       27.91    
   11.0+    10 1   41.56       0.000      0.1711E-01  0.5430E-01  0.3718E-01   41.45    
   11.0+    12 2   22.56       0.000      0.3108E-01  0.3674E-02  0.2138       22.31    
   11.0-    11 1   32.93       0.000      0.2668E-01  0.4925E-01  0.1486       32.70    
   12.0+    12 1   26.00       0.000      0.3740E-01  0.7001E-01  0.1563       25.74    
   12.0-    11 1   38.75       0.000      0.2637E-01  0.1199      0.6285E-01   38.54    
   12.0-    13 2   16.25       0.000      0.4362E-01  0.2672E-02  0.1723       16.03    
   13.0+    12 1   30.19       0.000      0.4561E-01  0.1696      0.7030E-01   29.90    
   13.0+    14 2   10.87       0.000      0.4826E-01  0.2562E-02  0.1172       10.70    
   13.0-    13 1   18.31       0.000      0.5229E-01  0.6804E-01  0.1249       18.06    
   14.0+    14 1   12.00       0.000      0.5550E-01  0.5213E-01  0.8397E-01   11.81    
   14.0-    13 1   20.69       0.000      0.6320E-01  0.1594      0.5761E-01   20.41    
   14.0-    15 2   6.951       0.000      0.4118E-01  0.2594E-02  0.7180E-01   6.835    
   15.0+    14 1   13.23       0.000      0.6399E-01  0.1172      0.3917E-01   13.01    
   15.0+    16 2   4.332       0.000      0.2939E-01  0.2201E-02  0.4137E-01   4.259    
   15.0-    15 1   7.554       0.000      0.4586E-01  0.3469E-01  0.5093E-01   7.423    
   16.0+    16 1   4.657       0.000      0.3204E-01  0.2121E-01  0.2911E-01   4.575    
   16.0-    15 1   8.192       0.000      0.5105E-01  0.7497E-01  0.2390E-01   8.042    
   16.0-    17 2   2.661       0.000      0.1875E-01  0.1577E-02  0.2299E-01   2.617    
   17.0+    16 1   4.992       0.000      0.3487E-01  0.4435E-01  0.1371E-01   4.899    
   17.0+    18 2   1.619       0.000      0.1117E-01  0.1006E-02  0.1251E-01   1.595    
   17.0-    17 1   2.838       0.000      0.2017E-01  0.1230E-01  0.1607E-01   2.789    
   18.0+    18 1   1.717       0.000      0.1191E-01  0.6897E-02  0.8693E-02   1.690    
   18.0-    17 1   3.018       0.000      0.2164E-01  0.2509E-01  0.7575E-02   2.964    
   18.0-    19 2  0.9798       0.000      0.6379E-02  0.5963E-03  0.6717E-02  0.9661    
   19.0+    18 1   1.817       0.000      0.1266E-01  0.1382E-01  0.4091E-02   1.786    
   19.0+    20 2  0.5902       0.000      0.3547E-02  0.3376E-03  0.3580E-02  0.5827    
   19.0-    19 1   1.035       0.000      0.6757E-02  0.3787E-02  0.4645E-02   1.019    
   20.0+    20 1  0.6211       0.000      0.3740E-02  0.2051E-02  0.2464E-02  0.6129    
   20.0-    19 1   1.090       0.000      0.7141E-02  0.7495E-02  0.2177E-02   1.073    
   20.0-    21 2  0.3543       0.000      0.1940E-02  0.1856E-03  0.1900E-02  0.3503    
   21.0+    20 1  0.6521       0.000      0.3935E-02  0.4025E-02  0.1148E-02  0.6430    
   21.0+    22 2  0.2120       0.000      0.1049E-02  0.1003E-03  0.1005E-02  0.2099    
   21.0-    21 1  0.3718       0.000      0.2038E-02  0.1101E-02  0.1301E-02  0.3673    
   22.0+    22 1  0.2219       0.000      0.1099E-02  0.5880E-03  0.6852E-03  0.2196    
   22.0-    21 1  0.3893       0.000      0.2137E-02  0.2148E-02  0.6023E-03  0.3844    
   22.0-    23 2  0.1265       0.000      0.5634E-03  0.5353E-04  0.5310E-03  0.1254    
   23.0+    22 1  0.2319       0.000      0.1149E-02  0.1142E-02  0.3148E-03  0.2293    
   23.0+    24 2  0.7532E-01   0.000      0.3012E-03  0.2837E-04  0.2802E-03  0.7471E-01
   23.0-    23 1  0.1322       0.000      0.5888E-03  0.3128E-03  0.3604E-03  0.1309    
   24.0+    24 1  0.7853E-01   0.000      0.3141E-03  0.1660E-03  0.1894E-03  0.7786E-01
   24.0-    23 1  0.1378       0.000      0.6143E-03  0.6057E-03  0.1643E-03  0.1364    
   24.0-    25 2  0.4473E-01   0.000      0.1605E-03  0.1497E-04  0.1478E-03  0.4441E-01
   25.0+    24 1  0.8175E-01   0.000      0.3270E-03  0.3207E-03  0.8571E-04  0.8101E-01
   25.0+    26 2  0.2651E-01   0.000      0.8532E-04  0.7878E-05  0.7795E-04  0.2633E-01
   25.0-    25 1  0.4656E-01   0.000      0.1671E-03  0.8793E-04  0.9952E-04  0.4620E-01
   26.0+    26 1  0.2755E-01   0.000      0.8868E-04  0.4654E-04  0.5229E-04  0.2736E-01
   26.0-    25 1  0.4839E-01   0.000      0.1736E-03  0.1696E-03  0.4470E-04  0.4800E-01
   26.0-    27 2  0.1567E-01   0.000      0.4530E-04  0.4140E-05  0.4110E-04  0.1558E-01
   27.0+    26 1  0.2859E-01   0.000      0.9204E-04  0.8963E-04  0.2332E-04  0.2838E-01
   27.0+    28 2  0.9250E-02   0.000      0.2403E-04  0.2173E-05  0.2167E-04  0.9203E-02
   27.0-    27 1  0.1627E-01   0.000      0.4701E-04  0.2462E-04  0.2748E-04  0.1617E-01
   28.0+    28 1  0.9587E-02   0.000      0.2490E-04  0.1301E-04  0.1444E-04  0.9535E-02
   28.0-    27 1  0.1686E-01   0.000      0.4873E-04  0.4735E-04  0.1217E-04  0.1675E-01
   28.0-    29 2  0.5450E-02   0.000      0.1274E-04  0.1140E-05  0.1143E-04  0.5424E-02
   29.0+    28 1  0.9923E-02   0.000      0.2578E-04  0.2501E-04  0.6356E-05  0.9866E-02
   29.0+    30 2  0.3205E-02   0.000      0.6748E-05  0.5981E-06  0.6026E-05  0.3192E-02
   29.0-    29 1  0.5641E-02   0.000      0.1318E-04  0.6878E-05  0.7594E-05  0.5613E-02
   30.0+    30 1  0.3314E-02   0.000      0.6977E-05  0.3635E-05  0.3993E-05  0.3299E-02
   30.0-    29 1  0.5832E-02   0.000      0.1363E-04  0.1321E-04  0.3321E-05  0.5802E-02
   30.0-    31 2  0.1882E-02   0.000      0.3574E-05  0.3138E-06  0.3178E-05  0.1875E-02
   31.0+    30 1  0.3422E-02   0.000      0.7205E-05  0.6973E-05  0.1737E-05  0.3406E-02
   31.0+    32 2  0.1103E-02   0.000      0.1892E-05  0.1646E-06  0.1676E-05  0.1100E-02
   31.0-    31 1  0.1944E-02   0.000      0.3691E-05  0.1920E-05  0.2101E-05  0.1936E-02
   32.0+    32 1  0.1138E-02   0.000      0.1952E-05  0.1015E-05  0.1105E-05  0.1134E-02
   32.0-    31 1  0.2005E-02   0.000      0.3808E-05  0.3682E-05  0.9085E-06  0.1997E-02
   32.0-    33 2  0.6459E-03   0.000      0.1002E-05  0.8639E-07  0.8841E-06  0.6439E-03
   33.0+    32 1  0.1173E-02   0.000      0.2012E-05  0.1944E-05  0.4756E-06  0.1169E-02
   33.0+    34 2  0.3776E-03   0.000      0.5301E-06  0.4536E-07  0.4664E-06  0.3766E-03
   33.0-    33 1  0.6658E-03   0.000      0.1032E-05  0.5361E-06  0.5816E-06  0.6636E-03
   34.0+    34 1  0.3889E-03   0.000      0.5459E-06  0.2832E-06  0.3061E-06  0.3878E-03
   34.0-    33 1  0.6857E-03   0.000      0.1063E-05  0.1026E-05  0.2491E-06  0.6833E-03
   34.0-    35 2  0.2205E-03   0.000      0.2805E-06  0.2382E-07  0.2460E-06  0.2200E-03
   35.0+    34 1  0.4002E-03   0.000      0.5617E-06  0.5420E-06  0.1305E-06  0.3990E-03
   35.0+    36 2  0.1286E-03   0.000      0.1484E-06  0.1251E-07  0.1298E-06  0.1283E-03
   35.0-    35 1  0.2269E-03   0.000      0.2886E-06  0.1496E-06  0.1612E-06  0.2263E-03
   36.0+    36 1  0.1322E-03   0.000      0.1526E-06  0.7905E-07  0.8486E-07  0.1319E-03
   36.0-    35 1  0.2333E-03   0.000      0.2967E-06  0.2862E-06  0.6841E-07  0.2326E-03
   36.0-    37 2  0.7492E-04   0.000      0.7851E-07  0.6575E-08  0.6849E-07  0.7477E-04
   37.0+    36 1  0.1359E-03   0.000      0.1568E-06  0.1511E-06  0.3588E-07  0.1355E-03
   37.0+    38 2  0.4360E-04   0.000      0.4153E-07  0.3455E-08  0.3614E-07  0.4352E-04
   37.0-    37 1  0.7697E-04   0.000      0.8066E-07  0.4176E-07  0.4470E-07  0.7681E-04
   38.0+    38 1  0.4476E-04   0.000      0.4264E-07  0.2206E-07  0.2354E-07  0.4467E-04
   38.0-    37 1  0.7903E-04   0.000      0.8281E-07  0.7979E-07  0.1882E-07  0.7884E-04
   38.0-    39 2  0.2535E-04   0.000      0.2197E-07  0.1816E-08  0.1907E-07  0.2530E-04
   39.0+    38 1  0.4592E-04   0.000      0.4374E-07  0.4213E-07  0.9880E-08  0.4583E-04
   39.0+    40 2  0.1472E-04   0.000      0.1162E-07  0.9542E-09  0.1007E-07  0.1470E-04
   39.0-    39 1  0.2600E-04   0.000      0.2254E-07  0.1165E-07  0.1240E-07  0.2596E-04
   40.0+    40 1  0.1509E-04   0.000      0.1191E-07  0.6155E-08  0.6537E-08  0.1507E-04
   40.0-    39 1  0.2666E-04   0.000      0.2311E-07  0.2224E-07  0.5187E-08  0.2661E-04
   40.0-    41 2  0.8541E-05   0.000      0.6143E-08  0.5015E-09  0.5313E-08  0.8530E-05
   41.0+    40 1  0.1547E-04   0.000      0.1220E-07  0.1174E-07  0.2725E-08  0.1544E-04
   41.0+    42 2  0.4952E-05   0.000      0.3249E-08  0.2637E-09  0.2804E-08  0.4945E-05
   41.0-    41 1  0.8752E-05   0.000      0.6295E-08  0.3251E-08  0.3445E-08  0.8739E-05
   42.0+    42 1  0.5071E-05   0.000      0.3327E-08  0.1718E-08  0.1816E-08  0.5064E-05
   42.0-    41 1  0.8963E-05   0.000      0.6446E-08  0.6201E-08  0.1432E-08  0.8949E-05
   42.0-    43 2  0.2868E-05   0.000      0.1718E-08  0.1388E-09  0.1480E-08  0.2865E-05
   43.0+    42 1  0.5190E-05   0.000      0.3405E-08  0.3275E-08  0.7524E-09  0.5183E-05
   43.0+    44 2  0.1660E-05   0.000      0.9091E-09  0.7308E-10  0.7814E-09  0.1658E-05
   43.0-    43 1  0.2936E-05   0.000      0.1759E-08  0.9076E-09  0.9573E-09  0.2932E-05
   44.0+    44 1  0.1698E-05   0.000      0.9300E-09  0.4796E-09  0.5047E-09  0.1696E-05
   44.0-    43 1  0.3003E-05   0.000      0.1799E-08  0.1730E-08  0.3955E-09  0.2999E-05
   44.0-    45 2  0.9602E-06   0.000      0.4808E-09  0.3848E-10  0.4125E-09  0.9592E-06
   45.0+    44 1  0.1737E-05   0.000      0.9509E-09  0.9137E-09  0.2079E-09  0.1734E-05
   45.0+    46 2  0.5549E-06   0.000      0.2543E-09  0.2026E-10  0.2178E-09  0.5544E-06
   45.0-    45 1  0.9817E-06   0.000      0.4916E-09  0.2534E-09  0.2661E-09  0.9807E-06
   46.0+    46 1  0.5671E-06   0.000      0.2599E-09  0.1339E-09  0.1403E-09  0.5666E-06
   46.0-    45 1  0.1003E-05   0.000      0.5024E-09  0.4826E-09  0.1094E-09  0.1002E-05
   46.0-    47 2  0.3205E-06   0.000      0.1345E-09  0.1066E-10  0.1150E-09  0.3202E-06
   47.0+    46 1  0.5793E-06   0.000      0.2655E-09  0.2548E-09  0.5752E-10  0.5787E-06
   47.0+    48 2  0.1850E-06   0.000      0.7111E-10  0.5607E-11  0.6069E-10  0.1848E-06
   47.0-    47 1  0.3274E-06   0.000      0.1374E-09  0.7070E-10  0.7400E-10  0.3271E-06
   48.0+    48 1  0.1889E-06   0.000      0.7260E-10  0.3734E-10  0.3902E-10  0.1887E-06
   48.0-    47 1  0.3343E-06   0.000      0.1403E-09  0.1346E-09  0.3026E-10  0.3340E-06
   48.0-    49 2  0.1067E-06   0.000      0.3760E-10  0.2950E-11  0.3204E-10  0.1066E-06
   49.0+    48 1  0.1927E-06   0.000      0.7410E-10  0.7105E-10  0.1592E-10  0.1926E-06
   49.0+    50 2  0.6149E-07   0.000      0.1988E-10  0.1553E-11  0.1692E-10  0.6145E-07
   49.0-    49 1  0.1089E-06   0.000      0.3837E-10  0.1973E-10  0.2058E-10  0.1088E-06
   50.0+    50 1  0.6274E-07   0.000      0.2028E-10  0.1042E-10  0.1086E-10  0.6269E-07
   50.0-    49 1  0.1111E-06   0.000      0.3915E-10  0.3753E-10  0.8381E-11  0.1110E-06
   50.0-    51 2  0.3542E-07   0.000      0.1051E-10  0.8184E-12  0.8931E-11  0.3540E-07
   51.0+    50 1  0.6398E-07   0.000      0.2068E-10  0.1982E-10  0.4411E-11  0.6393E-07
   51.0+    52 2  0.2040E-07   0.000      0.5553E-11  0.4314E-12  0.4716E-11  0.2039E-07
   51.0-    51 1  0.3613E-07   0.000      0.1071E-10  0.5508E-11  0.5726E-11  0.3610E-07
   52.0+    52 1  0.2079E-07   0.000      0.5661E-11  0.2911E-11  0.3021E-11  0.2078E-07
   52.0-    51 1  0.3683E-07   0.000      0.1092E-10  0.1047E-10  0.2322E-11  0.3680E-07
   52.0-    53 2  0.1174E-07   0.000      0.2935E-11  0.2274E-12  0.2490E-11  0.1173E-07
   53.0+    52 1  0.2119E-07   0.000      0.5769E-11  0.5532E-11  0.1223E-11  0.2118E-07
   53.0+    54 2  0.6750E-08   0.000      0.1552E-11  0.1199E-12  0.1315E-11  0.6747E-08
   53.0-    53 1  0.1196E-07   0.000      0.2991E-11  0.1538E-11  0.1594E-11  0.1195E-07
   54.0+    54 1  0.6877E-08   0.000      0.1581E-11  0.8125E-12  0.8410E-12  0.6873E-08
   54.0-    53 1  0.1218E-07   0.000      0.3047E-11  0.2922E-11  0.6438E-12  0.1218E-07
   54.0-    55 2  0.3880E-08   0.000      0.8204E-12  0.6314E-13  0.6944E-12  0.3878E-08
   55.0+    54 1  0.7003E-08   0.000      0.1610E-11  0.1543E-11  0.3391E-12  0.6999E-08
   55.0+    56 2  0.2230E-08   0.000      0.4338E-12  0.3326E-13  0.3667E-12  0.2229E-08
   55.0-    55 1  0.3951E-08   0.000      0.8355E-12  0.4292E-12  0.4437E-12  0.3949E-08
   56.0+    56 1  0.2270E-08   0.000      0.4416E-12  0.2267E-12  0.2341E-12  0.2269E-08
   56.0-    55 1  0.4022E-08   0.000      0.8505E-12  0.8152E-12  0.1786E-12  0.4020E-08
   56.0-    57 2  0.1280E-08   0.000      0.2294E-12  0.1752E-13  0.1936E-12  0.1280E-08
   57.0+    56 1  0.2310E-08   0.000      0.4494E-12  0.4305E-12  0.9410E-13  0.2309E-08
   57.0+    58 2  0.7355E-09   0.000      0.1213E-12  0.9233E-14  0.1022E-12  0.7353E-09
   57.0-    57 1  0.1303E-08   0.000      0.2334E-12  0.1198E-12  0.1235E-12  0.1303E-08
   58.0+    58 1  0.7474E-09   0.000      0.1234E-12  0.6328E-13  0.6518E-13  0.7472E-09
   58.0-    57 1  0.1325E-08   0.000      0.2375E-12  0.2274E-12  0.4957E-13  0.1325E-08
   58.0-    59 2  0.4216E-09   0.000      0.6410E-13  0.4867E-14  0.5399E-13  0.4215E-09
   59.0+    58 1  0.7602E-09   0.000      0.1255E-12  0.1201E-12  0.2612E-13  0.7600E-09
   59.0+    60 2  0.2418E-09   0.000      0.3389E-13  0.2566E-14  0.2852E-13  0.2418E-09
   59.0-    59 1  0.4290E-09   0.000      0.6520E-13  0.3343E-13  0.3440E-13  0.4289E-09
   60.0+    60 1  0.2460E-09   0.000      0.3446E-13  0.1766E-13  0.1815E-13  0.2459E-09
   60.0-    59 1  0.4361E-09   0.000      0.6630E-13  0.6345E-13  0.1376E-13  0.4360E-09
   60.0-    61 2  0.1388E-09   0.000      0.1792E-13  0.1353E-14  0.1506E-13  0.1388E-09
