# Fusion cross sections for ELAB=  70.000, ECM=  63.596
     0.0   1.736     -1
     1.0   10.42      1
     1.0   15.62     -1
     2.0   8.696      1
     2.0   26.11     -1
     3.0   24.50      1
     3.0   36.72     -1
     4.0   15.81      1
     4.0   47.50     -1
     5.0   39.00      1
     5.0   58.46     -1
     6.0   23.20      1
     6.0   69.57     -1
     7.0   53.77      1
     7.0   80.73     -1
     8.0   30.84      1
     8.0   91.31     -1
     9.0   64.93      1
     9.0   99.44     -1
    10.0   35.89      1
    10.0   102.3     -1
    11.0   63.76      1
    11.0   96.46     -1
    12.0   25.74      1
    12.0   80.31     -1
    13.0   40.60      1
    13.0   58.66     -1
    14.0   11.81      1
    14.0   39.05     -1
    15.0   17.27      1
    15.0   24.70     -1
    16.0   4.575      1
    16.0   15.23     -1
    17.0   6.494      1
    17.0   9.283     -1
    18.0   1.690      1
    18.0   5.620     -1
    19.0   2.369      1
    19.0   3.388     -1
    20.0  0.6129      1
    20.0   2.036     -1
    21.0  0.8529      1
    21.0   1.220     -1
    22.0  0.2196      1
    22.0  0.7294     -1
    23.0  0.3040      1
    23.0  0.4349     -1
    24.0  0.7786E-01  1
    24.0  0.2587     -1
    25.0  0.1073      1
    25.0  0.1536     -1
    26.0  0.2736E-01  1
    26.0  0.9094E-01 -1
    27.0  0.3758E-01  1
    27.0  0.5375E-01 -1
    28.0  0.9535E-02  1
    28.0  0.3171E-01 -1
    29.0  0.1306E-01  1
    29.0  0.1867E-01 -1
    30.0  0.3299E-02  1
    30.0  0.1098E-01 -1
    31.0  0.4506E-02  1
    31.0  0.6442E-02 -1
    32.0  0.1134E-02  1
    32.0  0.3775E-02 -1
    33.0  0.1546E-02  1
    33.0  0.2209E-02 -1
    34.0  0.3878E-03  1
    34.0  0.1291E-02 -1
    35.0  0.5273E-03  1
    35.0  0.7536E-03 -1
    36.0  0.1319E-03  1
    36.0  0.4393E-03 -1
    37.0  0.1790E-03  1
    37.0  0.2558E-03 -1
    38.0  0.4467E-04  1
    38.0  0.1488E-03 -1
    39.0  0.6053E-04  1
    39.0  0.8648E-04 -1
    40.0  0.1507E-04  1
    40.0  0.5021E-04 -1
    41.0  0.2038E-04  1
    41.0  0.2912E-04 -1
    42.0  0.5064E-05  1
    42.0  0.1688E-04 -1
    43.0  0.6841E-05  1
    43.0  0.9774E-05 -1
    44.0  0.1696E-05  1
    44.0  0.5655E-05 -1
    45.0  0.2289E-05  1
    45.0  0.3270E-05 -1
    46.0  0.5666E-06  1
    46.0  0.1889E-05 -1
    47.0  0.7635E-06  1
    47.0  0.1091E-05 -1
    48.0  0.1887E-06  1
    48.0  0.6293E-06 -1
    49.0  0.2540E-06  1
    49.0  0.3628E-06 -1
    50.0  0.6269E-07  1
    50.0  0.2091E-06 -1
    51.0  0.8432E-07  1
    51.0  0.1204E-06 -1
    52.0  0.2078E-07  1
    52.0  0.6931E-07 -1
    53.0  0.2792E-07  1
    53.0  0.3988E-07 -1
    54.0  0.6873E-08  1
    54.0  0.2293E-07 -1
    55.0  0.9228E-08  1
    55.0  0.1318E-07 -1
    56.0  0.2269E-08  1
    56.0  0.7569E-08 -1
    57.0  0.3044E-08  1
    57.0  0.4347E-08 -1
    58.0  0.7472E-09  1
    58.0  0.2493E-08 -1
    59.0  0.1002E-08  1
    59.0  0.1431E-08 -1
    60.0  0.2459E-09  1
    60.0  0.8207E-09 -1
 &
