# 178 angles,  1 tensor ranks for 0=projectile
@subtitle   "20O(d,t) @ 30AMeV Daeh (d) + Pang (t)"                                         
@legend ON
@legend x1 0.2
@legend y1 0.8
@g0 type LOGY
@yaxis ticklabel format power
@xaxis label "Scattering angle (degrees)"
@yaxis label "Cross section (mb/sr)"
@legend string   0 "Partition=  1 Excit=  1 near/far= 1"
#legend string   0 "Lab energy =   70.0000"
@s0 linestyle   1
#  Theta       sigma       iT11        T20         T21         T22         Kyy for projectile
   3.000      0.2710E+05
   4.000      0.1161E+05
   5.000       8336.    
   6.000       6863.    
   7.000       5638.    
   8.000       4460.    
   9.000       3360.    
   10.00       2395.    
   11.00       1603.    
   12.00       994.2    
   13.00       561.7    
   14.00       282.4    
   15.00       125.8    
   16.00       59.32    
   17.00       52.08    
   18.00       77.87    
   19.00       116.4    
   20.00       153.8    
   21.00       181.7    
   22.00       196.5    
   23.00       198.1    
   24.00       188.6    
   25.00       171.2    
   26.00       149.4    
   27.00       126.1    
   28.00       103.9    
   29.00       84.44    
   30.00       68.49    
   31.00       56.28    
   32.00       47.51    
   33.00       41.61    
   34.00       37.83    
   35.00       35.45    
   36.00       33.84    
   37.00       32.50    
   38.00       31.07    
   39.00       29.38    
   40.00       27.35    
   41.00       25.02    
   42.00       22.48    
   43.00       19.84    
   44.00       17.24    
   45.00       14.78    
   46.00       12.53    
   47.00       10.56    
   48.00       8.879    
   49.00       7.491    
   50.00       6.371    
   51.00       5.483    
   52.00       4.787    
   53.00       4.240    
   54.00       3.802    
   55.00       3.440    
   56.00       3.127    
   57.00       2.845    
   58.00       2.581    
   59.00       2.328    
   60.00       2.086    
   61.00       1.854    
   62.00       1.634    
   63.00       1.430    
   64.00       1.244    
   65.00       1.077    
   66.00      0.9312    
   67.00      0.8056    
   68.00      0.6994    
   69.00      0.6107    
   70.00      0.5372    
   71.00      0.4766    
   72.00      0.4262    
   73.00      0.3839    
   74.00      0.3476    
   75.00      0.3157    
   76.00      0.2870    
   77.00      0.2605    
   78.00      0.2358    
   79.00      0.2124    
   80.00      0.1904    
   81.00      0.1698    
   82.00      0.1506    
   83.00      0.1329    
   84.00      0.1169    
   85.00      0.1026    
   86.00      0.8996E-01
   87.00      0.7898E-01
   88.00      0.6953E-01
   89.00      0.6147E-01
   90.00      0.5466E-01
   91.00      0.4890E-01
   92.00      0.4402E-01
   93.00      0.3984E-01
   94.00      0.3623E-01
   95.00      0.3305E-01
   96.00      0.3019E-01
   97.00      0.2758E-01
   98.00      0.2515E-01
   99.00      0.2286E-01
   100.0      0.2071E-01
   101.0      0.1867E-01
   102.0      0.1675E-01
   103.0      0.1495E-01
   104.0      0.1328E-01
   105.0      0.1175E-01
   106.0      0.1035E-01
   107.0      0.9104E-02
   108.0      0.7995E-02
   109.0      0.7021E-02
   110.0      0.6177E-02
   111.0      0.5450E-02
   112.0      0.4830E-02
   113.0      0.4304E-02
   114.0      0.3857E-02
   115.0      0.3477E-02
   116.0      0.3152E-02
   117.0      0.2870E-02
   118.0      0.2624E-02
   119.0      0.2403E-02
   120.0      0.2204E-02
   121.0      0.2020E-02
   122.0      0.1848E-02
   123.0      0.1686E-02
   124.0      0.1534E-02
   125.0      0.1389E-02
   126.0      0.1253E-02
   127.0      0.1125E-02
   128.0      0.1006E-02
   129.0      0.8954E-03
   130.0      0.7947E-03
   131.0      0.7035E-03
   132.0      0.6218E-03
   133.0      0.5493E-03
   134.0      0.4856E-03
   135.0      0.4302E-03
   136.0      0.3824E-03
   137.0      0.3413E-03
   138.0      0.3063E-03
   139.0      0.2764E-03
   140.0      0.2510E-03
   141.0      0.2293E-03
   142.0      0.2106E-03
   143.0      0.1945E-03
   144.0      0.1804E-03
   145.0      0.1679E-03
   146.0      0.1568E-03
   147.0      0.1468E-03
   148.0      0.1377E-03
   149.0      0.1294E-03
   150.0      0.1216E-03
   151.0      0.1144E-03
   152.0      0.1075E-03
   153.0      0.1010E-03
   154.0      0.9475E-04
   155.0      0.8866E-04
   156.0      0.8269E-04
   157.0      0.7682E-04
   158.0      0.7105E-04
   159.0      0.6540E-04
   160.0      0.5991E-04
   161.0      0.5469E-04
   162.0      0.4982E-04
   163.0      0.4542E-04
   164.0      0.4163E-04
   165.0      0.3856E-04
   166.0      0.3632E-04
   167.0      0.3499E-04
   168.0      0.3461E-04
   169.0      0.3517E-04
   170.0      0.3662E-04
   171.0      0.3886E-04
   172.0      0.4174E-04
   173.0      0.4506E-04
   174.0      0.4861E-04
   175.0      0.5215E-04
   176.0      0.5544E-04
   177.0      0.5826E-04
   178.0      0.6043E-04
   179.0      0.6179E-04
   180.0      0.6225E-04
 END
@legend string   1 "Partition=  2 Excit=  1 near/far= 1"
#legend string   0 "Lab energy =   70.0000"
@s1 linestyle   2
#  Theta       sigma       iT11        T20         T21         T22         Kyy for projectile
   3.000       14.80    
   4.000       10.54    
   5.000       6.598    
   6.000       3.524    
   7.000       1.591    
   8.000      0.7784    
   9.000      0.8440    
   10.00       1.432    
   11.00       2.183    
   12.00       2.817    
   13.00       3.174    
   14.00       3.213    
   15.00       2.987    
   16.00       2.599    
   17.00       2.161    
   18.00       1.770    
   19.00       1.486    
   20.00       1.328    
   21.00       1.286    
   22.00       1.327    
   23.00       1.410    
   24.00       1.494    
   25.00       1.550    
   26.00       1.559    
   27.00       1.516    
   28.00       1.424    
   29.00       1.295    
   30.00       1.143    
   31.00      0.9824    
   32.00      0.8251    
   33.00      0.6804    
   34.00      0.5540    
   35.00      0.4484    
   36.00      0.3635    
   37.00      0.2976    
   38.00      0.2480    
   39.00      0.2115    
   40.00      0.1853    
   41.00      0.1666    
   42.00      0.1534    
   43.00      0.1437    
   44.00      0.1363    
   45.00      0.1302    
   46.00      0.1246    
   47.00      0.1190    
   48.00      0.1132    
   49.00      0.1068    
   50.00      0.9992E-01
   51.00      0.9256E-01
   52.00      0.8485E-01
   53.00      0.7701E-01
   54.00      0.6924E-01
   55.00      0.6177E-01
   56.00      0.5479E-01
   57.00      0.4846E-01
   58.00      0.4285E-01
   59.00      0.3802E-01
   60.00      0.3394E-01
   61.00      0.3054E-01
   62.00      0.2773E-01
   63.00      0.2540E-01
   64.00      0.2341E-01
   65.00      0.2168E-01
   66.00      0.2009E-01
   67.00      0.1859E-01
   68.00      0.1713E-01
   69.00      0.1568E-01
   70.00      0.1423E-01
   71.00      0.1281E-01
   72.00      0.1142E-01
   73.00      0.1010E-01
   74.00      0.8856E-02
   75.00      0.7720E-02
   76.00      0.6703E-02
   77.00      0.5810E-02
   78.00      0.5043E-02
   79.00      0.4395E-02
   80.00      0.3856E-02
   81.00      0.3412E-02
   82.00      0.3047E-02
   83.00      0.2746E-02
   84.00      0.2494E-02
   85.00      0.2277E-02
   86.00      0.2086E-02
   87.00      0.1913E-02
   88.00      0.1751E-02
   89.00      0.1596E-02
   90.00      0.1448E-02
   91.00      0.1306E-02
   92.00      0.1170E-02
   93.00      0.1041E-02
   94.00      0.9199E-03
   95.00      0.8084E-03
   96.00      0.7069E-03
   97.00      0.6159E-03
   98.00      0.5355E-03
   99.00      0.4653E-03
   100.0      0.4048E-03
   101.0      0.3530E-03
   102.0      0.3091E-03
   103.0      0.2719E-03
   104.0      0.2405E-03
   105.0      0.2139E-03
   106.0      0.1912E-03
   107.0      0.1718E-03
   108.0      0.1550E-03
   109.0      0.1404E-03
   110.0      0.1275E-03
   111.0      0.1161E-03
   112.0      0.1061E-03
   113.0      0.9720E-04
   114.0      0.8937E-04
   115.0      0.8248E-04
   116.0      0.7646E-04
   117.0      0.7120E-04
   118.0      0.6661E-04
   119.0      0.6259E-04
   120.0      0.5902E-04
   121.0      0.5580E-04
   122.0      0.5283E-04
   123.0      0.5002E-04
   124.0      0.4729E-04
   125.0      0.4456E-04
   126.0      0.4181E-04
   127.0      0.3899E-04
   128.0      0.3609E-04
   129.0      0.3313E-04
   130.0      0.3012E-04
   131.0      0.2710E-04
   132.0      0.2409E-04
   133.0      0.2115E-04
   134.0      0.1831E-04
   135.0      0.1563E-04
   136.0      0.1313E-04
   137.0      0.1084E-04
   138.0      0.8793E-05
   139.0      0.7000E-05
   140.0      0.5470E-05
   141.0      0.4201E-05
   142.0      0.3188E-05
   143.0      0.2417E-05
   144.0      0.1871E-05
   145.0      0.1529E-05
   146.0      0.1369E-05
   147.0      0.1365E-05
   148.0      0.1493E-05
   149.0      0.1726E-05
   150.0      0.2040E-05
   151.0      0.2411E-05
   152.0      0.2817E-05
   153.0      0.3236E-05
   154.0      0.3649E-05
   155.0      0.4038E-05
   156.0      0.4389E-05
   157.0      0.4688E-05
   158.0      0.4925E-05
   159.0      0.5093E-05
   160.0      0.5186E-05
   161.0      0.5203E-05
   162.0      0.5145E-05
   163.0      0.5017E-05
   164.0      0.4823E-05
   165.0      0.4573E-05
   166.0      0.4276E-05
   167.0      0.3944E-05
   168.0      0.3588E-05
   169.0      0.3220E-05
   170.0      0.2851E-05
   171.0      0.2491E-05
   172.0      0.2149E-05
   173.0      0.1834E-05
   174.0      0.1550E-05
   175.0      0.1304E-05
   176.0      0.1099E-05
   177.0      0.9377E-06
   178.0      0.8215E-06
   179.0      0.7516E-06
   180.0      0.7282E-06
 END
@legend string   2 "Partition=  2 Excit=  2 near/far= 1"
#legend string   0 "Lab energy =   70.0000"
@s2 linestyle   3
#  Theta       sigma       iT11        T20         T21         T22         Kyy for projectile
   3.000       7.056    
   4.000       6.817    
   5.000       6.374    
   6.000       5.712    
   7.000       4.869    
   8.000       3.924    
   9.000       2.974    
   10.00       2.114    
   11.00       1.413    
   12.00      0.9038    
   13.00      0.5845    
   14.00      0.4240    
   15.00      0.3755    
   16.00      0.3895    
   17.00      0.4236    
   18.00      0.4489    
   19.00      0.4510    
   20.00      0.4281    
   21.00      0.3875    
   22.00      0.3402    
   23.00      0.2975    
   24.00      0.2677    
   25.00      0.2549    
   26.00      0.2592    
   27.00      0.2773    
   28.00      0.3037    
   29.00      0.3329    
   30.00      0.3595    
   31.00      0.3800    
   32.00      0.3924    
   33.00      0.3964    
   34.00      0.3931    
   35.00      0.3844    
   36.00      0.3722    
   37.00      0.3587    
   38.00      0.3452    
   39.00      0.3328    
   40.00      0.3218    
   41.00      0.3120    
   42.00      0.3030    
   43.00      0.2941    
   44.00      0.2847    
   45.00      0.2744    
   46.00      0.2628    
   47.00      0.2498    
   48.00      0.2357    
   49.00      0.2206    
   50.00      0.2051    
   51.00      0.1895    
   52.00      0.1743    
   53.00      0.1597    
   54.00      0.1462    
   55.00      0.1337    
   56.00      0.1223    
   57.00      0.1120    
   58.00      0.1028    
   59.00      0.9451E-01
   60.00      0.8697E-01
   61.00      0.8006E-01
   62.00      0.7366E-01
   63.00      0.6770E-01
   64.00      0.6209E-01
   65.00      0.5680E-01
   66.00      0.5181E-01
   67.00      0.4712E-01
   68.00      0.4272E-01
   69.00      0.3864E-01
   70.00      0.3488E-01
   71.00      0.3144E-01
   72.00      0.2832E-01
   73.00      0.2551E-01
   74.00      0.2299E-01
   75.00      0.2074E-01
   76.00      0.1873E-01
   77.00      0.1695E-01
   78.00      0.1535E-01
   79.00      0.1392E-01
   80.00      0.1263E-01
   81.00      0.1146E-01
   82.00      0.1039E-01
   83.00      0.9420E-02
   84.00      0.8526E-02
   85.00      0.7704E-02
   86.00      0.6948E-02
   87.00      0.6255E-02
   88.00      0.5620E-02
   89.00      0.5040E-02
   90.00      0.4515E-02
   91.00      0.4039E-02
   92.00      0.3612E-02
   93.00      0.3228E-02
   94.00      0.2887E-02
   95.00      0.2582E-02
   96.00      0.2313E-02
   97.00      0.2073E-02
   98.00      0.1861E-02
   99.00      0.1673E-02
   100.0      0.1506E-02
   101.0      0.1357E-02
   102.0      0.1223E-02
   103.0      0.1104E-02
   104.0      0.9967E-03
   105.0      0.8998E-03
   106.0      0.8124E-03
   107.0      0.7332E-03
   108.0      0.6615E-03
   109.0      0.5966E-03
   110.0      0.5378E-03
   111.0      0.4846E-03
   112.0      0.4366E-03
   113.0      0.3931E-03
   114.0      0.3540E-03
   115.0      0.3187E-03
   116.0      0.2869E-03
   117.0      0.2583E-03
   118.0      0.2326E-03
   119.0      0.2094E-03
   120.0      0.1884E-03
   121.0      0.1695E-03
   122.0      0.1525E-03
   123.0      0.1370E-03
   124.0      0.1231E-03
   125.0      0.1105E-03
   126.0      0.9904E-04
   127.0      0.8873E-04
   128.0      0.7942E-04
   129.0      0.7105E-04
   130.0      0.6354E-04
   131.0      0.5682E-04
   132.0      0.5083E-04
   133.0      0.4550E-04
   134.0      0.4079E-04
   135.0      0.3663E-04
   136.0      0.3297E-04
   137.0      0.2975E-04
   138.0      0.2692E-04
   139.0      0.2443E-04
   140.0      0.2224E-04
   141.0      0.2031E-04
   142.0      0.1860E-04
   143.0      0.1707E-04
   144.0      0.1570E-04
   145.0      0.1445E-04
   146.0      0.1332E-04
   147.0      0.1227E-04
   148.0      0.1131E-04
   149.0      0.1041E-04
   150.0      0.9565E-05
   151.0      0.8775E-05
   152.0      0.8032E-05
   153.0      0.7336E-05
   154.0      0.6683E-05
   155.0      0.6075E-05
   156.0      0.5511E-05
   157.0      0.4993E-05
   158.0      0.4522E-05
   159.0      0.4099E-05
   160.0      0.3725E-05
   161.0      0.3402E-05
   162.0      0.3129E-05
   163.0      0.2906E-05
   164.0      0.2731E-05
   165.0      0.2602E-05
   166.0      0.2517E-05
   167.0      0.2471E-05
   168.0      0.2459E-05
   169.0      0.2477E-05
   170.0      0.2519E-05
   171.0      0.2579E-05
   172.0      0.2652E-05
   173.0      0.2731E-05
   174.0      0.2811E-05
   175.0      0.2888E-05
   176.0      0.2957E-05
   177.0      0.3014E-05
   178.0      0.3058E-05
   179.0      0.3085E-05
   180.0      0.3094E-05
 END
@legend string   3 "Partition=  2 Excit=  3 near/far= 1"
#legend string   0 "Lab energy =   70.0000"
@s3 linestyle   4
#  Theta       sigma       iT11        T20         T21         T22         Kyy for projectile
   3.000       9.099    
   4.000       8.776    
   5.000       8.368    
   6.000       7.873    
   7.000       7.290    
   8.000       6.621    
   9.000       5.878    
   10.00       5.081    
   11.00       4.262    
   12.00       3.460    
   13.00       2.715    
   14.00       2.060    
   15.00       1.521    
   16.00       1.109    
   17.00      0.8222    
   18.00      0.6471    
   19.00      0.5633    
   20.00      0.5463    
   21.00      0.5724    
   22.00      0.6211    
   23.00      0.6769    
   24.00      0.7303    
   25.00      0.7767    
   26.00      0.8154    
   27.00      0.8481    
   28.00      0.8776    
   29.00      0.9062    
   30.00      0.9352    
   31.00      0.9647    
   32.00      0.9936    
   33.00       1.020    
   34.00       1.041    
   35.00       1.054    
   36.00       1.058    
   37.00       1.051    
   38.00       1.034    
   39.00       1.006    
   40.00      0.9694    
   41.00      0.9253    
   42.00      0.8760    
   43.00      0.8234    
   44.00      0.7694    
   45.00      0.7154    
   46.00      0.6628    
   47.00      0.6123    
   48.00      0.5643    
   49.00      0.5191    
   50.00      0.4768    
   51.00      0.4370    
   52.00      0.3998    
   53.00      0.3648    
   54.00      0.3320    
   55.00      0.3012    
   56.00      0.2723    
   57.00      0.2453    
   58.00      0.2202    
   59.00      0.1970    
   60.00      0.1757    
   61.00      0.1562    
   62.00      0.1385    
   63.00      0.1226    
   64.00      0.1084    
   65.00      0.9574E-01
   66.00      0.8451E-01
   67.00      0.7457E-01
   68.00      0.6580E-01
   69.00      0.5805E-01
   70.00      0.5122E-01
   71.00      0.4517E-01
   72.00      0.3982E-01
   73.00      0.3508E-01
   74.00      0.3087E-01
   75.00      0.2714E-01
   76.00      0.2382E-01
   77.00      0.2088E-01
   78.00      0.1828E-01
   79.00      0.1598E-01
   80.00      0.1396E-01
   81.00      0.1218E-01
   82.00      0.1062E-01
   83.00      0.9269E-02
   84.00      0.8089E-02
   85.00      0.7064E-02
   86.00      0.6175E-02
   87.00      0.5404E-02
   88.00      0.4735E-02
   89.00      0.4153E-02
   90.00      0.3647E-02
   91.00      0.3205E-02
   92.00      0.2819E-02
   93.00      0.2480E-02
   94.00      0.2182E-02
   95.00      0.1920E-02
   96.00      0.1689E-02
   97.00      0.1485E-02
   98.00      0.1306E-02
   99.00      0.1149E-02
   100.0      0.1011E-02
   101.0      0.8901E-03
   102.0      0.7843E-03
   103.0      0.6918E-03
   104.0      0.6111E-03
   105.0      0.5408E-03
   106.0      0.4794E-03
   107.0      0.4258E-03
   108.0      0.3789E-03
   109.0      0.3377E-03
   110.0      0.3015E-03
   111.0      0.2696E-03
   112.0      0.2413E-03
   113.0      0.2162E-03
   114.0      0.1938E-03
   115.0      0.1738E-03
   116.0      0.1559E-03
   117.0      0.1399E-03
   118.0      0.1256E-03
   119.0      0.1127E-03
   120.0      0.1012E-03
   121.0      0.9097E-04
   122.0      0.8180E-04
   123.0      0.7364E-04
   124.0      0.6636E-04
   125.0      0.5988E-04
   126.0      0.5411E-04
   127.0      0.4897E-04
   128.0      0.4437E-04
   129.0      0.4026E-04
   130.0      0.3656E-04
   131.0      0.3323E-04
   132.0      0.3022E-04
   133.0      0.2747E-04
   134.0      0.2497E-04
   135.0      0.2268E-04
   136.0      0.2057E-04
   137.0      0.1863E-04
   138.0      0.1684E-04
   139.0      0.1518E-04
   140.0      0.1366E-04
   141.0      0.1226E-04
   142.0      0.1098E-04
   143.0      0.9804E-05
   144.0      0.8739E-05
   145.0      0.7778E-05
   146.0      0.6918E-05
   147.0      0.6155E-05
   148.0      0.5486E-05
   149.0      0.4907E-05
   150.0      0.4413E-05
   151.0      0.3999E-05
   152.0      0.3658E-05
   153.0      0.3385E-05
   154.0      0.3173E-05
   155.0      0.3015E-05
   156.0      0.2901E-05
   157.0      0.2824E-05
   158.0      0.2777E-05
   159.0      0.2750E-05
   160.0      0.2735E-05
   161.0      0.2727E-05
   162.0      0.2716E-05
   163.0      0.2698E-05
   164.0      0.2667E-05
   165.0      0.2620E-05
   166.0      0.2555E-05
   167.0      0.2469E-05
   168.0      0.2364E-05
   169.0      0.2241E-05
   170.0      0.2103E-05
   171.0      0.1953E-05
   172.0      0.1797E-05
   173.0      0.1641E-05
   174.0      0.1489E-05
   175.0      0.1348E-05
   176.0      0.1224E-05
   177.0      0.1121E-05
   178.0      0.1045E-05
   179.0      0.9977E-06
   180.0      0.9817E-06
 END
