# Fusion cross sections for ELAB=  70.000, ECM=  63.596
     0.0   1.736       1.754      0.1779E-01
     1.0   15.62       15.78      0.1591    
     2.0   26.11       26.36      0.2501    
     3.0   36.72       37.04      0.3144    
     4.0   47.50       47.84      0.3489    
     5.0   58.46       58.82      0.3539    
     6.0   69.57       69.90      0.3369    
     7.0   80.73       81.04      0.3101    
     8.0   91.31       91.61      0.3048    
     9.0   99.44       99.80      0.3567    
    10.0   102.3       102.7      0.4565    
    11.0   96.46       97.04      0.5816    
    12.0   80.31       81.00      0.6915    
    13.0   58.66       59.36      0.6987    
    14.0   39.05       39.63      0.5874    
    15.0   24.70       25.12      0.4248    
    16.0   15.23       15.51      0.2756    
    17.0   9.283       9.449      0.1661    
    18.0   5.620       5.715      0.9549E-01
    19.0   3.388       3.441      0.5323E-01
    20.0   2.036       2.065      0.2909E-01
    21.0   1.220       1.236      0.1570E-01
    22.0  0.7294      0.7378      0.8407E-02
    23.0  0.4349      0.4394      0.4478E-02
    24.0  0.2587      0.2611      0.2377E-02
    25.0  0.1536      0.1548      0.1259E-02
    26.0  0.9094E-01  0.9161E-01  0.6660E-03
    27.0  0.5375E-01  0.5410E-01  0.3520E-03
    28.0  0.3171E-01  0.3189E-01  0.1859E-03
    29.0  0.1867E-01  0.1877E-01  0.9817E-04
    30.0  0.1098E-01  0.1103E-01  0.5183E-04
    31.0  0.6442E-02  0.6469E-02  0.2736E-04
    32.0  0.3775E-02  0.3789E-02  0.1444E-04
    33.0  0.2209E-02  0.2217E-02  0.7624E-05
    34.0  0.1291E-02  0.1295E-02  0.4024E-05
    35.0  0.7536E-03  0.7557E-03  0.2124E-05
    36.0  0.4393E-03  0.4404E-03  0.1121E-05
    37.0  0.2558E-03  0.2564E-03  0.5920E-06
    38.0  0.1488E-03  0.1491E-03  0.3125E-06
    39.0  0.8648E-04  0.8665E-04  0.1650E-06
    40.0  0.5021E-04  0.5030E-04  0.8709E-07
    41.0  0.2912E-04  0.2917E-04  0.4598E-07
    42.0  0.1688E-04  0.1690E-04  0.2428E-07
    43.0  0.9774E-05  0.9786E-05  0.1282E-07
    44.0  0.5655E-05  0.5662E-05  0.6771E-08
    45.0  0.3270E-05  0.3273E-05  0.3576E-08
    46.0  0.1889E-05  0.1891E-05  0.1888E-08
    47.0  0.1091E-05  0.1092E-05  0.9973E-09
    48.0  0.6293E-06  0.6298E-06  0.5266E-09
    49.0  0.3628E-06  0.3631E-06  0.2781E-09
    50.0  0.2091E-06  0.2092E-06  0.1469E-09
    51.0  0.1204E-06  0.1205E-06  0.7756E-10
    52.0  0.6931E-07  0.6935E-07  0.4096E-10
    53.0  0.3988E-07  0.3990E-07  0.2163E-10
    54.0  0.2293E-07  0.2294E-07  0.1143E-10
    55.0  0.1318E-07  0.1318E-07  0.6035E-11
    56.0  0.7569E-08  0.7572E-08  0.3187E-11
    57.0  0.4347E-08  0.4349E-08  0.1684E-11
    58.0  0.2493E-08  0.2494E-08  0.8892E-12
    59.0  0.1431E-08  0.1431E-08  0.4697E-12
    60.0  0.8207E-09  0.8209E-09  0.2481E-12
 &
