# 181 angles,  1 tensor ranks for 0=projectile
@subtitle   "p+O20 2nd ex with BG ;"                                                        
@legend ON
@legend x1 0.2
@legend y1 0.8
@g0 type LOGY
@yaxis ticklabel format power
@legend string   0 "Lab energy =   35.0000"
#legend string   0 "Partition=  1 Excit=  1 near/far= 1"
#  Theta       sigma       iT11        T20         T21         T22         Kyy for projectile
  0.1000E-01  0.1288E+16
   1.000      0.1250E+08
   2.000      0.7223E+06
   3.000      0.1284E+06
   4.000      0.3660E+05
   5.000      0.1408E+05
   6.000       6961.    
   7.000       4316.    
   8.000       3197.    
   9.000       2658.    
   10.00       2352.    
   11.00       2143.    
   12.00       1974.    
   13.00       1820.    
   14.00       1674.    
   15.00       1530.    
   16.00       1388.    
   17.00       1250.    
   18.00       1117.    
   19.00       988.8    
   20.00       867.9    
   21.00       755.0    
   22.00       650.6    
   23.00       555.3    
   24.00       469.2    
   25.00       392.3    
   26.00       324.6    
   27.00       265.7    
   28.00       215.0    
   29.00       172.2    
   30.00       136.5    
   31.00       107.3    
   32.00       83.97    
   33.00       65.69    
   34.00       51.82    
   35.00       41.70    
   36.00       34.70    
   37.00       30.24    
   38.00       27.79    
   39.00       26.87    
   40.00       27.06    
   41.00       28.02    
   42.00       29.42    
   43.00       31.03    
   44.00       32.65    
   45.00       34.11    
   46.00       35.31    
   47.00       36.17    
   48.00       36.65    
   49.00       36.73    
   50.00       36.41    
   51.00       35.71    
   52.00       34.66    
   53.00       33.31    
   54.00       31.71    
   55.00       29.90    
   56.00       27.93    
   57.00       25.87    
   58.00       23.75    
   59.00       21.61    
   60.00       19.51    
   61.00       17.46    
   62.00       15.50    
   63.00       13.66    
   64.00       11.94    
   65.00       10.35    
   66.00       8.919    
   67.00       7.633    
   68.00       6.496    
   69.00       5.503    
   70.00       4.649    
   71.00       3.926    
   72.00       3.322    
   73.00       2.828    
   74.00       2.431    
   75.00       2.121    
   76.00       1.885    
   77.00       1.713    
   78.00       1.592    
   79.00       1.514    
   80.00       1.469    
   81.00       1.449    
   82.00       1.446    
   83.00       1.454    
   84.00       1.468    
   85.00       1.483    
   86.00       1.497    
   87.00       1.505    
   88.00       1.507    
   89.00       1.500    
   90.00       1.485    
   91.00       1.460    
   92.00       1.426    
   93.00       1.384    
   94.00       1.334    
   95.00       1.277    
   96.00       1.214    
   97.00       1.147    
   98.00       1.076    
   99.00       1.003    
   100.0      0.9286    
   101.0      0.8540    
   102.0      0.7802    
   103.0      0.7080    
   104.0      0.6383    
   105.0      0.5715    
   106.0      0.5083    
   107.0      0.4490    
   108.0      0.3940    
   109.0      0.3435    
   110.0      0.2976    
   111.0      0.2562    
   112.0      0.2194    
   113.0      0.1870    
   114.0      0.1588    
   115.0      0.1347    
   116.0      0.1144    
   117.0      0.9763E-01
   118.0      0.8405E-01
   119.0      0.7338E-01
   120.0      0.6532E-01
   121.0      0.5954E-01
   122.0      0.5573E-01
   123.0      0.5362E-01
   124.0      0.5290E-01
   125.0      0.5333E-01
   126.0      0.5464E-01
   127.0      0.5661E-01
   128.0      0.5902E-01
   129.0      0.6171E-01
   130.0      0.6449E-01
   131.0      0.6723E-01
   132.0      0.6980E-01
   133.0      0.7210E-01
   134.0      0.7404E-01
   135.0      0.7556E-01
   136.0      0.7662E-01
   137.0      0.7718E-01
   138.0      0.7722E-01
   139.0      0.7674E-01
   140.0      0.7575E-01
   141.0      0.7426E-01
   142.0      0.7231E-01
   143.0      0.6994E-01
   144.0      0.6718E-01
   145.0      0.6409E-01
   146.0      0.6072E-01
   147.0      0.5713E-01
   148.0      0.5337E-01
   149.0      0.4950E-01
   150.0      0.4558E-01
   151.0      0.4167E-01
   152.0      0.3782E-01
   153.0      0.3408E-01
   154.0      0.3050E-01
   155.0      0.2712E-01
   156.0      0.2397E-01
   157.0      0.2109E-01
   158.0      0.1850E-01
   159.0      0.1621E-01
   160.0      0.1424E-01
   161.0      0.1259E-01
   162.0      0.1126E-01
   163.0      0.1024E-01
   164.0      0.9522E-02
   165.0      0.9076E-02
   166.0      0.8883E-02
   167.0      0.8914E-02
   168.0      0.9140E-02
   169.0      0.9525E-02
   170.0      0.1003E-01
   171.0      0.1063E-01
   172.0      0.1129E-01
   173.0      0.1196E-01
   174.0      0.1261E-01
   175.0      0.1322E-01
   176.0      0.1376E-01
   177.0      0.1420E-01
   178.0      0.1453E-01
   179.0      0.1474E-01
   180.0      0.1481E-01
 END
