# 178 angles,  1 tensor ranks for 0=projectile
@subtitle   "p+O20 3- E. Khan reanalysis;"                                                  
@legend ON
@legend x1 0.2
@legend y1 0.8
@g0 type LOGY
@yaxis ticklabel format power
@legend string   0 "Lab energy =   43.2700"
#legend string   0 "Partition=  1 Excit=  2 near/far= 1"
#  Theta       sigma       iT11        T20         T21         T22         Kyy for projectile
   3.000      0.4282    
   4.000      0.4674    
   5.000      0.5156    
   6.000      0.5708    
   7.000      0.6313    
   8.000      0.6955    
   9.000      0.7625    
   10.00      0.8317    
   11.00      0.9026    
   12.00      0.9748    
   13.00       1.048    
   14.00       1.121    
   15.00       1.194    
   16.00       1.267    
   17.00       1.341    
   18.00       1.415    
   19.00       1.490    
   20.00       1.566    
   21.00       1.643    
   22.00       1.721    
   23.00       1.799    
   24.00       1.875    
   25.00       1.950    
   26.00       2.022    
   27.00       2.090    
   28.00       2.152    
   29.00       2.207    
   30.00       2.254    
   31.00       2.290    
   32.00       2.315    
   33.00       2.328    
   34.00       2.327    
   35.00       2.313    
   36.00       2.285    
   37.00       2.243    
   38.00       2.188    
   39.00       2.121    
   40.00       2.042    
   41.00       1.953    
   42.00       1.856    
   43.00       1.751    
   44.00       1.641    
   45.00       1.528    
   46.00       1.414    
   47.00       1.299    
   48.00       1.186    
   49.00       1.076    
   50.00      0.9710    
   51.00      0.8715    
   52.00      0.7785    
   53.00      0.6928    
   54.00      0.6150    
   55.00      0.5453    
   56.00      0.4838    
   57.00      0.4305    
   58.00      0.3850    
   59.00      0.3471    
   60.00      0.3161    
   61.00      0.2915    
   62.00      0.2726    
   63.00      0.2586    
   64.00      0.2490    
   65.00      0.2428    
   66.00      0.2394    
   67.00      0.2380    
   68.00      0.2381    
   69.00      0.2391    
   70.00      0.2404    
   71.00      0.2417    
   72.00      0.2425    
   73.00      0.2425    
   74.00      0.2415    
   75.00      0.2393    
   76.00      0.2360    
   77.00      0.2313    
   78.00      0.2254    
   79.00      0.2183    
   80.00      0.2101    
   81.00      0.2009    
   82.00      0.1908    
   83.00      0.1801    
   84.00      0.1689    
   85.00      0.1573    
   86.00      0.1455    
   87.00      0.1337    
   88.00      0.1220    
   89.00      0.1105    
   90.00      0.9950E-01
   91.00      0.8894E-01
   92.00      0.7894E-01
   93.00      0.6958E-01
   94.00      0.6090E-01
   95.00      0.5295E-01
   96.00      0.4574E-01
   97.00      0.3927E-01
   98.00      0.3353E-01
   99.00      0.2852E-01
   100.0      0.2419E-01
   101.0      0.2051E-01
   102.0      0.1743E-01
   103.0      0.1492E-01
   104.0      0.1291E-01
   105.0      0.1135E-01
   106.0      0.1019E-01
   107.0      0.9381E-02
   108.0      0.8865E-02
   109.0      0.8593E-02
   110.0      0.8520E-02
   111.0      0.8601E-02
   112.0      0.8800E-02
   113.0      0.9080E-02
   114.0      0.9410E-02
   115.0      0.9764E-02
   116.0      0.1012E-01
   117.0      0.1045E-01
   118.0      0.1074E-01
   119.0      0.1099E-01
   120.0      0.1119E-01
   121.0      0.1132E-01
   122.0      0.1139E-01
   123.0      0.1139E-01
   124.0      0.1132E-01
   125.0      0.1119E-01
   126.0      0.1100E-01
   127.0      0.1075E-01
   128.0      0.1045E-01
   129.0      0.1011E-01
   130.0      0.9730E-02
   131.0      0.9317E-02
   132.0      0.8878E-02
   133.0      0.8419E-02
   134.0      0.7946E-02
   135.0      0.7466E-02
   136.0      0.6983E-02
   137.0      0.6501E-02
   138.0      0.6027E-02
   139.0      0.5562E-02
   140.0      0.5111E-02
   141.0      0.4676E-02
   142.0      0.4261E-02
   143.0      0.3867E-02
   144.0      0.3495E-02
   145.0      0.3148E-02
   146.0      0.2826E-02
   147.0      0.2529E-02
   148.0      0.2258E-02
   149.0      0.2013E-02
   150.0      0.1793E-02
   151.0      0.1598E-02
   152.0      0.1428E-02
   153.0      0.1281E-02
   154.0      0.1159E-02
   155.0      0.1058E-02
   156.0      0.9772E-03
   157.0      0.9163E-03
   158.0      0.8736E-03
   159.0      0.8479E-03
   160.0      0.8378E-03
   161.0      0.8419E-03
   162.0      0.8586E-03
   163.0      0.8863E-03
   164.0      0.9232E-03
   165.0      0.9679E-03
   166.0      0.1019E-02
   167.0      0.1074E-02
   168.0      0.1133E-02
   169.0      0.1194E-02
   170.0      0.1254E-02
   171.0      0.1314E-02
   172.0      0.1371E-02
   173.0      0.1424E-02
   174.0      0.1473E-02
   175.0      0.1516E-02
   176.0      0.1552E-02
   177.0      0.1581E-02
   178.0      0.1603E-02
   179.0      0.1616E-02
   180.0      0.1620E-02
 END
