# Fusion cross sections for ELAB=  70.000, ECM=  63.597
     0.0   1.752     -1
     1.0   10.50      1
     1.0   15.75     -1
     2.0   8.755      1
     2.0   26.29     -1
     3.0   24.59      1
     3.0   36.87     -1
     4.0   15.84      1
     4.0   47.57     -1
     5.0   38.97      1
     5.0   58.44     -1
     6.0   23.16      1
     6.0   69.44     -1
     7.0   53.58      1
     7.0   80.47     -1
     8.0   30.74      1
     8.0   90.90     -1
     9.0   64.60      1
     9.0   98.91     -1
    10.0   35.62      1
    10.0   101.7     -1
    11.0   63.38      1
    11.0   95.85     -1
    12.0   25.62      1
    12.0   79.87     -1
    13.0   40.48      1
    13.0   58.52     -1
    14.0   11.83      1
    14.0   39.10     -1
    15.0   17.35      1
    15.0   24.81     -1
    16.0   4.612      1
    16.0   15.35     -1
    17.0   6.552      1
    17.0   9.367     -1
    18.0   1.706      1
    18.0   5.674     -1
    19.0   2.391      1
    19.0   3.420     -1
    20.0  0.6177      1
    20.0   2.053     -1
    21.0  0.8594      1
    21.0   1.229     -1
    22.0  0.2208      1
    22.0  0.7338     -1
    23.0  0.3055      1
    23.0  0.4370     -1
    24.0  0.7809E-01  1
    24.0  0.2596     -1
    25.0  0.1076      1
    25.0  0.1539     -1
    26.0  0.2738E-01  1
    26.0  0.9106E-01 -1
    27.0  0.3760E-01  1
    27.0  0.5376E-01 -1
    28.0  0.9524E-02  1
    28.0  0.3169E-01 -1
    29.0  0.1304E-01  1
    29.0  0.1864E-01 -1
    30.0  0.3290E-02  1
    30.0  0.1095E-01 -1
    31.0  0.4492E-02  1
    31.0  0.6421E-02 -1
    32.0  0.1129E-02  1
    32.0  0.3760E-02 -1
    33.0  0.1539E-02  1
    33.0  0.2199E-02 -1
    34.0  0.3856E-03  1
    34.0  0.1284E-02 -1
    35.0  0.5242E-03  1
    35.0  0.7491E-03 -1
    36.0  0.1310E-03  1
    36.0  0.4364E-03 -1
    37.0  0.1777E-03  1
    37.0  0.2540E-03 -1
    38.0  0.4430E-04  1
    38.0  0.1476E-03 -1
    39.0  0.6000E-04  1
    39.0  0.8572E-04 -1
    40.0  0.1491E-04  1
    40.0  0.4971E-04 -1
    41.0  0.2016E-04  1
    41.0  0.2880E-04 -1
    42.0  0.4996E-05  1
    42.0  0.1666E-04 -1
    43.0  0.6738E-05  1
    43.0  0.9622E-05 -1
    44.0  0.1662E-05  1
    44.0  0.5547E-05 -1
    45.0  0.2234E-05  1
    45.0  0.3189E-05 -1
    46.0  0.5465E-06  1
    46.0  0.1827E-05 -1
    47.0  0.7299E-06  1
    47.0  0.1041E-05 -1
    48.0  0.1752E-06  1
    48.0  0.5880E-06 -1
    49.0  0.2304E-06  1
    49.0  0.3277E-06 -1
    50.0  0.5267E-07  1
    50.0  0.1786E-06 -1
 &
