# 178 angles,  1 tensor ranks for 0=projectile
@subtitle   "20O + d 2+2 as 3-;"                                                            
@legend ON
@legend x1 0.2
@legend y1 0.8
@g0 type LOGY
@yaxis ticklabel format power
@legend string   0 "Lab energy =   70.0000"
#legend string   0 "Partition=  1 Excit=  2 near/far= 1"
#  Theta       sigma       iT11        T20         T21         T22         Kyy for projectile
   3.000       2.692    
   4.000       3.309    
   5.000       3.940    
   6.000       4.519    
   7.000       5.011    
   8.000       5.416    
   9.000       5.761    
   10.00       6.091    
   11.00       6.449    
   12.00       6.863    
   13.00       7.334    
   14.00       7.838    
   15.00       8.324    
   16.00       8.731    
   17.00       8.994    
   18.00       9.062    
   19.00       8.904    
   20.00       8.520    
   21.00       7.935    
   22.00       7.198    
   23.00       6.372    
   24.00       5.525    
   25.00       4.722    
   26.00       4.016    
   27.00       3.442    
   28.00       3.019    
   29.00       2.745    
   30.00       2.603    
   31.00       2.564    
   32.00       2.596    
   33.00       2.662    
   34.00       2.732    
   35.00       2.779    
   36.00       2.786    
   37.00       2.744    
   38.00       2.652    
   39.00       2.514    
   40.00       2.342    
   41.00       2.146    
   42.00       1.941    
   43.00       1.738    
   44.00       1.546    
   45.00       1.373    
   46.00       1.223    
   47.00       1.096    
   48.00      0.9915    
   49.00      0.9068    
   50.00      0.8379    
   51.00      0.7805    
   52.00      0.7305    
   53.00      0.6845    
   54.00      0.6397    
   55.00      0.5944    
   56.00      0.5477    
   57.00      0.4997    
   58.00      0.4508    
   59.00      0.4019    
   60.00      0.3542    
   61.00      0.3088    
   62.00      0.2667    
   63.00      0.2286    
   64.00      0.1949    
   65.00      0.1660    
   66.00      0.1416    
   67.00      0.1214    
   68.00      0.1051    
   69.00      0.9207E-01
   70.00      0.8164E-01
   71.00      0.7326E-01
   72.00      0.6639E-01
   73.00      0.6058E-01
   74.00      0.5548E-01
   75.00      0.5081E-01
   76.00      0.4641E-01
   77.00      0.4217E-01
   78.00      0.3807E-01
   79.00      0.3410E-01
   80.00      0.3031E-01
   81.00      0.2675E-01
   82.00      0.2344E-01
   83.00      0.2044E-01
   84.00      0.1777E-01
   85.00      0.1543E-01
   86.00      0.1341E-01
   87.00      0.1171E-01
   88.00      0.1029E-01
   89.00      0.9109E-02
   90.00      0.8128E-02
   91.00      0.7310E-02
   92.00      0.6619E-02
   93.00      0.6023E-02
   94.00      0.5494E-02
   95.00      0.5014E-02
   96.00      0.4568E-02
   97.00      0.4150E-02
   98.00      0.3753E-02
   99.00      0.3378E-02
   100.0      0.3025E-02
   101.0      0.2695E-02
   102.0      0.2393E-02
   103.0      0.2120E-02
   104.0      0.1878E-02
   105.0      0.1667E-02
   106.0      0.1486E-02
   107.0      0.1335E-02
   108.0      0.1209E-02
   109.0      0.1106E-02
   110.0      0.1023E-02
   111.0      0.9543E-03
   112.0      0.8972E-03
   113.0      0.8482E-03
   114.0      0.8044E-03
   115.0      0.7636E-03
   116.0      0.7238E-03
   117.0      0.6836E-03
   118.0      0.6422E-03
   119.0      0.5993E-03
   120.0      0.5553E-03
   121.0      0.5104E-03
   122.0      0.4653E-03
   123.0      0.4206E-03
   124.0      0.3771E-03
   125.0      0.3357E-03
   126.0      0.2969E-03
   127.0      0.2612E-03
   128.0      0.2289E-03
   129.0      0.2001E-03
   130.0      0.1749E-03
   131.0      0.1534E-03
   132.0      0.1355E-03
   133.0      0.1208E-03
   134.0      0.1091E-03
   135.0      0.9988E-04
   136.0      0.9285E-04
   137.0      0.8760E-04
   138.0      0.8373E-04
   139.0      0.8084E-04
   140.0      0.7855E-04
   141.0      0.7661E-04
   142.0      0.7487E-04
   143.0      0.7322E-04
   144.0      0.7151E-04
   145.0      0.6960E-04
   146.0      0.6737E-04
   147.0      0.6475E-04
   148.0      0.6180E-04
   149.0      0.5863E-04
   150.0      0.5531E-04
   151.0      0.5192E-04
   152.0      0.4849E-04
   153.0      0.4508E-04
   154.0      0.4174E-04
   155.0      0.3857E-04
   156.0      0.3560E-04
   157.0      0.3286E-04
   158.0      0.3037E-04
   159.0      0.2815E-04
   160.0      0.2624E-04
   161.0      0.2467E-04
   162.0      0.2343E-04
   163.0      0.2251E-04
   164.0      0.2186E-04
   165.0      0.2144E-04
   166.0      0.2125E-04
   167.0      0.2127E-04
   168.0      0.2149E-04
   169.0      0.2189E-04
   170.0      0.2243E-04
   171.0      0.2307E-04
   172.0      0.2378E-04
   173.0      0.2453E-04
   174.0      0.2528E-04
   175.0      0.2598E-04
   176.0      0.2658E-04
   177.0      0.2705E-04
   178.0      0.2738E-04
   179.0      0.2757E-04
   180.0      0.2764E-04
 END
