# 178 angles,  1 tensor ranks for 0=projectile
@subtitle   "p+O20 3- E. Khan reanalysis;"                                                  
@legend ON
@legend x1 0.2
@legend y1 0.8
@g0 type LOGY
@yaxis ticklabel format power
@legend string   0 "Lab energy =   43.2700"
#legend string   0 "Partition=  1 Excit=  1 near/far= 1"
#  Theta       sigma       iT11        T20         T21         T22         Kyy for projectile
   3.000      0.7977E+05
   4.000      0.2234E+05
   5.000       8720.    
   6.000       4608.    
   7.000       3158.    
   8.000       2570.    
   9.000       2283.    
   10.00       2103.    
   11.00       1956.    
   12.00       1818.    
   13.00       1678.    
   14.00       1536.    
   15.00       1393.    
   16.00       1251.    
   17.00       1112.    
   18.00       978.8    
   19.00       852.8    
   20.00       735.3    
   21.00       627.2    
   22.00       529.2    
   23.00       441.5    
   24.00       364.0    
   25.00       296.4    
   26.00       238.4    
   27.00       189.3    
   28.00       148.4    
   29.00       114.9    
   30.00       88.04    
   31.00       66.98    
   32.00       50.89    
   33.00       39.03    
   34.00       30.65    
   35.00       25.10    
   36.00       21.77    
   37.00       20.13    
   38.00       19.72    
   39.00       20.15    
   40.00       21.10    
   41.00       22.30    
   42.00       23.55    
   43.00       24.69    
   44.00       25.62    
   45.00       26.26    
   46.00       26.57    
   47.00       26.54    
   48.00       26.18    
   49.00       25.51    
   50.00       24.57    
   51.00       23.38    
   52.00       22.01    
   53.00       20.50    
   54.00       18.89    
   55.00       17.22    
   56.00       15.54    
   57.00       13.88    
   58.00       12.26    
   59.00       10.72    
   60.00       9.272    
   61.00       7.931    
   62.00       6.706    
   63.00       5.604    
   64.00       4.624    
   65.00       3.768    
   66.00       3.029    
   67.00       2.402    
   68.00       1.880    
   69.00       1.453    
   70.00       1.112    
   71.00      0.8472    
   72.00      0.6479    
   73.00      0.5048    
   74.00      0.4086    
   75.00      0.3505    
   76.00      0.3226    
   77.00      0.3176    
   78.00      0.3293    
   79.00      0.3521    
   80.00      0.3814    
   81.00      0.4133    
   82.00      0.4448    
   83.00      0.4735    
   84.00      0.4976    
   85.00      0.5160    
   86.00      0.5279    
   87.00      0.5330    
   88.00      0.5314    
   89.00      0.5233    
   90.00      0.5094    
   91.00      0.4902    
   92.00      0.4666    
   93.00      0.4393    
   94.00      0.4093    
   95.00      0.3773    
   96.00      0.3442    
   97.00      0.3106    
   98.00      0.2773    
   99.00      0.2448    
   100.0      0.2136    
   101.0      0.1841    
   102.0      0.1567    
   103.0      0.1316    
   104.0      0.1090    
   105.0      0.8886E-01
   106.0      0.7128E-01
   107.0      0.5623E-01
   108.0      0.4361E-01
   109.0      0.3330E-01
   110.0      0.2514E-01
   111.0      0.1896E-01
   112.0      0.1456E-01
   113.0      0.1174E-01
   114.0      0.1029E-01
   115.0      0.9992E-02
   116.0      0.1065E-01
   117.0      0.1208E-01
   118.0      0.1409E-01
   119.0      0.1651E-01
   120.0      0.1921E-01
   121.0      0.2203E-01
   122.0      0.2487E-01
   123.0      0.2762E-01
   124.0      0.3021E-01
   125.0      0.3256E-01
   126.0      0.3464E-01
   127.0      0.3639E-01
   128.0      0.3780E-01
   129.0      0.3885E-01
   130.0      0.3955E-01
   131.0      0.3991E-01
   132.0      0.3993E-01
   133.0      0.3964E-01
   134.0      0.3906E-01
   135.0      0.3823E-01
   136.0      0.3717E-01
   137.0      0.3593E-01
   138.0      0.3452E-01
   139.0      0.3299E-01
   140.0      0.3137E-01
   141.0      0.2969E-01
   142.0      0.2797E-01
   143.0      0.2624E-01
   144.0      0.2453E-01
   145.0      0.2284E-01
   146.0      0.2121E-01
   147.0      0.1964E-01
   148.0      0.1814E-01
   149.0      0.1672E-01
   150.0      0.1538E-01
   151.0      0.1414E-01
   152.0      0.1299E-01
   153.0      0.1192E-01
   154.0      0.1094E-01
   155.0      0.1004E-01
   156.0      0.9224E-02
   157.0      0.8479E-02
   158.0      0.7801E-02
   159.0      0.7184E-02
   160.0      0.6624E-02
   161.0      0.6114E-02
   162.0      0.5649E-02
   163.0      0.5225E-02
   164.0      0.4837E-02
   165.0      0.4481E-02
   166.0      0.4155E-02
   167.0      0.3855E-02
   168.0      0.3579E-02
   169.0      0.3327E-02
   170.0      0.3097E-02
   171.0      0.2888E-02
   172.0      0.2699E-02
   173.0      0.2532E-02
   174.0      0.2387E-02
   175.0      0.2262E-02
   176.0      0.2160E-02
   177.0      0.2079E-02
   178.0      0.2022E-02
   179.0      0.1987E-02
   180.0      0.1975E-02
 END
