155 1095
155 1832
155 1887
155 2930
155 2934
155 3315
155 3422
155 3462
155 4296
155 4547
155 5784
155 5826
155 7724
155 9299
155 9536
155 9538
155 10001
155 11449
155 11527
155 12165
155 12487
155 14074
155 15148
155 17369
155 20507
155 22348
155 23862
155 25464
155 25510
155 26863
155 26928
155 27833
155 29691
155 30565
155 30880
155 31504
155 34617
155 34640
155 37333
156 2464
156 3202
156 4588
156 5491
156 5760
156 10751
156 12048
156 14489
156 14987
156 15002
156 16252
156 17095
156 17436
156 20366
156 21197
156 23424
156 25027
156 25748
156 27022
156 27795
156 30664
156 33405
156 33549
156 33678
156 37554
156 42686
156 43424
156 43494
156 45093
156 45254
156 45733
156 47043
156 50088
156 51502
156 53113
156 53572
156 54282
156 54348
156 55321
156 56737
156 57580
156 57785
157 243
157 1094
157 3198
157 3437
157 3741
157 4356
157 6148
157 6726
157 7151
157 7392
157 9502
157 10729
157 12018
157 12144
157 12651
157 13946
157 14007
157 17519
157 18537
157 19457
157 20032
157 20321
157 22598
157 22754
157 24653
157 28186
157 29076
157 33513
157 34710
157 36605
157 36831
157 38608
157 39221
157 39852
157 40444
157 43662
157 44261
157 44991
157 46913
157 47030
157 47902
157 54825
157 55185
157 57358
157 61961
157 62080
157 62111
157 62165
157 63204
157 63770
157 63782
157 64029
157 64057
158 1695
158 2231
158 3821
158 3914
158 4361
158 6455
158 9352
158 10352
158 10981
158 12131
158 14041
158 15834
158 15918
158 16345
158 16535
158 16681
158 17033
158 17448
158 17684
158 19333
158 20456
158 20668
158 21084
158 23038
158 23788
158 24777
158 25168
158 26971
158 27470
158 27500
158 27931
158 28165
158 28888
158 29947
158 30319
158 31397
158 32077
158 33648
158 38546
158 40464
158 41117
158 41123
158 41881
158 45226
158 48433
158 49452
158 49623
158 54574
158 56223
159 18
159 271
159 1498
159 1956
159 2181
159 2184
159 2453
159 2793
159 4660
159 6769
159 9698
159 9968
159 10326
159 12623
159 14623
159 14972
159 15509
159 15577
159 16424
159 16633
159 17413
159 17634
159 26274
159 28553
159 28695
159 32340
159 33943
159 34081
159 35429
159 36416
159 37139
159 38804
159 44913
159 46225
159 46653
159 47907
159 48795
159 49168
159 52608
159 52864
159 53088
159 53359
160 164
160 581
160 4915
160 7229
160 7276
160 7304
160 8697
160 9758
160 9842
160 10730
160 15359
160 15644
160 16102
160 17675
160 19754
160 20043
160 22316
160 26835
160 26850
160 28627
160 28712
160 31591
160 35279
160 35439
160 35971
160 36153
160 36636
160 37140
160 37502
160 37627
160 38812
160 39778
160 40005
160 40696
160 43846
160 46907
160 47474
160 50120
160 51097
160 53612
160 53682
160 54145
160 54430
160 56510
160 57205
161 1582
161 2001
161 3023
161 3058
161 3605
161 4257
161 4907
161 5107
161 5355
161 5797
161 8804
161 9426
161 9814
161 10466
161 10751
161 12499
161 13559
161 14208
161 17603
161 20697
161 21030
161 22553
161 23004
161 23032
161 24089
161 25422
161 25644
161 26030
161 26278
161 28245
161 30144
161 32007
161 32431
161 33785
161 35366
161 35723
161 38224
161 41785
161 42881
161 43260
161 44030
161 45020
161 46249
161 47062
161 48178
161 48784
161 49065
161 49225
161 53648
161 53649
161 53666
161 54472
161 54985
161 55056
161 58871
162 928
162 1934
162 3751
162 4322
162 4338
162 4426
162 4616
162 5124
162 7169
162 8280
162 9033
162 9334
162 9881
162 11980
162 12441
162 12536
162 13205
162 13353
162 14599
162 14945
162 15638
162 22054
162 22590
162 23455
162 23678
162 24505
162 24912
162 28105
162 28411
162 29187
162 30388
162 30613
162 32888
162 34115
162 34239
162 36794
162 38371
162 40300
162 42607
162 42938
162 46473
162 48991
162 51412
162 52108
162 55243
163 3
163 1961
163 2463
163 2741
163 3316
163 6781
163 7177
163 7647
163 7793
163 11433
163 11641
163 12654
163 13368
163 13403
163 15865
163 17815
163 19801
163 19883
163 21039
163 21873
163 21884
163 24776
163 25219
163 25263
163 27006
163 27447
163 27980
163 32426
163 36283
163 36554
163 36943
163 37412
163 38511
163 41078
163 41712
163 44173
163 45889
163 46053
163 46555
163 50061
163 52900
163 54902
163 56246
163 56714
163 58656
163 58886
163 59087
164 1545
164 2001
164 4807
164 6967
164 8686
164 13299
164 13843
164 16011
164 16809
164 22845
164 24470
164 25318
164 30056
164 32818
164 35709
164 36738
164 37572
164 39752
164 41145
164 42036
164 42982
164 44022
164 44733
164 46529
164 46707
164 47622
164 49336
164 54590
164 55179
165 1352
165 2541
165 2910
165 2920
165 5767
165 6642
165 7786
165 9186
165 9911
165 12463
165 13993
165 14188
165 15321
165 16934
165 18853
165 19924
165 22066
165 25347
165 25633
165 25810
165 26704
165 27161
165 28305
165 29265
165 29392
165 30614
165 32219
165 34378
165 35827
165 37079
165 38379
165 38608
165 41371
165 42817
165 44302
165 44929
165 44988
165 45481
165 46296
165 46858
165 48133
165 49743
165 50019
165 50460
165 53195
165 54244
165 54739
165 54900
165 55280
166 250
166 949
166 6010
166 8060
166 9063
166 9377
166 9785
166 13651
166 14529
166 14588
166 14789
166 14934
166 16164
166 16909
166 17195
166 18808
166 21637
166 22041
166 22703
166 23996
166 24242
166 27244
166 29954
166 30662
166 31571
166 33626
166 35328
166 35862
166 36100
166 37592
166 44945
166 45348
166 46270
166 49892
166 50872
166 51355
166 53530
166 54707
166 56525
167 89
167 4947
167 5617
167 7328
167 7886
167 11785
167 12609
167 12955
167 13732
167 18475
167 19246
167 21588
167 22877
167 23674
167 25422
167 26120
167 26126
167 27798
167 27801
167 28577
167 29039
167 29696
167 30502
167 30826
167 30942
167 37322
167 39066
167 46014
167 46241
167 46793
167 51419
167 52195
167 53301
167 53846
167 54309
167 54887
167 56381
167 57616
167 58322
167 58529
167 61796
167 62185
167 62904
168 686
168 1653
168 1985
168 2214
168 2276
168 2734
168 4829
168 4962
168 9240
168 9520
168 11908
168 13445
168 13582
168 15114
168 17555
168 18107
168 21329
168 21424
168 24603
168 25995
168 26539
168 27059
168 27906
168 28006
168 29715
168 30096
168 30614
168 30810
168 31879
168 35163
168 37017
168 37722
168 38037
168 40351
168 43175
168 43367
168 44580
168 45646
168 46633
168 47855
168 49601
168 50562
168 51080
168 51522
168 53873
168 54665
168 57997
168 60224
168 61830
168 64512
168 65148
168 65340
168 65915
168 66102
168 66154
169 713
169 1296
169 2664
169 3763
169 4008
169 4835
169 5283
169 8145
169 8338
169 8744
169 14744
169 17127
169 17403
169 17432
169 19566
169 21275
169 21408
169 22369
169 23885
169 33341
169 37796
169 38688
169 40130
169 40207
169 40846
169 41932
169 42981
169 44085
169 45328
169 46024
169 47197
169 48190
169 49307
169 51295
169 51710
169 52651
169 52941
169 53461
169 53721
169 55956
169 56494
169 57169
169 57226
169 57310
169 58966
169 60118
169 60622
169 61665
169 63162
169 63479
169 64721
169 65106
169 66954
169 68478
169 68605
169 71207
169 71627
170 922
170 930
170 4981
170 7633
170 8068
170 9866
170 10331
170 14417
170 15782
170 18246
170 19409
170 20689
170 20851
170 21798
170 25801
170 25983
170 27142
170 28635
170 30494
170 32164
170 32951
170 37109
170 38935
170 40183
170 41863
170 43668
170 45896
170 46092
170 46286
170 47446
170 49012
170 50597
170 51990
170 53331
170 55342
170 58098
170 59840
170 62530
170 63652
170 64922
170 65800
170 67216
170 68280
170 70428
170 71195
171 767
171 1323
171 1699
171 2061
171 3093
171 4639
171 5191
171 8706
171 10329
171 12268
171 13047
171 13925
171 15535
171 19571
171 20533
171 20540
171 21085
171 22018
171 24147
171 24287
171 24652
171 24839
171 25849
171 27803
171 29985
171 30057
171 31229
171 32017
171 33352
171 33944
171 35329
171 35398
171 35506
171 37254
171 39548
171 40396
171 41221
171 41283
171 41671
171 41687
171 43352
171 43471
171 44809
171 47347
171 47461
171 48714
171 50286
171 50463
171 54371
171 56029
171 59516
171 59975
171 60950
171 63454
171 64671
171 64801
171 65510
171 66105
171 67059
171 67522
171 70339
171 70548
171 70977
172 24
172 236
172 1059
172 1567
172 2534
172 3206
172 4487
172 5499
172 6928
172 7819
172 8890
172 9066
172 9543
172 9888
172 13205
172 13271
172 16262
172 16413
172 17243
172 19820
172 22047
172 22710
172 22907
172 23435
172 24283
172 24918
172 27956
172 29009
172 32141
172 33121
172 37625
172 38174
172 39161
172 39172
172 42812
172 43847
172 46015
172 46036
172 46850
172 47320
172 48271
172 49003
172 49268
172 50253
172 51636
172 52333
172 53623
172 57078
172 58015
172 63023
172 65053
172 65787
172 68685
172 69356
172 70800
172 72297
172 73934
172 74277
172 74356
172 76301
172 78591
172 79384
172 79487
172 79853
172 80871
172 81494
172 81788
172 83449
172 84641
172 84796
173 541
173 1784
173 9704
173 10141
173 11848
173 13202
173 15015
173 15136
173 16026
173 16500
173 17914
173 18318
173 18761
173 19881
173 20514
173 20762
173 21566
173 22590
173 23389
173 23731
173 25245
173 25665
173 27113
173 29092
173 29820
173 30449
173 30545
173 31192
173 31377
173 32370
173 33249
173 37782
173 38578
173 40381
173 41739
173 42874
173 43636
173 43786
173 44723
173 46988
173 48030
173 48165
173 48576
173 48840
173 49803
173 51797
173 52008
173 54180
173 54181
173 59390
173 59471
173 65551
173 65645
173 69163
173 70017
173 70357
173 71575
173 72136
173 72661
174 512
174 940
174 2123
174 3047
174 6637
174 6645
174 7352
174 8332
174 11666
174 11724
174 15713
174 16412
174 20382
174 21908
174 24013
174 25676
174 25805
174 26340
174 26428
174 26694
174 26764
174 29877
174 30096
174 30705
174 31882
174 32358
174 32795
174 32935
174 35246
174 37663
174 39875
174 40733
174 40961
174 42263
174 43636
174 44482
174 44600
174 45848
174 46725
174 49742
174 53050
174 53430
174 53624
174 54151
174 54517
174 55101
174 55231
174 55678
174 56486
174 56495
174 57222
174 60718
174 61123
174 62083
174 63368
174 63531
174 63595
174 64202
174 64838
174 65321
174 65750
174 67016
174 68203
174 68471
174 68511
174 70517
174 70600
174 74458
174 74668
174 77671
174 79553
174 79642
175 1628
175 1744
175 4103
175 4785
175 4863
175 5090
175 5686
175 7684
175 8323
175 8866
175 11705
175 12115
175 13930
175 15975
175 17820
175 18255
175 19867
175 20578
175 22156
175 23426
175 23791
175 24034
175 24169
175 26775
175 28843
175 31654
175 32005
175 32052
175 32699
175 35835
175 35892
175 36227
175 38621
175 40773
175 43988
175 44652
175 44850
175 46635
175 52521
175 54453
176 2079
176 3117
176 4175
176 5677
176 7292
176 7611
176 8603
176 9194
176 13318
176 13402
176 13672
176 13775
176 15348
176 15570
176 15591
176 15917
176 16370
176 16797
176 19294
176 19379
176 19742
176 21976
176 23228
176 25471
176 25886
176 26762
176 27225
176 27774
176 29852
176 30563
176 31373
176 31530
176 32246
176 33693
176 34164
176 34717
176 35631
176 36943
176 37127
176 39048
176 39604
176 40200
176 45896
176 46731
176 50879
176 51642
176 54096
176 54478
176 57208
176 61679
176 63176
176 65239
176 65768
176 68751
176 69124
176 69863
176 70408
176 70745
176 71276
176 72062
176 72485
176 73106
176 73789
177 611
177 690
177 940
177 2316
177 2937
177 5570
177 8117
177 10575
177 11864
177 12510
177 14398
177 14756
177 14860
177 15537
177 17778
177 19500
177 20938
177 22896
177 23790
177 24647
177 24685
177 24750
177 25533
177 25785
177 30806
177 31907
177 32649
177 32868
177 33906
177 39433
177 39566
177 39853
177 40100
177 40500
177 40731
177 41799
177 42123
177 52846
177 53215
177 53528
177 54701
177 55962
177 56378
177 56632
177 59064
177 60258
177 60382
177 62804
177 63612
177 64170
177 64280
177 64437
177 65363
177 65657
177 65922
177 65940
177 66720
177 68845
178 5443
178 7212
178 8241
178 8324
178 8532
178 9818
178 10058
178 10509
178 11132
178 14268
178 15691
178 19939
178 20054
178 22186
178 22235
178 22816
178 23020
178 23236
178 23396
178 24024
178 24376
178 25235
178 25868
178 29873
178 29918
178 30355
178 31735
178 32119
178 35285
178 37610
178 37655
178 38932
178 38985
178 39506
178 40058
178 42287
178 43162
178 43517
178 43546
178 43980
178 47252
178 49692
178 51422
178 53584
178 55335
178 55551
178 56180
178 56359
178 57718
178 57917
178 58294
178 60300
178 60512
178 61284
178 61857
178 62127
178 62162
178 63305
178 64952
178 65011
178 65330
178 65371
178 65938
178 66461
178 66575
178 69248
178 71363
178 73393
178 74115
178 74642
178 75360
179 470
179 2619
179 3626
179 3987
179 4708
179 5524
179 5544
179 8171
179 8478
179 8914
179 9206
179 10147
179 10827
179 11680
179 12823
179 15374
179 16200
179 16403
179 16524
179 17512
179 17630
179 18703
179 19515
179 19573
179 20012
179 21955
179 22207
179 22466
179 23737
179 25714
179 26570
179 26729
179 27784
179 27842
179 28111
179 28979
179 29879
179 30644
179 32848
179 36411
179 38092
179 38590
179 38605
179 39652
179 40562
179 41586
179 44994
179 45268
179 45466
179 50882
179 51277
179 51533
179 58942
180 1698
180 2212
180 2321
180 3198
180 3329
180 4488
180 5235
180 5480
180 5707
180 6482
180 7265
180 7308
180 7720
180 9485
180 10565
180 11141
180 11364
180 12077
180 13213
180 17511
180 17725
180 18259
180 23711
180 24204
180 27003
180 29727
180 31098
180 33243
180 33643
180 34619
180 34832
180 35563
180 36442
180 37408
180 37472
180 38515
180 38965
180 39649
180 42410
180 42424
180 43996
180 45002
180 45890
180 46476
180 47454
180 47664
180 47726
180 47847
180 48035
180 49736
180 52465
180 52955
180 53752
180 54340
180 54594
180 60352
180 61005
180 61010
180 61734
180 62451
180 62859
180 63154
180 64618
180 64981
181 1043
181 2268
181 3470
181 6495
181 6851
181 8584
181 8675
181 8932
181 12407
181 13004
181 13041
181 18434
181 18475
181 23044
181 23411
181 23550
181 23773
181 26184
181 27936
181 28746
181 31583
181 32298
181 33784
181 35833
181 38131
181 40281
181 40594
181 43342
181 44767
181 46651
181 46850
181 47031
181 49433
181 49972
181 50279
181 50462
181 51260
181 51570
181 51809
181 51841
181 52866
181 53685
181 55004
181 55198
181 55263
181 55689
181 56287
181 58580
181 58866
181 59628
181 60974
181 61787
181 62121
181 63081
181 64757
181 64935
181 67742
181 67892
181 68156
181 68615
181 68908
181 70643
181 71984
181 72139
181 72338
181 72511
181 72952
181 74065
181 76635
181 77243
181 81071
181 81663
181 81864
181 82861
181 84685
181 84884
181 85367
181 86695
181 88011
182 2
182 980
182 2271
182 3007
182 3262
182 3340
182 6087
182 6786
182 7314
182 8151
182 10360
182 11944
182 13239
182 14542
182 14602
182 16338
182 17610
182 18741
182 21425
182 22342
182 23051
182 23582
182 25349
182 27488
182 29444
182 31243
182 31386
182 31527
182 32317
182 33952
182 34036
182 34422
182 34687
182 36653
182 37079
182 37446
182 37459
182 42564
182 44398
182 46002
182 48817
182 49438
182 51783
182 52296
182 53970
182 54896
182 54933
182 55598
182 56479
182 58546
182 59725
182 60070
182 61859
182 62630
182 64967
182 65013
182 66230
182 69632
184 4001
184 4603
184 7603
184 9159
184 9292
184 10058
184 11394
185 4130
185 4616
185 5315
185 6675
185 8284
185 10270
185 10576
185 10624
185 13311
185 13815
185 14925
185 17544
185 21002
185 21072
185 23036
185 26222
185 26231
185 27460
185 27976
185 27996
185 28421
185 29373
185 30307
185 30613
185 32233
185 33077
185 36255
185 39207
185 40716
185 41101
185 41845
185 41881
185 43825
185 45189
185 45309
185 47520
185 50845
185 51111
185 52224
185 52482
185 52985
185 54672
185 54690
185 57201
185 57368
185 57717
186 1068
186 1409
186 1627
186 2835
186 3063
186 3614
186 3806
186 5772
186 6847
186 7017
186 8136
186 8379
186 9719
186 10038
186 10953
186 12372
186 13072
186 14283
186 14499
186 15338
186 17657
186 17984
186 21915
186 23843
186 25070
186 25308
186 25434
186 28641
186 29302
186 32152
186 32745
186 33518
186 36769
186 38328
186 42636
186 42745
186 42946
186 43000
186 44129
186 44556
186 45805
186 46168
186 47734
186 49988
186 50213
186 54604
186 57886
186 57956
186 58821
186 59049
186 59763
186 60494
186 60823
186 61572
186 61579
186 61795
186 61979
186 63997
186 64399
187 2537
187 2915
187 3033
187 3595
187 3597
187 4360
187 5389
187 5579
187 7009
187 7742
187 11140
187 11548
187 13872
187 18211
187 20026
187 20052
187 22942
187 26683
187 27825
187 28706
187 29520
187 31874
187 32120
187 33866
187 34816
187 39772
187 39944
187 40783
187 40918
187 41256
187 41648
187 43187
187 44194
187 46170
187 46458
187 48262
187 48531
187 49126
187 49241
187 49451
187 49692
187 50458
187 51390
187 53688
187 57212
187 57326
187 58422
187 59603
187 60050
187 60496
187 60599
187 61862
187 62578
187 63216
188 781
188 1498
188 1978
188 2709
188 2842
188 5307
188 6133
188 6864
188 7959
188 8398
188 9655
188 10492
188 13113
188 13219
188 13652
188 17378
188 17548
188 19262
188 22099
188 22563
188 24236
188 24400
188 25337
188 26851
188 29896
188 33676
188 34623
188 36750
188 40710
188 42917
188 43541
188 43747
188 44452
188 45768
188 46078
188 46121
188 49701
188 50754
188 50835
188 52399
188 55164
188 55238
188 56142
188 58031
188 59658
188 60843
188 60889
188 61430
188 62554
188 62620
188 64647
188 65856
188 66410
188 66837
189 1401
189 4243
189 4412
189 6346
189 8636
189 9498
189 10089
189 11113
189 11120
189 13301
189 13630
189 14106
189 16864
189 17181
189 18591
189 22116
189 22152
189 22448
189 22766
189 23610
189 23653
189 25678
189 26216
189 27080
189 27657
189 29099
189 29385
189 31164
189 33792
189 35500
189 37245
189 39563
189 41225
189 41812
189 42768
189 43335
189 49700
189 49987
189 54013
189 54701
190 1095
190 4868
190 6569
190 8169
190 9745
190 11441
190 12114
190 15333
190 16347
190 16417
190 16434
190 17502
190 18528
190 19076
190 19621
190 21016
190 23391
190 23760
190 23968
190 25127
190 25763
190 30843
190 32284
190 32602
190 33645
190 33914
190 35889
190 36985
190 37385
190 37591
190 38327
190 38896
190 42217
190 43516
190 43962
190 44914
190 45283
190 45447
190 45629
190 46046
190 46207
190 46585
190 46702
190 47148
190 49073
190 49336
190 50374
190 53249
190 54745
190 54760
190 55825
190 57456
190 58506
190 59931
190 61043
190 64270
190 64795
191 987
191 1627
191 5044
191 5496
191 6374
191 8046
191 11018
191 12829
191 13779
191 16675
191 18068
191 18418
191 20322
191 29659
191 30365
191 31976
191 36324
191 36827
191 37282
191 37882
191 40003
191 40403
191 40964
191 41771
191 46093
191 46991
191 47668
191 48270
191 49415
191 49978
191 51836
191 52025
191 53514
191 53811
191 54939
191 56918
191 58635
191 58741
191 58868
191 58918
191 59126
191 59290
191 60355
191 61838
191 62045
191 63789
191 63852
191 64037
191 64067
191 64505
191 66343
191 67629
192 700
192 744
192 6279
192 6648
192 7063
192 8035
192 8752
192 9485
192 11039
192 11963
192 12496
192 12597
192 13016
192 16730
192 19282
192 24170
192 30899
192 32082
192 33102
192 34327
192 34410
192 36728
192 38404
192 39206
192 42929
192 46356
192 51576
192 52173
192 52299
192 54077
192 54463
192 54745
192 55561
192 56844
192 57797
192 58770
192 59564
192 61990
192 62901
192 64217
192 65962
192 66766
192 66822
193 541
193 2849
193 3391
193 4056
193 5759
193 6965
193 9906
193 10133
193 10152
193 10266
193 11770
193 12353
193 17619
193 17951
193 19391
193 19597
193 20346
193 20650
193 22374
193 23583
193 23982
193 25408
193 26626
193 27589
193 28222
193 28818
193 30528
193 32824
193 34514
193 35131
193 36290
193 36412
193 38237
193 38992
193 39257
193 46192
193 47997
193 49508
193 51200
193 51870
193 54834
193 56448
193 58426
193 58482
194 868
194 1781
194 2090
194 2579
194 3853
194 4004
194 6938
194 7377
194 7653
194 8355
194 9943
194 10888
194 11264
194 11608
194 15731
194 16048
194 17733
194 18122
194 18629
194 19217
194 21125
194 23779
194 23869
194 25408
194 28618
194 31389
194 32910
194 33309
194 34833
194 37932
194 39744
194 40515
194 40871
194 43616
194 44049
194 45386
194 46658
194 48734
194 49522
194 50362
194 53743
194 54706
194 55108
194 57903
194 59523
194 61559
194 61935
194 62235
194 62799
194 63297
194 63519
194 65550
194 66913
194 67881
194 67892
195 193
195 646
195 1070
195 1738
195 2360
195 2759
195 4552
195 6227
195 6317
195 6527
195 7845
195 8842
195 12009
195 12066
195 12815
195 13427
195 16406
195 17279
195 18442
195 18562
195 20014
195 23856
195 24595
195 25416
195 25819
195 26357
195 27560
195 27778
195 28513
195 30174
195 30802
195 32512
195 32606
195 33538
195 34060
195 37713
195 40306
195 40611
195 41457
195 42733
195 44950
195 45033
195 45183
195 47788
195 47799
195 49046
195 50230
195 50719
195 51733
195 52823
195 58407
195 59012
195 59432
195 59707
195 60027
195 62133
195 62552
195 62804
195 63255
195 63592
195 64387
195 64866
195 65288
195 67149
195 67652
196 235
196 497
196 1232
196 1285
196 1910
196 1987
196 3281
196 4004
196 5498
196 6444
196 6859
196 11788
196 12821
196 12889
196 13539
196 13792
196 14307
196 15961
196 16166
196 18576
196 19095
196 19886
196 20393
196 20831
196 22118
196 22288
196 25479
196 26932
196 28344
196 31263
196 31583
196 32747
196 35894
196 39069
196 39193
196 41574
196 42460
196 42607
196 43269
196 44596
196 45556
196 47875
196 49295
197 621
197 1253
197 2064
197 2972
197 5236
197 5909
197 6068
197 6149
197 10846
197 10976
197 11733
197 12006
197 14998
197 15094
197 16942
197 17041
197 18500
197 19351
197 20931
197 21373
197 23193
197 25895
197 26059
197 26665
197 27147
197 28366
197 30551
197 34294
197 34897
197 36205
197 36230
197 37262
197 37722
197 38129
197 38293
197 39439
197 40684
197 41225
197 43747
197 45607
197 45645
197 45872
197 46550
197 46608
197 47440
197 48800
197 50031
197 51194
197 51250
197 52879
197 53018
197 58465
197 58961
197 59466
197 60293
197 62431
197 65165
197 65346
197 67826
197 68297
197 68791
197 68925
197 69160
197 70011
197 70198
197 70282
197 70837
200 782
200 2347
200 2473
200 4752
200 5378
200 5465
200 5897
200 6841
200 8903
200 10284
200 12507
200 12615
200 12871
200 13741
200 13892
200 14109
200 14227
200 14276
200 20635
200 21831
200 23099
200 24417
200 24567
200 24819
200 24897
200 25354
200 25923
200 26835
200 31125
200 31249
200 32649
200 33273
200 35646
200 37267
200 37747
200 38179
200 38325
200 39680
200 41939
200 42171
200 42584
200 42675
200 43813
200 44676
200 45407
200 45521
200 48771
200 50747
200 52365
200 52432
200 53075
200 54119
200 56412
200 59097
200 59860
200 59963
200 60223
200 60293
200 60515
200 60709
200 61640
200 61670
200 62270
200 62967
200 63189
200 63993
200 64914
200 65006
201 2075
201 3291
201 5014
201 6676
201 6677
201 7815
201 8396
201 10033
201 10143
201 11257
201 11399
201 15041
201 16448
201 17331
201 18705
201 20434
201 21847
201 23294
201 24001
201 26319
201 26765
201 26874
201 27113
201 28482
201 29038
201 30111
201 31038
201 31900
201 34504
201 35621
201 35811
201 36925
201 39620
201 39815
201 39879
201 41705
201 41934
201 42619
201 44262
201 44367
201 44634
201 44984
201 47149
201 48947
201 49105
201 53537
201 55027
201 55551
201 57488
201 57643
201 57776
201 61978
201 62068
201 64559
201 65583
201 65799
201 68469
201 69410
201 69900
201 70300
201 71825
202 1982
202 2058
202 4124
202 4629
202 6295
202 6633
202 7091
202 7735
202 8784
202 8843
202 10790
202 11676
202 12346
202 13354
202 14861
202 16115
202 18344
202 18361
202 18502
202 20083
202 20285
202 20901
202 23847
202 24378
202 26047
202 27179
202 28182
202 30218
202 30700
202 31170
202 31839
202 31953
202 32662
202 33825
202 35306
202 35702
202 36386
202 36595
202 37348
202 39594
202 39889
202 41582
202 41690
202 42611
202 43198
202 43224
202 46048
202 46167
202 47113
202 47420
202 48095
202 50089
202 50168
202 50776
202 52902
202 53887
202 54724
202 55314
202 57118
202 58713
202 62954
202 63472
203 201
203 293
203 1941
203 4297
203 4709
203 5744
203 5918
203 6047
203 10468
203 10711
203 11650
203 12438
203 13968
203 14558
203 17718
203 18958
203 19004
203 19498
203 21422
203 21907
203 23433
203 23854
203 24896
203 25153
203 26160
203 26871
203 27150
203 30160
203 30409
203 31536
203 31706
203 34575
203 35682
203 36964
203 37394
203 40664
203 42646
203 43399
203 43967
203 44871
203 46404
203 47437
203 48795
203 51720
203 51967
203 52212
203 52317
203 52763
203 54102
203 54851
203 55910
203 56192
203 56878
203 59989
203 60188
203 60306
203 60401
203 63745
204 1133
204 2585
204 3005
204 5273
204 6772
204 11143
204 12661
204 16422
204 17799
204 18278
204 21296
204 21714
204 23682
204 23805
204 25889
204 26615
204 27301
204 28966
204 29934
204 30015
204 30292
204 31906
204 33442
204 33676
204 34079
204 34544
204 34599
204 36127
204 38484
204 40605
204 41798
204 42526
204 43636
204 44255
204 45984
204 47650
204 48668
204 49214
204 49826
204 51349
204 51969
204 52200
204 55192
204 55950
204 56355
204 56849
204 58301
204 59143
205 5179
205 6528
205 8518
205 9081
205 11213
205 13428
205 13560
205 13680
205 14632
205 15122
205 16986
205 18214
205 18261
205 19496
205 21446
205 21470
205 21906
205 22637
205 23066
205 23925
205 24761
205 26236
205 27766
205 28077
205 29978
205 33493
205 36458
205 37080
205 38249
205 38943
205 39752
205 42955
205 44436
205 44492
205 46180
205 48983
205 49752
205 50629
205 51232
205 51524
205 54512
205 55263
205 58173
205 59471
205 60493
205 62802
205 64297
205 67435
205 67508
206 1508
206 2978
206 3113
206 3676
206 3823
206 4289
206 6012
206 7291
206 7781
206 8897
206 10965
206 13140
206 13229
206 13945
206 13964
206 14463
206 15091
206 15545
206 18716
206 19794
206 21119
206 22285
206 22890
206 22992
206 23645
206 25978
206 27229
206 28355
206 28553
206 29215
206 29299
206 30443
206 32851
206 32944
206 33320
206 36737
206 39661
206 42737
206 43762
206 44453
206 45775
206 51388
206 51557
206 53671
206 56293
206 56755
206 57542
206 57897
206 58798
206 60323
206 60446
206 60707
206 61901
206 62148
206 62653
206 63513
206 67738
206 68558
206 69068
206 69072
206 70398
207 106
207 172
207 303
207 1345
207 1384
207 1757
207 2815
207 3739
207 3896
207 5972
207 6489
207 9097
207 9688
207 10634
207 10851
207 11876
207 12839
207 17682
207 20386
207 20955
207 21556
207 22282
207 24048
207 24996
207 25089
207 26341
207 26754
207 26874
207 27891
207 29251
207 29942
207 30219
207 31993
207 32229
207 33064
207 33522
207 36282
207 36944
207 36964
207 37543
207 38829
207 39823
207 42079
207 43273
207 43460
207 45352
207 45491
207 46613
207 46781
207 48363
207 50343
207 50731
207 51251
207 54162
207 55366
207 56450
207 57897
207 58881
207 58946
207 59009
207 60868
207 61088
207 62382
207 63125
207 66300
207 66898
207 69009
207 70755
208 307
208 1993
208 3740
208 4573
208 7885
208 9656
208 10428
208 12905
208 15388
208 17799
208 19797
208 21788
208 22458
208 23120
208 23621
208 23987
208 24996
208 25331
208 25732
208 26214
208 27591
208 28718
208 30219
208 30358
208 31280
208 35173
208 35774
208 35848
208 37963
208 38299
208 39404
208 41997
208 42234
208 42438
208 44875
208 44972
208 45070
208 46254
208 57463
208 57784
208 58132
208 60469
208 64090
208 67531
208 69194
208 69493
208 71513
208 71770
208 72266
208 73506
208 74161
208 78002
208 78429
208 78913
208 82387
208 83762
208 83766
208 86104
208 86722
208 87761
208 88301
208 89603
208 89864
208 90196
208 91439
208 97676
209 2041
209 2942
209 8196
209 9594
209 10488
209 13699
209 13892
209 17438
209 23464
209 23558
209 23721
209 23794
209 25844
209 25878
209 34627
209 36303
209 40324
209 40831
209 43747
209 46632
209 47173
209 48284
209 49602
209 55291
209 60594
209 62309
209 63457
209 65149
209 68890
209 70209
209 73277
209 75490
209 77911
209 78153
209 78421
209 80513
209 81210
209 82440
209 83678
209 85163
209 86033
209 87971
209 90289
209 90682
209 90988
209 92577
209 97565
209 99355
209 103119
209 105246
209 108817
209 109645
209 111695
209 113995
209 114039
209 114189
209 117109
209 118605
209 121349
209 124519
209 126997
209 128107
209 128489
209 128630
209 130197
209 130258
209 131826
209 133313
209 134234
209 135906
210 4344
210 4897
210 7265
210 10501
210 10560
210 13808
210 13814
210 13843
210 16043
210 17526
210 21046
210 23755
210 25587
210 27291
210 32271
210 34878
210 39594
210 40078
210 40128
210 40939
210 41387
210 45990
210 49885
210 53657
210 56560
210 60014
210 60478
210 60741
210 60975
210 63275
210 67144
210 67456
210 71992
210 72323
210 80647
210 81654
210 82667
210 86171
210 87134
210 88929
210 91118
210 91963
210 93686
210 94691
210 95285
210 97741
210 100536
210 101772
210 103499
210 104424
210 105875
210 106316
210 107840
210 109200
210 109557
210 110470
210 113019
210 119577
210 125930
210 126211
210 128297
210 129052
210 130403
210 132071
210 134154
210 135052
210 135603
210 136197
211 1253
211 5506
211 6945
211 11256
211 13779
211 14266
211 14925
211 15087
211 15305
211 18096
211 19516
211 22209
211 29761
211 29878
211 31030
211 37626
211 40042
212 801
212 2114
212 3951
212 4213
212 8432
212 9797
212 11612
212 16697
212 16806
212 21568
212 22028
212 25506
212 26413
212 27272
212 29292
212 46266
212 46288
212 49423
212 51741
212 56268
212 58277
212 59513
212 59831
212 60752
212 62371
212 65571
212 66781
212 67520
212 76159
212 78759
212 79321
212 86663
212 89394
212 90863
212 93252
212 93950
212 95325
212 96714
212 101260
212 102969
212 105096
212 106427
212 110913
212 111271
212 111639
212 118912
212 121179
212 123167
212 123368
212 124889
212 125294
212 125377
212 127415
212 129104
212 134705
212 138802
212 140396
212 148402
213 796
213 1531
213 1798
213 2209
213 3666
213 8073
213 8419
213 11440
213 15590
213 16604
213 17605
213 19133
213 19318
213 19326
213 22483
213 23212
213 23797
213 26257
213 28248
213 32457
213 32712
213 33754
213 35870
213 38280
213 42265
213 44198
213 45946
213 47736
213 52477
213 56174
213 56554
213 57653
213 58671
213 59512
213 61580
213 65190
213 70012
213 72012
213 72982
213 76635
213 77421
213 78463
213 79237
213 81857
213 82271
213 84983
213 85592
213 87290
213 90560
213 93132
213 94256
213 98389
213 100935
213 104682
213 107824
213 109156
213 110773
213 111039
213 112637
213 115886
213 124770
213 127934
213 132823
213 132952
213 138683
213 139979
213 140528
213 141030
213 141187
213 143039
213 143396
213 146906
213 147139
213 147696
213 148272
213 149072
213 151265
213 158391
213 164641
213 166779
213 168731
213 169310
215 932
215 2871
215 4952
215 5442
215 12025
215 12454
215 21145
215 22659
215 30139
215 30581
215 36647
215 42507
215 42643
215 43559
215 43757
215 46081
215 49217
215 50264
215 51109
215 52172
215 53320
215 53409
215 53767
215 54131
215 57506
215 59363
215 61576
215 66779
215 73587
215 75681
215 78339
215 79265
215 80453
215 81633
215 83611
215 85381
215 86708
215 87382
215 88891
215 90754
215 91072
215 91116
215 91370
215 92029
215 95190
215 98812
215 105828
215 107388
215 108352
215 110045
215 110377
215 110431
215 113159
215 113373
215 116605
215 116968
215 120466
215 121324
215 121567
215 122301
215 126205
215 126415
215 126750
215 127451
215 128324
215 128724
215 133516
215 137707
215 138897
215 140332
215 146562
215 151700
215 152245
215 152662
216 695
216 4156
216 4463
216 5729
216 6621
216 6961
216 10854
216 13906
216 16574
216 19670
216 21365
216 23915
216 26298
216 27366
216 27710
216 31674
216 35866
216 36835
216 39173
216 39488
216 40392
216 44616
216 46836
216 47768
216 51566
216 52650
216 52723
216 54753
216 60000
216 65825
216 68690
216 72778
216 72925
216 74443
216 74804
216 76858
216 77477
216 81750
216 84620
216 89160
216 89493
216 93085
216 94151
216 95983
216 96708
216 97522
216 99639
216 99793
216 99917
216 100903
216 103413
216 104836
216 105318
216 108147
216 112780
218 593
218 2090
218 2759
218 3329
218 3464
218 5004
218 6259
218 6369
218 7407
218 7485
218 7876
218 8087
218 11184
218 11825
218 12133
218 15859
218 17032
218 18536
218 19739
218 22041
218 22329
218 23086
218 23308
218 24033
218 24085
218 24700
218 25017
218 25253
218 26227
218 26229
218 27262
218 28874
218 33058
218 34122
218 36089
218 36093
220 579
220 620
220 984
220 1151
220 1209
220 1759
220 1779
220 2354
220 7079
220 8536
220 8835
220 10157
220 12794
220 13600
220 15377
220 15486
220 16019
220 16223
220 16386
220 16864
220 18263
220 21515
220 22599
220 23427
220 25249
220 25818
220 25819
220 25969
220 26098
220 26386
220 26745
221 454
221 2032
221 5426
221 6678
221 7230
221 7630
221 10650
221 10864
221 11569
221 13002
221 18501
221 19499
221 19995
221 20489
221 21480
221 23528
221 23810
221 25669
221 26109
221 27246
221 30287
221 30919
221 32132
221 32409
221 33470
221 36491
221 36905
221 37057
221 38017
221 38945
221 40928
221 42074
221 43094
221 44476
221 47476
221 47945
221 49227
221 49549
221 49602
221 50205
221 50710
221 51337
221 51995
221 52035
221 55789
221 56763
221 57387
221 58792
221 62851
221 63072
221 65012
221 66352
221 66888
221 67631
221 68104
221 69067
221 69654
221 70922
221 71702
221 71726
221 73344
221 73512
222 783
222 2868
222 4605
222 5745
222 5862
222 6260
222 8652
222 8753
222 9062
222 9756
222 11201
222 12757
222 16070
222 16562
222 18822
222 21416
222 21945
222 22726
222 25281
222 26739
222 28598
222 28692
222 29601
222 32185
222 32946
222 33406
222 33481
222 35787
222 37170
222 38002
222 39720
222 40017
222 40838
222 41148
222 44027
222 44087
222 44419
222 44568
222 45061
222 47574
222 48635
222 49092
222 50292
222 50536
222 51249
222 51304
222 51419
222 52491
222 53167
222 53340
222 54834
222 56522
222 56940
222 57666
222 57693
222 58394
222 59401
222 59459
222 59570
222 61577
222 62944
222 63193
222 63345
222 63962
222 64209
222 64675
222 65398
222 66803
222 67152
222 67952
222 73850
222 74187
222 75990
222 77887
222 79545
222 80011
222 80027
222 80785
223 157
223 2277
223 4640
223 5476
223 7550
223 8221
223 11526
223 12244
223 12783
223 13108
223 13313
223 13446
223 13575
223 14633
223 15307
223 15961
223 16753
223 19339
223 19800
223 20410
223 20699
223 22311
223 22326
223 22575
223 23331
223 25205
223 25682
223 30056
223 30946
223 31500
223 32117
223 32315
223 32847
223 35116
223 36252
223 37945
223 38628
223 41393
223 42664
223 43707
223 44416
223 46716
223 48752
223 49296
223 50826
223 51033
223 52571
223 55459
223 58129
223 60028
223 60510
223 67165
223 69712
223 69797
224 1071
224 1093
224 4118
224 4476
224 4933
224 5003
224 7896
224 8952
224 9825
224 10095
224 11804
224 12286
224 14017
224 15218
224 15466
224 17368
224 17650
224 18071
224 19021
224 20610
224 21247
224 25386
224 26159
224 28351
224 28672
224 28884
224 32315
224 33255
224 35143
224 37120
224 41802
224 42895
224 43879
224 43975
224 45684
224 48419
224 49138
224 49345
224 49485
224 49650
224 52786
224 52810
224 54265
224 56473
224 58273
224 60344
224 61045
224 63404
224 68051
224 68242
225 2390
225 4069
225 4396
225 6283
225 6702
225 6802
225 6856
225 8849
225 8866
225 9202
225 9269
225 12915
225 13358
225 13584
225 15487
225 17894
225 19460
225 22156
225 22952
225 23248
225 23317
225 23603
225 23896
225 27374
225 30542
225 31464
225 33099
225 34119
225 35143
225 35220
225 39675
225 40061
225 40266
225 41836
225 46053
225 46763
226 1448
226 2769
226 4245
226 5197
226 9636
226 10961
226 11736
226 12007
226 12107
226 14738
226 15467
226 18662
226 18822
226 19238
226 20353
226 20957
226 21447
226 22053
226 22975
226 23416
226 25886
226 27001
226 27238
226 30937
226 30950
226 32469
226 37002
226 39361
226 40090
226 40104
226 40667
226 41096
226 42787
226 45183
226 45480
226 45571
226 48723
226 49252
226 49431
226 49886
226 50214
226 50229
226 51194
226 53083
226 54013
226 54265
226 54271
226 57091
226 59042
226 60790
226 63964
226 66247
226 68793
226 68974
226 69570
226 70001
226 70122
226 70503
226 70819
226 70940
226 71655
226 71750
226 71920
226 72083
226 73387
226 73538
226 74679
226 76469
226 76653
226 77651
226 78425
226 78952
227 1479
227 2605
227 4253
227 4381
227 5716
227 6590
227 11381
227 16972
227 18047
227 18461
227 18832
227 19131
227 19240
227 20253
227 20921
227 21122
227 22392
227 22820
227 22915
227 24055
227 25356
227 27806
227 27821
227 35553
227 35563
227 38300
227 39217
227 41476
227 41588
227 44537
227 45495
227 50976
227 54390
227 55042
227 55281
227 55458
227 57511
227 58729
227 60721
227 61901
227 61963
227 62080
227 62332
227 62481
227 62721
227 63409
227 66198
227 66962
227 67117
227 67501
227 68033
227 69862
227 71371
227 72298
228 1579
228 4361
228 4821
228 4885
228 5583
228 6311
228 6656
228 9372
228 10147
228 11882
228 12516
228 13214
228 15510
228 16674
228 17258
228 17517
228 19671
228 19905
228 20562
228 21614
228 22446
228 23158
228 23450
228 24170
228 24490
228 24828
228 25251
228 26575
228 27771
228 28178
228 28870
228 30247
228 31316
228 32264
228 32836
228 36049
228 36831
228 39762
228 48457
228 49599
228 51066
228 51118
228 51444
228 52304
228 54050
228 55839
228 56951
228 57189
228 58624
228 63065
229 262
229 390
230 765
230 3099
230 6485
230 8162
230 12234
230 16439
230 18341
230 20196
230 20632
230 21931
230 21959
230 22373
230 23415
230 24382
230 25853
230 26459
230 32484
230 33236
230 34791
230 39311
230 40509
230 42834
230 43483
230 43742
230 45461
230 45686
230 47130
230 48724
230 51344
230 52486
230 53268
230 54480
230 54526
230 56747
230 56751
230 58846
230 61128
230 62391
231 411
231 820
231 1433
231 2440
231 2920
231 3823
231 4361
231 5438
231 8261
231 9390
231 11382
231 11577
231 12659
231 15276
231 15754
231 15973
231 17676
231 17985
231 19353
231 21269
231 21852
231 23565
231 23624
231 24748
231 26428
231 27512
231 34672
231 34800
231 35922
231 36380
231 37032
231 47191
231 47352
231 48772
231 48955
231 49617
231 50267
231 50859
231 50917
231 53599
231 54983
231 55043
231 59136
231 60084
231 63237
231 63726
231 64530
231 66841
231 68914
231 70395
232 266
232 496
232 1761
232 2949
232 4080
232 4163
232 9419
232 10030
232 11415
232 12909
232 16925
232 20639
232 21093
232 21256
232 21338
232 22982
232 24649
232 25315
232 25324
232 28271
232 28962
232 30652
232 30665
232 30912
232 30990
232 32972
232 34083
232 35365
232 36205
232 38077
232 38185
232 40222
232 42279
232 43186
232 43242
232 43249
232 43647
232 45669
232 47592
232 47846
232 51216
232 52527
232 53063
232 53581
232 55086
232 55957
232 56761
232 58149
232 58255
232 58407
232 58694
232 59405
232 65234
232 65521
232 66305
232 66451
232 68029
232 69229
232 69818
232 71222
232 72684
232 73199
232 73294
232 73651
232 73675
232 73794
232 74856
232 75063
232 75869
232 78379
232 78692
232 80667
232 81877
232 82838
233 1885
233 3806
233 3931
233 4312
233 5847
233 6167
233 6895
233 10896
233 11501
233 12315
233 12486
233 12490
233 12794
233 13722
233 14948
233 15242
233 15332
233 15691
233 17905
233 18615
233 18738
233 19008
233 19272
233 19767
233 20516
233 20736
233 21570
233 21671
233 22937
233 23911
233 25005
233 25621
233 26753
233 26896
233 26938
233 31148
233 32491
233 33094
233 38276
233 38300
233 39053
233 42207
233 42781
233 44621
233 45223
233 46216
233 46402
233 46868
233 47008
233 48351
233 50207
233 51206
233 52995
233 54846
233 55244
233 57831
233 58246
233 60146
233 61239
233 61342
233 62724
233 65097
233 66157
233 66191
233 66248
233 70381
233 72277
233 75422
233 77178
233 77390
233 78879
234 2178
234 6709
234 7906
234 7948
234 8324
234 12784
234 13528
234 15440
234 16486
234 16549
234 18975
234 19021
234 20229
234 20685
234 20895
234 21457
234 22317
234 23110
234 23224
234 23465
234 24141
234 24294
234 27197
234 28129
234 29533
234 30841
234 31914
234 31971
234 32226
234 32388
234 33236
234 33953
234 33979
234 34849
234 35844
234 37340
234 37594
234 40145
234 42923
234 43490
234 44076
234 47650
234 48700
234 49881
234 52588
234 52776
234 55425
234 56788
234 57728
234 59766
234 60513
234 60960
234 60971
234 62821
234 65006
234 65050
234 65945
234 69215
234 71741
234 73413
234 74383
234 75748
234 76311
234 77786
234 77818
234 77840
234 78195
234 79027
234 80712
234 81211
234 82206
234 83298
234 83481
234 84573
234 85208
234 85685
234 86886
234 87466
234 87970
234 88691
234 89076
234 90743
235 1210
235 2272
235 2298
235 2510
235 2642
235 2679
235 3486
235 3685
235 5101
235 6953
235 7524
235 7554
235 8082
235 8186
235 8661
235 10638
235 11681
235 14448
235 14451
235 17361
235 19450
235 21661
235 22806
235 23421
235 24843
235 27355
235 27831
235 30508
235 30631
235 30713
235 33262
235 34063
235 34147
235 34627
235 38595
235 39902
235 41834
235 42203
235 42913
235 46802
235 48574
235 49079
235 49775
235 50571
235 51583
235 51919
235 53747
235 55942
235 56161
235 56665
235 56931
235 57753
235 61348
235 63624
235 64559
235 66308
235 67163
235 67463
235 69159
235 69695
235 70019
235 70512
235 73600
235 74590
235 75875
235 76913
235 78320
235 78492
235 79169
235 79523
235 79601
235 79911
235 80392
236 902
236 1834
236 4044
236 6076
236 6272
236 11745
236 12317
236 12344
236 15218
236 15961
236 18361
236 18692
236 23498
236 24236
236 24563
236 25014
236 25092
236 26639
236 26747
236 28836
236 28887
236 33473
236 34690
236 35046
236 35584
236 36448
236 36638
236 38015
236 38391
236 40833
236 42533
236 42737
236 43595
236 44324
236 45057
236 45665
236 46251
236 47984
236 50028
236 50356
236 53541
236 55080
236 56501
236 56882
236 59133
236 60014
236 60383
236 61008
236 63519
236 63588
236 63733
236 65080
236 65158
236 65536
236 66612
236 67323
236 68367
236 69339
236 69619
236 70619
236 76054
236 76066
237 909
237 1134
237 1219
237 2435
237 3973
237 4983
237 7325
237 8268
237 9411
237 10449
237 10582
237 11071
237 12838
237 13124
237 17270
237 18387
237 21017
237 23576
237 23750
237 23924
237 24331
237 24691
237 26187
237 27441
237 30361
237 30379
237 31733
237 32962
237 32974
237 32981
237 34615
237 36189
237 36495
237 38036
237 39621
237 40691
237 41468
237 41775
237 42733
237 43759
237 44096
237 45249
237 46776
237 47396
237 47967
237 48546
237 49973
237 51382
237 51948
237 53677
237 55094
237 55147
237 55773
237 56369
237 60461
237 60777
237 63465
237 65816
237 65821
237 66209
237 67049
237 74550
237 75025
237 75590
237 75980
237 76064
237 76283
237 76624
237 78482
237 79352
237 80392
237 81691
237 81831
238 136
238 2491
238 7820
238 8340
238 8681
238 9636
238 9799
238 10958
238 11741
238 15107
238 16459
238 18094
238 18378
238 18642
238 19044
238 19113
238 22085
238 22223
238 22439
238 22592
238 23116
238 23133
238 23277
238 23969
238 24305
238 25952
238 26194
238 27830
238 28106
238 28690
238 32112
238 32380
238 32722
238 32738
238 33295
238 34733
238 35081
238 36470
238 36672
238 38484
238 38527
238 39176
238 39973
238 40366
238 40785
238 40865
238 41867
238 43993
238 45345
238 48064
238 50894
238 51304
238 51896
238 52087
238 53409
238 55517
238 56537
238 58634
238 59946
238 62698
238 64799
238 67153
238 68304
238 68501
238 69759
238 70323
238 71644
238 71663
238 75620
238 77953
238 78051
239 3977
239 3982
239 4845
239 5211
239 5352
239 6057
239 6619
239 7051
239 7349
239 8289
239 8506
239 9276
239 10785
239 13384
239 13420
239 16172
239 17346
239 17805
239 18384
239 19209
239 19279
239 20461
239 23168
239 24872
239 27573
239 28210
239 28520
239 28985
239 30362
239 31280
239 31618
239 33826
239 34079
239 34128
239 37003
239 38851
239 39702
239 40382
239 42418
239 45448
239 45925
239 46928
239 47740
239 47904
239 48085
239 48979
239 55488
239 56951
239 57112
239 58550
239 58663
239 58739
239 59435
239 59587
239 60294
239 61685
239 62468
239 63721
239 66495
239 66724
239 68399
239 68841
239 70458
239 70819
239 71083
240 1046
240 1551
240 1719
240 1963
240 5555
240 6579
240 7206
240 9092
240 11175
240 12998
240 13254
240 14168
240 16299
240 17092
240 17562
240 17835
240 18441
240 20113
240 20436
240 20470
240 21419
240 21959
240 22324
240 22522
240 24625
240 28196
240 29113
240 33596
240 33792
240 36225
240 37024
240 37172
240 38540
240 38942
240 39135
240 41458
240 42176
240 42348
240 43720
240 43852
240 44071
240 44548
240 45823
240 46010
240 46943
240 48056
240 48679
240 49098
240 49579
240 49917
240 49950
240 51121
240 52392
240 53075
240 55766
240 55926
240 56426
240 57161
240 58670
240 58900
240 59072
240 59841
240 60571
240 64934
240 65630
240 66706
241 2103
241 2659
241 3334
241 4409
241 4979
241 5291
241 5367
241 5643
241 6666
241 6683
241 7686
241 9674
241 11470
241 12474
241 13157
241 14680
241 16100
241 18850
241 19454
241 20152
241 20455
241 21782
241 22878
241 23054
241 23658
241 23668
241 26586
241 26852
241 27333
241 30357
241 32701
241 36373
241 36981
241 37274
241 37359
241 38334
241 38672
241 39515
241 39954
241 40230
241 43440
241 45714
241 48852
241 53249
241 53357
241 54233
241 56654
241 56761
241 58233
241 60800
241 61129
241 62762
241 62999
241 63016
241 63129
241 63311
241 67705
241 67918
241 70490
242 124
242 371
242 1294
242 4514
242 5655
242 6791
242 7331
242 7635
242 10644
242 12704
242 13788
242 13942
242 14860
242 15312
242 17629
242 19431
242 20087
242 20092
242 23983
242 32755
242 32933
242 36773
242 37004
242 37143
242 37435
242 39214
242 42604
242 44018
242 45387
242 47343
242 48456
242 49026
242 49231
242 53485
242 55508
242 55802
242 56097
242 57292
242 57403
242 58654
242 59041
242 60613
242 62756
242 63777
242 64231
242 64903
243 521
243 1167
243 1799
243 2499
243 3783
243 6486
243 6577
243 7752
243 9345
243 9893
243 10819
243 11366
243 11700
243 11940
243 14129
243 15663
243 17272
243 17589
243 20245
243 20379
243 21677
243 22160
243 22552
243 23297
243 23319
243 25063
243 26030
243 26209
243 27096
243 29133
243 29561
243 30829
243 31136
243 31621
243 31646
243 33643
243 36995
243 37526
243 40369
243 40734
243 42270
243 44482
243 44584
243 44698
243 46252
243 46390
243 47267
243 47281
243 47289
243 47513
243 50387
243 50785
243 51502
243 52114
243 54174
243 55550
243 55590
243 58214
243 60489
243 61656
243 62728
243 65427
243 65677
243 66314
243 66419
243 67087
243 67628
243 68662
243 69607
244 147
244 373
244 450
244 665
244 713
244 3087
244 3870
244 4051
244 6905
244 8358
244 10249
244 10771
244 10805
244 13151
244 13390
244 14798
244 20548
244 21111
244 21177
244 22267
244 23551
244 24728
244 25275
244 26152
244 26378
244 29858
244 31329
244 32049
244 32431
244 35063
244 35477
244 37007
244 37812
244 39681
244 41072
244 41318
244 44339
244 45220
244 47442
244 48351
244 48399
244 50837
244 54461
244 55580
244 56066
244 56075
244 56836
244 59266
244 60349
244 63039
244 63066
244 64201
244 65436
244 65780
244 67448
244 68143
244 69018
244 69392
245 388
245 575
245 5454
245 5673
245 5712
245 7098
245 9418
245 9685
245 10279
245 11313
245 14143
245 14460
245 14481
245 15014
245 15585
245 16591
245 20798
245 21525
245 26234
245 27112
245 27688
245 27901
245 29001
245 31746
245 32601
245 36255
245 39156
245 39370
245 41047
245 41199
245 42121
245 42375
245 43472
245 45325
245 45994
245 47948
245 48591
245 52059
245 53025
245 53330
245 55239
245 57338
245 58249
245 58565
245 59015
245 59835
245 61096
245 61165
245 61464
245 62832
245 63930
245 64934
245 70414
245 75554
245 75756
245 76838
245 77158
245 78952
246 1248
246 1339
246 3344
246 5034
246 5671
246 8491
246 10242
246 10303
246 11752
246 12836
246 13425
246 14167
246 15784
246 18580
246 19277
246 25587
246 27490
246 32823
246 33275
246 33304
246 33878
246 38336
246 39448
246 43796
246 44174
246 45736
246 46130
246 46840
246 47638
246 48254
246 48936
246 50712
246 51321
246 53446
246 53791
246 54234
246 55373
246 56819
246 59463
246 59771
246 60797
246 61193
246 61851
246 62023
246 62435
246 63281
246 63908
246 64270
246 65295
246 65712
246 65855
246 67277
246 70296
246 70632
246 71972
246 73489
246 74000
246 74066
246 74466
246 74698
246 74813
246 75228
246 75715
246 77173
246 77241
246 77700
246 77793
246 78664
246 78729
246 80188
246 81767
246 83114
246 83396
246 83798
246 85515
246 86631
247 935
247 4553
247 5250
247 7840
247 10530
247 12380
247 12842
247 12986
247 13083
247 13085
247 21674
247 22226
247 23066
247 24448
247 24483
247 24682
247 26067
247 27336
247 27627
247 27653
247 30904
247 30977
247 32176
247 32659
247 32924
247 35166
247 35470
247 38463
247 38747
247 39315
247 39411
247 41859
247 41909
247 42329
247 43688
247 43961
247 44016
247 44488
247 44691
247 45261
247 49662
247 52774
247 52866
247 53970
247 55831
247 56437
247 56507
247 57884
247 57935
247 60087
247 63539
247 63672
247 64599
247 65488
248 653
248 2812
248 3044
248 3387
248 4096
248 5151
248 6212
248 6805
248 7948
248 10323
248 15134
248 16084
248 17226
248 20979
248 21328
248 22633
248 23056
248 24063
248 24672
248 24727
248 27551
248 28932
248 30950
248 31594
248 31714
248 34291
248 34455
248 34615
248 34844
248 38641
248 38879
248 42397
248 42910
248 44560
248 44638
248 45149
248 45177
248 45245
248 45313
248 45796
248 45864
248 46052
248 47032
248 47545
248 47664
248 48051
248 49037
248 50028
248 50984
248 51560
248 52574
248 53512
248 53930
248 54248
248 54849
248 54905
248 57110
248 57826
248 57928
248 58522
248 60194
248 60887
248 63404
248 65407
248 66960
248 67843
248 67938
248 68178
248 69010
248 69121
248 69709
248 70263
249 1831
249 3481
249 3483
249 5858
249 6308
249 6878
249 7253
249 9068
249 11843
249 14981
249 17727
249 19859
249 21636
249 21892
249 21941
249 23015
249 23909
249 24175
249 24308
249 26446
249 29871
249 36369
249 38094
249 40316
249 41574
249 41607
249 41796
249 42214
249 47298
250 4335
250 6898
250 7308
250 8031
250 9261
250 9469
250 10650
250 11024
250 12790
250 13129
250 14435
250 14559
250 15345
250 15362
250 16188
250 17238
250 17592
250 18535
250 21112
250 23642
250 24349
250 25865
250 29342
250 30806
250 31449
250 31611
250 33399
250 33421
250 34346
250 35236
250 35893
250 36725
250 37054
250 37115
250 37423
250 38867
250 39855
250 41703
250 42384
250 43813
250 44338
250 47682
250 49332
250 49875
250 50026
250 50195
250 50921
250 51384
250 52209
250 53348
250 58222
250 61474
250 61609
250 62157
250 64776
250 67022
250 68028
250 71461
250 72852
250 74529
250 79420
250 81670
250 82661
250 84774
250 85006
250 85036
251 1289
251 1369
251 1671
251 5435
251 7229
251 7385
251 8540
251 11548
251 12006
251 13436
251 13544
251 14713
251 19280
251 19357
251 19811
251 21295
251 23095
251 24102
251 24882
251 26452
251 27101
251 27665
251 27923
251 29561
251 29578
251 31648
251 32598
251 34887
251 37383
251 37729
251 39328
251 39423
251 39950
251 41739
251 42756
251 42793
251 43162
251 43374
251 43986
251 45711
251 46259
251 50840
251 51816
251 52465
251 52715
251 53579
251 54118
251 54311
251 55175
251 56226
251 57563
252 676
252 3200
252 7414
252 8729
252 9915
252 11060
252 13209
252 17354
252 17439
252 18675
252 19169
252 21304
252 21761
252 23405
252 23932
252 24689
252 25251
252 27601
252 28079
252 30162
252 30285
252 30501
252 31758
252 32219
252 35382
252 38202
252 40692
252 40914
252 41573
252 42109
252 43573
252 43633
252 44360
252 45549
252 48241
252 49219
252 50707
252 50961
252 51397
252 52479
252 53100
252 53814
252 54462
252 54518
252 57313
252 60447
252 60600
252 60646
253 16
253 1996
253 5084
253 6573
253 6673
253 9842
253 10052
253 10199
253 10257
253 10474
253 10653
253 13795
253 13917
253 14236
253 15167
253 15800
253 16157
253 18090
253 18429
253 19816
253 21479
253 24510
253 30031
253 32106
253 33907
253 34131
253 34473
253 34900
253 35142
253 36000
253 37605
253 37736
253 38650
253 41049
253 42219
253 45891
253 45950
253 45966
253 46573
253 46980
253 48708
253 49822
253 50177
253 50802
253 51204
253 51391
253 51774
253 51777
253 51851
253 53406
253 54680
253 55581
253 56847
253 57016
253 57450
253 58047
253 58923
253 59550
253 59567
253 60350
253 60694
253 61366
253 66066
253 66376
253 67952
253 69150
253 69245
253 70177
254 2159
254 2614
254 2764
254 5639
254 6610
254 8278
254 9589
254 9899
254 10438
254 10645
254 13821
254 14807
254 15817
254 17280
254 17646
254 18616
254 18663
254 19969
254 20631
254 20753
254 21067
254 21574
254 21732
254 23492
254 23580
254 24226
254 24576
254 24886
254 25235
254 25301
254 25613
254 27710
254 31156
254 31764
254 32581
254 34104
254 34885
254 36874
254 38570
254 38592
254 38706
254 39238
254 39387
254 40126
254 40784
254 41815
254 42044
254 43028
254 44049
254 44443
254 45633
254 45922
254 45965
254 46353
254 46765
254 47210
254 47257
254 49748
254 50232
254 50854
254 57589
254 58355
254 61268
254 62827
254 66448
254 66533
254 67872
254 68103
254 69103
255 776
255 3131
255 3310
255 3588
255 4914
255 7748
255 8246
255 8582
255 9339
255 10108
255 11495
255 14402
255 18422
255 18676
255 21659
255 23423
255 23647
255 24202
255 24702
255 25335
255 25713
255 27710
255 29263
255 29906
255 32429
255 33014
255 37193
255 41579
255 41914
255 42514
255 45715
255 47752
255 48071
256 1322
256 2383
256 3644
256 4154
256 4883
256 7218
256 9841
256 11848
256 13105
256 13196
256 13575
256 13834
256 14348
256 15013
256 15759
256 15947
256 16891
256 17832
256 19925
256 22081
256 22211
256 26085
256 26717
256 27113
256 28427
256 29278
256 29360
256 30189
256 30455
256 32659
256 32693
256 34091
256 34679
256 35062
256 36191
256 37365
256 40286
256 40475
256 41106
256 41925
256 44255
256 44423
256 46559
256 47172
256 47460
256 49198
256 49262
256 50801
256 51391
256 53531
256 56974
256 58180
256 61735
256 62170
256 63540
256 65526
256 67064
257 1964
257 2339
257 4430
257 5157
257 7579
257 8433
257 8496
257 9698
257 10249
257 10856
257 11156
257 13531
257 17884
257 18005
257 18667
257 19651
257 20397
257 21327
257 22161
257 22732
257 22812
257 23303
257 25940
257 27426
257 28126
257 29630
257 30062
257 33881
257 35696
257 40328
257 40776
257 45616
257 46501
257 48133
257 50045
257 51244
257 51700
257 52019
257 52075
257 52372
257 52434
258 50
258 1396
258 1666
258 2987
258 4031
258 5249
258 6040
258 6353
258 6978
258 7478
258 9333
258 10055
258 10194
258 11082
258 11644
258 12256
258 12755
258 14036
258 19152
258 19928
258 20486
258 22138
258 23629
258 23829
258 24435
258 25920
258 27616
258 28101
258 28722
258 29594
258 29832
258 29925
258 31365
258 32096
258 33475
258 33624
258 33655
258 35241
258 36038
258 36373
258 36678
258 36940
258 37187
258 38928
258 39024
258 39540
258 39909
258 40736
258 40942
258 41015
258 42268
258 42633
258 43804
258 45243
258 46198
258 47056
258 47570
258 47572
258 48315
258 48473
258 50044
258 50664
258 53420
258 54007
258 54083
258 55768
258 57563
258 57812
258 59213
259 580
259 655
259 754
259 1249
259 1825
259 2161
259 3313
259 3805
259 4046
259 6729
259 12451
259 12760
259 13914
259 14314
259 15524
259 17828
259 17931
259 18722
259 19554
259 20061
259 23560
259 23888
259 24516
259 24859
259 25233
259 25764
259 29724
259 32112
259 32466
259 33864
259 36104
259 37698
259 39369
259 39383
259 40485
259 40849
259 40969
259 41833
259 42893
259 46856
259 46942
259 47736
259 48465
259 48545
259 49166
259 49786
259 51446
259 51897
259 52293
259 53298
259 53785
259 53997
259 54662
260 3023
260 5943
260 6155
260 7848
260 11716
260 15556
260 16130
260 16633
260 18749
260 19028
260 20788
260 21832
260 21888
260 22081
260 23825
260 26795
260 29305
260 32230
260 33076
260 33360
260 33867
260 36595
260 37391
260 37628
260 42311
260 42479
260 42901
260 45126
260 46574
260 47409
260 48880
260 49438
260 50169
260 53240
260 54479
260 55328
260 56123
260 56673
260 56737
261 2515
261 2763
261 3367
261 5056
261 8457
261 11313
261 11773
261 11967
261 12270
261 12654
261 12772
261 15328
261 15478
261 15657
261 16610
261 16817
261 19821
261 20623
261 21461
261 22863
261 23041
261 24298
261 24646
261 24923
261 25301
261 25793
261 26881
261 28237
261 29701
261 29988
261 30131
261 30455
261 30628
261 30634
261 31471
261 32758
261 34673
261 38028
261 38897
261 39437
261 42240
261 43238
261 45316
261 50397
261 51168
261 52747
261 54210
261 54730
261 59644
261 60228
261 62976
261 63176
261 63876
261 64713
261 65739
262 1560
262 3381
262 3725
262 6923
262 7416
262 8666
262 11068
262 11715
262 12821
262 15034
262 17371
262 17934
262 20824
262 22782
262 25108
262 26464
262 27099
262 28072
262 29308
262 32493
262 34648
262 38030
262 38147
262 39456
262 39808
262 40313
262 40680
262 41484
262 42718
262 43123
262 45325
262 45364
262 47962
262 48616
262 49639
262 49696
262 50298
262 50777
262 53623
262 54655
262 55600
262 58086
262 58979
262 64452
262 64899
262 65059
262 65359
262 67310
262 67921
262 69673
262 71349
262 72454
262 74421
262 75020
262 75569
262 75857
262 75898
262 76676
262 77916
262 78626
262 79297
262 79517
262 80473
262 81735
262 83836
262 88895
262 91098
262 93199
262 93806
262 96153
262 98604
262 101675
262 101821
262 102345
263 331
263 799
263 5643
263 6140
263 7701
263 7851
263 10596
263 13846
263 14999
263 15358
263 15601
263 17985
263 18847
263 19131
263 22822
263 22847
263 24984
263 25026
263 26417
263 27337
263 28568
263 30834
263 31910
263 32720
263 34490
263 35991
263 37935
263 37982
263 38820
263 39149
263 39867
263 40200
263 40412
263 40931
263 41511
263 43450
263 43564
263 43569
263 44127
263 45070
263 47699
263 47888
263 49107
263 50359
263 50700
263 50956
263 51122
263 51580
263 52210
263 54960
263 56006
263 56417
263 56995
263 58354
263 60847
263 61831
263 61854
264 287
264 3864
264 4251
264 4659
264 5687
264 5724
264 6174
264 6790
264 6913
264 9233
264 10646
264 10717
264 16152
264 17251
264 25115
264 25341
264 26050
264 27311
264 27711
264 28483
264 28663
264 28730
264 28890
264 29845
264 30319
264 35806
264 36019
264 36034
264 41852
264 42080
264 42286
264 43483
264 43618
264 43709
264 43748
264 45088
264 46934
264 47077
264 50654
264 50879
264 54359
264 55851
264 56450
264 56909
264 57258
264 58628
264 58854
264 59170
264 61069
264 61312
264 63562
264 64334
264 67430
265 406
265 454
265 2298
265 3382
265 4457
265 4854
265 6443
265 7346
265 7638
265 7777
265 10047
265 12712
265 18336
265 18694
265 20361
265 21619
265 25031
265 26221
265 27375
265 28485
265 28765
265 29058
265 32696
265 33905
265 34312
265 34683
265 36934
265 37250
265 37470
265 38031
265 40360
265 41428
265 41489
265 51618
265 52209
265 53934
265 54480
265 55701
265 56633
265 56717
265 56772
265 57754
265 58094
265 59005
265 60544
265 62091
266 317
266 1236
266 1828
266 2025
266 3100
266 8243
266 8557
266 8737
266 10157
266 10321
266 12029
266 12052
266 12195
266 13432
266 14588
266 15317
266 16392
266 20917
266 21034
266 23633
266 29505
266 31889
266 32914
266 33910
266 35060
266 35312
266 35749
266 35782
266 36510
266 36819
266 37881
266 38954
266 39122
266 40289
266 41222
266 41687
266 43145
266 44213
266 44309
267 747
267 1089
267 1570
267 1906
267 2015
267 2448
267 9157
267 9295
267 9489
267 11031
267 12262
267 12737
267 13952
267 14157
267 16122
267 16448
267 16841
267 17081
267 18858
267 19077
267 20246
267 21989
267 24244
267 25162
267 25889
267 29514
267 30506
267 30559
267 31286
267 31669
267 32422
267 37371
267 38388
267 39568
267 39668
267 40593
267 41371
267 41808
267 42444
267 47046
267 48865
267 49058
267 50200
267 50675
267 53421
268 1108
268 3066
268 3996
268 4298
268 6473
268 6796
268 8945
268 10283
268 13288
268 15453
268 18702
268 18844
268 18937
268 18954
268 19222
268 20952
268 23204
268 23810
268 25212
268 25322
268 27104
268 27820
268 29225
268 32506
268 32553
268 36882
268 38242
268 39574
268 39776
268 41236
268 44660
268 45573
268 47666
268 51058
268 55149
268 55188
268 56895
268 57550
268 58582
268 58759
268 58945
268 59931
268 60650
268 61397
268 63505
268 63800
268 64864
268 65452
268 65580
268 66007
268 67014
268 67803
268 68084
268 70654
268 71624
268 71971
268 72817
268 76213
268 76532
268 78015
268 78199
268 78282
268 78786
269 2114
269 3616
269 6327
269 7245
269 7992
269 9751
269 10592
269 10817
269 10834
269 11084
269 11538
269 11806
269 11929
269 12944
269 13135
269 15764
269 16989
269 17223
269 17522
269 17819
269 18012
269 19063
269 19208
269 21627
269 22159
269 29906
269 31424
269 31603
269 32368
269 32423
269 33398
269 33419
269 34731
269 37760
269 40524
269 40591
269 40664
269 40802
269 42542
269 43507
269 48738
269 48880
269 49158
269 49843
269 50197
269 51450
269 54225
269 56478
269 57416
269 62578
269 64318
269 65658
269 66691
269 66871
269 67846
269 68073
269 68918
269 72287
269 72380
269 72585
269 74307
269 74808
269 79626
269 79684
269 79710
269 80725
269 81930
269 85645
269 88252
269 102329
270 438
270 1425
270 1475
270 2660
270 3053
270 3236
270 5712
270 6348
270 7300
270 7618
270 7981
270 9694
270 10766
270 19032
270 20559
270 21116
270 24835
270 27650
270 28842
270 31766
270 31782
270 34188
270 35389
270 35933
270 37393
270 37987
270 38641
270 39769
270 40363
270 41246
270 42023
270 44800
270 45054
270 45543
270 47409
270 48729
270 48952
270 49302
270 51515
270 51631
270 51760
270 52025
270 52406
270 54522
270 54616
270 55098
270 55379
270 55515
270 56424
270 56564
270 57677
270 59847
271 1074
271 1126
271 2176
271 2272
271 2313
271 2379
271 4124
271 4365
271 5814
271 7064
271 7624
271 8900
271 9754
271 10764
271 11064
271 11264
271 11296
271 11435
271 12357
271 14590
271 17209
271 17440
271 19037
271 20642
271 21125
271 23347
271 24191
271 24210
271 24316
271 24610
271 29285
271 30462
271 30867
271 32146
271 32324
271 32583
271 33015
271 35386
271 39753
271 40308
271 40650
271 41039
271 41509
271 41539
271 42513
271 42690
271 44283
271 44876
271 49659
271 50515
271 54348
271 56313
271 59495
271 59523
271 59985
271 61456
271 62048
271 62604
271 63540
271 63592
271 65311
271 65914
271 66114
271 68365
271 70739
271 71198
271 71357
271 74693
271 74937
271 76825
271 76915
271 76929
271 78123
271 78356
271 79428
271 80535
271 81261
272 293
272 750
272 1525
272 1927
272 2509
272 3636
272 6087
272 7419
272 7584
272 9859
272 14934
272 15509
272 17651
272 18351
272 20695
272 23090
272 23523
272 23541
272 30536
272 30550
272 31329
272 34303
272 34643
272 46555
272 49111
272 49521
272 50668
272 50842
272 51993
272 54450
272 57324
272 60969
272 62806
272 63246
272 63737
272 65305
272 65630
272 66020
272 69913
272 72440
272 76141
272 76184
272 76371
272 79099
272 80232
272 80379
272 84370
272 86308
272 88734
272 89674
272 90390
272 90478
273 1978
273 2917
273 4192
273 4876
273 6529
273 7752
273 8917
273 9377
273 9448
273 12615
273 13072
273 14866
273 15699
273 15840
273 17262
273 18042
273 18045
273 19381
273 20477
273 20759
273 21835
273 23198
273 24729
273 28464
273 29330
273 29746
273 30420
273 30941
273 31044
273 33282
273 33855
273 34404
273 34947
273 37191
273 41371
273 43844
273 45370
273 46457
273 46514
273 46571
273 47780
273 49171
273 49324
273 53130
273 53404
273 54242
273 54644
273 55988
273 56227
273 56602
273 59536
273 59842
273 60162
273 61213
273 63884
273 65295
273 66092
273 68999
273 70091
273 71071
273 71687
273 73543
273 74797
273 77660
273 77719
273 78436
273 79051
273 80092
273 81061
273 83753
273 85652
273 85866
273 86212
273 87538
273 88097
273 89203
274 2387
274 3521
274 4259
274 4422
274 7990
274 8858
274 9023
274 9169
274 11979
274 12178
274 13302
274 15925
274 18368
274 19170
274 19899
274 20730
274 24475
274 25535
274 27186
274 28339
274 30118
274 30635
274 30692
274 32791
274 33199
274 34375
274 34549
274 34556
274 38452
274 41627
274 44322
274 44337
274 46653
274 47380
274 47518
274 50511
274 50675
274 51323
274 52398
274 54647
274 54893
274 56876
274 57871
274 58168
274 58925
274 58994
274 59963
274 61707
274 64736
274 64804
274 66472
274 66971
274 67196
274 67424
274 67957
274 68862
274 69193
274 69559
274 71266
274 74973
274 77651
274 77721
274 78595
274 79197
274 80228
274 82302
274 82418
274 82970
274 84016
274 85270
274 86263
274 87052
274 87463
274 90018
274 90219
274 90978
274 92249
274 92747
274 93126
274 94909
274 96200
274 101026
274 101284
274 101679
274 102802
274 102935
274 103462
274 103870
275 1749
275 2014
275 2350
275 5638
275 5708
275 5931
275 6550
275 7030
275 8319
275 8483
275 9248
275 9450
275 10841
275 11505
275 12452
275 13102
275 14479
275 14870
275 16079
275 17204
275 17313
275 19707
275 20350
275 21825
275 23068
275 23406
275 24640
275 26409
275 27294
275 27939
275 28520
275 29418
275 29453
275 30967
275 32912
275 35429
275 35604
275 43156
275 43591
275 47081
275 47192
275 49403
275 50150
275 51523
275 53028
275 54517
275 55963
275 56084
275 58371
275 59560
275 60503
275 61605
275 63038
275 64602
275 64861
275 66075
275 68719
275 73286
275 74501
275 74821
275 81131
275 81958
275 82638
275 91116
275 91851
275 92355
275 93940
275 94254
275 94310
275 95493
275 96610
275 97518
275 97842
275 97908
275 98352
275 99791
275 100944
275 101695
275 102589
275 104025
275 105894
275 107503
275 107519
275 109775
275 109868
275 112132
275 113949
275 114247
276 1802
276 3890
276 8224
276 8953
276 9425
276 9507
276 13972
276 15356
276 15597
276 15780
276 16566
276 18503
276 19352
276 19975
276 20115
276 20754
276 21759
276 22974
276 25411
276 27818
276 30995
276 31415
276 32880
276 33151
276 34480
276 35070
276 39231
276 39544
276 43880
276 45348
276 46487
276 47333
276 48011
276 48912
276 49975
276 50131
276 51978
276 53788
276 54614
276 55226
276 56314
276 57321
276 58488
276 58868
276 59754
276 61044
276 65425
276 66115
276 66395
276 66826
276 67070
276 67120
276 69298
276 69480
276 69875
276 69912
276 70219
276 71260
276 73059
276 75096
276 75458
276 77713
276 82225
276 82462
276 82648
276 84193
276 85522
276 86581
276 86812
276 87689
276 88265
276 89040
276 94303
276 95988
276 97528
276 97634
276 102555
276 103109
276 103685
276 104238
276 105944
276 106797
276 107848
276 108307
276 109647
276 109928
276 110093
277 641
277 4420
277 7300
277 8345
277 8624
277 8666
277 10464
277 13117
277 14143
277 14556
277 14867
277 14889
277 16363
277 16731
277 18229
277 18364
277 19663
277 19682
277 20192
277 20234
277 20451
277 26448
277 27016
277 27144
277 28129
277 29005
277 29755
277 30217
277 31040
277 31826
277 34430
277 35278
277 36148
277 36463
277 37155
277 37947
277 38628
277 39911
277 42019
277 42767
277 44669
277 45263
277 46054
277 46636
277 46696
277 48896
277 49000
277 50457
277 51879
277 54105
277 54711
277 55056
277 55536
277 56083
277 56998
277 57961
277 58770
277 60464
277 60647
277 63981
277 65098
277 65235
277 65503
277 66276
277 66476
277 66637
277 66872
277 67334
277 67635
277 67952
277 67988
277 68244
277 69040
277 69202
277 69838
277 70693
277 70959
277 72460
277 72897
277 72981
277 73357
277 73390
277 74235
277 74245
277 75475
277 77427
277 78589
277 79691
277 79996
277 80131
277 80669
277 81035
277 82697
277 83608
277 86917
277 89339
277 89920
278 699
278 1166
278 4006
278 4016
278 5919
278 6684
278 7498
278 7655
278 8785
278 11984
278 12252
278 12528
278 14461
278 14488
278 16908
278 17580
278 18774
278 20243
278 25763
278 25923
278 28099
278 28634
278 28879
278 31052
278 32381
278 33190
278 34122
278 34884
278 35238
278 36846
278 40847
278 42381
278 42999
278 43332
278 43932
278 45936
278 46558
278 46890
278 49036
278 50282
278 50928
278 51120
278 52911
278 53503
278 53509
278 53994
278 54917
278 55437
278 55944
278 56677
278 57433
278 58367
278 58409
278 61833
278 62129
278 62699
278 63952
278 64779
278 65662
278 65791
278 67073
278 69940
278 70097
278 70172
278 70239
278 71814
278 74619
278 74842
278 75258
278 75845
278 75974
278 77749
278 81295
278 83650
278 83863
278 84227
278 84743
278 85264
278 87202
278 87911
278 88757
278 89003
278 89886
278 91225
278 93238
278 94057
279 1742
279 2000
279 3957
279 4466
279 5403
279 5506
279 5625
279 6358
279 8110
279 10759
279 11942
279 11976
279 14026
279 19828
279 25308
279 27273
279 30175
279 33482
279 34791
279 35582
279 35601
279 41243
279 43463
279 43820
279 44941
279 45590
279 45627
279 46730
279 47835
279 47926
279 50133
279 50225
279 50437
279 50811
279 51544
279 52319
279 52800
279 53616
279 57985
279 59721
279 59822
279 60086
279 60534
279 60660
279 61184
279 61250
279 61438
279 62935
279 67018
279 67479
279 68432
279 71212
279 72402
279 73924
279 74743
279 76681
280 984
280 2077
280 3497
280 4256
280 6692
280 11278
280 12577
280 13329
280 13868
280 14630
280 15486
280 15577
280 16686
280 18196
280 19890
280 23363
280 24624
280 28077
280 28483
280 29108
280 29161
280 30782
280 31911
280 34365
280 34821
280 36496
280 39145
280 41620
280 41709
280 41928
280 43265
280 44952
280 45048
280 45602
280 46782
280 48000
280 48361
280 48974
280 53509
280 58562
280 58844
280 60354
280 63243
280 63414
280 65300
280 68108
280 72078
280 73099
280 73855
280 73928
280 75127
280 75588
280 76026
280 76530
280 79055
280 79291
280 79625
280 79704
280 83326
280 84885
280 86113
280 87334
280 87690
280 88127
280 90479
280 93027
280 94758
281 197
281 890
281 3239
281 4387
281 5766
281 5838
281 6540
281 7731
281 9145
281 13608
281 14311
281 15547
281 16454
281 17193
281 18871
281 21408
281 22528
281 22833
281 24202
281 26300
281 26462
281 26667
281 28224
281 28929
281 29344
281 29515
281 29623
281 29683
281 30908
281 32549
281 32772
281 33464
281 35121
281 36232
281 36513
281 38776
281 42374
281 46063
281 46461
281 46905
281 47426
281 48208
281 48452
281 48808
281 49884
281 52064
281 52392
281 54289
281 54330
281 56062
281 57086
281 58843
281 64017
281 64171
281 64306
281 64355
281 64471
281 67333
281 70164
281 72738
281 73735
281 73792
281 73872
281 74301
281 75311
281 78119
281 79055
281 80578
281 82045
281 82387
281 82672
281 87594
281 88383
281 88738
281 91216
281 91697
281 92326
281 92366
281 93185
281 93528
281 93576
281 94567
282 1998
282 2056
282 3545
282 5293
282 5701
282 5780
282 6017
282 6117
282 7928
282 9623
282 11687
282 12116
282 12136
282 12838
282 14209
282 16913
282 19586
282 19698
282 22221
282 24249
282 26213
282 26345
282 27803
282 28465
282 29043
282 29205
282 30290
282 30529
282 31018
282 31975
282 32288
282 32623
282 33739
282 33988
282 36951
282 37557
282 38402
282 39616
282 40675
282 40999
282 42901
282 46812
282 48070
282 48345
282 49659
282 52624
282 54459
282 55120
282 57262
282 57918
282 58542
282 58647
282 61474
282 62383
282 62652
282 62827
282 65156
282 66411
282 66512
282 68317
282 68447
282 69867
282 69991
282 72924
282 73509
282 75194
282 77439
282 77720
282 78830
282 78905
282 80623
282 80857
282 82161
282 84122
282 85720
282 86268
282 86388
282 86813
282 90059
282 96306
282 96646
282 97112
282 100785
282 101211
282 101977
282 102549
282 107654
282 108048
282 108324
282 108945
282 110653
282 111096
282 112897
282 115365
282 115867
282 116095
282 116176
282 116363
282 116938
282 119641
282 119942
282 120024
282 121598
282 125738
282 131855
282 132890
282 134305
282 135257
282 136394
282 136623
282 137894
282 138774
282 138807
282 139370
282 139527
282 140821
282 141097
282 142987
282 143457
282 144352
282 147503
282 147547
282 148177
282 150072
282 150573
282 150837
282 151109
282 151912
282 152167
282 154180
283 818
283 1483
283 1799
283 1880
283 4244
283 4673
283 6108
283 6139
283 6490
283 8575
283 9533
283 9601
283 11787
283 12441
283 12533
283 12631
283 13515
283 13637
283 14659
283 15066
283 17898
283 20333
283 22677
283 23227
283 25900
283 27509
283 29025
283 31074
283 31355
283 34216
283 34637
283 36695
283 36867
283 37473
283 39813
283 40660
283 40934
283 43600
283 43746
283 44405
283 45713
283 46909
283 48145
283 48802
283 50645
283 52971
283 53243
283 54298
283 62673
283 63359
283 68749
283 69090
283 69105
283 73027
283 73559
283 74494
283 74657
283 75518
283 76254
283 76422
283 77579
283 78623
283 78703
283 81012
283 83297
283 84199
283 85013
283 85963
284 183
284 383
284 1497
284 1742
284 2142
284 3405
284 3670
284 3966
284 4057
284 4489
284 4614
284 5207
284 5362
284 5389
284 10299
284 12146
284 13062
284 14657
284 15241
284 15636
284 16128
284 16529
284 17231
284 17534
284 20416
284 20505
284 22898
284 24727
284 26825
284 27417
284 27489
284 27774
284 28204
284 28978
284 29116
284 30358
284 30522
284 32379
284 35669
284 36034
284 37607
284 38842
284 39493
284 44501
284 45454
284 47455
284 47623
284 48289
284 49736
284 52813
284 54260
284 56287
284 57573
284 57944
284 57951
284 59820
284 61869
284 61985
284 62403
284 63150
284 64260
284 66999
284 68986
284 71330
284 80894
284 81200
284 81659
285 406
285 807
285 4415
285 4649
285 5003
285 5056
285 6703
285 6780
285 7391
285 8425
285 8860
285 9500
285 9622
285 9697
285 11035
285 15162
285 15275
285 19159
285 20640
285 21490
285 22215
285 23682
285 28599
285 28715
285 29875
285 30460
285 31164
285 35472
285 36054
285 36159
285 37419
285 38165
285 38597
285 39561
285 42697
285 42899
285 43042
285 46955
285 47615
285 47668
285 50132
285 51203
285 52541
285 52568
285 53051
285 53180
285 55698
285 56421
285 57203
285 57888
285 58930
285 59320
285 63806
285 64495
285 64514
285 65140
285 69645
285 70711
285 71563
285 73715
285 73850
285 74728
285 75874
285 75967
285 76088
285 76834
285 81066
285 81535
286 259
286 3312
286 4842
286 4988
286 6379
286 6810
286 6985
286 7050
286 7762
286 8319
286 10954
286 11153
286 12302
286 12507
286 13706
286 14867
286 15336
286 15988
286 17182
286 18449
286 19917
286 20582
286 21521
286 22965
286 23804
286 24928
286 26206
286 27973
286 29487
286 30807
286 31812
286 31992
286 33354
286 33609
286 34186
286 35151
286 36422
286 38046
286 40823
286 41919
286 42245
286 42286
286 42309
286 43782
286 47720
286 49410
286 50700
286 51352
286 54754
286 56742
286 57624
286 57732
286 57947
286 60068
286 61143
286 61493
286 66251
286 68513
286 70163
286 72589
286 73624
286 74345
286 75145
286 75207
286 75819
286 76047
286 77616
286 77626
286 77882
286 79200
286 80011
286 80312
286 81788
286 81909
286 81940
293 2854
293 4216
293 4224
293 4452
293 7323
293 8983
293 9083
293 9228
293 11195
293 14687
293 17908
293 20382
293 20703
293 23162
293 23982
293 24623
293 26886
293 27405
293 28198
293 29711
293 31785
293 32293
293 32857
293 33575
293 34488
293 34637
293 35877
293 37634
293 38357
293 40243
293 40284
293 41144
293 43733
293 44935
293 46315
293 47047
293 47566
293 48081
293 48564
293 49051
293 52052
293 52214
293 54079
293 55946
293 58337
293 59004
293 59665
293 59815
293 63812
293 64740
293 67226
293 68004
293 71560
293 71989
293 75035
293 75403
293 76781
293 78598
293 79735
293 80448
293 81175
293 81534
293 81697
293 82298
293 84279
293 85544
293 88674
293 90092
293 90802
293 91326
293 91449
293 91688
293 92103
293 94694
293 97441
294 380
294 1959
294 2904
294 5230
294 6988
294 7682
294 9330
294 9501
294 10037
294 10379
294 10463
294 10541
294 16508
294 16775
294 18688
294 19453
294 20759
294 21427
294 23444
294 25984
294 28990
294 30119
294 30752
294 32473
294 33218
294 34444
294 35191
294 37148
294 41517
294 42638
294 43187
294 43402
294 43896
294 45244
294 45527
294 46156
294 46254
294 47030
294 48364
294 48393
294 48791
294 50701
294 54856
294 55862
294 61443
294 62303
294 62475
294 67307
294 67843
294 68330
294 68947
294 69804
294 70532
294 71545
294 72495
294 73147
294 74988
294 75688
294 75854
294 76223
294 76443
294 78256
294 78461
294 80566
294 83343
294 83793
294 84177
294 88877
295 1397
295 5474
295 8744
295 9389
295 9685
295 10011
295 10338
295 11719
295 12120
295 12653
295 14541
295 15964
295 19958
295 20154
295 20745
295 20762
295 21420
295 21712
295 22745
295 22988
295 23527
295 23998
295 25034
295 30907
295 31871
295 32900
295 33017
295 34579
295 35951
295 40102
295 42544
295 42919
295 43509
295 43808
295 43843
295 44978
295 47315
295 49766
295 50352
295 50466
295 54026
295 56897
295 57478
295 57629
295 58485
295 60515
295 60673
295 61856
295 63164
295 67086
295 71243
295 71627
295 72975
295 77001
295 77255
295 77717
295 78702
295 79407
295 80009
295 84045
295 86869
296 1214
296 3052
296 3330
296 3863
296 4333
296 5189
296 6801
296 7258
296 8216
296 10173
296 10426
296 10480
296 13190
296 16203
296 21705
296 27243
296 27458
296 29753
296 29881
296 30103
296 31810
296 33817
296 33948
296 34392
296 34462
296 34532
296 37896
296 38084
296 38117
296 39008
296 39474
296 39733
296 41555
296 45313
296 47047
297 97
297 185
297 1797
297 8538
297 8769
297 12757
297 13435
297 13462
297 13563
297 17515
297 17934
297 18629
297 19897
297 21149
297 22289
297 22984
297 23511
297 25945
297 26022
297 30683
297 32787
297 34086
297 36597
297 36766
297 39022
297 39758
297 40161
297 44480
297 46500
297 47068
297 48034
297 49578
297 50004
297 52831
297 55513
297 57147
297 57785
297 59780
297 60687
297 61668
297 63035
297 66223
297 66826
297 68914
297 70229
297 70381
297 70972
297 72049
297 72718
297 74002
297 74460
297 74783
297 75776
297 76628
297 78109
297 78324
297 79604
297 81177
297 81323
297 81689
297 81849
297 83070
297 86780
297 87431
297 88480
297 88601
297 90103
297 90108
298 2230
298 2239
298 2462
298 3511
298 4020
298 5747
298 6923
298 7052
298 7142
298 8415
298 13298
298 15373
298 16247
298 16582
298 17238
298 17780
298 18299
298 18662
298 19349
298 26295
298 27375
298 28362
298 28482
298 31490
298 31805
298 32064
298 35574
298 35735
298 38385
298 38870
298 40011
298 43380
298 44804
298 45034
298 50577
298 50666
298 52018
298 52036
298 54717
298 55047
298 55722
298 55979
298 56031
298 57973
298 58321
298 59580
298 60894
298 60936
298 61723
298 62538
298 63333
298 63414
298 67338
298 69486
298 69863
298 70207
298 71016
298 72903
298 73476
298 74705
298 77124
298 78463
298 78601
298 78938
298 82187
298 82651
298 82890
298 82897
299 1058
299 3679
299 5585
299 5675
299 6265
299 7104
299 7183
299 8839
299 9066
299 10361
299 10848
299 12842
299 13449
299 13993
299 14583
299 16647
299 16758
299 17376
299 17432
299 17711
299 18908
299 20471
299 21303
299 21354
299 22451
299 23863
299 24074
299 25502
299 26647
299 27994
299 31383
299 34250
300 365
300 1203
300 2984
300 5436
300 6347
300 6807
300 6896
300 7058
300 7180
300 8753
300 13883
300 14869
300 15120
300 16390
300 17212
300 17253
300 18766
300 20610
300 21881
300 21952
300 24907
300 28720
300 28831
300 29509
300 30685
300 34676
300 36671
300 38325
300 39304
300 40201
300 41268
300 41612
300 42194
300 43658
300 44065
300 45527
300 45813
300 47107
300 47497
300 48995
300 49101
300 50382
300 51932
300 53634
300 54137
300 60477
300 61510
300 69830
300 71015
300 72937
300 73957
300 74421
300 76045
300 76139
300 76511
300 76535
300 77380
300 77875
300 78012
300 79674
300 79768
301 3248
301 4856
301 6974
301 8894
301 9717
301 10068
301 10208
301 10533
301 10694
301 11789
301 12079
301 17206
301 19248
301 21487
301 21752
301 21828
301 24659
301 24855
301 25081
301 26536
301 30515
301 32667
301 33501
301 35320
301 40332
301 44835
301 45138
301 46573
301 46778
301 47185
301 47880
301 48359
301 49988
301 50337
301 51965
301 55379
301 55694
301 55982
301 56029
301 57552
301 59970
301 61265
301 62717
301 64662
301 65914
301 66217
301 69887
301 71811
301 76169
301 76297
301 77095
301 78211
301 80480
301 81589
301 81814
301 83903
301 85880
301 87559
302 678
302 1021
302 2333
302 8411
302 9825
302 9946
302 10111
302 10756
302 12476
302 13028
302 13634
302 14237
302 14403
302 16118
302 17163
302 19184
302 19488
302 20958
302 22084
302 22232
302 23228
302 24030
302 25341
302 25354
302 27662
302 29194
302 30510
302 30627
302 31277
302 33261
302 39119
302 42197
302 43460
302 44361
302 44444
302 47760
302 48616
302 49452
302 51911
302 53899
302 54406
302 56277
302 60363
302 61921
302 62038
302 63006
302 63234
302 65334
302 70950
302 72576
302 72785
302 74904
303 856
303 1890
303 2001
303 3471
303 4171
303 4408
303 6077
303 7156
303 8698
303 8816
303 8998
303 9417
303 17399
303 18014
303 18049
303 19891
303 20227
303 25730
303 27694
303 28127
303 28493
303 30461
303 31175
303 39733
303 41151
303 41366
303 42043
303 43713
303 43765
303 48041
303 48297
303 48411
303 48563
303 50115
303 51342
303 52296
303 53392
303 54026
303 56852
303 57573
303 57577
303 58380
304 1869
304 2276
304 7124
304 8321
304 8629
304 9009
304 9167
304 9360
304 10253
304 11085
304 15328
304 16878
304 17195
304 17657
304 17898
304 17982
304 18842
304 20103
304 23340
304 24010
304 28523
304 28693
304 28752
304 28897
304 30909
304 30990
304 33577
304 33957
304 34348
304 35734
304 36305
304 36654
304 37161
304 38409
304 39971
304 41222
304 42130
304 43498
304 43687
304 43926
304 44143
304 48539
304 49618
304 51848
304 52803
304 54143
304 59006
304 59225
304 59515
304 60672
304 60676
304 63318
304 65362
304 66877
304 67937
304 69827
304 71726
304 72024
304 72189
304 73969
304 76569
304 76927
304 77944
304 79430
304 80492
304 80677
304 81139
305 1633
305 9954
305 12606
305 16216
305 20927
305 21498
305 23878
305 24219
305 24625
305 25118
305 26592
305 26622
305 29204
305 29972
305 31251
305 35274
305 35546
305 36155
305 36507
305 37681
305 40349
