# 178 angles,  1 tensor ranks for 0=projectile
@subtitle   "p+O20 with CH89;"                                                              
@legend ON
@legend x1 0.2
@legend y1 0.8
@g0 type LOGY
@yaxis ticklabel format power
@legend string   0 "Lab energy =   35.0000"
#legend string   0 "Partition=  1 Excit=  1 near/far= 1"
#  Theta       sigma       iT11        T20         T21         T22         Kyy for projectile
   3.000      0.1334E+06
   4.000      0.3904E+05
   5.000      0.1534E+05
   6.000       7603.    
   7.000       4597.    
   8.000       3255.    
   9.000       2574.    
   10.00       2175.    
   11.00       1906.    
   12.00       1700.    
   13.00       1524.    
   14.00       1367.    
   15.00       1221.    
   16.00       1083.    
   17.00       953.3    
   18.00       831.5    
   19.00       718.1    
   20.00       613.5    
   21.00       517.9    
   22.00       431.8    
   23.00       355.0    
   24.00       287.6    
   25.00       229.3    
   26.00       179.6    
   27.00       138.1    
   28.00       104.2    
   29.00       77.20    
   30.00       56.35    
   31.00       40.94    
   32.00       30.22    
   33.00       23.46    
   34.00       19.95    
   35.00       19.05    
   36.00       20.13    
   37.00       22.66    
   38.00       26.15    
   39.00       30.18    
   40.00       34.40    
   41.00       38.53    
   42.00       42.33    
   43.00       45.63    
   44.00       48.33    
   45.00       50.34    
   46.00       51.63    
   47.00       52.21    
   48.00       52.10    
   49.00       51.35    
   50.00       50.03    
   51.00       48.21    
   52.00       45.98    
   53.00       43.43    
   54.00       40.63    
   55.00       37.68    
   56.00       34.65    
   57.00       31.60    
   58.00       28.59    
   59.00       25.69    
   60.00       22.93    
   61.00       20.34    
   62.00       17.95    
   63.00       15.78    
   64.00       13.83    
   65.00       12.11    
   66.00       10.61    
   67.00       9.327    
   68.00       8.247    
   69.00       7.355    
   70.00       6.633    
   71.00       6.062    
   72.00       5.623    
   73.00       5.298    
   74.00       5.065    
   75.00       4.909    
   76.00       4.811    
   77.00       4.757    
   78.00       4.732    
   79.00       4.725    
   80.00       4.725    
   81.00       4.724    
   82.00       4.715    
   83.00       4.692    
   84.00       4.653    
   85.00       4.595    
   86.00       4.516    
   87.00       4.417    
   88.00       4.297    
   89.00       4.160    
   90.00       4.006    
   91.00       3.837    
   92.00       3.657    
   93.00       3.468    
   94.00       3.272    
   95.00       3.073    
   96.00       2.873    
   97.00       2.675    
   98.00       2.480    
   99.00       2.290    
   100.0       2.108    
   101.0       1.934    
   102.0       1.769    
   103.0       1.615    
   104.0       1.472    
   105.0       1.341    
   106.0       1.220    
   107.0       1.112    
   108.0       1.014    
   109.0      0.9271    
   110.0      0.8507    
   111.0      0.7840    
   112.0      0.7266    
   113.0      0.6778    
   114.0      0.6368    
   115.0      0.6029    
   116.0      0.5755    
   117.0      0.5538    
   118.0      0.5373    
   119.0      0.5251    
   120.0      0.5167    
   121.0      0.5116    
   122.0      0.5090    
   123.0      0.5085    
   124.0      0.5096    
   125.0      0.5118    
   126.0      0.5147    
   127.0      0.5178    
   128.0      0.5208    
   129.0      0.5234    
   130.0      0.5251    
   131.0      0.5257    
   132.0      0.5251    
   133.0      0.5228    
   134.0      0.5189    
   135.0      0.5131    
   136.0      0.5053    
   137.0      0.4956    
   138.0      0.4839    
   139.0      0.4702    
   140.0      0.4546    
   141.0      0.4374    
   142.0      0.4186    
   143.0      0.3985    
   144.0      0.3774    
   145.0      0.3557    
   146.0      0.3335    
   147.0      0.3114    
   148.0      0.2897    
   149.0      0.2688    
   150.0      0.2492    
   151.0      0.2311    
   152.0      0.2151    
   153.0      0.2014    
   154.0      0.1904    
   155.0      0.1823    
   156.0      0.1775    
   157.0      0.1761    
   158.0      0.1781    
   159.0      0.1837    
   160.0      0.1928    
   161.0      0.2054    
   162.0      0.2212    
   163.0      0.2401    
   164.0      0.2617    
   165.0      0.2856    
   166.0      0.3115    
   167.0      0.3389    
   168.0      0.3673    
   169.0      0.3961    
   170.0      0.4248    
   171.0      0.4528    
   172.0      0.4797    
   173.0      0.5048    
   174.0      0.5277    
   175.0      0.5479    
   176.0      0.5650    
   177.0      0.5787    
   178.0      0.5887    
   179.0      0.5948    
   180.0      0.5968    
 END
