# 178 angles,  1 tensor ranks for 0=projectile
@subtitle   "20O(d,t) @ 30AMeV Daeh (d) + Pang (t)"                                         
@legend ON
@legend x1 0.2
@legend y1 0.8
@g0 type LOGY
@yaxis ticklabel format power
@legend string   0 "Lab energy =   70.0000"
#legend string   0 "Partition=  2 Excit=  1 near/far= 1"
#  Theta       sigma       iT11        T20         T21         T22         Kyy for projectile
   3.000       17.00    
   4.000       12.05    
   5.000       7.472    
   6.000       3.911    
   7.000       1.677    
   8.000      0.7430    
   9.000      0.8250    
   10.00       1.507    
   11.00       2.370    
   12.00       3.092    
   13.00       3.488    
   14.00       3.514    
   15.00       3.234    
   16.00       2.767    
   17.00       2.248    
   18.00       1.786    
   19.00       1.451    
   20.00       1.267    
   21.00       1.219    
   22.00       1.269    
   23.00       1.371    
   24.00       1.477    
   25.00       1.553    
   26.00       1.578    
   27.00       1.544    
   28.00       1.457    
   29.00       1.329    
   30.00       1.174    
   31.00       1.009    
   32.00      0.8462    
   33.00      0.6968    
   34.00      0.5666    
   35.00      0.4581    
   36.00      0.3715    
   37.00      0.3048    
   38.00      0.2552    
   39.00      0.2194    
   40.00      0.1944    
   41.00      0.1772    
   42.00      0.1655    
   43.00      0.1574    
   44.00      0.1513    
   45.00      0.1463    
   46.00      0.1414    
   47.00      0.1360    
   48.00      0.1299    
   49.00      0.1229    
   50.00      0.1150    
   51.00      0.1064    
   52.00      0.9724E-01
   53.00      0.8792E-01
   54.00      0.7872E-01
   55.00      0.6994E-01
   56.00      0.6183E-01
   57.00      0.5457E-01
   58.00      0.4825E-01
   59.00      0.4290E-01
   60.00      0.3845E-01
   61.00      0.3482E-01
   62.00      0.3184E-01
   63.00      0.2937E-01
   64.00      0.2727E-01
   65.00      0.2539E-01
   66.00      0.2363E-01
   67.00      0.2191E-01
   68.00      0.2020E-01
   69.00      0.1847E-01
   70.00      0.1673E-01
   71.00      0.1502E-01
   72.00      0.1335E-01
   73.00      0.1176E-01
   74.00      0.1030E-01
   75.00      0.8965E-02
   76.00      0.7788E-02
   77.00      0.6769E-02
   78.00      0.5904E-02
   79.00      0.5182E-02
   80.00      0.4587E-02
   81.00      0.4100E-02
   82.00      0.3699E-02
   83.00      0.3365E-02
   84.00      0.3080E-02
   85.00      0.2830E-02
   86.00      0.2602E-02
   87.00      0.2389E-02
   88.00      0.2186E-02
   89.00      0.1990E-02
   90.00      0.1799E-02
   91.00      0.1616E-02
   92.00      0.1442E-02
   93.00      0.1278E-02
   94.00      0.1126E-02
   95.00      0.9866E-03
   96.00      0.8617E-03
   97.00      0.7511E-03
   98.00      0.6544E-03
   99.00      0.5710E-03
   100.0      0.4996E-03
   101.0      0.4390E-03
   102.0      0.3877E-03
   103.0      0.3444E-03
   104.0      0.3076E-03
   105.0      0.2761E-03
   106.0      0.2489E-03
   107.0      0.2252E-03
   108.0      0.2043E-03
   109.0      0.1858E-03
   110.0      0.1691E-03
   111.0      0.1542E-03
   112.0      0.1408E-03
   113.0      0.1288E-03
   114.0      0.1181E-03
   115.0      0.1086E-03
   116.0      0.1002E-03
   117.0      0.9281E-04
   118.0      0.8632E-04
   119.0      0.8058E-04
   120.0      0.7547E-04
   121.0      0.7084E-04
   122.0      0.6657E-04
   123.0      0.6254E-04
   124.0      0.5865E-04
   125.0      0.5483E-04
   126.0      0.5102E-04
   127.0      0.4719E-04
   128.0      0.4333E-04
   129.0      0.3944E-04
   130.0      0.3556E-04
   131.0      0.3172E-04
   132.0      0.2796E-04
   133.0      0.2433E-04
   134.0      0.2089E-04
   135.0      0.1767E-04
   136.0      0.1472E-04
   137.0      0.1206E-04
   138.0      0.9712E-05
   139.0      0.7694E-05
   140.0      0.6004E-05
   141.0      0.4634E-05
   142.0      0.3570E-05
   143.0      0.2790E-05
   144.0      0.2267E-05
   145.0      0.1974E-05
   146.0      0.1880E-05
   147.0      0.1951E-05
   148.0      0.2157E-05
   149.0      0.2467E-05
   150.0      0.2852E-05
   151.0      0.3284E-05
   152.0      0.3739E-05
   153.0      0.4193E-05
   154.0      0.4624E-05
   155.0      0.5015E-05
   156.0      0.5351E-05
   157.0      0.5618E-05
   158.0      0.5807E-05
   159.0      0.5911E-05
   160.0      0.5927E-05
   161.0      0.5855E-05
   162.0      0.5700E-05
   163.0      0.5466E-05
   164.0      0.5164E-05
   165.0      0.4805E-05
   166.0      0.4402E-05
   167.0      0.3969E-05
   168.0      0.3520E-05
   169.0      0.3068E-05
   170.0      0.2627E-05
   171.0      0.2206E-05
   172.0      0.1816E-05
   173.0      0.1464E-05
   174.0      0.1153E-05
   175.0      0.8885E-06
   176.0      0.6717E-06
   177.0      0.5033E-06
   178.0      0.3836E-06
   179.0      0.3120E-06
   180.0      0.2883E-06
 END
