# 178 angles,  1 tensor ranks for 0=projectile
@subtitle   "20O + d 2+2 inelastic;"                                                        
@legend ON
@legend x1 0.2
@legend y1 0.8
@g0 type LOGY
@yaxis ticklabel format power
@legend string   0 "Lab energy =   70.0000"
#legend string   0 "Partition=  1 Excit=  1 near/far= 1"
#  Theta       sigma       iT11        T20         T21         T22         Kyy for projectile
   3.000      0.2740E+05
   4.000      0.1167E+05
   5.000       8316.    
   6.000       6821.    
   7.000       5600.    
   8.000       4435.    
   9.000       3351.    
   10.00       2399.    
   11.00       1616.    
   12.00       1012.    
   13.00       580.0    
   14.00       297.2    
   15.00       134.7    
   16.00       61.06    
   17.00       46.51    
   18.00       65.71    
   19.00       99.00    
   20.00       132.7    
   21.00       158.6    
   22.00       173.0    
   23.00       175.4    
   24.00       167.6    
   25.00       152.3    
   26.00       132.8    
   27.00       111.8    
   28.00       91.68    
   29.00       73.85    
   30.00       59.18    
   31.00       47.90    
   32.00       39.77    
   33.00       34.30    
   34.00       30.84    
   35.00       28.75    
   36.00       27.43    
   37.00       26.44    
   38.00       25.43    
   39.00       24.23    
   40.00       22.74    
   41.00       20.98    
   42.00       19.00    
   43.00       16.91    
   44.00       14.81    
   45.00       12.78    
   46.00       10.90    
   47.00       9.218    
   48.00       7.767    
   49.00       6.549    
   50.00       5.551    
   51.00       4.751    
   52.00       4.117    
   53.00       3.617    
   54.00       3.219    
   55.00       2.896    
   56.00       2.623    
   57.00       2.384    
   58.00       2.167    
   59.00       1.963    
   60.00       1.769    
   61.00       1.583    
   62.00       1.407    
   63.00       1.241    
   64.00       1.087    
   65.00      0.9467    
   66.00      0.8214    
   67.00      0.7113    
   68.00      0.6160    
   69.00      0.5347    
   70.00      0.4663    
   71.00      0.4090    
   72.00      0.3612    
   73.00      0.3213    
   74.00      0.2877    
   75.00      0.2590    
   76.00      0.2341    
   77.00      0.2119    
   78.00      0.1919    
   79.00      0.1735    
   80.00      0.1564    
   81.00      0.1405    
   82.00      0.1257    
   83.00      0.1120    
   84.00      0.9933E-01
   85.00      0.8778E-01
   86.00      0.7735E-01
   87.00      0.6804E-01
   88.00      0.5981E-01
   89.00      0.5263E-01
   90.00      0.4640E-01
   91.00      0.4105E-01
   92.00      0.3646E-01
   93.00      0.3255E-01
   94.00      0.2919E-01
   95.00      0.2630E-01
   96.00      0.2378E-01
   97.00      0.2157E-01
   98.00      0.1959E-01
   99.00      0.1780E-01
   100.0      0.1615E-01
   101.0      0.1463E-01
   102.0      0.1321E-01
   103.0      0.1189E-01
   104.0      0.1065E-01
   105.0      0.9497E-02
   106.0      0.8433E-02
   107.0      0.7458E-02
   108.0      0.6571E-02
   109.0      0.5773E-02
   110.0      0.5063E-02
   111.0      0.4437E-02
   112.0      0.3891E-02
   113.0      0.3420E-02
   114.0      0.3016E-02
   115.0      0.2673E-02
   116.0      0.2382E-02
   117.0      0.2136E-02
   118.0      0.1927E-02
   119.0      0.1749E-02
   120.0      0.1596E-02
   121.0      0.1462E-02
   122.0      0.1342E-02
   123.0      0.1234E-02
   124.0      0.1134E-02
   125.0      0.1040E-02
   126.0      0.9515E-03
   127.0      0.8673E-03
   128.0      0.7870E-03
   129.0      0.7106E-03
   130.0      0.6381E-03
   131.0      0.5697E-03
   132.0      0.5059E-03
   133.0      0.4469E-03
   134.0      0.3928E-03
   135.0      0.3439E-03
   136.0      0.3001E-03
   137.0      0.2612E-03
   138.0      0.2273E-03
   139.0      0.1979E-03
   140.0      0.1727E-03
   141.0      0.1513E-03
   142.0      0.1334E-03
   143.0      0.1185E-03
   144.0      0.1061E-03
   145.0      0.9585E-04
   146.0      0.8740E-04
   147.0      0.8039E-04
   148.0      0.7453E-04
   149.0      0.6955E-04
   150.0      0.6524E-04
   151.0      0.6141E-04
   152.0      0.5792E-04
   153.0      0.5466E-04
   154.0      0.5151E-04
   155.0      0.4842E-04
   156.0      0.4532E-04
   157.0      0.4220E-04
   158.0      0.3902E-04
   159.0      0.3581E-04
   160.0      0.3256E-04
   161.0      0.2934E-04
   162.0      0.2617E-04
   163.0      0.2314E-04
   164.0      0.2031E-04
   165.0      0.1775E-04
   166.0      0.1553E-04
   167.0      0.1372E-04
   168.0      0.1237E-04
   169.0      0.1148E-04
   170.0      0.1108E-04
   171.0      0.1112E-04
   172.0      0.1157E-04
   173.0      0.1233E-04
   174.0      0.1332E-04
   175.0      0.1442E-04
   176.0      0.1552E-04
   177.0      0.1651E-04
   178.0      0.1729E-04
   179.0      0.1779E-04
   180.0      0.1797E-04
 END
