# 178 angles,  1 tensor ranks for 0=projectile
@subtitle   "20O + d inelastic scattering;"                                                 
@legend ON
@legend x1 0.2
@legend y1 0.8
@g0 type LOGY
@yaxis ticklabel format power
@legend string   0 "Lab energy =   70.0000"
#legend string   0 "Partition=  1 Excit=  2 near/far= 1"
#  Theta       sigma       iT11        T20         T21         T22         Kyy for projectile
   3.000       1.724    
   4.000       1.561    
   5.000       1.384    
   6.000       1.265    
   7.000       1.268    
   8.000       1.416    
   9.000       1.679    
   10.00       1.995    
   11.00       2.303    
   12.00       2.562    
   13.00       2.747    
   14.00       2.838    
   15.00       2.819    
   16.00       2.681    
   17.00       2.432    
   18.00       2.105    
   19.00       1.745    
   20.00       1.396    
   21.00       1.091    
   22.00      0.8494    
   23.00      0.6777    
   24.00      0.5751    
   25.00      0.5342    
   26.00      0.5419    
   27.00      0.5808    
   28.00      0.6324    
   29.00      0.6805    
   30.00      0.7141    
   31.00      0.7268    
   32.00      0.7165    
   33.00      0.6840    
   34.00      0.6331    
   35.00      0.5695    
   36.00      0.5003    
   37.00      0.4321    
   38.00      0.3702    
   39.00      0.3178    
   40.00      0.2766    
   41.00      0.2471    
   42.00      0.2284    
   43.00      0.2185    
   44.00      0.2148    
   45.00      0.2142    
   46.00      0.2138    
   47.00      0.2119    
   48.00      0.2076    
   49.00      0.2004    
   50.00      0.1901    
   51.00      0.1770    
   52.00      0.1614    
   53.00      0.1443    
   54.00      0.1265    
   55.00      0.1092    
   56.00      0.9311E-01
   57.00      0.7862E-01
   58.00      0.6604E-01
   59.00      0.5551E-01
   60.00      0.4705E-01
   61.00      0.4049E-01
   62.00      0.3557E-01
   63.00      0.3192E-01
   64.00      0.2917E-01
   65.00      0.2704E-01
   66.00      0.2532E-01
   67.00      0.2382E-01
   68.00      0.2239E-01
   69.00      0.2093E-01
   70.00      0.1938E-01
   71.00      0.1774E-01
   72.00      0.1603E-01
   73.00      0.1429E-01
   74.00      0.1258E-01
   75.00      0.1093E-01
   76.00      0.9397E-02
   77.00      0.8004E-02
   78.00      0.6769E-02
   79.00      0.5696E-02
   80.00      0.4781E-02
   81.00      0.4018E-02
   82.00      0.3400E-02
   83.00      0.2912E-02
   84.00      0.2530E-02
   85.00      0.2227E-02
   86.00      0.1981E-02
   87.00      0.1779E-02
   88.00      0.1617E-02
   89.00      0.1489E-02
   90.00      0.1384E-02
   91.00      0.1291E-02
   92.00      0.1199E-02
   93.00      0.1107E-02
   94.00      0.1020E-02
   95.00      0.9419E-03
   96.00      0.8706E-03
   97.00      0.8022E-03
   98.00      0.7329E-03
   99.00      0.6632E-03
   100.0      0.5974E-03
   101.0      0.5393E-03
   102.0      0.4879E-03
   103.0      0.4398E-03
   104.0      0.3925E-03
   105.0      0.3455E-03
   106.0      0.3014E-03
   107.0      0.2633E-03
   108.0      0.2321E-03
   109.0      0.2055E-03
   110.0      0.1809E-03
   111.0      0.1577E-03
   112.0      0.1369E-03
   113.0      0.1200E-03
   114.0      0.1081E-03
   115.0      0.1006E-03
   116.0      0.9515E-04
   117.0      0.9001E-04
   118.0      0.8543E-04
   119.0      0.8228E-04
   120.0      0.8101E-04
   121.0      0.8165E-04
   122.0      0.8326E-04
   123.0      0.8409E-04
   124.0      0.8334E-04
   125.0      0.8181E-04
   126.0      0.8040E-04
   127.0      0.7917E-04
   128.0      0.7786E-04
   129.0      0.7597E-04
   130.0      0.7268E-04
   131.0      0.6811E-04
   132.0      0.6357E-04
   133.0      0.5986E-04
   134.0      0.5645E-04
   135.0      0.5273E-04
   136.0      0.4849E-04
   137.0      0.4359E-04
   138.0      0.3860E-04
   139.0      0.3476E-04
   140.0      0.3237E-04
   141.0      0.3032E-04
   142.0      0.2784E-04
   143.0      0.2513E-04
   144.0      0.2255E-04
   145.0      0.2050E-04
   146.0      0.1960E-04
   147.0      0.1956E-04
   148.0      0.1906E-04
   149.0      0.1771E-04
   150.0      0.1652E-04
   151.0      0.1619E-04
   152.0      0.1668E-04
   153.0      0.1785E-04
   154.0      0.1898E-04
   155.0      0.1875E-04
   156.0      0.1724E-04
   157.0      0.1613E-04
   158.0      0.1644E-04
   159.0      0.1769E-04
   160.0      0.1929E-04
   161.0      0.2053E-04
   162.0      0.2022E-04
   163.0      0.1839E-04
   164.0      0.1694E-04
   165.0      0.1703E-04
   166.0      0.1795E-04
   167.0      0.1895E-04
   168.0      0.1978E-04
   169.0      0.1956E-04
   170.0      0.1786E-04
   171.0      0.1619E-04
   172.0      0.1596E-04
   173.0      0.1681E-04
   174.0      0.1824E-04
   175.0      0.2013E-04
   176.0      0.2137E-04
   177.0      0.2103E-04
   178.0      0.2057E-04
   179.0      0.2145E-04
   180.0      0.2224E-04
 END
