# 178 angles,  1 tensor ranks for 0=projectile
@subtitle   "20O + d inelastic scattering;"                                                 
@legend ON
@legend x1 0.2
@legend y1 0.8
@g0 type LOGY
@yaxis ticklabel format power
@legend string   0 "Lab energy =   70.0000"
#legend string   0 "Partition=  1 Excit=  1 near/far= 1"
#  Theta       sigma       iT11        T20         T21         T22         Kyy for projectile
   3.000      0.2945E+05
   4.000      0.1221E+05
   5.000       8303.    
   6.000       6637.    
   7.000       5402.    
   8.000       4282.    
   9.000       3257.    
   10.00       2355.    
   11.00       1603.    
   12.00       1014.    
   13.00       582.1    
   14.00       291.5    
   15.00       118.3    
   16.00       35.10    
   17.00       14.67    
   18.00       32.55    
   19.00       68.70    
   20.00       108.3    
   21.00       141.6    
   22.00       163.4    
   23.00       172.2    
   24.00       169.1    
   25.00       156.5    
   26.00       137.8    
   27.00       116.2    
   28.00       94.50    
   29.00       74.74    
   30.00       58.23    
   31.00       45.52    
   32.00       36.57    
   33.00       30.92    
   34.00       27.88    
   35.00       26.63    
   36.00       26.43    
   37.00       26.62    
   38.00       26.73    
   39.00       26.45    
   40.00       25.62    
   41.00       24.23    
   42.00       22.34    
   43.00       20.10    
   44.00       17.67    
   45.00       15.19    
   46.00       12.81    
   47.00       10.64    
   48.00       8.733    
   49.00       7.130    
   50.00       5.831    
   51.00       4.815    
   52.00       4.045    
   53.00       3.477    
   54.00       3.063    
   55.00       2.759    
   56.00       2.528    
   57.00       2.339    
   58.00       2.169    
   59.00       2.004    
   60.00       1.837    
   61.00       1.665    
   62.00       1.489    
   63.00       1.314    
   64.00       1.142    
   65.00      0.9788    
   66.00      0.8283    
   67.00      0.6931    
   68.00      0.5749    
   69.00      0.4743    
   70.00      0.3906    
   71.00      0.3227    
   72.00      0.2687    
   73.00      0.2265    
   74.00      0.1939    
   75.00      0.1689    
   76.00      0.1496    
   77.00      0.1343    
   78.00      0.1218    
   79.00      0.1111    
   80.00      0.1014    
   81.00      0.9243E-01
   82.00      0.8380E-01
   83.00      0.7544E-01
   84.00      0.6734E-01
   85.00      0.5956E-01
   86.00      0.5218E-01
   87.00      0.4528E-01
   88.00      0.3895E-01
   89.00      0.3323E-01
   90.00      0.2816E-01
   91.00      0.2374E-01
   92.00      0.1994E-01
   93.00      0.1674E-01
   94.00      0.1407E-01
   95.00      0.1187E-01
   96.00      0.1009E-01
   97.00      0.8662E-02
   98.00      0.7519E-02
   99.00      0.6609E-02
   100.0      0.5883E-02
   101.0      0.5299E-02
   102.0      0.4822E-02
   103.0      0.4424E-02
   104.0      0.4083E-02
   105.0      0.3783E-02
   106.0      0.3511E-02
   107.0      0.3257E-02
   108.0      0.3018E-02
   109.0      0.2788E-02
   110.0      0.2567E-02
   111.0      0.2354E-02
   112.0      0.2149E-02
   113.0      0.1952E-02
   114.0      0.1764E-02
   115.0      0.1587E-02
   116.0      0.1422E-02
   117.0      0.1268E-02
   118.0      0.1127E-02
   119.0      0.9982E-03
   120.0      0.8828E-03
   121.0      0.7803E-03
   122.0      0.6902E-03
   123.0      0.6120E-03
   124.0      0.5449E-03
   125.0      0.4880E-03
   126.0      0.4404E-03
   127.0      0.4009E-03
   128.0      0.3685E-03
   129.0      0.3422E-03
   130.0      0.3209E-03
   131.0      0.3036E-03
   132.0      0.2894E-03
   133.0      0.2774E-03
   134.0      0.2670E-03
   135.0      0.2576E-03
   136.0      0.2486E-03
   137.0      0.2398E-03
   138.0      0.2306E-03
   139.0      0.2211E-03
   140.0      0.2111E-03
   141.0      0.2005E-03
   142.0      0.1894E-03
   143.0      0.1778E-03
   144.0      0.1659E-03
   145.0      0.1539E-03
   146.0      0.1419E-03
   147.0      0.1300E-03
   148.0      0.1185E-03
   149.0      0.1075E-03
   150.0      0.9715E-04
   151.0      0.8764E-04
   152.0      0.7905E-04
   153.0      0.7146E-04
   154.0      0.6492E-04
   155.0      0.5944E-04
   156.0      0.5502E-04
   157.0      0.5161E-04
   158.0      0.4915E-04
   159.0      0.4753E-04
   160.0      0.4666E-04
   161.0      0.4640E-04
   162.0      0.4663E-04
   163.0      0.4720E-04
   164.0      0.4799E-04
   165.0      0.4888E-04
   166.0      0.4976E-04
   167.0      0.5055E-04
   168.0      0.5117E-04
   169.0      0.5159E-04
   170.0      0.5178E-04
   171.0      0.5173E-04
   172.0      0.5149E-04
   173.0      0.5107E-04
   174.0      0.5054E-04
   175.0      0.4996E-04
   176.0      0.4937E-04
   177.0      0.4885E-04
   178.0      0.4843E-04
   179.0      0.4816E-04
   180.0      0.4806E-04
 END
