# 178 angles,  1 tensor ranks for 0=projectile
@subtitle   "20O + d 2+1 inelastic;"                                                        
@legend ON
@legend x1 0.2
@legend y1 0.8
@g0 type LOGY
@yaxis ticklabel format power
@legend string   0 "Lab energy =   70.0000"
#legend string   0 "Partition=  1 Excit=  1 near/far= 1"
#  Theta       sigma       iT11        T20         T21         T22         Kyy for projectile
   3.000      0.2713E+05
   4.000      0.1161E+05
   5.000       8328.    
   6.000       6854.    
   7.000       5631.    
   8.000       4455.    
   9.000       3358.    
   10.00       2395.    
   11.00       1604.    
   12.00       996.8    
   13.00       564.3    
   14.00       284.5    
   15.00       127.2    
   16.00       59.71    
   17.00       51.50    
   18.00       76.43    
   19.00       114.3    
   20.00       151.3    
   21.00       178.9    
   22.00       193.7    
   23.00       195.5    
   24.00       186.3    
   25.00       169.2    
   26.00       147.6    
   27.00       124.6    
   28.00       102.7    
   29.00       83.36    
   30.00       67.54    
   31.00       55.41    
   32.00       46.68    
   33.00       40.80    
   34.00       37.03    
   35.00       34.67    
   36.00       33.08    
   37.00       31.77    
   38.00       30.39    
   39.00       28.75    
   40.00       26.79    
   41.00       24.53    
   42.00       22.06    
   43.00       19.50    
   44.00       16.95    
   45.00       14.54    
   46.00       12.34    
   47.00       10.41    
   48.00       8.753    
   49.00       7.384    
   50.00       6.277    
   51.00       5.399    
   52.00       4.709    
   53.00       4.166    
   54.00       3.731    
   55.00       3.373    
   56.00       3.065    
   57.00       2.787    
   58.00       2.529    
   59.00       2.283    
   60.00       2.046    
   61.00       1.820    
   62.00       1.606    
   63.00       1.407    
   64.00       1.224    
   65.00       1.061    
   66.00      0.9178    
   67.00      0.7941    
   68.00      0.6891    
   69.00      0.6012    
   70.00      0.5283    
   71.00      0.4680    
   72.00      0.4179    
   73.00      0.3759    
   74.00      0.3399    
   75.00      0.3084    
   76.00      0.2801    
   77.00      0.2542    
   78.00      0.2301    
   79.00      0.2074    
   80.00      0.1861    
   81.00      0.1660    
   82.00      0.1474    
   83.00      0.1303    
   84.00      0.1147    
   85.00      0.1007    
   86.00      0.8836E-01
   87.00      0.7758E-01
   88.00      0.6827E-01
   89.00      0.6032E-01
   90.00      0.5356E-01
   91.00      0.4784E-01
   92.00      0.4299E-01
   93.00      0.3884E-01
   94.00      0.3526E-01
   95.00      0.3212E-01
   96.00      0.2930E-01
   97.00      0.2674E-01
   98.00      0.2437E-01
   99.00      0.2216E-01
   100.0      0.2008E-01
   101.0      0.1811E-01
   102.0      0.1626E-01
   103.0      0.1453E-01
   104.0      0.1292E-01
   105.0      0.1144E-01
   106.0      0.1010E-01
   107.0      0.8883E-02
   108.0      0.7803E-02
   109.0      0.6853E-02
   110.0      0.6025E-02
   111.0      0.5311E-02
   112.0      0.4699E-02
   113.0      0.4178E-02
   114.0      0.3736E-02
   115.0      0.3359E-02
   116.0      0.3038E-02
   117.0      0.2760E-02
   118.0      0.2518E-02
   119.0      0.2303E-02
   120.0      0.2110E-02
   121.0      0.1933E-02
   122.0      0.1769E-02
   123.0      0.1615E-02
   124.0      0.1471E-02
   125.0      0.1334E-02
   126.0      0.1205E-02
   127.0      0.1085E-02
   128.0      0.9719E-03
   129.0      0.8675E-03
   130.0      0.7716E-03
   131.0      0.6845E-03
   132.0      0.6061E-03
   133.0      0.5362E-03
   134.0      0.4744E-03
   135.0      0.4203E-03
   136.0      0.3733E-03
   137.0      0.3328E-03
   138.0      0.2979E-03
   139.0      0.2680E-03
   140.0      0.2424E-03
   141.0      0.2205E-03
   142.0      0.2016E-03
   143.0      0.1852E-03
   144.0      0.1709E-03
   145.0      0.1584E-03
   146.0      0.1472E-03
   147.0      0.1372E-03
   148.0      0.1282E-03
   149.0      0.1200E-03
   150.0      0.1124E-03
   151.0      0.1054E-03
   152.0      0.9890E-04
   153.0      0.9271E-04
   154.0      0.8681E-04
   155.0      0.8111E-04
   156.0      0.7558E-04
   157.0      0.7017E-04
   158.0      0.6488E-04
   159.0      0.5972E-04
   160.0      0.5473E-04
   161.0      0.4999E-04
   162.0      0.4558E-04
   163.0      0.4160E-04
   164.0      0.3816E-04
   165.0      0.3536E-04
   166.0      0.3331E-04
   167.0      0.3206E-04
   168.0      0.3166E-04
   169.0      0.3210E-04
   170.0      0.3333E-04
   171.0      0.3527E-04
   172.0      0.3777E-04
   173.0      0.4068E-04
   174.0      0.4379E-04
   175.0      0.4690E-04
   176.0      0.4979E-04
   177.0      0.5228E-04
   178.0      0.5418E-04
   179.0      0.5538E-04
   180.0      0.5578E-04
 END
