# 178 angles,  1 tensor ranks for 0=projectile
@subtitle   "16O(d,t) @ 20 MeV Daeh (d) + Pang (t)"                                         
@legend ON
@legend x1 0.2
@legend y1 0.8
@g0 type LOGY
@yaxis ticklabel format power
@legend string   0 "Lab energy =   20.0000"
#legend string   0 "Partition=  2 Excit=  3 near/far= 1"
#  Theta       sigma       iT11        T20         T21         T22         Kyy for projectile
   3.000       35.94    
   4.000       31.46    
   5.000       25.43    
   6.000       20.33    
   7.000       17.74    
   8.000       17.27    
   9.000       17.40    
   10.00       17.01    
   11.00       16.12    
   12.00       15.40    
   13.00       15.23    
   14.00       15.38    
   15.00       15.46    
   16.00       15.40    
   17.00       15.35    
   18.00       15.45    
   19.00       15.59    
   20.00       15.59    
   21.00       15.43    
   22.00       15.32    
   23.00       15.51    
   24.00       16.05    
   25.00       16.77    
   26.00       17.47    
   27.00       18.08    
   28.00       18.68    
   29.00       19.40    
   30.00       20.27    
   31.00       21.21    
   32.00       22.16    
   33.00       23.15    
   34.00       24.24    
   35.00       25.35    
   36.00       26.36    
   37.00       27.24    
   38.00       28.10    
   39.00       29.11    
   40.00       30.26    
   41.00       31.37    
   42.00       32.23    
   43.00       32.81    
   44.00       33.20    
   45.00       33.48    
   46.00       33.64    
   47.00       33.71    
   48.00       33.83    
   49.00       34.11    
   50.00       34.52    
   51.00       34.89    
   52.00       35.00    
   53.00       34.81    
   54.00       34.41    
   55.00       33.92    
   56.00       33.43    
   57.00       33.04    
   58.00       32.85    
   59.00       32.95    
   60.00       33.28    
   61.00       33.69    
   62.00       34.02    
   63.00       34.18    
   64.00       34.19    
   65.00       34.16    
   66.00       34.18    
   67.00       34.36    
   68.00       34.79    
   69.00       35.50    
   70.00       36.44    
   71.00       37.51    
   72.00       38.60    
   73.00       39.62    
   74.00       40.47    
   75.00       41.16    
   76.00       41.75    
   77.00       42.37    
   78.00       43.12    
   79.00       44.05    
   80.00       45.15    
   81.00       46.39    
   82.00       47.70    
   83.00       48.94    
   84.00       49.95    
   85.00       50.64    
   86.00       51.06    
   87.00       51.40    
   88.00       51.80    
   89.00       52.32    
   90.00       52.97    
   91.00       53.75    
   92.00       54.62    
   93.00       55.47    
   94.00       56.09    
   95.00       56.38    
   96.00       56.41    
   97.00       56.36    
   98.00       56.35    
   99.00       56.43    
   100.0       56.60    
   101.0       56.90    
   102.0       57.34    
   103.0       57.87    
   104.0       58.34    
   105.0       58.64    
   106.0       58.81    
   107.0       58.94    
   108.0       59.11    
   109.0       59.31    
   110.0       59.54    
   111.0       59.88    
   112.0       60.43    
   113.0       61.19    
   114.0       62.08    
   115.0       63.00    
   116.0       63.88    
   117.0       64.74    
   118.0       65.55    
   119.0       66.28    
   120.0       66.92    
   121.0       67.53    
   122.0       68.25    
   123.0       69.17    
   124.0       70.27    
   125.0       71.44    
   126.0       72.56    
   127.0       73.52    
   128.0       74.29    
   129.0       74.81    
   130.0       75.05    
   131.0       75.07    
   132.0       75.01    
   133.0       75.02    
   134.0       75.18    
   135.0       75.43    
   136.0       75.63    
   137.0       75.71    
   138.0       75.62    
   139.0       75.40    
   140.0       75.01    
   141.0       74.47    
   142.0       73.90    
   143.0       73.50    
   144.0       73.47    
   145.0       73.80    
   146.0       74.41    
   147.0       75.22    
   148.0       76.27    
   149.0       77.65    
   150.0       79.36    
   151.0       81.31    
   152.0       83.49    
   153.0       86.10    
   154.0       89.47    
   155.0       93.77    
   156.0       98.83    
   157.0       104.4    
   158.0       110.6    
   159.0       117.8    
   160.0       126.4    
   161.0       136.1    
   162.0       146.0    
   163.0       156.7    
   164.0       169.3    
   165.0       185.3    
   166.0       203.9    
   167.0       223.2    
   168.0       243.3    
   169.0       268.8    
   170.0       304.9    
   171.0       350.8    
   172.0       398.9    
   173.0       447.5    
   174.0       519.5    
   175.0       666.3    
   176.0       941.2    
   177.0       1349.    
   178.0       1814.    
   179.0       2189.    
   180.0       2334.    
 END
