# 178 angles,  1 tensor ranks for 0=projectile
@subtitle   "16O(d,t) @ 20 MeV Daeh (d) + Pang (t)"                                         
@legend ON
@legend x1 0.2
@legend y1 0.8
@g0 type LOGY
@yaxis ticklabel format power
@legend string   0 "Lab energy =   20.0000"
#legend string   0 "Partition=  2 Excit=  4 near/far= 1"
#  Theta       sigma       iT11        T20         T21         T22         Kyy for projectile
   3.000      0.8643    
   4.000      0.8566    
   5.000      0.8969    
   6.000      0.8816    
   7.000      0.7534    
   8.000      0.5573    
   9.000      0.4009    
   10.00      0.3638    
   11.00      0.4430    
   12.00      0.5760    
   13.00      0.7040    
   14.00      0.8085    
   15.00      0.8929    
   16.00      0.9451    
   17.00      0.9306    
   18.00      0.8263    
   19.00      0.6572    
   20.00      0.4931    
   21.00      0.4045    
   22.00      0.4175    
   23.00      0.5050    
   24.00      0.6163    
   25.00      0.7118    
   26.00      0.7747    
   27.00      0.7984    
   28.00      0.7743    
   29.00      0.6951    
   30.00      0.5704    
   31.00      0.4337    
   32.00      0.3292    
   33.00      0.2878    
   34.00      0.3114    
   35.00      0.3758    
   36.00      0.4482    
   37.00      0.5039    
   38.00      0.5307    
   39.00      0.5254    
   40.00      0.4882    
   41.00      0.4224    
   42.00      0.3381    
   43.00      0.2540    
   44.00      0.1920    
   45.00      0.1681    
   46.00      0.1842    
   47.00      0.2280    
   48.00      0.2799    
   49.00      0.3233    
   50.00      0.3492    
   51.00      0.3552    
   52.00      0.3410    
   53.00      0.3065    
   54.00      0.2548    
   55.00      0.1955    
   56.00      0.1441    
   57.00      0.1157    
   58.00      0.1178    
   59.00      0.1472    
   60.00      0.1937    
   61.00      0.2462    
   62.00      0.2956    
   63.00      0.3344    
   64.00      0.3546    
   65.00      0.3498    
   66.00      0.3189    
   67.00      0.2702    
   68.00      0.2193    
   69.00      0.1833    
   70.00      0.1742    
   71.00      0.1952    
   72.00      0.2421    
   73.00      0.3060    
   74.00      0.3757    
   75.00      0.4389    
   76.00      0.4835    
   77.00      0.5008    
   78.00      0.4890    
   79.00      0.4547    
   80.00      0.4121    
   81.00      0.3773    
   82.00      0.3632    
   83.00      0.3749    
   84.00      0.4095    
   85.00      0.4582    
   86.00      0.5111    
   87.00      0.5597    
   88.00      0.5976    
   89.00      0.6204    
   90.00      0.6259    
   91.00      0.6149    
   92.00      0.5930    
   93.00      0.5698    
   94.00      0.5542    
   95.00      0.5503    
   96.00      0.5552    
   97.00      0.5623    
   98.00      0.5675    
   99.00      0.5721    
   100.0      0.5813    
   101.0      0.5978    
   102.0      0.6180    
   103.0      0.6338    
   104.0      0.6385    
   105.0      0.6318    
   106.0      0.6180    
   107.0      0.6010    
   108.0      0.5801    
   109.0      0.5522    
   110.0      0.5186    
   111.0      0.4881    
   112.0      0.4733    
   113.0      0.4813    
   114.0      0.5074    
   115.0      0.5375    
   116.0      0.5573    
   117.0      0.5607    
   118.0      0.5498    
   119.0      0.5286    
   120.0      0.4983    
   121.0      0.4584    
   122.0      0.4124    
   123.0      0.3708    
   124.0      0.3469    
   125.0      0.3469    
   126.0      0.3659    
   127.0      0.3901    
   128.0      0.4062    
   129.0      0.4081    
   130.0      0.3973    
   131.0      0.3783    
   132.0      0.3540    
   133.0      0.3258    
   134.0      0.2963    
   135.0      0.2709    
   136.0      0.2561    
   137.0      0.2553    
   138.0      0.2662    
   139.0      0.2810    
   140.0      0.2910    
   141.0      0.2926    
   142.0      0.2895    
   143.0      0.2902    
   144.0      0.3005    
   145.0      0.3184    
   146.0      0.3352    
   147.0      0.3439    
   148.0      0.3460    
   149.0      0.3504    
   150.0      0.3647    
   151.0      0.3876    
   152.0      0.4118    
   153.0      0.4348    
   154.0      0.4651    
   155.0      0.5165    
   156.0      0.5934    
   157.0      0.6843    
   158.0      0.7683    
   159.0      0.8316    
   160.0      0.8763    
   161.0      0.9175    
   162.0      0.9716    
   163.0       1.049    
   164.0       1.154    
   165.0       1.284    
   166.0       1.435    
   167.0       1.605    
   168.0       1.797    
   169.0       2.036    
   170.0       2.354    
   171.0       2.776    
   172.0       3.308    
   173.0       3.958    
   174.0       4.762    
   175.0       5.796    
   176.0       7.117    
   177.0       8.664    
   178.0       10.20    
   179.0       11.36    
   180.0       11.79    
 END
