# 178 angles,  1 tensor ranks for 0=projectile
@subtitle   "16O(d,t) @ 20 MeV Daeh (d) + Pang (t)"                                         
@legend ON
@legend x1 0.2
@legend y1 0.8
@g0 type LOGY
@yaxis ticklabel format power
@legend string   0 "Lab energy =   20.0000"
#legend string   0 "Partition=  1 Excit=  1 near/far= 1"
#  Theta       sigma       iT11        T20         T21         T22         Kyy for projectile
   3.000      0.4791E+06
   4.000      0.1368E+06
   5.000      0.5080E+05
   6.000      0.2284E+05
   7.000      0.1211E+05
   8.000       7454.    
   9.000       5208.    
   10.00       4000.    
   11.00       3269.    
   12.00       2769.    
   13.00       2388.    
   14.00       2073.    
   15.00       1798.    
   16.00       1551.    
   17.00       1327.    
   18.00       1124.    
   19.00       940.8    
   20.00       776.5    
   21.00       631.2    
   22.00       504.4    
   23.00       395.2    
   24.00       302.7    
   25.00       225.9    
   26.00       163.3    
   27.00       113.6    
   28.00       75.17    
   29.00       46.56    
   30.00       26.24    
   31.00       12.77    
   32.00       4.805    
   33.00       1.118    
   34.00      0.6112    
   35.00       2.328    
   36.00       5.460    
   37.00       9.337    
   38.00       13.43    
   39.00       17.34    
   40.00       20.76    
   41.00       23.52    
   42.00       25.51    
   43.00       26.70    
   44.00       27.10    
   45.00       26.78    
   46.00       25.84    
   47.00       24.38    
   48.00       22.53    
   49.00       20.40    
   50.00       18.11    
   51.00       15.77    
   52.00       13.46    
   53.00       11.26    
   54.00       9.223    
   55.00       7.395    
   56.00       5.802    
   57.00       4.456    
   58.00       3.358    
   59.00       2.499    
   60.00       1.859    
   61.00       1.417    
   62.00       1.144    
   63.00       1.012    
   64.00      0.9897    
   65.00       1.050    
   66.00       1.165    
   67.00       1.311    
   68.00       1.468    
   69.00       1.618    
   70.00       1.748    
   71.00       1.850    
   72.00       1.917    
   73.00       1.946    
   74.00       1.938    
   75.00       1.894    
   76.00       1.818    
   77.00       1.717    
   78.00       1.595    
   79.00       1.460    
   80.00       1.318    
   81.00       1.175    
   82.00       1.038    
   83.00      0.9106    
   84.00      0.7979    
   85.00      0.7028    
   86.00      0.6275    
   87.00      0.5731    
   88.00      0.5401    
   89.00      0.5277    
   90.00      0.5348    
   91.00      0.5594    
   92.00      0.5993    
   93.00      0.6517    
   94.00      0.7137    
   95.00      0.7824    
   96.00      0.8549    
   97.00      0.9283    
   98.00       1.000    
   99.00       1.068    
   100.0       1.130    
   101.0       1.185    
   102.0       1.231    
   103.0       1.268    
   104.0       1.295    
   105.0       1.311    
   106.0       1.318    
   107.0       1.315    
   108.0       1.303    
   109.0       1.283    
   110.0       1.255    
   111.0       1.222    
   112.0       1.183    
   113.0       1.140    
   114.0       1.094    
   115.0       1.046    
   116.0      0.9963    
   117.0      0.9463    
   118.0      0.8966    
   119.0      0.8478    
   120.0      0.8003    
   121.0      0.7547    
   122.0      0.7113    
   123.0      0.6704    
   124.0      0.6321    
   125.0      0.5966    
   126.0      0.5640    
   127.0      0.5343    
   128.0      0.5077    
   129.0      0.4842    
   130.0      0.4636    
   131.0      0.4461    
   132.0      0.4316    
   133.0      0.4200    
   134.0      0.4114    
   135.0      0.4056    
   136.0      0.4026    
   137.0      0.4023    
   138.0      0.4045    
   139.0      0.4091    
   140.0      0.4159    
   141.0      0.4246    
   142.0      0.4351    
   143.0      0.4470    
   144.0      0.4601    
   145.0      0.4740    
   146.0      0.4883    
   147.0      0.5028    
   148.0      0.5172    
   149.0      0.5309    
   150.0      0.5439    
   151.0      0.5556    
   152.0      0.5660    
   153.0      0.5746    
   154.0      0.5815    
   155.0      0.5863    
   156.0      0.5891    
   157.0      0.5897    
   158.0      0.5882    
   159.0      0.5847    
   160.0      0.5792    
   161.0      0.5718    
   162.0      0.5628    
   163.0      0.5523    
   164.0      0.5406    
   165.0      0.5279    
   166.0      0.5146    
   167.0      0.5007    
   168.0      0.4867    
   169.0      0.4728    
   170.0      0.4591    
   171.0      0.4461    
   172.0      0.4338    
   173.0      0.4225    
   174.0      0.4124    
   175.0      0.4035    
   176.0      0.3961    
   177.0      0.3902    
   178.0      0.3859    
   179.0      0.3834    
   180.0      0.3825    
 END
