# 178 angles,  1 tensor ranks for 0=projectile
@subtitle   "20O + d 3-?;"                                                                  
@legend ON
@legend x1 0.2
@legend y1 0.8
@g0 type LOGY
@yaxis ticklabel format power
@legend string   0 "Lab energy =   70.0000"
#legend string   0 "Partition=  1 Excit=  2 near/far= 1"
#  Theta       sigma       iT11        T20         T21         T22         Kyy for projectile
   3.000       1.191    
   4.000       1.430    
   5.000       1.688    
   6.000       1.934    
   7.000       2.146    
   8.000       2.317    
   9.000       2.457    
   10.00       2.585    
   11.00       2.723    
   12.00       2.883    
   13.00       3.068    
   14.00       3.269    
   15.00       3.468    
   16.00       3.639    
   17.00       3.755    
   18.00       3.792    
   19.00       3.736    
   20.00       3.584    
   21.00       3.346    
   22.00       3.042    
   23.00       2.699    
   24.00       2.343    
   25.00       2.001    
   26.00       1.696    
   27.00       1.445    
   28.00       1.256    
   29.00       1.129    
   30.00       1.060    
   31.00       1.037    
   32.00       1.047    
   33.00       1.075    
   34.00       1.106    
   35.00       1.130    
   36.00       1.139    
   37.00       1.128    
   38.00       1.095    
   39.00       1.043    
   40.00      0.9759    
   41.00      0.8975    
   42.00      0.8135    
   43.00      0.7292    
   44.00      0.6489    
   45.00      0.5758    
   46.00      0.5120    
   47.00      0.4580    
   48.00      0.4135    
   49.00      0.3776    
   50.00      0.3487    
   51.00      0.3250    
   52.00      0.3048    
   53.00      0.2866    
   54.00      0.2690    
   55.00      0.2511    
   56.00      0.2326    
   57.00      0.2132    
   58.00      0.1933    
   59.00      0.1732    
   60.00      0.1532    
   61.00      0.1340    
   62.00      0.1160    
   63.00      0.9956E-01
   64.00      0.8490E-01
   65.00      0.7218E-01
   66.00      0.6139E-01
   67.00      0.5246E-01
   68.00      0.4523E-01
   69.00      0.3945E-01
   70.00      0.3488E-01
   71.00      0.3125E-01
   72.00      0.2831E-01
   73.00      0.2588E-01
   74.00      0.2378E-01
   75.00      0.2188E-01
   76.00      0.2009E-01
   77.00      0.1836E-01
   78.00      0.1665E-01
   79.00      0.1499E-01
   80.00      0.1338E-01
   81.00      0.1185E-01
   82.00      0.1041E-01
   83.00      0.9088E-02
   84.00      0.7892E-02
   85.00      0.6840E-02
   86.00      0.5936E-02
   87.00      0.5174E-02
   88.00      0.4538E-02
   89.00      0.4011E-02
   90.00      0.3578E-02
   91.00      0.3224E-02
   92.00      0.2933E-02
   93.00      0.2686E-02
   94.00      0.2470E-02
   95.00      0.2274E-02
   96.00      0.2091E-02
   97.00      0.1919E-02
   98.00      0.1754E-02
   99.00      0.1594E-02
   100.0      0.1439E-02
   101.0      0.1289E-02
   102.0      0.1147E-02
   103.0      0.1018E-02
   104.0      0.9014E-03
   105.0      0.7987E-03
   106.0      0.7093E-03
   107.0      0.6332E-03
   108.0      0.5704E-03
   109.0      0.5198E-03
   110.0      0.4795E-03
   111.0      0.4471E-03
   112.0      0.4209E-03
   113.0      0.3995E-03
   114.0      0.3822E-03
   115.0      0.3677E-03
   116.0      0.3543E-03
   117.0      0.3404E-03
   118.0      0.3251E-03
   119.0      0.3084E-03
   120.0      0.2904E-03
   121.0      0.2713E-03
   122.0      0.2513E-03
   123.0      0.2305E-03
   124.0      0.2095E-03
   125.0      0.1889E-03
   126.0      0.1694E-03
   127.0      0.1510E-03
   128.0      0.1337E-03
   129.0      0.1174E-03
   130.0      0.1025E-03
   131.0      0.8950E-04
   132.0      0.7861E-04
   133.0      0.6978E-04
   134.0      0.6276E-04
   135.0      0.5724E-04
   136.0      0.5307E-04
   137.0      0.5010E-04
   138.0      0.4807E-04
   139.0      0.4654E-04
   140.0      0.4520E-04
   141.0      0.4401E-04
   142.0      0.4316E-04
   143.0      0.4281E-04
   144.0      0.4285E-04
   145.0      0.4288E-04
   146.0      0.4242E-04
   147.0      0.4126E-04
   148.0      0.3958E-04
   149.0      0.3773E-04
   150.0      0.3597E-04
   151.0      0.3435E-04
   152.0      0.3276E-04
   153.0      0.3105E-04
   154.0      0.2921E-04
   155.0      0.2732E-04
   156.0      0.2545E-04
   157.0      0.2363E-04
   158.0      0.2187E-04
   159.0      0.2024E-04
   160.0      0.1884E-04
   161.0      0.1773E-04
   162.0      0.1692E-04
   163.0      0.1634E-04
   164.0      0.1590E-04
   165.0      0.1554E-04
   166.0      0.1528E-04
   167.0      0.1520E-04
   168.0      0.1528E-04
   169.0      0.1550E-04
   170.0      0.1584E-04
   171.0      0.1632E-04
   172.0      0.1694E-04
   173.0      0.1772E-04
   174.0      0.1857E-04
   175.0      0.1929E-04
   176.0      0.1971E-04
   177.0      0.1978E-04
   178.0      0.1961E-04
   179.0      0.1936E-04
   180.0      0.1924E-04
 END
