# 178 angles,  1 tensor ranks for 0=projectile
@subtitle   "20O(d,t) @ 30AMeV Haixia (d) + Pang (t)"                                       
@legend ON
@legend x1 0.2
@legend y1 0.8
@g0 type LOGY
@yaxis ticklabel format power
@legend string   0 "Lab energy =   70.0000"
#legend string   0 "Partition=  2 Excit=  1 near/far= 1"
#  Theta       sigma       iT11        T20         T21         T22         Kyy for projectile
   3.000      0.5841    
   4.000      0.6062    
   5.000      0.6307    
   6.000      0.6556    
   7.000      0.6798    
   8.000      0.7030    
   9.000      0.7254    
   10.00      0.7478    
   11.00      0.7710    
   12.00      0.7953    
   13.00      0.8198    
   14.00      0.8427    
   15.00      0.8610    
   16.00      0.8710    
   17.00      0.8692    
   18.00      0.8525    
   19.00      0.8194    
   20.00      0.7698    
   21.00      0.7055    
   22.00      0.6300    
   23.00      0.5477    
   24.00      0.4640    
   25.00      0.3838    
   26.00      0.3114    
   27.00      0.2503    
   28.00      0.2021    
   29.00      0.1673    
   30.00      0.1451    
   31.00      0.1335    
   32.00      0.1300    
   33.00      0.1320    
   34.00      0.1368    
   35.00      0.1423    
   36.00      0.1468    
   37.00      0.1494    
   38.00      0.1496    
   39.00      0.1476    
   40.00      0.1438    
   41.00      0.1390    
   42.00      0.1338    
   43.00      0.1288    
   44.00      0.1246    
   45.00      0.1213    
   46.00      0.1191    
   47.00      0.1178    
   48.00      0.1171    
   49.00      0.1168    
   50.00      0.1164    
   51.00      0.1156    
   52.00      0.1143    
   53.00      0.1121    
   54.00      0.1091    
   55.00      0.1053    
   56.00      0.1008    
   57.00      0.9564E-01
   58.00      0.9012E-01
   59.00      0.8439E-01
   60.00      0.7863E-01
   61.00      0.7299E-01
   62.00      0.6759E-01
   63.00      0.6251E-01
   64.00      0.5780E-01
   65.00      0.5346E-01
   66.00      0.4949E-01
   67.00      0.4586E-01
   68.00      0.4252E-01
   69.00      0.3943E-01
   70.00      0.3655E-01
   71.00      0.3384E-01
   72.00      0.3128E-01
   73.00      0.2884E-01
   74.00      0.2651E-01
   75.00      0.2429E-01
   76.00      0.2218E-01
   77.00      0.2019E-01
   78.00      0.1831E-01
   79.00      0.1656E-01
   80.00      0.1495E-01
   81.00      0.1346E-01
   82.00      0.1211E-01
   83.00      0.1089E-01
   84.00      0.9789E-02
   85.00      0.8806E-02
   86.00      0.7930E-02
   87.00      0.7150E-02
   88.00      0.6456E-02
   89.00      0.5837E-02
   90.00      0.5283E-02
   91.00      0.4786E-02
   92.00      0.4337E-02
   93.00      0.3930E-02
   94.00      0.3560E-02
   95.00      0.3222E-02
   96.00      0.2913E-02
   97.00      0.2630E-02
   98.00      0.2370E-02
   99.00      0.2133E-02
   100.0      0.1917E-02
   101.0      0.1720E-02
   102.0      0.1542E-02
   103.0      0.1381E-02
   104.0      0.1237E-02
   105.0      0.1107E-02
   106.0      0.9922E-03
   107.0      0.8897E-03
   108.0      0.7987E-03
   109.0      0.7181E-03
   110.0      0.6466E-03
   111.0      0.5833E-03
   112.0      0.5270E-03
   113.0      0.4768E-03
   114.0      0.4319E-03
   115.0      0.3917E-03
   116.0      0.3554E-03
   117.0      0.3225E-03
   118.0      0.2927E-03
   119.0      0.2656E-03
   120.0      0.2407E-03
   121.0      0.2181E-03
   122.0      0.1973E-03
   123.0      0.1783E-03
   124.0      0.1610E-03
   125.0      0.1452E-03
   126.0      0.1308E-03
   127.0      0.1178E-03
   128.0      0.1060E-03
   129.0      0.9542E-04
   130.0      0.8591E-04
   131.0      0.7740E-04
   132.0      0.6982E-04
   133.0      0.6309E-04
   134.0      0.5712E-04
   135.0      0.5185E-04
   136.0      0.4720E-04
   137.0      0.4309E-04
   138.0      0.3946E-04
   139.0      0.3625E-04
   140.0      0.3340E-04
   141.0      0.3087E-04
   142.0      0.2860E-04
   143.0      0.2655E-04
   144.0      0.2470E-04
   145.0      0.2301E-04
   146.0      0.2146E-04
   147.0      0.2003E-04
   148.0      0.1870E-04
   149.0      0.1746E-04
   150.0      0.1631E-04
   151.0      0.1523E-04
   152.0      0.1423E-04
   153.0      0.1330E-04
   154.0      0.1243E-04
   155.0      0.1163E-04
   156.0      0.1090E-04
   157.0      0.1023E-04
   158.0      0.9625E-05
   159.0      0.9081E-05
   160.0      0.8597E-05
   161.0      0.8170E-05
   162.0      0.7796E-05
   163.0      0.7472E-05
   164.0      0.7193E-05
   165.0      0.6956E-05
   166.0      0.6756E-05
   167.0      0.6589E-05
   168.0      0.6451E-05
   169.0      0.6337E-05
   170.0      0.6246E-05
   171.0      0.6172E-05
   172.0      0.6114E-05
   173.0      0.6068E-05
   174.0      0.6032E-05
   175.0      0.6005E-05
   176.0      0.5985E-05
   177.0      0.5971E-05
   178.0      0.5961E-05
   179.0      0.5956E-05
   180.0      0.5954E-05
 END
