           2           1           1
    0.0-     1 1   1.754       0.000      0.1079E-02   1.753    
    1.0+     0 1   5.247       0.000      0.5647E-02   5.242    
    1.0+     2 2   5.278       0.000      0.8141E-02   5.270    
    1.0-     1 1   5.258       0.000      0.5658E-02   5.252    
    2.0+     2 1   8.783       0.000      0.2419E-01   8.758    
    2.0-     1 1   8.749       0.000      0.2230E-01   8.727    
    2.0-     3 2   8.837       0.000      0.2627E-01   8.811    
    3.0+     2 1   12.27       0.000      0.5793E-01   12.21    
    3.0+     4 2   12.44       0.000      0.5254E-01   12.39    
    3.0-     3 1   12.34       0.000      0.5630E-01   12.28    
    4.0+     4 1   15.94       0.000      0.9226E-01   15.84    
    4.0-     3 1   15.80       0.000      0.1039       15.70    
    4.0-     5 2   16.11       0.000      0.8598E-01   16.03    
    5.0+     4 1   19.39       0.000      0.1487       19.24    
    5.0+     6 2   19.85       0.000      0.1222       19.73    
    5.0-     5 1   19.58       0.000      0.1245       19.46    
    6.0+     6 1   23.32       0.000      0.1600       23.16    
    6.0-     5 1   23.00       0.000      0.1752       22.83    
    6.0-     7 2   23.59       0.000      0.1441       23.45    
    7.0+     6 1   26.71       0.000      0.1965       26.51    
    7.0+     8 2   27.28       0.000      0.1978       27.08    
    7.0-     7 1   27.07       0.000      0.1752       26.89    
    8.0+     8 1   30.93       0.000      0.1866       30.74    
    8.0-     7 1   30.47       0.000      0.2128       30.26    
    8.0-     9 2   30.23       0.000      0.3018       29.93    
    9.0+     8 1   34.29       0.000      0.1953       34.09    
    9.0+    10 2   30.91       0.000      0.3846       30.53    
    9.0-     9 1   34.60       0.000      0.2780       34.33    
   10.0+    10 1   36.03       0.000      0.4019       35.63    
   10.0-     9 1   38.55       0.000      0.2251       38.32    
   10.0-    11 2   28.13       0.000      0.3929       27.73    
   11.0+    10 1   41.56       0.000      0.3776       41.18    
   11.0+    12 2   22.54       0.000      0.3255       22.21    
   11.0-    11 1   32.91       0.000      0.4316       32.48    
   12.0+    12 1   25.98       0.000      0.3568       25.62    
   12.0-    11 1   38.73       0.000      0.4719       38.26    
   12.0-    13 2   16.22       0.000      0.2233       16.00    
   13.0+    12 1   30.16       0.000      0.3899       29.77    
   13.0+    14 2   10.85       0.000      0.1294       10.72    
   13.0-    13 1   18.28       0.000      0.2455       18.03    
   14.0+    14 1   11.97       0.000      0.1430       11.83    
   14.0-    13 1   20.65       0.000      0.2652       20.39    
   14.0-    15 2   6.933       0.000      0.6485E-01   6.868    
   15.0+    14 1   13.21       0.000      0.1569       13.05    
   15.0+    16 2   4.320       0.000      0.2920E-01   4.291    
   15.0-    15 1   7.535       0.000      0.7131E-01   7.464    
   16.0+    16 1   4.644       0.000      0.3174E-01   4.612    
   16.0-    15 1   8.171       0.000      0.7825E-01   8.093    
   16.0-    17 2   2.652       0.000      0.1227E-01   2.640    
   17.0+    16 1   4.978       0.000      0.3445E-01   4.943    
   17.0+    18 2   1.614       0.000      0.4951E-02   1.609    
   17.0-    17 1   2.829       0.000      0.1320E-01   2.815    
   18.0+    18 1   1.711       0.000      0.5278E-02   1.706    
   18.0-    17 1   3.008       0.000      0.1416E-01   2.994    
   18.0-    19 2  0.9760       0.000      0.1947E-02  0.9740    
   19.0+    18 1   1.810       0.000      0.5613E-02   1.804    
   19.0+    20 2  0.5877       0.000      0.7520E-03  0.5870    
   19.0-    19 1   1.031       0.000      0.2062E-02   1.029    
   20.0+    20 1  0.6185       0.000      0.7927E-03  0.6177    
   20.0-    19 1   1.086       0.000      0.2179E-02   1.083    
   20.0-    21 2  0.3527       0.000      0.2858E-03  0.3524    
   21.0+    20 1  0.6494       0.000      0.8339E-03  0.6486    
   21.0+    22 2  0.2110       0.000      0.1067E-03  0.2109    
   21.0-    21 1  0.3701       0.000      0.3002E-03  0.3698    
   22.0+    22 1  0.2209       0.000      0.1117E-03  0.2208    
   22.0-    21 1  0.3876       0.000      0.3147E-03  0.3873    
   22.0-    23 2  0.1259       0.000      0.3889E-04  0.1258    
   23.0+    22 1  0.2308       0.000      0.1168E-03  0.2307    
   23.0+    24 2  0.7491E-01   0.000      0.1370E-04  0.7490E-01
   23.0-    23 1  0.1315       0.000      0.4064E-04  0.1315    
   24.0+    24 1  0.7811E-01   0.000      0.1429E-04  0.7809E-01
   24.0-    23 1  0.1371       0.000      0.4239E-04  0.1371    
   24.0-    25 2  0.4447E-01   0.000      0.4579E-05  0.4447E-01
   25.0+    24 1  0.8130E-01   0.000      0.1488E-04  0.8129E-01
   25.0+    26 2  0.2635E-01   0.000      0.1401E-05  0.2634E-01
   25.0-    25 1  0.4629E-01   0.000      0.4766E-05  0.4629E-01
   26.0+    26 1  0.2738E-01   0.000      0.1456E-05  0.2738E-01
   26.0-    25 1  0.4811E-01   0.000      0.4954E-05  0.4811E-01
   26.0-    27 2  0.1557E-01   0.000      0.3661E-06  0.1557E-01
   27.0+    26 1  0.2841E-01   0.000      0.1511E-05  0.2841E-01
   27.0+    28 2  0.9189E-02   0.000      0.7049E-07  0.9189E-02
   27.0-    27 1  0.1616E-01   0.000      0.3799E-06  0.1616E-01
   28.0+    28 1  0.9524E-02   0.000      0.7306E-07  0.9524E-02
   28.0-    27 1  0.1675E-01   0.000      0.3937E-06  0.1675E-01
   28.0-    29 2  0.5412E-02   0.000      0.1113E-07  0.5412E-02
   29.0+    28 1  0.9858E-02   0.000      0.7563E-07  0.9858E-02
   29.0+    30 2  0.3182E-02   0.000      0.1574E-07  0.3182E-02
   29.0-    29 1  0.5602E-02   0.000      0.1152E-07  0.5602E-02
   30.0+    30 1  0.3290E-02   0.000      0.1628E-07  0.3290E-02
   30.0-    29 1  0.5792E-02   0.000      0.1191E-07  0.5792E-02
   30.0-    31 2  0.1868E-02   0.000      0.3023E-07  0.1868E-02
   31.0+    30 1  0.3398E-02   0.000      0.1681E-07  0.3398E-02
   31.0+    32 2  0.1095E-02   0.000      0.4059E-07  0.1095E-02
   31.0-    31 1  0.1929E-02   0.000      0.3122E-07  0.1929E-02
   32.0+    32 1  0.1129E-02   0.000      0.4188E-07  0.1129E-02
   32.0-    31 1  0.1990E-02   0.000      0.3221E-07  0.1990E-02
   32.0-    33 2  0.6407E-03   0.000      0.4523E-07  0.6407E-03
   33.0+    32 1  0.1164E-02   0.000      0.4316E-07  0.1164E-02
   33.0+    34 2  0.3745E-03   0.000      0.4565E-07  0.3744E-03
   33.0-    33 1  0.6604E-03   0.000      0.4662E-07  0.6604E-03
   34.0+    34 1  0.3857E-03   0.000      0.4701E-07  0.3856E-03
   34.0-    33 1  0.6801E-03   0.000      0.4802E-07  0.6801E-03
   34.0-    35 2  0.2186E-03   0.000      0.4352E-07  0.2186E-03
   35.0+    34 1  0.3968E-03   0.000      0.4837E-07  0.3968E-03
   35.0+    36 2  0.1275E-03   0.000      0.4013E-07  0.1274E-03
   35.0-    35 1  0.2249E-03   0.000      0.4478E-07  0.2249E-03
   36.0+    36 1  0.1310E-03   0.000      0.4126E-07  0.1310E-03
   36.0-    35 1  0.2313E-03   0.000      0.4604E-07  0.2312E-03
   36.0-    37 2  0.7423E-04   0.000      0.3624E-07  0.7419E-04
   37.0+    36 1  0.1346E-03   0.000      0.4239E-07  0.1346E-03
   37.0+    38 2  0.4318E-04   0.000      0.3234E-07  0.4315E-04
   37.0-    37 1  0.7626E-04   0.000      0.3723E-07  0.7622E-04
   38.0+    38 1  0.4433E-04   0.000      0.3320E-07  0.4430E-04
   38.0-    37 1  0.7830E-04   0.000      0.3823E-07  0.7826E-04
   38.0-    39 2  0.2510E-04   0.000      0.2864E-07  0.2507E-04
   39.0+    38 1  0.4549E-04   0.000      0.3406E-07  0.4545E-04
   39.0+    40 2  0.1457E-04   0.000      0.2525E-07  0.1455E-04
   39.0-    39 1  0.2575E-04   0.000      0.2938E-07  0.2572E-04
   40.0+    40 1  0.1494E-04   0.000      0.2589E-07  0.1491E-04
   40.0-    39 1  0.2640E-04   0.000      0.3013E-07  0.2637E-04
   40.0-    41 2  0.8452E-05   0.000      0.2222E-07  0.8430E-05
   41.0+    40 1  0.1531E-04   0.000      0.2652E-07  0.1528E-04
   41.0+    42 2  0.4899E-05   0.000      0.1952E-07  0.4879E-05
   41.0-    41 1  0.8661E-05   0.000      0.2276E-07  0.8638E-05
   42.0+    42 1  0.5017E-05   0.000      0.1999E-07  0.4997E-05
   42.0-    41 1  0.8870E-05   0.000      0.2331E-07  0.8846E-05
   42.0-    43 2  0.2837E-05   0.000      0.1715E-07  0.2820E-05
   43.0+    42 1  0.5135E-05   0.000      0.2046E-07  0.5114E-05
   43.0+    44 2  0.1641E-05   0.000      0.1507E-07  0.1626E-05
   43.0-    43 1  0.2903E-05   0.000      0.1755E-07  0.2886E-05
   44.0+    44 1  0.1679E-05   0.000      0.1541E-07  0.1664E-05
   44.0-    43 1  0.2970E-05   0.000      0.1795E-07  0.2952E-05
   44.0-    45 2  0.9490E-06   0.000      0.1324E-07  0.9358E-06
   45.0+    44 1  0.1717E-05   0.000      0.1576E-07  0.1701E-05
   45.0+    46 2  0.5483E-06   0.000      0.1165E-07  0.5367E-06
   45.0-    45 1  0.9703E-06   0.000      0.1354E-07  0.9568E-06
   46.0+    46 1  0.5603E-06   0.000      0.1191E-07  0.5484E-06
   46.0-    45 1  0.9917E-06   0.000      0.1384E-07  0.9778E-06
   46.0-    47 2  0.3166E-06   0.000      0.1025E-07  0.3063E-06
   47.0+    46 1  0.5724E-06   0.000      0.1217E-07  0.5602E-06
   47.0+    48 2  0.1827E-06   0.000      0.9035E-08  0.1736E-06
   47.0-    47 1  0.3234E-06   0.000      0.1047E-07  0.3129E-06
   48.0+    48 1  0.1865E-06   0.000      0.9225E-08  0.1773E-06
   48.0-    47 1  0.3302E-06   0.000      0.1069E-07  0.3195E-06
   48.0-    49 2  0.1053E-06   0.000      0.7967E-08  0.9735E-07
   49.0+    48 1  0.1903E-06   0.000      0.9415E-08  0.1809E-06
   49.0+    50 2  0.6069E-07   0.000      0.7026E-08  0.5366E-07
   49.0-    49 1  0.1075E-06   0.000      0.8131E-08  0.9936E-07
   50.0+    50 1  0.6192E-07   0.000      0.7167E-08  0.5475E-07
   50.0-    49 1  0.1097E-06   0.000      0.8296E-08  0.1014E-06
   50.0-    51 2  0.3495E-07   0.000      0.6208E-08  0.2874E-07
