# 178 angles,  1 tensor ranks for 0=projectile
@subtitle   "20O + d 2+1 inelastic;"                                                        
@legend ON
@legend x1 0.2
@legend y1 0.8
@g0 type LOGY
@yaxis ticklabel format power
@legend string   0 "Lab energy =   70.0000"
#legend string   0 "Partition=  1 Excit=  2 near/far= 1"
#  Theta       sigma       iT11        T20         T21         T22         Kyy for projectile
   3.000       21.39    
   4.000       19.53    
   5.000       18.50    
   6.000       18.94    
   7.000       21.21    
   8.000       25.15    
   9.000       30.16    
   10.00       35.42    
   11.00       40.12    
   12.00       43.60    
   13.00       45.42    
   14.00       45.32    
   15.00       43.29    
   16.00       39.53    
   17.00       34.53    
   18.00       28.91    
   19.00       23.30    
   20.00       18.26    
   21.00       14.14    
   22.00       11.15    
   23.00       9.298    
   24.00       8.490    
   25.00       8.517    
   26.00       9.104    
   27.00       9.958    
   28.00       10.82    
   29.00       11.49    
   30.00       11.86    
   31.00       11.88    
   32.00       11.55    
   33.00       10.92    
   34.00       10.06    
   35.00       9.079    
   36.00       8.063    
   37.00       7.096    
   38.00       6.233    
   39.00       5.504    
   40.00       4.918    
   41.00       4.471    
   42.00       4.144    
   43.00       3.910    
   44.00       3.734    
   45.00       3.585    
   46.00       3.436    
   47.00       3.272    
   48.00       3.086    
   49.00       2.874    
   50.00       2.640    
   51.00       2.389    
   52.00       2.129    
   53.00       1.872    
   54.00       1.626    
   55.00       1.400    
   56.00       1.199    
   57.00       1.023    
   58.00      0.8759    
   59.00      0.7551    
   60.00      0.6587    
   61.00      0.5828    
   62.00      0.5229    
   63.00      0.4749    
   64.00      0.4352    
   65.00      0.4011    
   66.00      0.3703    
   67.00      0.3411    
   68.00      0.3122    
   69.00      0.2835    
   70.00      0.2552    
   71.00      0.2279    
   72.00      0.2018    
   73.00      0.1772    
   74.00      0.1543    
   75.00      0.1334    
   76.00      0.1151    
   77.00      0.9948E-01
   78.00      0.8647E-01
   79.00      0.7566E-01
   80.00      0.6665E-01
   81.00      0.5916E-01
   82.00      0.5300E-01
   83.00      0.4796E-01
   84.00      0.4372E-01
   85.00      0.3997E-01
   86.00      0.3650E-01
   87.00      0.3325E-01
   88.00      0.3024E-01
   89.00      0.2748E-01
   90.00      0.2488E-01
   91.00      0.2236E-01
   92.00      0.1991E-01
   93.00      0.1762E-01
   94.00      0.1558E-01
   95.00      0.1382E-01
   96.00      0.1230E-01
   97.00      0.1098E-01
   98.00      0.9826E-02
   99.00      0.8851E-02
   100.0      0.8064E-02
   101.0      0.7438E-02
   102.0      0.6916E-02
   103.0      0.6453E-02
   104.0      0.6036E-02
   105.0      0.5673E-02
   106.0      0.5362E-02
   107.0      0.5081E-02
   108.0      0.4799E-02
   109.0      0.4496E-02
   110.0      0.4179E-02
   111.0      0.3868E-02
   112.0      0.3570E-02
   113.0      0.3277E-02
   114.0      0.2982E-02
   115.0      0.2694E-02
   116.0      0.2428E-02
   117.0      0.2196E-02
   118.0      0.1990E-02
   119.0      0.1791E-02
   120.0      0.1588E-02
   121.0      0.1392E-02
   122.0      0.1226E-02
   123.0      0.1101E-02
   124.0      0.1010E-02
   125.0      0.9326E-03
   126.0      0.8536E-03
   127.0      0.7730E-03
   128.0      0.7042E-03
   129.0      0.6569E-03
   130.0      0.6251E-03
   131.0      0.5965E-03
   132.0      0.5672E-03
   133.0      0.5428E-03
   134.0      0.5308E-03
   135.0      0.5329E-03
   136.0      0.5407E-03
   137.0      0.5406E-03
   138.0      0.5274E-03
   139.0      0.5111E-03
   140.0      0.5042E-03
   141.0      0.5092E-03
   142.0      0.5201E-03
   143.0      0.5280E-03
   144.0      0.5263E-03
   145.0      0.5162E-03
   146.0      0.5061E-03
   147.0      0.4999E-03
   148.0      0.4932E-03
   149.0      0.4825E-03
   150.0      0.4698E-03
   151.0      0.4579E-03
   152.0      0.4482E-03
   153.0      0.4413E-03
   154.0      0.4342E-03
   155.0      0.4211E-03
   156.0      0.4028E-03
   157.0      0.3868E-03
   158.0      0.3770E-03
   159.0      0.3711E-03
   160.0      0.3673E-03
   161.0      0.3642E-03
   162.0      0.3590E-03
   163.0      0.3520E-03
   164.0      0.3485E-03
   165.0      0.3493E-03
   166.0      0.3499E-03
   167.0      0.3506E-03
   168.0      0.3545E-03
   169.0      0.3594E-03
   170.0      0.3615E-03
   171.0      0.3637E-03
   172.0      0.3692E-03
   173.0      0.3763E-03
   174.0      0.3858E-03
   175.0      0.3987E-03
   176.0      0.4066E-03
   177.0      0.4011E-03
   178.0      0.3892E-03
   179.0      0.3831E-03
   180.0      0.3825E-03
 END
