5.54720 0.30737
7.09836 0.32557
8.48689 0.26211
9.71545 0.31628
11.73887 0.23810
13.06252 0.18933
14.22796 0.12417
15.35102 0.11096
17.70215 0.08076
18.74260 0.07768
19.54378 0.08343
20.13639 0.06286
21.28925 0.05531
22.36956 0.05517
23.78033 0.04556
24.81544 0.03299
26.01621 0.03921
27.10760 0.04415
28.53525 0.04518
29.58358 0.03016
30.71269 0.04249
32.94591 0.04563
34.11470 0.03679
35.14372 0.04236
37.39502 0.03257
39.72166 0.01445
41.94070 0.01406
44.13761 0.01608
46.08566 0.01498
50.90234 0.01325
