# 181 angles,  1 tensor ranks for 0=projectile
@subtitle   "p+O20 1st ex with BG ;"                                                        
@legend ON
@legend x1 0.2
@legend y1 0.8
@g0 type LOGY
@yaxis ticklabel format power
@legend string   0 "Lab energy =   35.0000"
#legend string   0 "Partition=  1 Excit=  1 near/far= 1"
#  Theta       sigma       iT11        T20         T21         T22         Kyy for projectile
  0.1000E-01  0.1288E+16
   1.000      0.1252E+08
   2.000      0.7276E+06
   3.000      0.1306E+06
   4.000      0.3767E+05
   5.000      0.1463E+05
   6.000       7243.    
   7.000       4443.    
   8.000       3232.    
   9.000       2636.    
   10.00       2296.    
   11.00       2066.    
   12.00       1887.    
   13.00       1730.    
   14.00       1583.    
   15.00       1443.    
   16.00       1307.    
   17.00       1176.    
   18.00       1049.    
   19.00       929.1    
   20.00       815.7    
   21.00       709.8    
   22.00       611.9    
   23.00       522.4    
   24.00       441.5    
   25.00       369.0    
   26.00       305.0    
   27.00       248.9    
   28.00       200.5    
   29.00       159.3    
   30.00       124.7    
   31.00       96.04    
   32.00       72.82    
   33.00       54.37    
   34.00       40.10    
   35.00       29.40    
   36.00       21.72    
   37.00       16.53    
   38.00       13.36    
   39.00       11.79    
   40.00       11.42    
   41.00       11.92    
   42.00       13.01    
   43.00       14.46    
   44.00       16.06    
   45.00       17.66    
   46.00       19.15    
   47.00       20.44    
   48.00       21.46    
   49.00       22.19    
   50.00       22.61    
   51.00       22.72    
   52.00       22.53    
   53.00       22.07    
   54.00       21.37    
   55.00       20.47    
   56.00       19.40    
   57.00       18.20    
   58.00       16.90    
   59.00       15.55    
   60.00       14.16    
   61.00       12.78    
   62.00       11.43    
   63.00       10.12    
   64.00       8.883    
   65.00       7.722    
   66.00       6.649    
   67.00       5.671    
   68.00       4.791    
   69.00       4.011    
   70.00       3.329    
   71.00       2.741    
   72.00       2.244    
   73.00       1.830    
   74.00       1.494    
   75.00       1.226    
   76.00       1.021    
   77.00      0.8701    
   78.00      0.7652    
   79.00      0.6992    
   80.00      0.6651    
   81.00      0.6562    
   82.00      0.6667    
   83.00      0.6911    
   84.00      0.7247    
   85.00      0.7634    
   86.00      0.8038    
   87.00      0.8429    
   88.00      0.8786    
   89.00      0.9089    
   90.00      0.9326    
   91.00      0.9489    
   92.00      0.9573    
   93.00      0.9577    
   94.00      0.9501    
   95.00      0.9350    
   96.00      0.9128    
   97.00      0.8842    
   98.00      0.8501    
   99.00      0.8112    
   100.0      0.7684    
   101.0      0.7225    
   102.0      0.6744    
   103.0      0.6250    
   104.0      0.5749    
   105.0      0.5250    
   106.0      0.4757    
   107.0      0.4277    
   108.0      0.3815    
   109.0      0.3374    
   110.0      0.2959    
   111.0      0.2570    
   112.0      0.2211    
   113.0      0.1883    
   114.0      0.1585    
   115.0      0.1319    
   116.0      0.1084    
   117.0      0.8791E-01
   118.0      0.7031E-01
   119.0      0.5549E-01
   120.0      0.4327E-01
   121.0      0.3348E-01
   122.0      0.2593E-01
   123.0      0.2041E-01
   124.0      0.1673E-01
   125.0      0.1467E-01
   126.0      0.1403E-01
   127.0      0.1462E-01
   128.0      0.1622E-01
   129.0      0.1866E-01
   130.0      0.2176E-01
   131.0      0.2535E-01
   132.0      0.2927E-01
   133.0      0.3338E-01
   134.0      0.3755E-01
   135.0      0.4166E-01
   136.0      0.4560E-01
   137.0      0.4928E-01
   138.0      0.5263E-01
   139.0      0.5557E-01
   140.0      0.5806E-01
   141.0      0.6005E-01
   142.0      0.6152E-01
   143.0      0.6246E-01
   144.0      0.6285E-01
   145.0      0.6271E-01
   146.0      0.6206E-01
   147.0      0.6092E-01
   148.0      0.5932E-01
   149.0      0.5732E-01
   150.0      0.5495E-01
   151.0      0.5226E-01
   152.0      0.4932E-01
   153.0      0.4619E-01
   154.0      0.4291E-01
   155.0      0.3956E-01
   156.0      0.3619E-01
   157.0      0.3284E-01
   158.0      0.2958E-01
   159.0      0.2645E-01
   160.0      0.2349E-01
   161.0      0.2073E-01
   162.0      0.1821E-01
   163.0      0.1593E-01
   164.0      0.1391E-01
   165.0      0.1216E-01
   166.0      0.1068E-01
   167.0      0.9452E-02
   168.0      0.8469E-02
   169.0      0.7710E-02
   170.0      0.7152E-02
   171.0      0.6768E-02
   172.0      0.6531E-02
   173.0      0.6409E-02
   174.0      0.6375E-02
   175.0      0.6401E-02
   176.0      0.6460E-02
   177.0      0.6531E-02
   178.0      0.6596E-02
   179.0      0.6640E-02
   180.0      0.6655E-02
 END
