# 181 angles,  1 tensor ranks for 0=projectile
@subtitle   "p+O20 1st ex with BG ;"                                                        
@legend ON
@legend x1 0.2
@legend y1 0.8
@g0 type LOGY
@yaxis ticklabel format power
@legend string   0 "Lab energy =   35.0000"
#legend string   0 "Partition=  1 Excit=  2 near/far= 1"
#  Theta       sigma       iT11        T20         T21         T22         Kyy for projectile
   0.000       45.61    
   1.000       45.58    
   2.000       45.45    
   3.000       45.12    
   4.000       44.47    
   5.000       43.44    
   6.000       42.07    
   7.000       40.46    
   8.000       38.75    
   9.000       37.05    
   10.00       35.44    
   11.00       33.96    
   12.00       32.66    
   13.00       31.55    
   14.00       30.68    
   15.00       30.05    
   16.00       29.66    
   17.00       29.49    
   18.00       29.52    
   19.00       29.71    
   20.00       30.05    
   21.00       30.48    
   22.00       30.97    
   23.00       31.44    
   24.00       31.84    
   25.00       32.14    
   26.00       32.29    
   27.00       32.29    
   28.00       32.11    
   29.00       31.74    
   30.00       31.15    
   31.00       30.36    
   32.00       29.35    
   33.00       28.17    
   34.00       26.83    
   35.00       25.37    
   36.00       23.81    
   37.00       22.18    
   38.00       20.52    
   39.00       18.84    
   40.00       17.19    
   41.00       15.60    
   42.00       14.08    
   43.00       12.67    
   44.00       11.38    
   45.00       10.21    
   46.00       9.179    
   47.00       8.287    
   48.00       7.535    
   49.00       6.918    
   50.00       6.428    
   51.00       6.056    
   52.00       5.789    
   53.00       5.616    
   54.00       5.522    
   55.00       5.491    
   56.00       5.508    
   57.00       5.557    
   58.00       5.627    
   59.00       5.705    
   60.00       5.783    
   61.00       5.850    
   62.00       5.898    
   63.00       5.918    
   64.00       5.908    
   65.00       5.864    
   66.00       5.787    
   67.00       5.678    
   68.00       5.535    
   69.00       5.362    
   70.00       5.160    
   71.00       4.932    
   72.00       4.685    
   73.00       4.421    
   74.00       4.147    
   75.00       3.866    
   76.00       3.582    
   77.00       3.298    
   78.00       3.018    
   79.00       2.746    
   80.00       2.486    
   81.00       2.239    
   82.00       2.007    
   83.00       1.791    
   84.00       1.593    
   85.00       1.412    
   86.00       1.250    
   87.00       1.106    
   88.00      0.9796    
   89.00      0.8699    
   90.00      0.7758    
   91.00      0.6963    
   92.00      0.6302    
   93.00      0.5762    
   94.00      0.5329    
   95.00      0.4988    
   96.00      0.4726    
   97.00      0.4530    
   98.00      0.4388    
   99.00      0.4287    
   100.0      0.4219    
   101.0      0.4172    
   102.0      0.4139    
   103.0      0.4113    
   104.0      0.4088    
   105.0      0.4060    
   106.0      0.4024    
   107.0      0.3978    
   108.0      0.3918    
   109.0      0.3845    
   110.0      0.3758    
   111.0      0.3658    
   112.0      0.3546    
   113.0      0.3421    
   114.0      0.3286    
   115.0      0.3142    
   116.0      0.2990    
   117.0      0.2833    
   118.0      0.2674    
   119.0      0.2512    
   120.0      0.2352    
   121.0      0.2193    
   122.0      0.2037    
   123.0      0.1886    
   124.0      0.1742    
   125.0      0.1604    
   126.0      0.1474    
   127.0      0.1353    
   128.0      0.1240    
   129.0      0.1137    
   130.0      0.1043    
   131.0      0.9584E-01
   132.0      0.8827E-01
   133.0      0.8152E-01
   134.0      0.7558E-01
   135.0      0.7044E-01
   136.0      0.6607E-01
   137.0      0.6239E-01
   138.0      0.5932E-01
   139.0      0.5673E-01
   140.0      0.5456E-01
   141.0      0.5277E-01
   142.0      0.5134E-01
   143.0      0.5022E-01
   144.0      0.4935E-01
   145.0      0.4863E-01
   146.0      0.4799E-01
   147.0      0.4740E-01
   148.0      0.4683E-01
   149.0      0.4628E-01
   150.0      0.4573E-01
   151.0      0.4515E-01
   152.0      0.4452E-01
   153.0      0.4382E-01
   154.0      0.4305E-01
   155.0      0.4221E-01
   156.0      0.4132E-01
   157.0      0.4038E-01
   158.0      0.3939E-01
   159.0      0.3837E-01
   160.0      0.3734E-01
   161.0      0.3632E-01
   162.0      0.3533E-01
   163.0      0.3435E-01
   164.0      0.3338E-01
   165.0      0.3243E-01
   166.0      0.3153E-01
   167.0      0.3071E-01
   168.0      0.2998E-01
   169.0      0.2933E-01
   170.0      0.2875E-01
   171.0      0.2820E-01
   172.0      0.2769E-01
   173.0      0.2725E-01
   174.0      0.2689E-01
   175.0      0.2662E-01
   176.0      0.2642E-01
   177.0      0.2627E-01
   178.0      0.2615E-01
   179.0      0.2607E-01
   180.0      0.2604E-01
 END
