# 178 angles,  1 tensor ranks for 0=projectile
@subtitle   "20O(d,d') Daehnick OMP with step defs and iblock=5"                            
@legend ON
@legend x1 0.2
@legend y1 0.8
@g0 type LOGY
@yaxis ticklabel format power
@legend string   0 "Lab energy =   70.0000"
#legend string   0 "Partition=  1 Excit=  5 near/far= 1"
#  Theta       sigma       iT11        T20         T21         T22         Kyy for projectile
   3.000       1.038    
   4.000      0.9199    
   5.000      0.7841    
   6.000      0.6406    
   7.000      0.4992    
   8.000      0.3689    
   9.000      0.2566    
   10.00      0.1673    
   11.00      0.1032    
   12.00      0.6430E-01
   13.00      0.4808E-01
   14.00      0.5053E-01
   15.00      0.6647E-01
   16.00      0.9033E-01
   17.00      0.1168    
   18.00      0.1412    
   19.00      0.1602    
   20.00      0.1717    
   21.00      0.1749    
   22.00      0.1704    
   23.00      0.1597    
   24.00      0.1448    
   25.00      0.1280    
   26.00      0.1118    
   27.00      0.9799E-01
   28.00      0.8794E-01
   29.00      0.8238E-01
   30.00      0.8136E-01
   31.00      0.8434E-01
   32.00      0.9035E-01
   33.00      0.9815E-01
   34.00      0.1064    
   35.00      0.1138    
   36.00      0.1193    
   37.00      0.1221    
   38.00      0.1219    
   39.00      0.1185    
   40.00      0.1122    
   41.00      0.1035    
   42.00      0.9306E-01
   43.00      0.8157E-01
   44.00      0.6978E-01
   45.00      0.5836E-01
   46.00      0.4783E-01
   47.00      0.3858E-01
   48.00      0.3084E-01
   49.00      0.2467E-01
   50.00      0.2002E-01
   51.00      0.1672E-01
   52.00      0.1454E-01
   53.00      0.1321E-01
   54.00      0.1248E-01
   55.00      0.1208E-01
   56.00      0.1183E-01
   57.00      0.1156E-01
   58.00      0.1117E-01
   59.00      0.1060E-01
   60.00      0.9852E-02
   61.00      0.8947E-02
   62.00      0.7929E-02
   63.00      0.6858E-02
   64.00      0.5792E-02
   65.00      0.4787E-02
   66.00      0.3885E-02
   67.00      0.3116E-02
   68.00      0.2496E-02
   69.00      0.2025E-02
   70.00      0.1693E-02
   71.00      0.1481E-02
   72.00      0.1365E-02
   73.00      0.1317E-02
   74.00      0.1311E-02
   75.00      0.1325E-02
   76.00      0.1338E-02
   77.00      0.1338E-02
   78.00      0.1315E-02
   79.00      0.1265E-02
   80.00      0.1190E-02
   81.00      0.1092E-02
   82.00      0.9778E-03
   83.00      0.8543E-03
   84.00      0.7287E-03
   85.00      0.6079E-03
   86.00      0.4975E-03
   87.00      0.4017E-03
   88.00      0.3229E-03
   89.00      0.2622E-03
   90.00      0.2191E-03
   91.00      0.1920E-03
   92.00      0.1784E-03
   93.00      0.1754E-03
   94.00      0.1796E-03
   95.00      0.1881E-03
   96.00      0.1980E-03
   97.00      0.2071E-03
   98.00      0.2134E-03
   99.00      0.2157E-03
   100.0      0.2136E-03
   101.0      0.2069E-03
   102.0      0.1958E-03
   103.0      0.1812E-03
   104.0      0.1638E-03
   105.0      0.1447E-03
   106.0      0.1249E-03
   107.0      0.1055E-03
   108.0      0.8711E-04
   109.0      0.7058E-04
   110.0      0.5635E-04
   111.0      0.4471E-04
   112.0      0.3576E-04
   113.0      0.2943E-04
   114.0      0.2551E-04
   115.0      0.2370E-04
   116.0      0.2360E-04
   117.0      0.2478E-04
   118.0      0.2682E-04
   119.0      0.2930E-04
   120.0      0.3186E-04
   121.0      0.3419E-04
   122.0      0.3603E-04
   123.0      0.3722E-04
   124.0      0.3766E-04
   125.0      0.3730E-04
   126.0      0.3619E-04
   127.0      0.3437E-04
   128.0      0.3198E-04
   129.0      0.2912E-04
   130.0      0.2596E-04
   131.0      0.2264E-04
   132.0      0.1930E-04
   133.0      0.1608E-04
   134.0      0.1307E-04
   135.0      0.1037E-04
   136.0      0.8031E-05
   137.0      0.6098E-05
   138.0      0.4582E-05
   139.0      0.3474E-05
   140.0      0.2749E-05
   141.0      0.2369E-05
   142.0      0.2283E-05
   143.0      0.2438E-05
   144.0      0.2778E-05
   145.0      0.3248E-05
   146.0      0.3797E-05
   147.0      0.4381E-05
   148.0      0.4961E-05
   149.0      0.5507E-05
   150.0      0.5999E-05
   151.0      0.6420E-05
   152.0      0.6762E-05
   153.0      0.7023E-05
   154.0      0.7203E-05
   155.0      0.7307E-05
   156.0      0.7341E-05
   157.0      0.7311E-05
   158.0      0.7225E-05
   159.0      0.7090E-05
   160.0      0.6912E-05
   161.0      0.6697E-05
   162.0      0.6452E-05
   163.0      0.6180E-05
   164.0      0.5888E-05
   165.0      0.5579E-05
   166.0      0.5259E-05
   167.0      0.4933E-05
   168.0      0.4607E-05
   169.0      0.4285E-05
   170.0      0.3973E-05
   171.0      0.3676E-05
   172.0      0.3398E-05
   173.0      0.3144E-05
   174.0      0.2918E-05
   175.0      0.2722E-05
   176.0      0.2559E-05
   177.0      0.2431E-05
   178.0      0.2338E-05
   179.0      0.2282E-05
   180.0      0.2263E-05
 END
