# 178 angles,  1 tensor ranks for 0=projectile
@subtitle   "20O(d,d') Daehnick OMP with step defs and iblock=5"                            
@legend ON
@legend x1 0.2
@legend y1 0.8
@g0 type LOGY
@yaxis ticklabel format power
@legend string   0 "Lab energy =   70.0000"
#legend string   0 "Partition=  1 Excit=  1 near/far= 1"
#  Theta       sigma       iT11        T20         T21         T22         Kyy for projectile
   3.000      0.2774E+05
   4.000      0.1175E+05
   5.000       8302.    
   6.000       6788.    
   7.000       5576.    
   8.000       4430.    
   9.000       3365.    
   10.00       2427.    
   11.00       1651.    
   12.00       1048.    
   13.00       609.7    
   14.00       316.9    
   15.00       142.1    
   16.00       55.80    
   17.00       29.75    
   18.00       39.78    
   19.00       66.85    
   20.00       97.41    
   21.00       123.0    
   22.00       139.3    
   23.00       145.3    
   24.00       141.9    
   25.00       131.3    
   26.00       116.0    
   27.00       98.67    
   28.00       81.24    
   29.00       65.22    
   30.00       51.54    
   31.00       40.57    
   32.00       32.31    
   33.00       26.46    
   34.00       22.57    
   35.00       20.14    
   36.00       18.68    
   37.00       17.77    
   38.00       17.09    
   39.00       16.41    
   40.00       15.60    
   41.00       14.60    
   42.00       13.41    
   43.00       12.08    
   44.00       10.66    
   45.00       9.216    
   46.00       7.818    
   47.00       6.517    
   48.00       5.350    
   49.00       4.342    
   50.00       3.501    
   51.00       2.824    
   52.00       2.299    
   53.00       1.905    
   54.00       1.620    
   55.00       1.420    
   56.00       1.283    
   57.00       1.189    
   58.00       1.119    
   59.00       1.062    
   60.00       1.008    
   61.00      0.9498    
   62.00      0.8858    
   63.00      0.8150    
   64.00      0.7385    
   65.00      0.6586    
   66.00      0.5780    
   67.00      0.4995    
   68.00      0.4257    
   69.00      0.3586    
   70.00      0.2995    
   71.00      0.2492    
   72.00      0.2077    
   73.00      0.1746    
   74.00      0.1491    
   75.00      0.1299    
   76.00      0.1160    
   77.00      0.1059    
   78.00      0.9850E-01
   79.00      0.9275E-01
   80.00      0.8782E-01
   81.00      0.8307E-01
   82.00      0.7810E-01
   83.00      0.7268E-01
   84.00      0.6677E-01
   85.00      0.6042E-01
   86.00      0.5380E-01
   87.00      0.4710E-01
   88.00      0.4054E-01
   89.00      0.3432E-01
   90.00      0.2862E-01
   91.00      0.2355E-01
   92.00      0.1919E-01
   93.00      0.1558E-01
   94.00      0.1270E-01
   95.00      0.1048E-01
   96.00      0.8863E-02
   97.00      0.7738E-02
   98.00      0.7005E-02
   99.00      0.6561E-02
   100.0      0.6310E-02
   101.0      0.6170E-02
   102.0      0.6072E-02
   103.0      0.5966E-02
   104.0      0.5817E-02
   105.0      0.5604E-02
   106.0      0.5322E-02
   107.0      0.4974E-02
   108.0      0.4570E-02
   109.0      0.4125E-02
   110.0      0.3658E-02
   111.0      0.3187E-02
   112.0      0.2727E-02
   113.0      0.2293E-02
   114.0      0.1897E-02
   115.0      0.1545E-02
   116.0      0.1241E-02
   117.0      0.9880E-03
   118.0      0.7831E-03
   119.0      0.6232E-03
   120.0      0.5034E-03
   121.0      0.4179E-03
   122.0      0.3606E-03
   123.0      0.3254E-03
   124.0      0.3065E-03
   125.0      0.2989E-03
   126.0      0.2981E-03
   127.0      0.3006E-03
   128.0      0.3036E-03
   129.0      0.3053E-03
   130.0      0.3042E-03
   131.0      0.2997E-03
   132.0      0.2917E-03
   133.0      0.2802E-03
   134.0      0.2656E-03
   135.0      0.2485E-03
   136.0      0.2296E-03
   137.0      0.2095E-03
   138.0      0.1890E-03
   139.0      0.1686E-03
   140.0      0.1489E-03
   141.0      0.1304E-03
   142.0      0.1134E-03
   143.0      0.9820E-04
   144.0      0.8502E-04
   145.0      0.7395E-04
   146.0      0.6505E-04
   147.0      0.5829E-04
   148.0      0.5360E-04
   149.0      0.5086E-04
   150.0      0.4992E-04
   151.0      0.5058E-04
   152.0      0.5263E-04
   153.0      0.5583E-04
   154.0      0.5995E-04
   155.0      0.6471E-04
   156.0      0.6986E-04
   157.0      0.7511E-04
   158.0      0.8022E-04
   159.0      0.8493E-04
   160.0      0.8901E-04
   161.0      0.9226E-04
   162.0      0.9449E-04
   163.0      0.9558E-04
   164.0      0.9542E-04
   165.0      0.9399E-04
   166.0      0.9130E-04
   167.0      0.8740E-04
   168.0      0.8241E-04
   169.0      0.7649E-04
   170.0      0.6984E-04
   171.0      0.6270E-04
   172.0      0.5533E-04
   173.0      0.4799E-04
   174.0      0.4095E-04
   175.0      0.3448E-04
   176.0      0.2881E-04
   177.0      0.2417E-04
   178.0      0.2073E-04
   179.0      0.1861E-04
   180.0      0.1790E-04
 END
