# 178 angles,  1 tensor ranks for 0=projectile
@subtitle   "20O(d,d') Daehnick OMP with step defs and iblock=5"                            
@legend ON
@legend x1 0.2
@legend y1 0.8
@g0 type LOGY
@yaxis ticklabel format power
@legend string   0 "Lab energy =   70.0000"
#legend string   0 "Partition=  1 Excit=  4 near/far= 1"
#  Theta       sigma       iT11        T20         T21         T22         Kyy for projectile
   3.000       11.31    
   4.000       14.47    
   5.000       17.76    
   6.000       20.86    
   7.000       23.55    
   8.000       25.79    
   9.000       27.70    
   10.00       29.50    
   11.00       31.41    
   12.00       33.56    
   13.00       35.99    
   14.00       38.56    
   15.00       41.04    
   16.00       43.11    
   17.00       44.44    
   18.00       44.76    
   19.00       43.91    
   20.00       41.86    
   21.00       38.76    
   22.00       34.83    
   23.00       30.40    
   24.00       25.84    
   25.00       21.49    
   26.00       17.63    
   27.00       14.48    
   28.00       12.13    
   29.00       10.60    
   30.00       9.822    
   31.00       9.647    
   32.00       9.899    
   33.00       10.39    
   34.00       10.94    
   35.00       11.41    
   36.00       11.68    
   37.00       11.69    
   38.00       11.43    
   39.00       10.92    
   40.00       10.19    
   41.00       9.319    
   42.00       8.367    
   43.00       7.404    
   44.00       6.485    
   45.00       5.655    
   46.00       4.941    
   47.00       4.353    
   48.00       3.889    
   49.00       3.536    
   50.00       3.274    
   51.00       3.079    
   52.00       2.928    
   53.00       2.798    
   54.00       2.671    
   55.00       2.536    
   56.00       2.384    
   57.00       2.214    
   58.00       2.027    
   59.00       1.828    
   60.00       1.623    
   61.00       1.418    
   62.00       1.222    
   63.00       1.039    
   64.00      0.8747    
   65.00      0.7310    
   66.00      0.6095    
   67.00      0.5098    
   68.00      0.4304    
   69.00      0.3689    
   70.00      0.3223    
   71.00      0.2875    
   72.00      0.2613    
   73.00      0.2412    
   74.00      0.2247    
   75.00      0.2102    
   76.00      0.1962    
   77.00      0.1821    
   78.00      0.1675    
   79.00      0.1523    
   80.00      0.1368    
   81.00      0.1214    
   82.00      0.1064    
   83.00      0.9224E-01
   84.00      0.7920E-01
   85.00      0.6757E-01
   86.00      0.5748E-01
   87.00      0.4896E-01
   88.00      0.4196E-01
   89.00      0.3632E-01
   90.00      0.3189E-01
   91.00      0.2844E-01
   92.00      0.2579E-01
   93.00      0.2371E-01
   94.00      0.2201E-01
   95.00      0.2055E-01
   96.00      0.1921E-01
   97.00      0.1791E-01
   98.00      0.1661E-01
   99.00      0.1527E-01
   100.0      0.1390E-01
   101.0      0.1252E-01
   102.0      0.1115E-01
   103.0      0.9834E-02
   104.0      0.8597E-02
   105.0      0.7465E-02
   106.0      0.6457E-02
   107.0      0.5584E-02
   108.0      0.4851E-02
   109.0      0.4255E-02
   110.0      0.3785E-02
   111.0      0.3425E-02
   112.0      0.3159E-02
   113.0      0.2966E-02
   114.0      0.2831E-02
   115.0      0.2735E-02
   116.0      0.2661E-02
   117.0      0.2594E-02
   118.0      0.2522E-02
   119.0      0.2438E-02
   120.0      0.2340E-02
   121.0      0.2225E-02
   122.0      0.2094E-02
   123.0      0.1950E-02
   124.0      0.1795E-02
   125.0      0.1634E-02
   126.0      0.1471E-02
   127.0      0.1312E-02
   128.0      0.1158E-02
   129.0      0.1013E-02
   130.0      0.8795E-03
   131.0      0.7599E-03
   132.0      0.6561E-03
   133.0      0.5684E-03
   134.0      0.4964E-03
   135.0      0.4387E-03
   136.0      0.3940E-03
   137.0      0.3607E-03
   138.0      0.3366E-03
   139.0      0.3195E-03
   140.0      0.3074E-03
   141.0      0.2989E-03
   142.0      0.2935E-03
   143.0      0.2905E-03
   144.0      0.2889E-03
   145.0      0.2872E-03
   146.0      0.2836E-03
   147.0      0.2774E-03
   148.0      0.2686E-03
   149.0      0.2581E-03
   150.0      0.2470E-03
   151.0      0.2354E-03
   152.0      0.2235E-03
   153.0      0.2110E-03
   154.0      0.1980E-03
   155.0      0.1848E-03
   156.0      0.1720E-03
   157.0      0.1597E-03
   158.0      0.1484E-03
   159.0      0.1380E-03
   160.0      0.1289E-03
   161.0      0.1211E-03
   162.0      0.1148E-03
   163.0      0.1098E-03
   164.0      0.1058E-03
   165.0      0.1026E-03
   166.0      0.1001E-03
   167.0      0.9826E-04
   168.0      0.9702E-04
   169.0      0.9632E-04
   170.0      0.9610E-04
   171.0      0.9639E-04
   172.0      0.9722E-04
   173.0      0.9856E-04
   174.0      0.1001E-03
   175.0      0.1014E-03
   176.0      0.1019E-03
   177.0      0.1015E-03
   178.0      0.1005E-03
   179.0      0.9945E-04
   180.0      0.9901E-04
 END
