# 178 angles,  1 tensor ranks for 0=projectile
@subtitle   "20O + d 3-?;"                                                                  
@legend ON
@legend x1 0.2
@legend y1 0.8
@g0 type LOGY
@yaxis ticklabel format power
@legend string   0 "Lab energy =   70.0000"
#legend string   0 "Partition=  1 Excit=  1 near/far= 1"
#  Theta       sigma       iT11        T20         T21         T22         Kyy for projectile
   3.000      0.2748E+05
   4.000      0.1166E+05
   5.000       8276.    
   6.000       6786.    
   7.000       5580.    
   8.000       4431.    
   9.000       3360.    
   10.00       2418.    
   11.00       1639.    
   12.00       1034.    
   13.00       596.5    
   14.00       306.3    
   15.00       135.2    
   16.00       53.04    
   17.00       31.10    
   18.00       44.72    
   19.00       74.58    
   20.00       107.0    
   21.00       133.5    
   22.00       150.0    
   23.00       155.5    
   24.00       151.1    
   25.00       139.4    
   26.00       123.0    
   27.00       104.6    
   28.00       86.25    
   29.00       69.55    
   30.00       55.38    
   31.00       44.12    
   32.00       35.69    
   33.00       29.76    
   34.00       25.82    
   35.00       23.32    
   36.00       21.76    
   37.00       20.70    
   38.00       19.81    
   39.00       18.87    
   40.00       17.78    
   41.00       16.48    
   42.00       14.99    
   43.00       13.38    
   44.00       11.71    
   45.00       10.06    
   46.00       8.495    
   47.00       7.066    
   48.00       5.808    
   49.00       4.738    
   50.00       3.859    
   51.00       3.160    
   52.00       2.621    
   53.00       2.218    
   54.00       1.924    
   55.00       1.712    
   56.00       1.560    
   57.00       1.445    
   58.00       1.353    
   59.00       1.270    
   60.00       1.190    
   61.00       1.106    
   62.00       1.019    
   63.00      0.9271    
   64.00      0.8330    
   65.00      0.7389    
   66.00      0.6474    
   67.00      0.5610    
   68.00      0.4817    
   69.00      0.4109    
   70.00      0.3495    
   71.00      0.2975    
   72.00      0.2546    
   73.00      0.2201    
   74.00      0.1928    
   75.00      0.1716    
   76.00      0.1550    
   77.00      0.1419    
   78.00      0.1312    
   79.00      0.1221    
   80.00      0.1137    
   81.00      0.1056    
   82.00      0.9753E-01
   83.00      0.8931E-01
   84.00      0.8093E-01
   85.00      0.7250E-01
   86.00      0.6416E-01
   87.00      0.5609E-01
   88.00      0.4845E-01
   89.00      0.4141E-01
   90.00      0.3508E-01
   91.00      0.2952E-01
   92.00      0.2478E-01
   93.00      0.2085E-01
   94.00      0.1766E-01
   95.00      0.1516E-01
   96.00      0.1324E-01
   97.00      0.1181E-01
   98.00      0.1076E-01
   99.00      0.9994E-02
   100.0      0.9416E-02
   101.0      0.8954E-02
   102.0      0.8548E-02
   103.0      0.8152E-02
   104.0      0.7738E-02
   105.0      0.7288E-02
   106.0      0.6798E-02
   107.0      0.6270E-02
   108.0      0.5714E-02
   109.0      0.5142E-02
   110.0      0.4570E-02
   111.0      0.4012E-02
   112.0      0.3481E-02
   113.0      0.2987E-02
   114.0      0.2539E-02
   115.0      0.2142E-02
   116.0      0.1798E-02
   117.0      0.1506E-02
   118.0      0.1264E-02
   119.0      0.1069E-02
   120.0      0.9143E-03
   121.0      0.7949E-03
   122.0      0.7046E-03
   123.0      0.6376E-03
   124.0      0.5882E-03
   125.0      0.5517E-03
   126.0      0.5239E-03
   127.0      0.5012E-03
   128.0      0.4811E-03
   129.0      0.4615E-03
   130.0      0.4412E-03
   131.0      0.4194E-03
   132.0      0.3957E-03
   133.0      0.3702E-03
   134.0      0.3431E-03
   135.0      0.3149E-03
   136.0      0.2863E-03
   137.0      0.2577E-03
   138.0      0.2298E-03
   139.0      0.2032E-03
   140.0      0.1784E-03
   141.0      0.1557E-03
   142.0      0.1356E-03
   143.0      0.1181E-03
   144.0      0.1035E-03
   145.0      0.9178E-04
   146.0      0.8286E-04
   147.0      0.7661E-04
   148.0      0.7286E-04
   149.0      0.7137E-04
   150.0      0.7184E-04
   151.0      0.7398E-04
   152.0      0.7746E-04
   153.0      0.8194E-04
   154.0      0.8709E-04
   155.0      0.9258E-04
   156.0      0.9810E-04
   157.0      0.1033E-03
   158.0      0.1080E-03
   159.0      0.1119E-03
   160.0      0.1148E-03
   161.0      0.1165E-03
   162.0      0.1169E-03
   163.0      0.1159E-03
   164.0      0.1134E-03
   165.0      0.1095E-03
   166.0      0.1042E-03
   167.0      0.9773E-04
   168.0      0.9015E-04
   169.0      0.8170E-04
   170.0      0.7263E-04
   171.0      0.6320E-04
   172.0      0.5371E-04
   173.0      0.4445E-04
   174.0      0.3572E-04
   175.0      0.2779E-04
   176.0      0.2091E-04
   177.0      0.1532E-04
   178.0      0.1120E-04
   179.0      0.8665E-05
   180.0      0.7812E-05
 END
