# 178 angles,  1 tensor ranks for 0=projectile
@subtitle   "p+O20 1st with BG ;"                                                           
@legend ON
@legend x1 0.2
@legend y1 0.8
@g0 type LOGY
@yaxis ticklabel format power
@legend string   0 "Lab energy =   43.2700"
#legend string   0 "Partition=  1 Excit=  2 near/far= 1"
#  Theta       sigma       iT11        T20         T21         T22         Kyy for projectile
   3.000       47.55    
   4.000       46.58    
   5.000       45.23    
   6.000       43.55    
   7.000       41.70    
   8.000       39.85    
   9.000       38.11    
   10.00       36.60    
   11.00       35.36    
   12.00       34.45    
   13.00       33.89    
   14.00       33.71    
   15.00       33.90    
   16.00       34.41    
   17.00       35.17    
   18.00       36.13    
   19.00       37.22    
   20.00       38.37    
   21.00       39.51    
   22.00       40.56    
   23.00       41.42    
   24.00       42.03    
   25.00       42.34    
   26.00       42.31    
   27.00       41.95    
   28.00       41.25    
   29.00       40.22    
   30.00       38.86    
   31.00       37.21    
   32.00       35.30    
   33.00       33.18    
   34.00       30.94    
   35.00       28.60    
   36.00       26.24    
   37.00       23.88    
   38.00       21.58    
   39.00       19.38    
   40.00       17.32    
   41.00       15.42    
   42.00       13.71    
   43.00       12.19    
   44.00       10.87    
   45.00       9.745    
   46.00       8.814    
   47.00       8.063    
   48.00       7.476    
   49.00       7.033    
   50.00       6.714    
   51.00       6.496    
   52.00       6.361    
   53.00       6.289    
   54.00       6.259    
   55.00       6.252    
   56.00       6.252    
   57.00       6.245    
   58.00       6.221    
   59.00       6.175    
   60.00       6.100    
   61.00       5.993    
   62.00       5.850    
   63.00       5.671    
   64.00       5.459    
   65.00       5.217    
   66.00       4.950    
   67.00       4.665    
   68.00       4.364    
   69.00       4.053    
   70.00       3.737    
   71.00       3.420    
   72.00       3.108    
   73.00       2.807    
   74.00       2.519    
   75.00       2.246    
   76.00       1.992    
   77.00       1.757    
   78.00       1.543    
   79.00       1.351    
   80.00       1.181    
   81.00       1.031    
   82.00      0.9024    
   83.00      0.7924    
   84.00      0.6999    
   85.00      0.6236    
   86.00      0.5618    
   87.00      0.5127    
   88.00      0.4745    
   89.00      0.4454    
   90.00      0.4237    
   91.00      0.4081    
   92.00      0.3971    
   93.00      0.3894    
   94.00      0.3840    
   95.00      0.3797    
   96.00      0.3759    
   97.00      0.3720    
   98.00      0.3674    
   99.00      0.3619    
   100.0      0.3552    
   101.0      0.3470    
   102.0      0.3374    
   103.0      0.3263    
   104.0      0.3140    
   105.0      0.3006    
   106.0      0.2863    
   107.0      0.2711    
   108.0      0.2553    
   109.0      0.2391    
   110.0      0.2228    
   111.0      0.2066    
   112.0      0.1907    
   113.0      0.1751    
   114.0      0.1601    
   115.0      0.1457    
   116.0      0.1321    
   117.0      0.1194    
   118.0      0.1076    
   119.0      0.9667E-01
   120.0      0.8670E-01
   121.0      0.7769E-01
   122.0      0.6963E-01
   123.0      0.6249E-01
   124.0      0.5621E-01
   125.0      0.5072E-01
   126.0      0.4596E-01
   127.0      0.4188E-01
   128.0      0.3845E-01
   129.0      0.3564E-01
   130.0      0.3337E-01
   131.0      0.3154E-01
   132.0      0.3006E-01
   133.0      0.2888E-01
   134.0      0.2796E-01
   135.0      0.2730E-01
   136.0      0.2685E-01
   137.0      0.2657E-01
   138.0      0.2638E-01
   139.0      0.2623E-01
   140.0      0.2609E-01
   141.0      0.2596E-01
   142.0      0.2584E-01
   143.0      0.2571E-01
   144.0      0.2555E-01
   145.0      0.2532E-01
   146.0      0.2502E-01
   147.0      0.2463E-01
   148.0      0.2418E-01
   149.0      0.2365E-01
   150.0      0.2306E-01
   151.0      0.2240E-01
   152.0      0.2167E-01
   153.0      0.2088E-01
   154.0      0.2004E-01
   155.0      0.1917E-01
   156.0      0.1826E-01
   157.0      0.1731E-01
   158.0      0.1634E-01
   159.0      0.1537E-01
   160.0      0.1441E-01
   161.0      0.1347E-01
   162.0      0.1256E-01
   163.0      0.1168E-01
   164.0      0.1082E-01
   165.0      0.9993E-02
   166.0      0.9214E-02
   167.0      0.8497E-02
   168.0      0.7846E-02
   169.0      0.7259E-02
   170.0      0.6727E-02
   171.0      0.6243E-02
   172.0      0.5805E-02
   173.0      0.5423E-02
   174.0      0.5101E-02
   175.0      0.4840E-02
   176.0      0.4635E-02
   177.0      0.4480E-02
   178.0      0.4370E-02
   179.0      0.4302E-02
   180.0      0.4279E-02
 END
