# Fusion cross sections for ELAB=  70.000, ECM=  63.596
     0.0   1.734     -1
     1.0   10.41      1
     1.0   15.61     -1
     2.0   8.692      1
     2.0   26.09     -1
     3.0   24.47      1
     3.0   36.69     -1
     4.0   15.81      1
     4.0   47.45     -1
     5.0   38.98      1
     5.0   58.44     -1
     6.0   23.22      1
     6.0   69.62     -1
     7.0   54.15      1
     7.0   81.16     -1
     8.0   30.98      1
     8.0   92.55     -1
     9.0   66.37      1
     9.0   101.3     -1
    10.0   36.26      1
    10.0   103.6     -1
    11.0   63.38      1
    11.0   96.20     -1
    12.0   25.77      1
    12.0   79.25     -1
    13.0   40.03      1
    13.0   58.14     -1
    14.0   11.84      1
    14.0   39.04     -1
    15.0   17.36      1
    15.0   24.79     -1
    16.0   4.545      1
    16.0   15.24     -1
    17.0   6.464      1
    17.0   9.207     -1
    18.0   1.639      1
    18.0   5.502     -1
    19.0   2.293      1
    19.0   3.266     -1
    20.0  0.5757      1
    20.0   1.930     -1
    21.0  0.7970      1
    21.0   1.136     -1
    22.0  0.1991      1
    22.0  0.6667     -1
    23.0  0.2737      1
    23.0  0.3903     -1
    24.0  0.6807E-01  1
    24.0  0.2279     -1
    25.0  0.9312E-01  1
    25.0  0.1328     -1
    26.0  0.2306E-01  1
    26.0  0.7722E-01 -1
    27.0  0.3143E-01  1
    27.0  0.4482E-01 -1
    28.0  0.7755E-02  1
    28.0  0.2597E-01 -1
    29.0  0.1053E-01  1
    29.0  0.1502E-01 -1
    30.0  0.2590E-02  1
    30.0  0.8674E-02 -1
    31.0  0.3509E-02  1
    31.0  0.5002E-02 -1
    32.0  0.8600E-03  1
    32.0  0.2881E-02 -1
    33.0  0.1162E-02  1
    33.0  0.1657E-02 -1
    34.0  0.2841E-03  1
    34.0  0.9519E-03 -1
    35.0  0.3832E-03  1
    35.0  0.5462E-03 -1
    36.0  0.9342E-04  1
    36.0  0.3131E-03 -1
    37.0  0.1258E-03  1
    37.0  0.1793E-03 -1
    38.0  0.3059E-04  1
    38.0  0.1025E-03 -1
    39.0  0.4112E-04  1
    39.0  0.5860E-04 -1
    40.0  0.9979E-05  1
    40.0  0.3346E-04 -1
    41.0  0.1339E-04  1
    41.0  0.1909E-04 -1
    42.0  0.3244E-05  1
    42.0  0.1088E-04 -1
    43.0  0.4349E-05  1
    43.0  0.6196E-05 -1
    44.0  0.1052E-05  1
    44.0  0.3527E-05 -1
    45.0  0.1408E-05  1
    45.0  0.2006E-05 -1
    46.0  0.3398E-06  1
    46.0  0.1140E-05 -1
    47.0  0.4544E-06  1
    47.0  0.6474E-06 -1
    48.0  0.1095E-06  1
    48.0  0.3675E-06 -1
    49.0  0.1463E-06  1
    49.0  0.2085E-06 -1
    50.0  0.3522E-07  1
    50.0  0.1182E-06 -1
    51.0  0.4701E-07  1
    51.0  0.6696E-07 -1
    52.0  0.1130E-07  1
    52.0  0.3792E-07 -1
    53.0  0.1507E-07  1
    53.0  0.2146E-07 -1
    54.0  0.3617E-08  1
    54.0  0.1214E-07 -1
    55.0  0.4819E-08  1
    55.0  0.6865E-08 -1
    56.0  0.1156E-08  1
    56.0  0.3880E-08 -1
    57.0  0.1539E-08  1
    57.0  0.2192E-08 -1
    58.0  0.3685E-09  1
    58.0  0.1238E-08 -1
    59.0  0.4909E-09  1
    59.0  0.6991E-09 -1
    60.0  0.1180E-09  1
    60.0  0.3942E-09 -1
 &
