# 178 angles,  1 tensor ranks for 0=projectile
@subtitle   "20O(d,t) @ 30AMeV Haixia (d) + Pang (t)"                                       
@legend ON
@legend x1 0.2
@legend y1 0.8
@g0 type LOGY
@yaxis ticklabel format power
@legend string   0 "Lab energy =   70.0000"
#legend string   0 "Partition=  2 Excit=  3 near/far= 1"
#  Theta       sigma       iT11        T20         T21         T22         Kyy for projectile
   3.000       7.579    
   4.000       7.413    
   5.000       7.220    
   6.000       6.994    
   7.000       6.716    
   8.000       6.362    
   9.000       5.913    
   10.00       5.362    
   11.00       4.721    
   12.00       4.018    
   13.00       3.295    
   14.00       2.599    
   15.00       1.974    
   16.00       1.453    
   17.00       1.052    
   18.00      0.7723    
   19.00      0.6023    
   20.00      0.5204    
   21.00      0.5010    
   22.00      0.5193    
   23.00      0.5545    
   24.00      0.5923    
   25.00      0.6247    
   26.00      0.6497    
   27.00      0.6690    
   28.00      0.6868    
   29.00      0.7073    
   30.00      0.7338    
   31.00      0.7677    
   32.00      0.8084    
   33.00      0.8535    
   34.00      0.8993    
   35.00      0.9417    
   36.00      0.9770    
   37.00       1.002    
   38.00       1.015    
   39.00       1.014    
   40.00       1.001    
   41.00      0.9771    
   42.00      0.9438    
   43.00      0.9035    
   44.00      0.8588    
   45.00      0.8118    
   46.00      0.7642    
   47.00      0.7173    
   48.00      0.6721    
   49.00      0.6289    
   50.00      0.5879    
   51.00      0.5489    
   52.00      0.5118    
   53.00      0.4763    
   54.00      0.4421    
   55.00      0.4091    
   56.00      0.3773    
   57.00      0.3467    
   58.00      0.3173    
   59.00      0.2892    
   60.00      0.2626    
   61.00      0.2377    
   62.00      0.2145    
   63.00      0.1931    
   64.00      0.1735    
   65.00      0.1557    
   66.00      0.1396    
   67.00      0.1252    
   68.00      0.1122    
   69.00      0.1006    
   70.00      0.9022E-01
   71.00      0.8091E-01
   72.00      0.7254E-01
   73.00      0.6500E-01
   74.00      0.5820E-01
   75.00      0.5205E-01
   76.00      0.4649E-01
   77.00      0.4145E-01
   78.00      0.3689E-01
   79.00      0.3278E-01
   80.00      0.2907E-01
   81.00      0.2574E-01
   82.00      0.2276E-01
   83.00      0.2010E-01
   84.00      0.1773E-01
   85.00      0.1564E-01
   86.00      0.1379E-01
   87.00      0.1216E-01
   88.00      0.1073E-01
   89.00      0.9472E-02
   90.00      0.8366E-02
   91.00      0.7394E-02
   92.00      0.6538E-02
   93.00      0.5783E-02
   94.00      0.5115E-02
   95.00      0.4525E-02
   96.00      0.4000E-02
   97.00      0.3535E-02
   98.00      0.3121E-02
   99.00      0.2753E-02
   100.0      0.2426E-02
   101.0      0.2135E-02
   102.0      0.1877E-02
   103.0      0.1649E-02
   104.0      0.1447E-02
   105.0      0.1269E-02
   106.0      0.1113E-02
   107.0      0.9758E-03
   108.0      0.8558E-03
   109.0      0.7510E-03
   110.0      0.6595E-03
   111.0      0.5798E-03
   112.0      0.5103E-03
   113.0      0.4497E-03
   114.0      0.3969E-03
   115.0      0.3507E-03
   116.0      0.3103E-03
   117.0      0.2749E-03
   118.0      0.2438E-03
   119.0      0.2164E-03
   120.0      0.1922E-03
   121.0      0.1707E-03
   122.0      0.1518E-03
   123.0      0.1349E-03
   124.0      0.1200E-03
   125.0      0.1067E-03
   126.0      0.9486E-04
   127.0      0.8436E-04
   128.0      0.7505E-04
   129.0      0.6679E-04
   130.0      0.5948E-04
   131.0      0.5301E-04
   132.0      0.4730E-04
   133.0      0.4226E-04
   134.0      0.3783E-04
   135.0      0.3393E-04
   136.0      0.3050E-04
   137.0      0.2750E-04
   138.0      0.2486E-04
   139.0      0.2255E-04
   140.0      0.2053E-04
   141.0      0.1876E-04
   142.0      0.1721E-04
   143.0      0.1585E-04
   144.0      0.1465E-04
   145.0      0.1360E-04
   146.0      0.1268E-04
   147.0      0.1187E-04
   148.0      0.1115E-04
   149.0      0.1052E-04
   150.0      0.9947E-05
   151.0      0.9435E-05
   152.0      0.8971E-05
   153.0      0.8545E-05
   154.0      0.8151E-05
   155.0      0.7782E-05
   156.0      0.7434E-05
   157.0      0.7102E-05
   158.0      0.6784E-05
   159.0      0.6478E-05
   160.0      0.6182E-05
   161.0      0.5896E-05
   162.0      0.5622E-05
   163.0      0.5360E-05
   164.0      0.5112E-05
   165.0      0.4880E-05
   166.0      0.4664E-05
   167.0      0.4466E-05
   168.0      0.4288E-05
   169.0      0.4130E-05
   170.0      0.3993E-05
   171.0      0.3875E-05
   172.0      0.3777E-05
   173.0      0.3696E-05
   174.0      0.3632E-05
   175.0      0.3582E-05
   176.0      0.3544E-05
   177.0      0.3517E-05
   178.0      0.3499E-05
   179.0      0.3489E-05
   180.0      0.3485E-05
 END
