# 178 angles,  1 tensor ranks for 0=projectile
@subtitle   "p+O20 1st ex with BG ;"                                                        
@legend ON
@legend x1 0.2
@legend y1 0.8
@g0 type LOGY
@yaxis ticklabel format power
@legend string   0 "Lab energy =   35.0000"
#legend string   0 "Partition=  1 Excit=  1 near/far= 1"
#  Theta       sigma       iT11        T20         T21         T22         Kyy for projectile
   3.000      0.1293E+06
   4.000      0.3701E+05
   5.000      0.1428E+05
   6.000       7064.    
   7.000       4359.    
   8.000       3205.    
   9.000       2644.    
   10.00       2325.    
   11.00       2109.    
   12.00       1936.    
   13.00       1782.    
   14.00       1635.    
   15.00       1493.    
   16.00       1354.    
   17.00       1219.    
   18.00       1088.    
   19.00       963.7    
   20.00       846.0    
   21.00       735.9    
   22.00       634.2    
   23.00       541.3    
   24.00       457.3    
   25.00       382.3    
   26.00       316.0    
   27.00       258.3    
   28.00       208.6    
   29.00       166.4    
   30.00       131.1    
   31.00       102.2    
   32.00       78.84    
   33.00       60.49    
   34.00       46.44    
   35.00       36.08    
   36.00       28.80    
   37.00       24.04    
   38.00       21.30    
   39.00       20.11    
   40.00       20.09    
   41.00       20.86    
   42.00       22.15    
   43.00       23.71    
   44.00       25.34    
   45.00       26.88    
   46.00       28.22    
   47.00       29.27    
   48.00       30.00    
   49.00       30.37    
   50.00       30.38    
   51.00       30.04    
   52.00       29.38    
   53.00       28.42    
   54.00       27.22    
   55.00       25.81    
   56.00       24.24    
   57.00       22.56    
   58.00       20.80    
   59.00       19.01    
   60.00       17.22    
   61.00       15.47    
   62.00       13.78    
   63.00       12.17    
   64.00       10.66    
   65.00       9.259    
   66.00       7.982    
   67.00       6.829    
   68.00       5.802    
   69.00       4.900    
   70.00       4.118    
   71.00       3.450    
   72.00       2.888    
   73.00       2.425    
   74.00       2.050    
   75.00       1.753    
   76.00       1.525    
   77.00       1.356    
   78.00       1.237    
   79.00       1.159    
   80.00       1.114    
   81.00       1.093    
   82.00       1.091    
   83.00       1.102    
   84.00       1.121    
   85.00       1.143    
   86.00       1.165    
   87.00       1.184    
   88.00       1.198    
   89.00       1.206    
   90.00       1.207    
   91.00       1.199    
   92.00       1.184    
   93.00       1.160    
   94.00       1.129    
   95.00       1.092    
   96.00       1.048    
   97.00      0.9988    
   98.00      0.9457    
   99.00      0.8894    
   100.0      0.8309    
   101.0      0.7710    
   102.0      0.7106    
   103.0      0.6506    
   104.0      0.5917    
   105.0      0.5345    
   106.0      0.4794    
   107.0      0.4271    
   108.0      0.3779    
   109.0      0.3319    
   110.0      0.2895    
   111.0      0.2506    
   112.0      0.2155    
   113.0      0.1840    
   114.0      0.1560    
   115.0      0.1316    
   116.0      0.1104    
   117.0      0.9236E-01
   118.0      0.7725E-01
   119.0      0.6484E-01
   120.0      0.5488E-01
   121.0      0.4715E-01
   122.0      0.4139E-01
   123.0      0.3737E-01
   124.0      0.3486E-01
   125.0      0.3363E-01
   126.0      0.3346E-01
   127.0      0.3415E-01
   128.0      0.3552E-01
   129.0      0.3739E-01
   130.0      0.3961E-01
   131.0      0.4203E-01
   132.0      0.4453E-01
   133.0      0.4699E-01
   134.0      0.4933E-01
   135.0      0.5147E-01
   136.0      0.5333E-01
   137.0      0.5487E-01
   138.0      0.5605E-01
   139.0      0.5683E-01
   140.0      0.5722E-01
   141.0      0.5719E-01
   142.0      0.5676E-01
   143.0      0.5593E-01
   144.0      0.5472E-01
   145.0      0.5317E-01
   146.0      0.5131E-01
   147.0      0.4917E-01
   148.0      0.4678E-01
   149.0      0.4421E-01
   150.0      0.4148E-01
   151.0      0.3865E-01
   152.0      0.3577E-01
   153.0      0.3287E-01
   154.0      0.3000E-01
   155.0      0.2720E-01
   156.0      0.2450E-01
   157.0      0.2195E-01
   158.0      0.1957E-01
   159.0      0.1738E-01
   160.0      0.1540E-01
   161.0      0.1364E-01
   162.0      0.1212E-01
   163.0      0.1083E-01
   164.0      0.9778E-02
   165.0      0.8948E-02
   166.0      0.8331E-02
   167.0      0.7909E-02
   168.0      0.7664E-02
   169.0      0.7573E-02
   170.0      0.7610E-02
   171.0      0.7750E-02
   172.0      0.7967E-02
   173.0      0.8233E-02
   174.0      0.8523E-02
   175.0      0.8813E-02
   176.0      0.9082E-02
   177.0      0.9311E-02
   178.0      0.9486E-02
   179.0      0.9595E-02
   180.0      0.9633E-02
 END
