# 178 angles,  1 tensor ranks for 0=projectile
@subtitle   "p+O20 with CH89;"                                                              
@legend ON
@legend x1 0.2
@legend y1 0.8
@g0 type LOGY
@yaxis ticklabel format power
@legend string   0 "Lab energy =   35.0000"
#legend string   0 "Partition=  1 Excit=  1 near/far= 1"
#  Theta       sigma       iT11        T20         T21         T22         Kyy for projectile
   3.000      0.1311E+06
   4.000      0.3694E+05
   5.000      0.1357E+05
   6.000       6120.    
   7.000       3348.    
   8.000       2202.    
   9.000       1684.    
   10.00       1427.    
   11.00       1281.    
   12.00       1183.    
   13.00       1105.    
   14.00       1034.    
   15.00       965.1    
   16.00       895.8    
   17.00       826.2    
   18.00       756.5    
   19.00       687.7    
   20.00       620.4    
   21.00       555.5    
   22.00       493.4    
   23.00       434.8    
   24.00       380.0    
   25.00       329.4    
   26.00       283.0    
   27.00       240.9    
   28.00       203.1    
   29.00       169.5    
   30.00       140.0    
   31.00       114.2    
   32.00       92.02    
   33.00       73.13    
   34.00       57.25    
   35.00       44.07    
   36.00       33.30    
   37.00       24.66    
   38.00       17.86    
   39.00       12.63    
   40.00       8.729    
   41.00       5.935    
   42.00       4.041    
   43.00       2.863    
   44.00       2.241    
   45.00       2.038    
   46.00       2.134    
   47.00       2.431    
   48.00       2.847    
   49.00       3.319    
   50.00       3.795    
   51.00       4.238    
   52.00       4.621    
   53.00       4.927    
   54.00       5.147    
   55.00       5.277    
   56.00       5.318    
   57.00       5.276    
   58.00       5.159    
   59.00       4.976    
   60.00       4.738    
   61.00       4.457    
   62.00       4.144    
   63.00       3.809    
   64.00       3.461    
   65.00       3.111    
   66.00       2.764    
   67.00       2.429    
   68.00       2.110    
   69.00       1.811    
   70.00       1.535    
   71.00       1.285    
   72.00       1.061    
   73.00      0.8639    
   74.00      0.6934    
   75.00      0.5485    
   76.00      0.4277    
   77.00      0.3294    
   78.00      0.2516    
   79.00      0.1922    
   80.00      0.1490    
   81.00      0.1199    
   82.00      0.1026    
   83.00      0.9511E-01
   84.00      0.9551E-01
   85.00      0.1020    
   86.00      0.1129    
   87.00      0.1269    
   88.00      0.1426    
   89.00      0.1590    
   90.00      0.1752    
   91.00      0.1905    
   92.00      0.2042    
   93.00      0.2161    
   94.00      0.2257    
   95.00      0.2329    
   96.00      0.2376    
   97.00      0.2399    
   98.00      0.2398    
   99.00      0.2374    
   100.0      0.2330    
   101.0      0.2266    
   102.0      0.2187    
   103.0      0.2093    
   104.0      0.1988    
   105.0      0.1874    
   106.0      0.1753    
   107.0      0.1628    
   108.0      0.1500    
   109.0      0.1372    
   110.0      0.1246    
   111.0      0.1122    
   112.0      0.1003    
   113.0      0.8887E-01
   114.0      0.7806E-01
   115.0      0.6793E-01
   116.0      0.5854E-01
   117.0      0.4991E-01
   118.0      0.4206E-01
   119.0      0.3500E-01
   120.0      0.2873E-01
   121.0      0.2321E-01
   122.0      0.1844E-01
   123.0      0.1436E-01
   124.0      0.1094E-01
   125.0      0.8146E-02
   126.0      0.5919E-02
   127.0      0.4212E-02
   128.0      0.2976E-02
   129.0      0.2160E-02
   130.0      0.1715E-02
   131.0      0.1593E-02
   132.0      0.1747E-02
   133.0      0.2134E-02
   134.0      0.2711E-02
   135.0      0.3441E-02
   136.0      0.4289E-02
   137.0      0.5222E-02
   138.0      0.6211E-02
   139.0      0.7231E-02
   140.0      0.8260E-02
   141.0      0.9278E-02
   142.0      0.1027E-01
   143.0      0.1122E-01
   144.0      0.1211E-01
   145.0      0.1295E-01
   146.0      0.1371E-01
   147.0      0.1441E-01
   148.0      0.1503E-01
   149.0      0.1557E-01
   150.0      0.1604E-01
   151.0      0.1643E-01
   152.0      0.1675E-01
   153.0      0.1700E-01
   154.0      0.1718E-01
   155.0      0.1730E-01
   156.0      0.1737E-01
   157.0      0.1739E-01
   158.0      0.1736E-01
   159.0      0.1729E-01
   160.0      0.1718E-01
   161.0      0.1705E-01
   162.0      0.1689E-01
   163.0      0.1671E-01
   164.0      0.1652E-01
   165.0      0.1632E-01
   166.0      0.1611E-01
   167.0      0.1590E-01
   168.0      0.1570E-01
   169.0      0.1549E-01
   170.0      0.1530E-01
   171.0      0.1511E-01
   172.0      0.1494E-01
   173.0      0.1479E-01
   174.0      0.1465E-01
   175.0      0.1453E-01
   176.0      0.1443E-01
   177.0      0.1435E-01
   178.0      0.1429E-01
   179.0      0.1426E-01
   180.0      0.1425E-01
 END
