# 178 angles,  1 tensor ranks for 0=projectile
@subtitle   "p+O20 1st with BG ;"                                                           
@legend ON
@legend x1 0.2
@legend y1 0.8
@g0 type LOGY
@yaxis ticklabel format power
@legend string   0 "Lab energy =   43.0000"
#legend string   0 "Partition=  1 Excit=  1 near/far= 1"
#  Theta       sigma       iT11        T20         T21         T22         Kyy for projectile
   3.000      0.7956E+05
   4.000      0.2203E+05
   5.000       8526.    
   6.000       4517.    
   7.000       3138.    
   8.000       2597.    
   9.000       2341.    
   10.00       2179.    
   11.00       2044.    
   12.00       1910.    
   13.00       1772.    
   14.00       1629.    
   15.00       1482.    
   16.00       1335.    
   17.00       1191.    
   18.00       1052.    
   19.00       919.7    
   20.00       795.9    
   21.00       681.7    
   22.00       577.8    
   23.00       484.5    
   24.00       401.9    
   25.00       329.6    
   26.00       267.3    
   27.00       214.4    
   28.00       170.0    
   29.00       133.6    
   30.00       104.1    
   31.00       80.71    
   32.00       62.66    
   33.00       49.10    
   34.00       39.26    
   35.00       32.47    
   36.00       28.07    
   37.00       25.51    
   38.00       24.32    
   39.00       24.07    
   40.00       24.42    
   41.00       25.10    
   42.00       25.89    
   43.00       26.63    
   44.00       27.20    
   45.00       27.52    
   46.00       27.56    
   47.00       27.29    
   48.00       26.72    
   49.00       25.87    
   50.00       24.78    
   51.00       23.48    
   52.00       22.02    
   53.00       20.44    
   54.00       18.79    
   55.00       17.11    
   56.00       15.43    
   57.00       13.79    
   58.00       12.22    
   59.00       10.73    
   60.00       9.339    
   61.00       8.066    
   62.00       6.915    
   63.00       5.887    
   64.00       4.982    
   65.00       4.196    
   66.00       3.525    
   67.00       2.959    
   68.00       2.490    
   69.00       2.109    
   70.00       1.805    
   71.00       1.568    
   72.00       1.388    
   73.00       1.255    
   74.00       1.161    
   75.00       1.097    
   76.00       1.056    
   77.00       1.031    
   78.00       1.018    
   79.00       1.012    
   80.00       1.008    
   81.00       1.005    
   82.00      0.9986    
   83.00      0.9888    
   84.00      0.9741    
   85.00      0.9538    
   86.00      0.9280    
   87.00      0.8967    
   88.00      0.8605    
   89.00      0.8198    
   90.00      0.7754    
   91.00      0.7281    
   92.00      0.6789    
   93.00      0.6284    
   94.00      0.5776    
   95.00      0.5271    
   96.00      0.4777    
   97.00      0.4299    
   98.00      0.3842    
   99.00      0.3411    
   100.0      0.3008    
   101.0      0.2635    
   102.0      0.2295    
   103.0      0.1987    
   104.0      0.1712    
   105.0      0.1469    
   106.0      0.1257    
   107.0      0.1074    
   108.0      0.9186E-01
   109.0      0.7882E-01
   110.0      0.6808E-01
   111.0      0.5940E-01
   112.0      0.5254E-01
   113.0      0.4727E-01
   114.0      0.4335E-01
   115.0      0.4058E-01
   116.0      0.3874E-01
   117.0      0.3765E-01
   118.0      0.3714E-01
   119.0      0.3706E-01
   120.0      0.3728E-01
   121.0      0.3767E-01
   122.0      0.3814E-01
   123.0      0.3862E-01
   124.0      0.3904E-01
   125.0      0.3934E-01
   126.0      0.3950E-01
   127.0      0.3948E-01
   128.0      0.3927E-01
   129.0      0.3887E-01
   130.0      0.3827E-01
   131.0      0.3748E-01
   132.0      0.3650E-01
   133.0      0.3537E-01
   134.0      0.3408E-01
   135.0      0.3266E-01
   136.0      0.3114E-01
   137.0      0.2952E-01
   138.0      0.2783E-01
   139.0      0.2609E-01
   140.0      0.2431E-01
   141.0      0.2252E-01
   142.0      0.2073E-01
   143.0      0.1896E-01
   144.0      0.1722E-01
   145.0      0.1552E-01
   146.0      0.1389E-01
   147.0      0.1233E-01
   148.0      0.1084E-01
   149.0      0.9457E-02
   150.0      0.8172E-02
   151.0      0.6996E-02
   152.0      0.5938E-02
   153.0      0.5004E-02
   154.0      0.4198E-02
   155.0      0.3525E-02
   156.0      0.2987E-02
   157.0      0.2585E-02
   158.0      0.2318E-02
   159.0      0.2184E-02
   160.0      0.2180E-02
   161.0      0.2300E-02
   162.0      0.2537E-02
   163.0      0.2882E-02
   164.0      0.3323E-02
   165.0      0.3850E-02
   166.0      0.4449E-02
   167.0      0.5104E-02
   168.0      0.5802E-02
   169.0      0.6525E-02
   170.0      0.7256E-02
   171.0      0.7981E-02
   172.0      0.8681E-02
   173.0      0.9341E-02
   174.0      0.9947E-02
   175.0      0.1048E-01
   176.0      0.1094E-01
   177.0      0.1131E-01
   178.0      0.1158E-01
   179.0      0.1174E-01
   180.0      0.1179E-01
 END
