# 178 angles,  1 tensor ranks for 0=projectile
@subtitle   "20O + d 2+2 inelastic;"                                                        
@legend ON
@legend x1 0.2
@legend y1 0.8
@g0 type LOGY
@yaxis ticklabel format power
@legend string   0 "Lab energy =   70.0000"
#legend string   0 "Partition=  1 Excit=  2 near/far= 1"
#  Theta       sigma       iT11        T20         T21         T22         Kyy for projectile
   3.000       26.75    
   4.000       24.81    
   5.000       23.92    
   6.000       24.86    
   7.000       28.06    
   8.000       33.35    
   9.000       40.04    
   10.00       47.10    
   11.00       53.48    
   12.00       58.27    
   13.00       60.84    
   14.00       60.87    
   15.00       58.33    
   16.00       53.49    
   17.00       46.96    
   18.00       39.52    
   19.00       31.99    
   20.00       25.12    
   21.00       19.42    
   22.00       15.19    
   23.00       12.49    
   24.00       11.20    
   25.00       11.07    
   26.00       11.74    
   27.00       12.85    
   28.00       14.06    
   29.00       15.07    
   30.00       15.71    
   31.00       15.89    
   32.00       15.60    
   33.00       14.88    
   34.00       13.84    
   35.00       12.59    
   36.00       11.26    
   37.00       9.953    
   38.00       8.762    
   39.00       7.734    
   40.00       6.892    
   41.00       6.235    
   42.00       5.746    
   43.00       5.389    
   44.00       5.125    
   45.00       4.910    
   46.00       4.710    
   47.00       4.498    
   48.00       4.261    
   49.00       3.990    
   50.00       3.689    
   51.00       3.361    
   52.00       3.019    
   53.00       2.673    
   54.00       2.338    
   55.00       2.025    
   56.00       1.741    
   57.00       1.491    
   58.00       1.277    
   59.00       1.099    
   60.00      0.9549    
   61.00      0.8401    
   62.00      0.7495    
   63.00      0.6774    
   64.00      0.6189    
   65.00      0.5696    
   66.00      0.5262    
   67.00      0.4859    
   68.00      0.4469    
   69.00      0.4084    
   70.00      0.3703    
   71.00      0.3330    
   72.00      0.2968    
   73.00      0.2622    
   74.00      0.2298    
   75.00      0.2000    
   76.00      0.1733    
   77.00      0.1501    
   78.00      0.1302    
   79.00      0.1134    
   80.00      0.9936E-01
   81.00      0.8770E-01
   82.00      0.7811E-01
   83.00      0.7026E-01
   84.00      0.6371E-01
   85.00      0.5806E-01
   86.00      0.5299E-01
   87.00      0.4835E-01
   88.00      0.4408E-01
   89.00      0.4012E-01
   90.00      0.3638E-01
   91.00      0.3282E-01
   92.00      0.2940E-01
   93.00      0.2619E-01
   94.00      0.2326E-01
   95.00      0.2065E-01
   96.00      0.1835E-01
   97.00      0.1631E-01
   98.00      0.1454E-01
   99.00      0.1302E-01
   100.0      0.1178E-01
   101.0      0.1078E-01
   102.0      0.9960E-02
   103.0      0.9272E-02
   104.0      0.8679E-02
   105.0      0.8167E-02
   106.0      0.7725E-02
   107.0      0.7327E-02
   108.0      0.6946E-02
   109.0      0.6560E-02
   110.0      0.6169E-02
   111.0      0.5780E-02
   112.0      0.5394E-02
   113.0      0.5006E-02
   114.0      0.4614E-02
   115.0      0.4226E-02
   116.0      0.3854E-02
   117.0      0.3507E-02
   118.0      0.3182E-02
   119.0      0.2868E-02
   120.0      0.2562E-02
   121.0      0.2275E-02
   122.0      0.2025E-02
   123.0      0.1821E-02
   124.0      0.1654E-02
   125.0      0.1504E-02
   126.0      0.1362E-02
   127.0      0.1228E-02
   128.0      0.1115E-02
   129.0      0.1033E-02
   130.0      0.9756E-03
   131.0      0.9326E-03
   132.0      0.8963E-03
   133.0      0.8679E-03
   134.0      0.8522E-03
   135.0      0.8501E-03
   136.0      0.8551E-03
   137.0      0.8581E-03
   138.0      0.8557E-03
   139.0      0.8537E-03
   140.0      0.8600E-03
   141.0      0.8756E-03
   142.0      0.8940E-03
   143.0      0.9065E-03
   144.0      0.9084E-03
   145.0      0.9023E-03
   146.0      0.8944E-03
   147.0      0.8877E-03
   148.0      0.8798E-03
   149.0      0.8675E-03
   150.0      0.8513E-03
   151.0      0.8344E-03
   152.0      0.8193E-03
   153.0      0.8055E-03
   154.0      0.7892E-03
   155.0      0.7672E-03
   156.0      0.7411E-03
   157.0      0.7176E-03
   158.0      0.7018E-03
   159.0      0.6934E-03
   160.0      0.6887E-03
   161.0      0.6834E-03
   162.0      0.6756E-03
   163.0      0.6672E-03
   164.0      0.6625E-03
   165.0      0.6635E-03
   166.0      0.6685E-03
   167.0      0.6754E-03
   168.0      0.6835E-03
   169.0      0.6920E-03
   170.0      0.7003E-03
   171.0      0.7091E-03
   172.0      0.7188E-03
   173.0      0.7293E-03
   174.0      0.7404E-03
   175.0      0.7521E-03
   176.0      0.7618E-03
   177.0      0.7668E-03
   178.0      0.7681E-03
   179.0      0.7684E-03
   180.0      0.7687E-03
 END
