# 178 angles,  1 tensor ranks for 0=projectile
@subtitle   "p+O20 with CH89;"                                                              
@legend ON
@legend x1 0.2
@legend y1 0.8
@g0 type LOGY
@yaxis ticklabel format power
@legend string   0 "Lab energy =   35.0000"
#legend string   0 "Partition=  1 Excit=  1 near/far= 1"
#  Theta       sigma       iT11        T20         T21         T22         Kyy for projectile
   3.000      0.1303E+06
   4.000      0.3719E+05
   5.000      0.1413E+05
   6.000       6779.    
   7.000       4022.    
   8.000       2856.    
   9.000       2303.    
   10.00       2003.    
   11.00       1813.    
   12.00       1669.    
   13.00       1545.    
   14.00       1430.    
   15.00       1318.    
   16.00       1208.    
   17.00       1099.    
   18.00       993.4    
   19.00       891.0    
   20.00       793.0    
   21.00       700.0    
   22.00       612.8    
   23.00       531.9    
   24.00       457.5    
   25.00       389.8    
   26.00       328.9    
   27.00       274.6    
   28.00       226.8    
   29.00       185.2    
   30.00       149.4    
   31.00       119.0    
   32.00       93.55    
   33.00       72.57    
   34.00       55.60    
   35.00       42.14    
   36.00       31.74    
   37.00       23.95    
   38.00       18.35    
   39.00       14.56    
   40.00       12.21    
   41.00       11.00    
   42.00       10.65    
   43.00       10.91    
   44.00       11.59    
   45.00       12.50    
   46.00       13.52    
   47.00       14.52    
   48.00       15.44    
   49.00       16.21    
   50.00       16.78    
   51.00       17.14    
   52.00       17.28    
   53.00       17.21    
   54.00       16.93    
   55.00       16.46    
   56.00       15.83    
   57.00       15.06    
   58.00       14.18    
   59.00       13.23    
   60.00       12.21    
   61.00       11.17    
   62.00       10.12    
   63.00       9.084    
   64.00       8.078    
   65.00       7.116    
   66.00       6.211    
   67.00       5.370    
   68.00       4.601    
   69.00       3.906    
   70.00       3.286    
   71.00       2.742    
   72.00       2.271    
   73.00       1.870    
   74.00       1.535    
   75.00       1.260    
   76.00       1.040    
   77.00      0.8690    
   78.00      0.7409    
   79.00      0.6498    
   80.00      0.5898    
   81.00      0.5554    
   82.00      0.5414    
   83.00      0.5432    
   84.00      0.5565    
   85.00      0.5775    
   86.00      0.6030    
   87.00      0.6303    
   88.00      0.6570    
   89.00      0.6813    
   90.00      0.7019    
   91.00      0.7176    
   92.00      0.7279    
   93.00      0.7324    
   94.00      0.7308    
   95.00      0.7234    
   96.00      0.7103    
   97.00      0.6920    
   98.00      0.6691    
   99.00      0.6420    
   100.0      0.6115    
   101.0      0.5782    
   102.0      0.5428    
   103.0      0.5059    
   104.0      0.4682    
   105.0      0.4302    
   106.0      0.3924    
   107.0      0.3554    
   108.0      0.3196    
   109.0      0.2852    
   110.0      0.2527    
   111.0      0.2222    
   112.0      0.1939    
   113.0      0.1680    
   114.0      0.1445    
   115.0      0.1234    
   116.0      0.1047    
   117.0      0.8847E-01
   118.0      0.7450E-01
   119.0      0.6272E-01
   120.0      0.5301E-01
   121.0      0.4521E-01
   122.0      0.3918E-01
   123.0      0.3474E-01
   124.0      0.3172E-01
   125.0      0.2996E-01
   126.0      0.2928E-01
   127.0      0.2952E-01
   128.0      0.3052E-01
   129.0      0.3213E-01
   130.0      0.3420E-01
   131.0      0.3661E-01
   132.0      0.3923E-01
   133.0      0.4196E-01
   134.0      0.4470E-01
   135.0      0.4736E-01
   136.0      0.4989E-01
   137.0      0.5222E-01
   138.0      0.5431E-01
   139.0      0.5612E-01
   140.0      0.5763E-01
   141.0      0.5882E-01
   142.0      0.5970E-01
   143.0      0.6026E-01
   144.0      0.6052E-01
   145.0      0.6048E-01
   146.0      0.6019E-01
   147.0      0.5965E-01
   148.0      0.5890E-01
   149.0      0.5798E-01
   150.0      0.5691E-01
   151.0      0.5574E-01
   152.0      0.5448E-01
   153.0      0.5319E-01
   154.0      0.5189E-01
   155.0      0.5060E-01
   156.0      0.4936E-01
   157.0      0.4819E-01
   158.0      0.4710E-01
   159.0      0.4612E-01
   160.0      0.4526E-01
   161.0      0.4453E-01
   162.0      0.4392E-01
   163.0      0.4345E-01
   164.0      0.4311E-01
   165.0      0.4289E-01
   166.0      0.4279E-01
   167.0      0.4279E-01
   168.0      0.4289E-01
   169.0      0.4306E-01
   170.0      0.4329E-01
   171.0      0.4357E-01
   172.0      0.4388E-01
   173.0      0.4419E-01
   174.0      0.4450E-01
   175.0      0.4479E-01
   176.0      0.4505E-01
   177.0      0.4526E-01
   178.0      0.4542E-01
   179.0      0.4552E-01
   180.0      0.4555E-01
 END
