# 181 angles,  1 tensor ranks for 0=projectile
@subtitle   "p+O20 1st ex with BG ;"                                                        
@legend ON
@legend x1 0.2
@legend y1 0.8
@g0 type LOGY
@yaxis ticklabel format power
@legend string   0 "Lab energy =   35.0000"
#legend string   0 "Partition=  1 Excit=  1 near/far= 1"
#  Theta       sigma       iT11        T20         T21         T22         Kyy for projectile
  0.1000E-01  0.1288E+16
   1.000      0.1250E+08
   2.000      0.7238E+06
   3.000      0.1290E+06
   4.000      0.3689E+05
   5.000      0.1421E+05
   6.000       7026.    
   7.000       4338.    
   8.000       3194.    
   9.000       2639.    
   10.00       2324.    
   11.00       2110.    
   12.00       1938.    
   13.00       1784.    
   14.00       1638.    
   15.00       1495.    
   16.00       1356.    
   17.00       1220.    
   18.00       1089.    
   19.00       963.5    
   20.00       845.1    
   21.00       734.6    
   22.00       632.5    
   23.00       539.3    
   24.00       455.1    
   25.00       380.1    
   26.00       313.9    
   27.00       256.3    
   28.00       206.9    
   29.00       165.1    
   30.00       130.2    
   31.00       101.7    
   32.00       78.93    
   33.00       61.11    
   34.00       47.61    
   35.00       37.78    
   36.00       31.02    
   37.00       26.75    
   38.00       24.46    
   39.00       23.68    
   40.00       24.00    
   41.00       25.08    
   42.00       26.61    
   43.00       28.36    
   44.00       30.11    
   45.00       31.72    
   46.00       33.08    
   47.00       34.11    
   48.00       34.76    
   49.00       35.02    
   50.00       34.88    
   51.00       34.36    
   52.00       33.48    
   53.00       32.30    
   54.00       30.86    
   55.00       29.20    
   56.00       27.37    
   57.00       25.43    
   58.00       23.42    
   59.00       21.38    
   60.00       19.35    
   61.00       17.37    
   62.00       15.46    
   63.00       13.64    
   64.00       11.94    
   65.00       10.36    
   66.00       8.927    
   67.00       7.629    
   68.00       6.472    
   69.00       5.453    
   70.00       4.569    
   71.00       3.812    
   72.00       3.174    
   73.00       2.644    
   74.00       2.214    
   75.00       1.871    
   76.00       1.604    
   77.00       1.405    
   78.00       1.261    
   79.00       1.163    
   80.00       1.102    
   81.00       1.071    
   82.00       1.061    
   83.00       1.067    
   84.00       1.083    
   85.00       1.103    
   86.00       1.125    
   87.00       1.145    
   88.00       1.160    
   89.00       1.170    
   90.00       1.172    
   91.00       1.166    
   92.00       1.153    
   93.00       1.131    
   94.00       1.102    
   95.00       1.065    
   96.00       1.023    
   97.00      0.9751    
   98.00      0.9230    
   99.00      0.8675    
   100.0      0.8096    
   101.0      0.7503    
   102.0      0.6904    
   103.0      0.6309    
   104.0      0.5724    
   105.0      0.5156    
   106.0      0.4610    
   107.0      0.4092    
   108.0      0.3606    
   109.0      0.3153    
   110.0      0.2735    
   111.0      0.2355    
   112.0      0.2012    
   113.0      0.1707    
   114.0      0.1438    
   115.0      0.1204    
   116.0      0.1003    
   117.0      0.8346E-01
   118.0      0.6952E-01
   119.0      0.5828E-01
   120.0      0.4950E-01
   121.0      0.4290E-01
   122.0      0.3823E-01
   123.0      0.3525E-01
   124.0      0.3370E-01
   125.0      0.3334E-01
   126.0      0.3396E-01
   127.0      0.3534E-01
   128.0      0.3729E-01
   129.0      0.3963E-01
   130.0      0.4221E-01
   131.0      0.4490E-01
   132.0      0.4756E-01
   133.0      0.5009E-01
   134.0      0.5242E-01
   135.0      0.5447E-01
   136.0      0.5618E-01
   137.0      0.5752E-01
   138.0      0.5847E-01
   139.0      0.5900E-01
   140.0      0.5912E-01
   141.0      0.5883E-01
   142.0      0.5816E-01
   143.0      0.5711E-01
   144.0      0.5573E-01
   145.0      0.5404E-01
   146.0      0.5209E-01
   147.0      0.4990E-01
   148.0      0.4754E-01
   149.0      0.4502E-01
   150.0      0.4241E-01
   151.0      0.3973E-01
   152.0      0.3703E-01
   153.0      0.3434E-01
   154.0      0.3170E-01
   155.0      0.2913E-01
   156.0      0.2667E-01
   157.0      0.2434E-01
   158.0      0.2216E-01
   159.0      0.2013E-01
   160.0      0.1828E-01
   161.0      0.1660E-01
   162.0      0.1511E-01
   163.0      0.1380E-01
   164.0      0.1267E-01
   165.0      0.1171E-01
   166.0      0.1091E-01
   167.0      0.1026E-01
   168.0      0.9751E-02
   169.0      0.9361E-02
   170.0      0.9077E-02
   171.0      0.8883E-02
   172.0      0.8762E-02
   173.0      0.8699E-02
   174.0      0.8678E-02
   175.0      0.8686E-02
   176.0      0.8711E-02
   177.0      0.8742E-02
   178.0      0.8770E-02
   179.0      0.8789E-02
   180.0      0.8796E-02
 END
