# 178 angles,  1 tensor ranks for 0=projectile
@subtitle   "p+O20 1st ex with BG ;"                                                        
@legend ON
@legend x1 0.2
@legend y1 0.8
@g0 type LOGY
@yaxis ticklabel format power
@legend string   0 "Lab energy =   35.0000"
#legend string   0 "Partition=  1 Excit=  1 near/far= 1"
#  Theta       sigma       iT11        T20         T21         T22         Kyy for projectile
   3.000      0.1295E+06
   4.000      0.3710E+05
   5.000      0.1433E+05
   6.000       7088.    
   7.000       4370.    
   8.000       3208.    
   9.000       2642.    
   10.00       2320.    
   11.00       2102.    
   12.00       1928.    
   13.00       1774.    
   14.00       1627.    
   15.00       1485.    
   16.00       1347.    
   17.00       1212.    
   18.00       1082.    
   19.00       958.4    
   20.00       841.3    
   21.00       731.9    
   22.00       630.8    
   23.00       538.4    
   24.00       454.8    
   25.00       380.2    
   26.00       314.3    
   27.00       256.8    
   28.00       207.3    
   29.00       165.2    
   30.00       130.1    
   31.00       101.1    
   32.00       77.83    
   33.00       59.47    
   34.00       45.39    
   35.00       34.97    
   36.00       27.63    
   37.00       22.81    
   38.00       20.00    
   39.00       18.75    
   40.00       18.67    
   41.00       19.41    
   42.00       20.67    
   43.00       22.21    
   44.00       23.84    
   45.00       25.39    
   46.00       26.75    
   47.00       27.85    
   48.00       28.63    
   49.00       29.06    
   50.00       29.13    
   51.00       28.87    
   52.00       28.28    
   53.00       27.40    
   54.00       26.28    
   55.00       24.96    
   56.00       23.47    
   57.00       21.86    
   58.00       20.18    
   59.00       18.46    
   60.00       16.74    
   61.00       15.04    
   62.00       13.41    
   63.00       11.85    
   64.00       10.38    
   65.00       9.019    
   66.00       7.775    
   67.00       6.650    
   68.00       5.647    
   69.00       4.764    
   70.00       3.998    
   71.00       3.343    
   72.00       2.791    
   73.00       2.335    
   74.00       1.965    
   75.00       1.672    
   76.00       1.447    
   77.00       1.281    
   78.00       1.163    
   79.00       1.086    
   80.00       1.041    
   81.00       1.022    
   82.00       1.021    
   83.00       1.033    
   84.00       1.053    
   85.00       1.077    
   86.00       1.101    
   87.00       1.123    
   88.00       1.140    
   89.00       1.151    
   90.00       1.155    
   91.00       1.151    
   92.00       1.139    
   93.00       1.120    
   94.00       1.092    
   95.00       1.058    
   96.00       1.018    
   97.00      0.9730    
   98.00      0.9232    
   99.00      0.8701    
   100.0      0.8144    
   101.0      0.7572    
   102.0      0.6993    
   103.0      0.6414    
   104.0      0.5844    
   105.0      0.5288    
   106.0      0.4752    
   107.0      0.4240    
   108.0      0.3757    
   109.0      0.3304    
   110.0      0.2885    
   111.0      0.2500    
   112.0      0.2151    
   113.0      0.1836    
   114.0      0.1556    
   115.0      0.1310    
   116.0      0.1096    
   117.0      0.9134E-01
   118.0      0.7592E-01
   119.0      0.6317E-01
   120.0      0.5287E-01
   121.0      0.4480E-01
   122.0      0.3872E-01
   123.0      0.3440E-01
   124.0      0.3161E-01
   125.0      0.3015E-01
   126.0      0.2978E-01
   127.0      0.3033E-01
   128.0      0.3159E-01
   129.0      0.3341E-01
   130.0      0.3562E-01
   131.0      0.3807E-01
   132.0      0.4065E-01
   133.0      0.4324E-01
   134.0      0.4574E-01
   135.0      0.4807E-01
   136.0      0.5015E-01
   137.0      0.5194E-01
   138.0      0.5338E-01
   139.0      0.5445E-01
   140.0      0.5512E-01
   141.0      0.5539E-01
   142.0      0.5524E-01
   143.0      0.5470E-01
   144.0      0.5377E-01
   145.0      0.5249E-01
   146.0      0.5087E-01
   147.0      0.4895E-01
   148.0      0.4678E-01
   149.0      0.4438E-01
   150.0      0.4181E-01
   151.0      0.3911E-01
   152.0      0.3633E-01
   153.0      0.3351E-01
   154.0      0.3070E-01
   155.0      0.2793E-01
   156.0      0.2524E-01
   157.0      0.2268E-01
   158.0      0.2027E-01
   159.0      0.1803E-01
   160.0      0.1599E-01
   161.0      0.1417E-01
   162.0      0.1257E-01
   163.0      0.1119E-01
   164.0      0.1005E-01
   165.0      0.9124E-02
   166.0      0.8413E-02
   167.0      0.7898E-02
   168.0      0.7562E-02
   169.0      0.7384E-02
   170.0      0.7339E-02
   171.0      0.7404E-02
   172.0      0.7551E-02
   173.0      0.7754E-02
   174.0      0.7990E-02
   175.0      0.8234E-02
   176.0      0.8465E-02
   177.0      0.8664E-02
   178.0      0.8818E-02
   179.0      0.8914E-02
   180.0      0.8947E-02
 END
