# Fusion cross sections for ELAB=  70.000, ECM=  63.596
     0.0   1.738       1.754      0.1557E-01
     1.0   15.64       15.78      0.1404    
     2.0   26.14       26.36      0.2234    
     3.0   36.75       37.04      0.2857    
     4.0   47.52       47.84      0.3241    
     5.0   58.48       58.82      0.3378    
     6.0   69.57       69.90      0.3322    
     7.0   80.72       81.04      0.3171    
     8.0   91.28       91.61      0.3262    
     9.0   99.39       99.80      0.4033    
    10.0   102.2       102.7      0.5378    
    11.0   96.37       97.06      0.6962    
    12.0   80.20       81.03      0.8274    
    13.0   58.56       59.39      0.8345    
    14.0   38.95       39.65      0.7030    
    15.0   24.62       25.13      0.5107    
    16.0   15.18       15.51      0.3329    
    17.0   9.250       9.452      0.2015    
    18.0   5.600       5.716      0.1161    
    19.0   3.377       3.442      0.6486E-01
    20.0   2.030       2.065      0.3550E-01
    21.0   1.217       1.236      0.1917E-01
    22.0  0.7276      0.7378      0.1027E-01
    23.0  0.4339      0.4394      0.5471E-02
    24.0  0.2582      0.2611      0.2904E-02
    25.0  0.1533      0.1548      0.1538E-02
    26.0  0.9079E-01  0.9161E-01  0.8137E-03
    27.0  0.5367E-01  0.5410E-01  0.4300E-03
    28.0  0.3167E-01  0.3189E-01  0.2271E-03
    29.0  0.1865E-01  0.1877E-01  0.1199E-03
    30.0  0.1096E-01  0.1103E-01  0.6331E-04
    31.0  0.6436E-02  0.6469E-02  0.3342E-04
    32.0  0.3772E-02  0.3789E-02  0.1764E-04
    33.0  0.2207E-02  0.2217E-02  0.9311E-05
    34.0  0.1290E-02  0.1295E-02  0.4914E-05
    35.0  0.7531E-03  0.7557E-03  0.2594E-05
    36.0  0.4391E-03  0.4404E-03  0.1369E-05
    37.0  0.2557E-03  0.2564E-03  0.7227E-06
    38.0  0.1488E-03  0.1491E-03  0.3815E-06
    39.0  0.8645E-04  0.8665E-04  0.2014E-06
    40.0  0.5019E-04  0.5030E-04  0.1063E-06
    41.0  0.2911E-04  0.2917E-04  0.5613E-07
    42.0  0.1687E-04  0.1690E-04  0.2964E-07
    43.0  0.9771E-05  0.9786E-05  0.1565E-07
    44.0  0.5654E-05  0.5662E-05  0.8267E-08
    45.0  0.3269E-05  0.3273E-05  0.4365E-08
    46.0  0.1889E-05  0.1891E-05  0.2305E-08
    47.0  0.1090E-05  0.1092E-05  0.1217E-08
    48.0  0.6291E-06  0.6298E-06  0.6426E-09
    49.0  0.3628E-06  0.3631E-06  0.3393E-09
    50.0  0.2091E-06  0.2092E-06  0.1792E-09
    51.0  0.1204E-06  0.1205E-06  0.9464E-10
    52.0  0.6930E-07  0.6935E-07  0.4998E-10
    53.0  0.3987E-07  0.3990E-07  0.2640E-10
    54.0  0.2293E-07  0.2294E-07  0.1394E-10
    55.0  0.1318E-07  0.1318E-07  0.7364E-11
    56.0  0.7569E-08  0.7572E-08  0.3889E-11
    57.0  0.4345E-08  0.4347E-08  0.2054E-11
    58.0  0.2493E-08  0.2494E-08  0.1085E-11
    59.0  0.1431E-08  0.1431E-08  0.5731E-12
    60.0  0.8208E-09  0.8211E-09  0.3027E-12
 &
