# 178 angles,  1 tensor ranks for 0=projectile
@subtitle   "20O(d,t) @ 30AMeV Daeh (d) + Pang (t)"                                         
@legend ON
@legend x1 0.2
@legend y1 0.8
@g0 type LOGY
@yaxis ticklabel format power
@legend string   0 "Lab energy =   70.0000"
#legend string   0 "Partition=  2 Excit=  3 near/far= 1"
#  Theta       sigma       iT11        T20         T21         T22         Kyy for projectile
   3.000       11.29    
   4.000       10.89    
   5.000       10.39    
   6.000       9.774    
   7.000       9.047    
   8.000       8.210    
   9.000       7.279    
   10.00       6.281    
   11.00       5.258    
   12.00       4.260    
   13.00       3.338    
   14.00       2.535    
   15.00       1.880    
   16.00       1.386    
   17.00       1.048    
   18.00      0.8479    
   19.00      0.7566    
   20.00      0.7429    
   21.00      0.7759    
   22.00      0.8303    
   23.00      0.8876    
   24.00      0.9368    
   25.00      0.9738    
   26.00      0.9993    
   27.00       1.017    
   28.00       1.031    
   29.00       1.046    
   30.00       1.063    
   31.00       1.083    
   32.00       1.105    
   33.00       1.126    
   34.00       1.143    
   35.00       1.152    
   36.00       1.152    
   37.00       1.141    
   38.00       1.118    
   39.00       1.083    
   40.00       1.039    
   41.00      0.9880    
   42.00      0.9313    
   43.00      0.8717    
   44.00      0.8112    
   45.00      0.7516    
   46.00      0.6941    
   47.00      0.6395    
   48.00      0.5883    
   49.00      0.5404    
   50.00      0.4958    
   51.00      0.4543    
   52.00      0.4154    
   53.00      0.3790    
   54.00      0.3449    
   55.00      0.3128    
   56.00      0.2827    
   57.00      0.2545    
   58.00      0.2283    
   59.00      0.2040    
   60.00      0.1818    
   61.00      0.1615    
   62.00      0.1431    
   63.00      0.1266    
   64.00      0.1119    
   65.00      0.9882E-01
   66.00      0.8726E-01
   67.00      0.7706E-01
   68.00      0.6806E-01
   69.00      0.6013E-01
   70.00      0.5312E-01
   71.00      0.4693E-01
   72.00      0.4143E-01
   73.00      0.3655E-01
   74.00      0.3221E-01
   75.00      0.2834E-01
   76.00      0.2490E-01
   77.00      0.2184E-01
   78.00      0.1913E-01
   79.00      0.1674E-01
   80.00      0.1463E-01
   81.00      0.1278E-01
   82.00      0.1116E-01
   83.00      0.9746E-02
   84.00      0.8518E-02
   85.00      0.7453E-02
   86.00      0.6529E-02
   87.00      0.5727E-02
   88.00      0.5030E-02
   89.00      0.4424E-02
   90.00      0.3895E-02
   91.00      0.3432E-02
   92.00      0.3025E-02
   93.00      0.2668E-02
   94.00      0.2352E-02
   95.00      0.2073E-02
   96.00      0.1826E-02
   97.00      0.1609E-02
   98.00      0.1416E-02
   99.00      0.1247E-02
   100.0      0.1098E-02
   101.0      0.9679E-03
   102.0      0.8537E-03
   103.0      0.7541E-03
   104.0      0.6672E-03
   105.0      0.5914E-03
   106.0      0.5254E-03
   107.0      0.4676E-03
   108.0      0.4171E-03
   109.0      0.3727E-03
   110.0      0.3335E-03
   111.0      0.2988E-03
   112.0      0.2680E-03
   113.0      0.2404E-03
   114.0      0.2157E-03
   115.0      0.1935E-03
   116.0      0.1735E-03
   117.0      0.1556E-03
   118.0      0.1395E-03
   119.0      0.1250E-03
   120.0      0.1120E-03
   121.0      0.1004E-03
   122.0      0.9006E-04
   123.0      0.8086E-04
   124.0      0.7269E-04
   125.0      0.6544E-04
   126.0      0.5900E-04
   127.0      0.5329E-04
   128.0      0.4821E-04
   129.0      0.4368E-04
   130.0      0.3962E-04
   131.0      0.3597E-04
   132.0      0.3267E-04
   133.0      0.2967E-04
   134.0      0.2694E-04
   135.0      0.2443E-04
   136.0      0.2213E-04
   137.0      0.2001E-04
   138.0      0.1806E-04
   139.0      0.1626E-04
   140.0      0.1460E-04
   141.0      0.1308E-04
   142.0      0.1170E-04
   143.0      0.1043E-04
   144.0      0.9287E-05
   145.0      0.8258E-05
   146.0      0.7341E-05
   147.0      0.6531E-05
   148.0      0.5822E-05
   149.0      0.5209E-05
   150.0      0.4687E-05
   151.0      0.4248E-05
   152.0      0.3886E-05
   153.0      0.3594E-05
   154.0      0.3364E-05
   155.0      0.3187E-05
   156.0      0.3056E-05
   157.0      0.2961E-05
   158.0      0.2895E-05
   159.0      0.2849E-05
   160.0      0.2815E-05
   161.0      0.2786E-05
   162.0      0.2754E-05
   163.0      0.2715E-05
   164.0      0.2663E-05
   165.0      0.2595E-05
   166.0      0.2509E-05
   167.0      0.2403E-05
   168.0      0.2278E-05
   169.0      0.2137E-05
   170.0      0.1981E-05
   171.0      0.1815E-05
   172.0      0.1644E-05
   173.0      0.1473E-05
   174.0      0.1310E-05
   175.0      0.1159E-05
   176.0      0.1026E-05
   177.0      0.9169E-06
   178.0      0.8356E-06
   179.0      0.7854E-06
   180.0      0.7685E-06
 END
