# 178 angles,  1 tensor ranks for 0=projectile
@subtitle   "p+O20 with CH89;"                                                              
@legend ON
@legend x1 0.2
@legend y1 0.8
@g0 type LOGY
@yaxis ticklabel format power
@legend string   0 "Lab energy =   35.0000"
#legend string   0 "Partition=  1 Excit=  1 near/far= 1"
#  Theta       sigma       iT11        T20         T21         T22         Kyy for projectile
   3.000      0.1320E+06
   4.000      0.3825E+05
   5.000      0.1488E+05
   6.000       7333.    
   7.000       4442.    
   8.000       3179.    
   9.000       2553.    
   10.00       2196.    
   11.00       1960.    
   12.00       1778.    
   13.00       1623.    
   14.00       1481.    
   15.00       1347.    
   16.00       1218.    
   17.00       1094.    
   18.00       974.9    
   19.00       862.1    
   20.00       755.8    
   21.00       656.7    
   22.00       565.2    
   23.00       481.6    
   24.00       406.0    
   25.00       338.4    
   26.00       278.7    
   27.00       226.6    
   28.00       181.7    
   29.00       143.5    
   30.00       111.7    
   31.00       85.47    
   32.00       64.38    
   33.00       47.82    
   34.00       35.19    
   35.00       25.92    
   36.00       19.48    
   37.00       15.37    
   38.00       13.11    
   39.00       12.30    
   40.00       12.56    
   41.00       13.58    
   42.00       15.06    
   43.00       16.80    
   44.00       18.60    
   45.00       20.31    
   46.00       21.83    
   47.00       23.08    
   48.00       24.01    
   49.00       24.59    
   50.00       24.83    
   51.00       24.72    
   52.00       24.30    
   53.00       23.60    
   54.00       22.65    
   55.00       21.50    
   56.00       20.19    
   57.00       18.76    
   58.00       17.25    
   59.00       15.71    
   60.00       14.16    
   61.00       12.65    
   62.00       11.18    
   63.00       9.784    
   64.00       8.481    
   65.00       7.279    
   66.00       6.187    
   67.00       5.210    
   68.00       4.348    
   69.00       3.599    
   70.00       2.960    
   71.00       2.424    
   72.00       1.985    
   73.00       1.632    
   74.00       1.359    
   75.00       1.154    
   76.00       1.008    
   77.00      0.9130    
   78.00      0.8590    
   79.00      0.8378    
   80.00      0.8419    
   81.00      0.8642    
   82.00      0.8987    
   83.00      0.9401    
   84.00      0.9839    
   85.00       1.026    
   86.00       1.065    
   87.00       1.096    
   88.00       1.120    
   89.00       1.134    
   90.00       1.139    
   91.00       1.134    
   92.00       1.120    
   93.00       1.096    
   94.00       1.064    
   95.00       1.025    
   96.00      0.9792    
   97.00      0.9284    
   98.00      0.8736    
   99.00      0.8158    
   100.0      0.7561    
   101.0      0.6956    
   102.0      0.6351    
   103.0      0.5756    
   104.0      0.5177    
   105.0      0.4622    
   106.0      0.4095    
   107.0      0.3601    
   108.0      0.3143    
   109.0      0.2723    
   110.0      0.2343    
   111.0      0.2004    
   112.0      0.1704    
   113.0      0.1444    
   114.0      0.1222    
   115.0      0.1036    
   116.0      0.8840E-01
   117.0      0.7637E-01
   118.0      0.6724E-01
   119.0      0.6072E-01
   120.0      0.5652E-01
   121.0      0.5435E-01
   122.0      0.5392E-01
   123.0      0.5495E-01
   124.0      0.5716E-01
   125.0      0.6030E-01
   126.0      0.6413E-01
   127.0      0.6842E-01
   128.0      0.7298E-01
   129.0      0.7760E-01
   130.0      0.8214E-01
   131.0      0.8644E-01
   132.0      0.9040E-01
   133.0      0.9390E-01
   134.0      0.9687E-01
   135.0      0.9925E-01
   136.0      0.1010    
   137.0      0.1021    
   138.0      0.1025    
   139.0      0.1022    
   140.0      0.1013    
   141.0      0.9979E-01
   142.0      0.9769E-01
   143.0      0.9507E-01
   144.0      0.9199E-01
   145.0      0.8850E-01
   146.0      0.8468E-01
   147.0      0.8060E-01
   148.0      0.7633E-01
   149.0      0.7195E-01
   150.0      0.6753E-01
   151.0      0.6313E-01
   152.0      0.5884E-01
   153.0      0.5470E-01
   154.0      0.5077E-01
   155.0      0.4710E-01
   156.0      0.4375E-01
   157.0      0.4073E-01
   158.0      0.3808E-01
   159.0      0.3582E-01
   160.0      0.3396E-01
   161.0      0.3250E-01
   162.0      0.3143E-01
   163.0      0.3074E-01
   164.0      0.3041E-01
   165.0      0.3041E-01
   166.0      0.3070E-01
   167.0      0.3126E-01
   168.0      0.3203E-01
   169.0      0.3298E-01
   170.0      0.3405E-01
   171.0      0.3520E-01
   172.0      0.3637E-01
   173.0      0.3754E-01
   174.0      0.3864E-01
   175.0      0.3965E-01
   176.0      0.4053E-01
   177.0      0.4124E-01
   178.0      0.4176E-01
   179.0      0.4209E-01
   180.0      0.4220E-01
 END
