# 181 angles,  1 tensor ranks for 0=projectile
@subtitle   "p+O20 2nd ex with BG ;"                                                        
@legend ON
@legend x1 0.2
@legend y1 0.8
@g0 type LOGY
@yaxis ticklabel format power
@legend string   0 "Lab energy =   35.0000"
#legend string   0 "Partition=  1 Excit=  2 near/far= 1"
#  Theta       sigma       iT11        T20         T21         T22         Kyy for projectile
   0.000       10.00    
   1.000       10.06    
   2.000       10.21    
   3.000       10.38    
   4.000       10.50    
   5.000       10.51    
   6.000       10.38    
   7.000       10.13    
   8.000       9.797    
   9.000       9.420    
   10.00       9.038    
   11.00       8.672    
   12.00       8.329    
   13.00       8.013    
   14.00       7.726    
   15.00       7.473    
   16.00       7.260    
   17.00       7.092    
   18.00       6.966    
   19.00       6.878    
   20.00       6.823    
   21.00       6.790    
   22.00       6.773    
   23.00       6.762    
   24.00       6.751    
   25.00       6.731    
   26.00       6.697    
   27.00       6.642    
   28.00       6.562    
   29.00       6.453    
   30.00       6.311    
   31.00       6.137    
   32.00       5.930    
   33.00       5.692    
   34.00       5.428    
   35.00       5.141    
   36.00       4.836    
   37.00       4.519    
   38.00       4.193    
   39.00       3.864    
   40.00       3.538    
   41.00       3.221    
   42.00       2.918    
   43.00       2.632    
   44.00       2.367    
   45.00       2.125    
   46.00       1.908    
   47.00       1.718    
   48.00       1.555    
   49.00       1.419    
   50.00       1.309    
   51.00       1.223    
   52.00       1.160    
   53.00       1.117    
   54.00       1.092    
   55.00       1.082    
   56.00       1.084    
   57.00       1.095    
   58.00       1.112    
   59.00       1.133    
   60.00       1.156    
   61.00       1.179    
   62.00       1.199    
   63.00       1.215    
   64.00       1.225    
   65.00       1.229    
   66.00       1.226    
   67.00       1.216    
   68.00       1.199    
   69.00       1.174    
   70.00       1.143    
   71.00       1.105    
   72.00       1.062    
   73.00       1.013    
   74.00      0.9613    
   75.00      0.9061    
   76.00      0.8486    
   77.00      0.7898    
   78.00      0.7304    
   79.00      0.6712    
   80.00      0.6132    
   81.00      0.5570    
   82.00      0.5032    
   83.00      0.4521    
   84.00      0.4041    
   85.00      0.3596    
   86.00      0.3188    
   87.00      0.2817    
   88.00      0.2486    
   89.00      0.2192    
   90.00      0.1935    
   91.00      0.1713    
   92.00      0.1525    
   93.00      0.1369    
   94.00      0.1241    
   95.00      0.1139    
   96.00      0.1060    
   97.00      0.1001    
   98.00      0.9586E-01
   99.00      0.9310E-01
   100.0      0.9151E-01
   101.0      0.9082E-01
   102.0      0.9078E-01
   103.0      0.9119E-01
   104.0      0.9186E-01
   105.0      0.9266E-01
   106.0      0.9343E-01
   107.0      0.9406E-01
   108.0      0.9443E-01
   109.0      0.9447E-01
   110.0      0.9415E-01
   111.0      0.9343E-01
   112.0      0.9231E-01
   113.0      0.9077E-01
   114.0      0.8882E-01
   115.0      0.8649E-01
   116.0      0.8381E-01
   117.0      0.8083E-01
   118.0      0.7758E-01
   119.0      0.7412E-01
   120.0      0.7048E-01
   121.0      0.6670E-01
   122.0      0.6285E-01
   123.0      0.5897E-01
   124.0      0.5510E-01
   125.0      0.5129E-01
   126.0      0.4756E-01
   127.0      0.4394E-01
   128.0      0.4047E-01
   129.0      0.3716E-01
   130.0      0.3405E-01
   131.0      0.3114E-01
   132.0      0.2843E-01
   133.0      0.2593E-01
   134.0      0.2364E-01
   135.0      0.2157E-01
   136.0      0.1971E-01
   137.0      0.1806E-01
   138.0      0.1660E-01
   139.0      0.1531E-01
   140.0      0.1419E-01
   141.0      0.1323E-01
   142.0      0.1242E-01
   143.0      0.1176E-01
   144.0      0.1123E-01
   145.0      0.1080E-01
   146.0      0.1045E-01
   147.0      0.1019E-01
   148.0      0.1000E-01
   149.0      0.9892E-02
   150.0      0.9848E-02
   151.0      0.9860E-02
   152.0      0.9914E-02
   153.0      0.1000E-01
   154.0      0.1012E-01
   155.0      0.1027E-01
   156.0      0.1046E-01
   157.0      0.1067E-01
   158.0      0.1091E-01
   159.0      0.1117E-01
   160.0      0.1145E-01
   161.0      0.1174E-01
   162.0      0.1204E-01
   163.0      0.1236E-01
   164.0      0.1268E-01
   165.0      0.1301E-01
   166.0      0.1335E-01
   167.0      0.1368E-01
   168.0      0.1402E-01
   169.0      0.1434E-01
   170.0      0.1466E-01
   171.0      0.1496E-01
   172.0      0.1523E-01
   173.0      0.1549E-01
   174.0      0.1572E-01
   175.0      0.1593E-01
   176.0      0.1610E-01
   177.0      0.1623E-01
   178.0      0.1633E-01
   179.0      0.1639E-01
   180.0      0.1641E-01
 END
