# 181 angles,  1 tensor ranks for 0=projectile
@subtitle   "p+O20 2nd ex with BG ;"                                                        
@legend ON
@legend x1 0.2
@legend y1 0.8
@g0 type LOGY
@yaxis ticklabel format power
@legend string   0 "Lab energy =   35.0000"
#legend string   0 "Partition=  1 Excit=  1 near/far= 1"
#  Theta       sigma       iT11        T20         T21         T22         Kyy for projectile
  0.1000E-01  0.1288E+16
   1.000      0.1250E+08
   2.000      0.7223E+06
   3.000      0.1284E+06
   4.000      0.3661E+05
   5.000      0.1408E+05
   6.000       6962.    
   7.000       4316.    
   8.000       3197.    
   9.000       2657.    
   10.00       2351.    
   11.00       2142.    
   12.00       1973.    
   13.00       1820.    
   14.00       1673.    
   15.00       1529.    
   16.00       1388.    
   17.00       1250.    
   18.00       1116.    
   19.00       988.5    
   20.00       867.7    
   21.00       754.7    
   22.00       650.4    
   23.00       555.1    
   24.00       469.0    
   25.00       392.2    
   26.00       324.5    
   27.00       265.6    
   28.00       214.9    
   29.00       172.1    
   30.00       136.5    
   31.00       107.3    
   32.00       83.90    
   33.00       65.62    
   34.00       51.75    
   35.00       41.63    
   36.00       34.63    
   37.00       30.16    
   38.00       27.71    
   39.00       26.79    
   40.00       26.98    
   41.00       27.93    
   42.00       29.34    
   43.00       30.95    
   44.00       32.56    
   45.00       34.03    
   46.00       35.23    
   47.00       36.10    
   48.00       36.58    
   49.00       36.66    
   50.00       36.34    
   51.00       35.64    
   52.00       34.60    
   53.00       33.26    
   54.00       31.66    
   55.00       29.85    
   56.00       27.89    
   57.00       25.83    
   58.00       23.72    
   59.00       21.59    
   60.00       19.48    
   61.00       17.44    
   62.00       15.49    
   63.00       13.64    
   64.00       11.92    
   65.00       10.34    
   66.00       8.911    
   67.00       7.626    
   68.00       6.490    
   69.00       5.498    
   70.00       4.645    
   71.00       3.922    
   72.00       3.318    
   73.00       2.824    
   74.00       2.428    
   75.00       2.118    
   76.00       1.882    
   77.00       1.709    
   78.00       1.588    
   79.00       1.510    
   80.00       1.465    
   81.00       1.445    
   82.00       1.442    
   83.00       1.450    
   84.00       1.464    
   85.00       1.479    
   86.00       1.493    
   87.00       1.501    
   88.00       1.503    
   89.00       1.497    
   90.00       1.481    
   91.00       1.457    
   92.00       1.423    
   93.00       1.381    
   94.00       1.332    
   95.00       1.275    
   96.00       1.212    
   97.00       1.145    
   98.00       1.075    
   99.00       1.002    
   100.0      0.9276    
   101.0      0.8532    
   102.0      0.7796    
   103.0      0.7076    
   104.0      0.6379    
   105.0      0.5713    
   106.0      0.5082    
   107.0      0.4490    
   108.0      0.3940    
   109.0      0.3436    
   110.0      0.2976    
   111.0      0.2563    
   112.0      0.2195    
   113.0      0.1871    
   114.0      0.1589    
   115.0      0.1348    
   116.0      0.1145    
   117.0      0.9763E-01
   118.0      0.8402E-01
   119.0      0.7332E-01
   120.0      0.6522E-01
   121.0      0.5940E-01
   122.0      0.5556E-01
   123.0      0.5342E-01
   124.0      0.5267E-01
   125.0      0.5307E-01
   126.0      0.5435E-01
   127.0      0.5630E-01
   128.0      0.5870E-01
   129.0      0.6137E-01
   130.0      0.6415E-01
   131.0      0.6688E-01
   132.0      0.6945E-01
   133.0      0.7175E-01
   134.0      0.7370E-01
   135.0      0.7524E-01
   136.0      0.7630E-01
   137.0      0.7688E-01
   138.0      0.7693E-01
   139.0      0.7647E-01
   140.0      0.7550E-01
   141.0      0.7404E-01
   142.0      0.7211E-01
   143.0      0.6976E-01
   144.0      0.6703E-01
   145.0      0.6396E-01
   146.0      0.6061E-01
   147.0      0.5704E-01
   148.0      0.5330E-01
   149.0      0.4944E-01
   150.0      0.4554E-01
   151.0      0.4165E-01
   152.0      0.3781E-01
   153.0      0.3408E-01
   154.0      0.3051E-01
   155.0      0.2714E-01
   156.0      0.2399E-01
   157.0      0.2112E-01
   158.0      0.1852E-01
   159.0      0.1624E-01
   160.0      0.1427E-01
   161.0      0.1262E-01
   162.0      0.1128E-01
   163.0      0.1026E-01
   164.0      0.9529E-02
   165.0      0.9076E-02
   166.0      0.8876E-02
   167.0      0.8901E-02
   168.0      0.9119E-02
   169.0      0.9497E-02
   170.0      0.1000E-01
   171.0      0.1059E-01
   172.0      0.1124E-01
   173.0      0.1190E-01
   174.0      0.1255E-01
   175.0      0.1316E-01
   176.0      0.1369E-01
   177.0      0.1413E-01
   178.0      0.1446E-01
   179.0      0.1466E-01
   180.0      0.1473E-01
 END
