           2           1           1
    0.0-     1 1   1.753       0.000      0.9918E-02   1.744    
    1.0+     0 1   5.250       0.000      0.2481E-01   5.225    
    1.0+     2 2   5.274       0.000      0.3074E-01   5.243    
    1.0-     1 1   5.258       0.000      0.2721E-01   5.231    
    2.0+     2 1   8.782       0.000      0.4347E-01   8.738    
    2.0-     1 1   8.755       0.000      0.3628E-01   8.719    
    2.0-     3 2   8.821       0.000      0.5074E-01   8.770    
    3.0+     2 1   12.28       0.000      0.4291E-01   12.24    
    3.0+     4 2   12.41       0.000      0.6766E-01   12.34    
    3.0-     3 1   12.33       0.000      0.5682E-01   12.28    
    4.0+     4 1   15.93       0.000      0.6642E-01   15.86    
    4.0-     3 1   15.83       0.000      0.4536E-01   15.78    
    4.0-     5 2   16.05       0.000      0.7843E-01   15.97    
    5.0+     4 1   19.43       0.000      0.4450E-01   19.39    
    5.0+     6 2   19.78       0.000      0.8186E-01   19.70    
    5.0-     5 1   19.57       0.000      0.7086E-01   19.50    
    6.0+     6 1   23.32       0.000      0.6964E-01   23.25    
    6.0-     5 1   23.07       0.000      0.4116E-01   23.03    
    6.0-     7 2   23.53       0.000      0.7710E-01   23.45    
    7.0+     6 1   26.83       0.000      0.3595E-01   26.79    
    7.0+     8 2   27.48       0.000      0.6078E-01   27.42    
    7.0-     7 1   27.09       0.000      0.6354E-01   27.03    
    8.0+     8 1   31.04       0.000      0.4781E-01   30.99    
    8.0-     7 1   30.64       0.000      0.3039E-01   30.61    
    8.0-     9 2   31.09       0.000      0.7621E-01   31.02    
    9.0+     8 1   34.54       0.000      0.2164E-01   34.52    
    9.0+    10 2   32.06       0.000      0.1379       31.92    
    9.0-     9 1   34.97       0.000      0.5116E-01   34.92    
   10.0+    10 1   36.40       0.000      0.9300E-01   36.30    
   10.0-     9 1   38.75       0.000      0.1937E-01   38.73    
   10.0-    11 2   28.91       0.000      0.1762       28.73    
   11.0+    10 1   40.91       0.000      0.3656E-01   40.87    
   11.0+    12 2   22.84       0.000      0.1575       22.68    
   11.0-    11 1   33.06       0.000      0.1252       32.93    
   12.0+    12 1   26.04       0.000      0.1166       25.93    
   12.0-    11 1   37.66       0.000      0.5680E-01   37.61    
   12.0-    13 2   16.27       0.000      0.1107       16.16    
   13.0+    12 1   29.69       0.000      0.6019E-01   29.63    
   13.0+    14 2   10.80       0.000      0.6687E-01   10.73    
   13.0-    13 1   18.35       0.000      0.8398E-01   18.27    
   14.0+    14 1   12.02       0.000      0.5140E-01   11.97    
   14.0-    13 1   20.72       0.000      0.4733E-01   20.67    
   14.0-    15 2   6.857       0.000      0.3682E-01   6.821    
   15.0+    14 1   13.38       0.000      0.3066E-01   13.35    
   15.0+    16 2   4.239       0.000      0.1919E-01   4.219    
   15.0-    15 1   7.535       0.000      0.2858E-01   7.507    
   16.0+    16 1   4.606       0.000      0.1502E-01   4.590    
   16.0-    15 1   8.270       0.000      0.1782E-01   8.252    
   16.0-    17 2   2.576       0.000      0.9673E-02   2.566    
   17.0+    16 1   4.995       0.000      0.9708E-02   4.985    
   17.0+    18 2   1.548       0.000      0.4779E-02   1.544    
   17.0-    17 1   2.773       0.000      0.7613E-02   2.766    
   18.0+    18 1   1.655       0.000      0.3769E-02   1.651    
   18.0-    17 1   2.979       0.000      0.5045E-02   2.974    
   18.0-    19 2  0.9238       0.000      0.2332E-02  0.9214    
   19.0+    18 1   1.764       0.000      0.2532E-02   1.762    
   19.0+    20 2  0.5480       0.000      0.1130E-02  0.5469    
   19.0-    19 1  0.9811       0.000      0.1838E-02  0.9793    
   20.0+    20 1  0.5792       0.000      0.8881E-03  0.5783    
   20.0-    19 1   1.040       0.000      0.1241E-02   1.039    
   20.0-    21 2  0.3236       0.000      0.5449E-03  0.3231    
   21.0+    20 1  0.6109       0.000      0.5996E-03  0.6103    
   21.0+    22 2  0.1905       0.000      0.2621E-03  0.1902    
   21.0-    21 1  0.3407       0.000      0.4266E-03  0.3403    
   22.0+    22 1  0.1998       0.000      0.2043E-03  0.1996    
   22.0-    21 1  0.3580       0.000      0.2870E-03  0.3577    
   22.0-    23 2  0.1117       0.000      0.1259E-03  0.1116    
   23.0+    22 1  0.2093       0.000      0.1367E-03  0.2092    
   23.0+    24 2  0.6537E-01   0.000      0.6042E-04  0.6530E-01
   23.0-    23 1  0.1169       0.000      0.9765E-04  0.1168    
   24.0+    24 1  0.6824E-01   0.000      0.4664E-04  0.6819E-01
   24.0-    23 1  0.1221       0.000      0.6491E-04  0.1221    
   24.0-    25 2  0.3815E-01   0.000      0.2898E-04  0.3812E-01
   25.0+    24 1  0.7112E-01   0.000      0.3079E-04  0.7109E-01
   25.0+    26 2  0.2221E-01   0.000      0.1390E-04  0.2220E-01
   25.0-    25 1  0.3974E-01   0.000      0.2227E-04  0.3972E-01
   26.0+    26 1  0.2310E-01   0.000      0.1063E-04  0.2309E-01
   26.0-    25 1  0.4134E-01   0.000      0.1460E-04  0.4132E-01
   26.0-    27 2  0.1291E-01   0.000      0.6666E-05  0.1290E-01
   27.0+    26 1  0.2399E-01   0.000      0.6927E-05  0.2398E-01
   27.0+    28 2  0.7488E-02   0.000      0.3197E-05  0.7484E-02
   27.0-    27 1  0.1340E-01   0.000      0.5079E-05  0.1340E-01
   28.0+    28 1  0.7762E-02   0.000      0.2427E-05  0.7760E-02
   28.0-    27 1  0.1390E-01   0.000      0.3287E-05  0.1389E-01
   28.0-    29 2  0.4336E-02   0.000      0.1534E-05  0.4334E-02
   29.0+    28 1  0.8037E-02   0.000      0.1561E-05  0.8036E-02
   29.0+    30 2  0.2506E-02   0.000      0.7358E-06  0.2506E-02
   29.0-    29 1  0.4489E-02   0.000      0.1160E-05  0.4487E-02
   30.0+    30 1  0.2592E-02   0.000      0.5546E-06  0.2591E-02
   30.0-    29 1  0.4642E-02   0.000      0.7416E-06  0.4641E-02
   30.0-    31 2  0.1447E-02   0.000      0.3531E-06  0.1446E-02
   31.0+    30 1  0.2677E-02   0.000      0.3526E-06  0.2677E-02
   31.0+    32 2  0.8338E-03   0.000      0.1695E-06  0.8337E-03
   31.0-    31 1  0.1494E-02   0.000      0.2653E-06  0.1494E-02
   32.0+    32 1  0.8604E-03   0.000      0.1269E-06  0.8602E-03
   32.0-    31 1  0.1542E-02   0.000      0.1678E-06  0.1542E-02
   32.0-    33 2  0.4800E-03   0.000      0.8134E-07  0.4799E-03
   33.0+    32 1  0.8869E-03   0.000      0.7989E-07  0.8868E-03
   33.0+    34 2  0.2759E-03   0.000      0.3905E-07  0.2759E-03
   33.0-    33 1  0.4948E-03   0.000      0.6075E-07  0.4947E-03
   34.0+    34 1  0.2842E-03   0.000      0.2909E-07  0.2841E-03
   34.0-    33 1  0.5095E-03   0.000      0.3806E-07  0.5095E-03
   34.0-    35 2  0.1584E-03   0.000      0.1875E-07  0.1584E-03
   35.0+    34 1  0.2924E-03   0.000      0.1814E-07  0.2924E-03
   35.0+    36 2  0.9087E-04   0.000      0.9003E-08  0.9086E-04
   35.0-    35 1  0.1630E-03   0.000      0.1393E-07  0.1630E-03
   36.0+    36 1  0.9343E-04   0.000      0.6674E-08  0.9342E-04
   36.0-    35 1  0.1676E-03   0.000      0.8653E-08  0.1676E-03
   36.0-    37 2  0.5206E-04   0.000      0.4324E-08  0.5206E-04
   37.0+    36 1  0.9599E-04   0.000      0.4129E-08  0.9599E-04
   37.0+    38 2  0.2980E-04   0.000      0.2077E-08  0.2980E-04
   37.0-    37 1  0.5349E-04   0.000      0.3198E-08  0.5349E-04
   38.0+    38 1  0.3059E-04   0.000      0.1533E-08  0.3059E-04
   38.0-    37 1  0.5492E-04   0.000      0.1971E-08  0.5491E-04
   38.0-    39 2  0.1704E-04   0.000      0.9978E-09  0.1704E-04
   39.0+    38 1  0.3139E-04   0.000      0.9414E-09  0.3139E-04
   39.0+    40 2  0.9734E-05   0.000      0.4794E-09  0.9733E-05
   39.0-    39 1  0.1748E-04   0.000      0.7349E-09  0.1748E-04
   40.0+    40 1  0.9980E-05   0.000      0.3524E-09  0.9980E-05
   40.0-    39 1  0.1792E-04   0.000      0.4498E-09  0.1792E-04
   40.0-    41 2  0.5556E-05   0.000      0.2304E-09  0.5555E-05
   41.0+    40 1  0.1023E-04   0.000      0.2150E-09  0.1023E-04
   41.0+    42 2  0.3168E-05   0.000      0.1107E-09  0.3168E-05
   41.0-    41 1  0.5693E-05   0.000      0.1690E-09  0.5693E-05
   42.0+    42 1  0.3245E-05   0.000      0.8109E-10  0.3245E-05
   42.0-    41 1  0.5830E-05   0.000      0.1028E-09  0.5830E-05
   42.0-    43 2  0.1805E-05   0.000      0.5320E-10  0.1805E-05
   43.0+    42 1  0.3321E-05   0.000      0.4918E-10  0.3321E-05
   43.0+    44 2  0.1028E-05   0.000      0.2557E-10  0.1028E-05
   43.0-    43 1  0.1848E-05   0.000      0.3890E-10  0.1848E-05
   44.0+    44 1  0.1052E-05   0.000      0.1867E-10  0.1052E-05
   44.0-    43 1  0.1890E-05   0.000      0.2353E-10  0.1890E-05
   44.0-    45 2  0.5849E-06   0.000      0.1229E-10  0.5849E-06
   45.0+    44 1  0.1075E-05   0.000      0.1126E-10  0.1075E-05
   45.0+    46 2  0.3325E-06   0.000      0.5906E-11  0.3325E-06
   45.0-    45 1  0.5980E-06   0.000      0.8959E-11  0.5980E-06
   46.0+    46 1  0.3399E-06   0.000      0.4300E-11  0.3398E-06
   46.0-    45 1  0.6112E-06   0.000      0.5389E-11  0.6112E-06
   46.0-    47 2  0.1889E-06   0.000      0.2839E-11  0.1889E-06
   47.0+    46 1  0.3472E-06   0.000      0.2580E-11  0.3472E-06
   47.0+    48 2  0.1073E-06   0.000      0.1365E-11  0.1073E-06
   47.0-    47 1  0.1930E-06   0.000      0.2064E-11  0.1930E-06
   48.0+    48 1  0.1095E-06   0.000      0.9910E-12  0.1095E-06
   48.0-    47 1  0.1971E-06   0.000      0.1236E-11  0.1971E-06
   48.0-    49 2  0.6088E-07   0.000      0.6562E-12  0.6088E-07
   49.0+    48 1  0.1118E-06   0.000      0.5920E-12  0.1118E-06
   49.0+    50 2  0.3453E-07   0.000      0.3155E-12  0.3453E-07
   49.0-    49 1  0.6214E-07   0.000      0.4759E-12  0.6213E-07
   50.0+    50 1  0.3522E-07   0.000      0.2285E-12  0.3522E-07
   50.0-    49 1  0.6339E-07   0.000      0.2836E-12  0.6339E-07
   50.0-    51 2  0.1957E-07   0.000      0.1517E-12  0.1957E-07
   51.0+    50 1  0.3592E-07   0.000      0.1359E-12  0.3592E-07
   51.0+    52 2  0.1109E-07   0.000      0.7295E-13  0.1109E-07
   51.0-    51 1  0.1996E-07   0.000      0.1097E-12  0.1996E-07
   52.0+    52 1  0.1130E-07   0.000      0.5271E-13  0.1130E-07
   52.0-    51 1  0.2034E-07   0.000      0.6514E-13  0.2034E-07
   52.0-    53 2  0.6276E-08   0.000      0.3508E-13  0.6276E-08
   53.0+    52 1  0.1152E-07   0.000      0.3123E-13  0.1152E-07
   53.0+    54 2  0.3552E-08   0.000      0.1687E-13  0.3552E-08
   53.0-    53 1  0.6397E-08   0.000      0.2532E-13  0.6396E-08
   54.0+    54 1  0.3617E-08   0.000      0.1216E-13  0.3617E-08
   54.0-    53 1  0.6515E-08   0.000      0.1497E-13  0.6515E-08
   54.0-    55 2  0.2008E-08   0.000      0.8111E-14  0.2008E-08
   55.0+    54 1  0.3684E-08   0.000      0.7179E-14  0.3684E-08
   55.0+    56 2  0.1135E-08   0.000      0.3901E-14  0.1135E-08
   55.0-    55 1  0.2046E-08   0.000      0.5843E-14  0.2046E-08
   56.0+    56 1  0.1156E-08   0.000      0.2807E-14  0.1156E-08
   56.0-    55 1  0.2083E-08   0.000      0.3443E-14  0.2083E-08
   56.0-    57 2  0.6417E-09   0.000      0.1876E-14  0.6417E-09
   57.0+    56 1  0.1177E-08   0.000      0.1651E-14  0.1177E-08
   57.0+    58 2  0.3626E-09   0.000      0.9022E-15  0.3626E-09
   57.0-    57 1  0.6527E-09   0.000      0.1349E-14  0.6527E-09
   58.0+    58 1  0.3683E-09   0.000      0.6481E-15  0.3683E-09
   58.0-    57 1  0.6652E-09   0.000      0.7921E-15  0.6652E-09
   58.0-    59 2  0.2046E-09   0.000      0.4339E-15  0.2046E-09
   59.0+    58 1  0.3750E-09   0.000      0.3800E-15  0.3750E-09
   59.0+    60 2  0.1159E-09   0.000      0.2087E-15  0.1159E-09
   59.0-    59 1  0.2082E-09   0.000      0.3114E-15  0.2082E-09
   60.0+    60 1  0.1179E-09   0.000      0.1497E-15  0.1179E-09
   60.0-    59 1  0.2111E-09   0.000      0.1823E-15  0.2111E-09
   60.0-    61 2  0.6529E-10   0.000      0.1004E-15  0.6529E-10
