# Fusion cross sections for ELAB=  70.000, ECM=  63.596
     0.0   1.719       1.753      0.3392E-01
     1.0   15.48       15.78      0.2944    
     2.0   25.89       26.35      0.4621    
     3.0   36.43       37.01      0.5808    
     4.0   47.16       47.80      0.6401    
     5.0   58.14       58.78      0.6386    
     6.0   69.34       69.92      0.5778    
     7.0   80.93       81.40      0.4717    
     8.0   92.34       92.77      0.4259    
     9.0   101.1       101.6      0.4982    
    10.0   103.4       104.1      0.6506    
    11.0   96.02       96.86      0.8447    
    12.0   79.07       80.04      0.9755    
    13.0   57.99       58.91      0.9190    
    14.0   38.94       39.64      0.6970    
    15.0   24.74       25.18      0.4435    
    16.0   15.22       15.47      0.2506    
    17.0   9.198       9.330      0.1316    
    18.0   5.499       5.565      0.6608E-01
    19.0   3.266       3.298      0.3232E-01
    20.0   1.930       1.946      0.1555E-01
    21.0   1.136       1.144      0.7414E-02
    22.0  0.6671      0.6706      0.3513E-02
    23.0  0.3905      0.3922      0.1659E-02
    24.0  0.2281      0.2289      0.7821E-03
    25.0  0.1329      0.1333      0.3682E-03
    26.0  0.7729E-01  0.7747E-01  0.1733E-03
    27.0  0.4487E-01  0.4495E-01  0.8152E-04
    28.0  0.2600E-01  0.2603E-01  0.3835E-04
    29.0  0.1504E-01  0.1506E-01  0.1804E-04
    30.0  0.8685E-02  0.8694E-02  0.8487E-05
    31.0  0.5009E-02  0.5013E-02  0.3993E-05
    32.0  0.2885E-02  0.2887E-02  0.1879E-05
    33.0  0.1659E-02  0.1660E-02  0.8843E-06
    34.0  0.9533E-03  0.9537E-03  0.4162E-06
    35.0  0.5470E-03  0.5472E-03  0.1959E-06
    36.0  0.3135E-03  0.3136E-03  0.9224E-07
    37.0  0.1795E-03  0.1796E-03  0.4343E-07
    38.0  0.1027E-03  0.1027E-03  0.2045E-07
    39.0  0.5869E-04  0.5870E-04  0.9630E-08
    40.0  0.3351E-04  0.3351E-04  0.4535E-08
    41.0  0.1912E-04  0.1912E-04  0.2136E-08
    42.0  0.1090E-04  0.1090E-04  0.1006E-08
    43.0  0.6207E-05  0.6207E-05  0.4740E-09
    44.0  0.3532E-05  0.3533E-05  0.2233E-09
    45.0  0.2009E-05  0.2009E-05  0.1052E-09
    46.0  0.1142E-05  0.1142E-05  0.4955E-10
    47.0  0.6485E-06  0.6485E-06  0.2335E-10
    48.0  0.3681E-06  0.3681E-06  0.1100E-10
    49.0  0.2088E-06  0.2088E-06  0.5183E-11
    50.0  0.1184E-06  0.1184E-06  0.2442E-11
    51.0  0.6707E-07  0.6708E-07  0.1151E-11
    52.0  0.3798E-07  0.3798E-07  0.5422E-12
    53.0  0.2150E-07  0.2150E-07  0.2555E-12
    54.0  0.1216E-07  0.1216E-07  0.1204E-12
    55.0  0.6877E-08  0.6877E-08  0.5674E-13
    56.0  0.3886E-08  0.3886E-08  0.2674E-13
    57.0  0.2197E-08  0.2197E-08  0.1260E-13
    58.0  0.1240E-08  0.1240E-08  0.5940E-14
    59.0  0.7000E-09  0.7000E-09  0.2799E-14
    60.0  0.3952E-09  0.3952E-09  0.1319E-14
 &
