# 178 angles,  1 tensor ranks for 0=projectile
@subtitle   "20O(d,t) @ 30AMeV Haixia (d) + Pang (t)"                                       
@legend ON
@legend x1 0.2
@legend y1 0.8
@g0 type LOGY
@yaxis ticklabel format power
@legend string   0 "Lab energy =   70.0000"
#legend string   0 "Partition=  2 Excit=  2 near/far= 1"
#  Theta       sigma       iT11        T20         T21         T22         Kyy for projectile
   3.000       4.618    
   4.000       5.031    
   5.000       5.284    
   6.000       5.281    
   7.000       4.987    
   8.000       4.428    
   9.000       3.684    
   10.00       2.861    
   11.00       2.068    
   12.00       1.392    
   13.00      0.8870    
   14.00      0.5654    
   15.00      0.4080    
   16.00      0.3735    
   17.00      0.4116    
   18.00      0.4751    
   19.00      0.5279    
   20.00      0.5492    
   21.00      0.5331    
   22.00      0.4854    
   23.00      0.4194    
   24.00      0.3505    
   25.00      0.2926    
   26.00      0.2553    
   27.00      0.2427    
   28.00      0.2541    
   29.00      0.2846    
   30.00      0.3274    
   31.00      0.3748    
   32.00      0.4201    
   33.00      0.4582    
   34.00      0.4863    
   35.00      0.5036    
   36.00      0.5110    
   37.00      0.5103    
   38.00      0.5042    
   39.00      0.4950    
   40.00      0.4847    
   41.00      0.4746    
   42.00      0.4654    
   43.00      0.4570    
   44.00      0.4489    
   45.00      0.4404    
   46.00      0.4307    
   47.00      0.4191    
   48.00      0.4053    
   49.00      0.3890    
   50.00      0.3704    
   51.00      0.3499    
   52.00      0.3281    
   53.00      0.3055    
   54.00      0.2828    
   55.00      0.2606    
   56.00      0.2393    
   57.00      0.2194    
   58.00      0.2010    
   59.00      0.1841    
   60.00      0.1688    
   61.00      0.1549    
   62.00      0.1423    
   63.00      0.1307    
   64.00      0.1201    
   65.00      0.1102    
   66.00      0.1010    
   67.00      0.9231E-01
   68.00      0.8412E-01
   69.00      0.7639E-01
   70.00      0.6913E-01
   71.00      0.6233E-01
   72.00      0.5602E-01
   73.00      0.5019E-01
   74.00      0.4487E-01
   75.00      0.4004E-01
   76.00      0.3570E-01
   77.00      0.3181E-01
   78.00      0.2836E-01
   79.00      0.2531E-01
   80.00      0.2261E-01
   81.00      0.2022E-01
   82.00      0.1811E-01
   83.00      0.1624E-01
   84.00      0.1457E-01
   85.00      0.1308E-01
   86.00      0.1173E-01
   87.00      0.1051E-01
   88.00      0.9406E-02
   89.00      0.8401E-02
   90.00      0.7486E-02
   91.00      0.6654E-02
   92.00      0.5900E-02
   93.00      0.5217E-02
   94.00      0.4603E-02
   95.00      0.4052E-02
   96.00      0.3560E-02
   97.00      0.3124E-02
   98.00      0.2739E-02
   99.00      0.2400E-02
   100.0      0.2103E-02
   101.0      0.1844E-02
   102.0      0.1617E-02
   103.0      0.1420E-02
   104.0      0.1248E-02
   105.0      0.1098E-02
   106.0      0.9675E-03
   107.0      0.8529E-03
   108.0      0.7523E-03
   109.0      0.6637E-03
   110.0      0.5856E-03
   111.0      0.5165E-03
   112.0      0.4554E-03
   113.0      0.4011E-03
   114.0      0.3531E-03
   115.0      0.3105E-03
   116.0      0.2729E-03
   117.0      0.2396E-03
   118.0      0.2102E-03
   119.0      0.1843E-03
   120.0      0.1616E-03
   121.0      0.1416E-03
   122.0      0.1241E-03
   123.0      0.1088E-03
   124.0      0.9538E-04
   125.0      0.8365E-04
   126.0      0.7339E-04
   127.0      0.6439E-04
   128.0      0.5650E-04
   129.0      0.4958E-04
   130.0      0.4349E-04
   131.0      0.3812E-04
   132.0      0.3339E-04
   133.0      0.2922E-04
   134.0      0.2554E-04
   135.0      0.2230E-04
   136.0      0.1944E-04
   137.0      0.1691E-04
   138.0      0.1470E-04
   139.0      0.1275E-04
   140.0      0.1104E-04
   141.0      0.9547E-05
   142.0      0.8246E-05
   143.0      0.7118E-05
   144.0      0.6143E-05
   145.0      0.5306E-05
   146.0      0.4592E-05
   147.0      0.3988E-05
   148.0      0.3482E-05
   149.0      0.3063E-05
   150.0      0.2718E-05
   151.0      0.2438E-05
   152.0      0.2212E-05
   153.0      0.2030E-05
   154.0      0.1884E-05
   155.0      0.1764E-05
   156.0      0.1664E-05
   157.0      0.1578E-05
   158.0      0.1502E-05
   159.0      0.1432E-05
   160.0      0.1369E-05
   161.0      0.1313E-05
   162.0      0.1266E-05
   163.0      0.1232E-05
   164.0      0.1215E-05
   165.0      0.1219E-05
   166.0      0.1248E-05
   167.0      0.1304E-05
   168.0      0.1390E-05
   169.0      0.1503E-05
   170.0      0.1644E-05
   171.0      0.1806E-05
   172.0      0.1985E-05
   173.0      0.2174E-05
   174.0      0.2363E-05
   175.0      0.2543E-05
   176.0      0.2706E-05
   177.0      0.2843E-05
   178.0      0.2946E-05
   179.0      0.3010E-05
   180.0      0.3032E-05
 END
