# 178 angles,  1 tensor ranks for 0=projectile
@subtitle   "20O(d,t) @ 30AMeV Haixia (d) + Pang (t)"                                       
@legend ON
@legend x1 0.2
@legend y1 0.8
@g0 type LOGY
@yaxis ticklabel format power
@xaxis label "Scattering angle (degrees)"
@yaxis label "Cross section (mb/sr)"
@legend string   0 "Partition=  1 Excit=  1 near/far= 1"
#legend string   0 "Lab energy =   70.0000"
@s0 linestyle   1
#  Theta       sigma       iT11        T20         T21         T22         Kyy for projectile
   3.000      0.2939E+05
   4.000      0.1220E+05
   5.000       8308.    
   6.000       6646.    
   7.000       5410.    
   8.000       4288.    
   9.000       3259.    
   10.00       2355.    
   11.00       1601.    
   12.00       1011.    
   13.00       578.8    
   14.00       288.7    
   15.00       116.4    
   16.00       34.38    
   17.00       15.07    
   18.00       33.92    
   19.00       70.82    
   20.00       110.9    
   21.00       144.4    
   22.00       166.2    
   23.00       174.8    
   24.00       171.4    
   25.00       158.5    
   26.00       139.4    
   27.00       117.6    
   28.00       95.60    
   29.00       75.67    
   30.00       59.04    
   31.00       46.27    
   32.00       37.30    
   33.00       31.66    
   34.00       28.62    
   35.00       27.38    
   36.00       27.18    
   37.00       27.35    
   38.00       27.43    
   39.00       27.09    
   40.00       26.20    
   41.00       24.73    
   42.00       22.78    
   43.00       20.46    
   44.00       17.96    
   45.00       15.43    
   46.00       13.00    
   47.00       10.78    
   48.00       8.849    
   49.00       7.223    
   50.00       5.909    
   51.00       4.883    
   52.00       4.107    
   53.00       3.535    
   54.00       3.118    
   55.00       2.812    
   56.00       2.578    
   57.00       2.385    
   58.00       2.211    
   59.00       2.041    
   60.00       1.869    
   61.00       1.692    
   62.00       1.511    
   63.00       1.330    
   64.00       1.154    
   65.00      0.9877    
   66.00      0.8343    
   67.00      0.6970    
   68.00      0.5773    
   69.00      0.4756    
   70.00      0.3914    
   71.00      0.3233    
   72.00      0.2693    
   73.00      0.2272    
   74.00      0.1949    
   75.00      0.1701    
   76.00      0.1509    
   77.00      0.1357    
   78.00      0.1232    
   79.00      0.1124    
   80.00      0.1027    
   81.00      0.9349E-01
   82.00      0.8468E-01
   83.00      0.7614E-01
   84.00      0.6786E-01
   85.00      0.5991E-01
   86.00      0.5239E-01
   87.00      0.4537E-01
   88.00      0.3895E-01
   89.00      0.3317E-01
   90.00      0.2806E-01
   91.00      0.2361E-01
   92.00      0.1981E-01
   93.00      0.1661E-01
   94.00      0.1395E-01
   95.00      0.1177E-01
   96.00      0.1001E-01
   97.00      0.8601E-02
   98.00      0.7477E-02
   99.00      0.6583E-02
   100.0      0.5871E-02
   101.0      0.5298E-02
   102.0      0.4830E-02
   103.0      0.4439E-02
   104.0      0.4102E-02
   105.0      0.3804E-02
   106.0      0.3532E-02
   107.0      0.3279E-02
   108.0      0.3038E-02
   109.0      0.2807E-02
   110.0      0.2584E-02
   111.0      0.2368E-02
   112.0      0.2160E-02
   113.0      0.1961E-02
   114.0      0.1771E-02
   115.0      0.1592E-02
   116.0      0.1424E-02
   117.0      0.1269E-02
   118.0      0.1126E-02
   119.0      0.9972E-03
   120.0      0.8812E-03
   121.0      0.7783E-03
   122.0      0.6883E-03
   123.0      0.6104E-03
   124.0      0.5439E-03
   125.0      0.4879E-03
   126.0      0.4413E-03
   127.0      0.4031E-03
   128.0      0.3720E-03
   129.0      0.3470E-03
   130.0      0.3269E-03
   131.0      0.3108E-03
   132.0      0.2977E-03
   133.0      0.2867E-03
   134.0      0.2771E-03
   135.0      0.2683E-03
   136.0      0.2598E-03
   137.0      0.2512E-03
   138.0      0.2422E-03
   139.0      0.2326E-03
   140.0      0.2223E-03
   141.0      0.2114E-03
   142.0      0.1998E-03
   143.0      0.1877E-03
   144.0      0.1752E-03
   145.0      0.1625E-03
   146.0      0.1498E-03
   147.0      0.1373E-03
   148.0      0.1252E-03
   149.0      0.1136E-03
   150.0      0.1027E-03
   151.0      0.9264E-04
   152.0      0.8357E-04
   153.0      0.7556E-04
   154.0      0.6865E-04
   155.0      0.6286E-04
   156.0      0.5817E-04
   157.0      0.5454E-04
   158.0      0.5188E-04
   159.0      0.5011E-04
   160.0      0.4910E-04
   161.0      0.4872E-04
   162.0      0.4883E-04
   163.0      0.4929E-04
   164.0      0.4997E-04
   165.0      0.5074E-04
   166.0      0.5149E-04
   167.0      0.5214E-04
   168.0      0.5260E-04
   169.0      0.5285E-04
   170.0      0.5286E-04
   171.0      0.5264E-04
   172.0      0.5221E-04
   173.0      0.5162E-04
   174.0      0.5092E-04
   175.0      0.5018E-04
   176.0      0.4946E-04
   177.0      0.4882E-04
   178.0      0.4832E-04
   179.0      0.4800E-04
   180.0      0.4790E-04
 END
@legend string   1 "Partition=  2 Excit=  1 near/far= 1"
#legend string   0 "Lab energy =   70.0000"
@s1 linestyle   2
#  Theta       sigma       iT11        T20         T21         T22         Kyy for projectile
   3.000       25.70    
   4.000       19.54    
   5.000       13.43    
   6.000       8.164    
   7.000       4.231    
   8.000       1.808    
   9.000      0.7693    
   10.00      0.7805    
   11.00       1.412    
   12.00       2.250    
   13.00       2.976    
   14.00       3.407    
   15.00       3.494    
   16.00       3.294    
   17.00       2.922    
   18.00       2.510    
   19.00       2.169    
   20.00       1.970    
   21.00       1.933    
   22.00       2.039    
   23.00       2.239    
   24.00       2.472    
   25.00       2.678    
   26.00       2.812    
   27.00       2.845    
   28.00       2.772    
   29.00       2.600    
   30.00       2.352    
   31.00       2.057    
   32.00       1.741    
   33.00       1.432    
   34.00       1.148    
   35.00      0.9018    
   36.00      0.6984    
   37.00      0.5379    
   38.00      0.4160    
   39.00      0.3261    
   40.00      0.2612    
   41.00      0.2143    
   42.00      0.1797    
   43.00      0.1529    
   44.00      0.1312    
   45.00      0.1128    
   46.00      0.9680E-01
   47.00      0.8303E-01
   48.00      0.7144E-01
   49.00      0.6204E-01
   50.00      0.5476E-01
   51.00      0.4940E-01
   52.00      0.4562E-01
   53.00      0.4302E-01
   54.00      0.4119E-01
   55.00      0.3976E-01
   56.00      0.3844E-01
   57.00      0.3705E-01
   58.00      0.3554E-01
   59.00      0.3390E-01
   60.00      0.3220E-01
   61.00      0.3056E-01
   62.00      0.2908E-01
   63.00      0.2782E-01
   64.00      0.2683E-01
   65.00      0.2612E-01
   66.00      0.2565E-01
   67.00      0.2534E-01
   68.00      0.2512E-01
   69.00      0.2490E-01
   70.00      0.2459E-01
   71.00      0.2413E-01
   72.00      0.2349E-01
   73.00      0.2263E-01
   74.00      0.2158E-01
   75.00      0.2035E-01
   76.00      0.1899E-01
   77.00      0.1754E-01
   78.00      0.1607E-01
   79.00      0.1461E-01
   80.00      0.1321E-01
   81.00      0.1191E-01
   82.00      0.1073E-01
   83.00      0.9685E-02
   84.00      0.8768E-02
   85.00      0.7977E-02
   86.00      0.7300E-02
   87.00      0.6721E-02
   88.00      0.6220E-02
   89.00      0.5782E-02
   90.00      0.5388E-02
   91.00      0.5026E-02
   92.00      0.4684E-02
   93.00      0.4354E-02
   94.00      0.4032E-02
   95.00      0.3716E-02
   96.00      0.3405E-02
   97.00      0.3103E-02
   98.00      0.2810E-02
   99.00      0.2529E-02
   100.0      0.2265E-02
   101.0      0.2018E-02
   102.0      0.1790E-02
   103.0      0.1584E-02
   104.0      0.1397E-02
   105.0      0.1232E-02
   106.0      0.1085E-02
   107.0      0.9566E-03
   108.0      0.8444E-03
   109.0      0.7466E-03
   110.0      0.6614E-03
   111.0      0.5871E-03
   112.0      0.5219E-03
   113.0      0.4645E-03
   114.0      0.4137E-03
   115.0      0.3684E-03
   116.0      0.3279E-03
   117.0      0.2916E-03
   118.0      0.2591E-03
   119.0      0.2299E-03
   120.0      0.2039E-03
   121.0      0.1807E-03
   122.0      0.1602E-03
   123.0      0.1423E-03
   124.0      0.1266E-03
   125.0      0.1131E-03
   126.0      0.1015E-03
   127.0      0.9160E-04
   128.0      0.8316E-04
   129.0      0.7596E-04
   130.0      0.6979E-04
   131.0      0.6444E-04
   132.0      0.5974E-04
   133.0      0.5552E-04
   134.0      0.5165E-04
   135.0      0.4802E-04
   136.0      0.4454E-04
   137.0      0.4117E-04
   138.0      0.3786E-04
   139.0      0.3458E-04
   140.0      0.3135E-04
   141.0      0.2817E-04
   142.0      0.2505E-04
   143.0      0.2203E-04
   144.0      0.1912E-04
   145.0      0.1638E-04
   146.0      0.1381E-04
   147.0      0.1146E-04
   148.0      0.9337E-05
   149.0      0.7470E-05
   150.0      0.5868E-05
   151.0      0.4536E-05
   152.0      0.3470E-05
   153.0      0.2659E-05
   154.0      0.2085E-05
   155.0      0.1724E-05
   156.0      0.1545E-05
   157.0      0.1513E-05
   158.0      0.1593E-05
   159.0      0.1747E-05
   160.0      0.1940E-05
   161.0      0.2141E-05
   162.0      0.2322E-05
   163.0      0.2462E-05
   164.0      0.2548E-05
   165.0      0.2572E-05
   166.0      0.2532E-05
   167.0      0.2433E-05
   168.0      0.2284E-05
   169.0      0.2096E-05
   170.0      0.1883E-05
   171.0      0.1658E-05
   172.0      0.1435E-05
   173.0      0.1223E-05
   174.0      0.1030E-05
   175.0      0.8639E-06
   176.0      0.7265E-06
   177.0      0.6198E-06
   178.0      0.5440E-06
   179.0      0.4989E-06
   180.0      0.4839E-06
 END
@legend string   2 "Partition=  2 Excit=  2 near/far= 1"
#legend string   0 "Lab energy =   70.0000"
@s2 linestyle   3
#  Theta       sigma       iT11        T20         T21         T22         Kyy for projectile
   3.000       4.618    
   4.000       5.031    
   5.000       5.284    
   6.000       5.281    
   7.000       4.987    
   8.000       4.428    
   9.000       3.684    
   10.00       2.861    
   11.00       2.068    
   12.00       1.392    
   13.00      0.8870    
   14.00      0.5654    
   15.00      0.4080    
   16.00      0.3735    
   17.00      0.4116    
   18.00      0.4751    
   19.00      0.5279    
   20.00      0.5492    
   21.00      0.5331    
   22.00      0.4854    
   23.00      0.4194    
   24.00      0.3505    
   25.00      0.2926    
   26.00      0.2553    
   27.00      0.2427    
   28.00      0.2541    
   29.00      0.2846    
   30.00      0.3274    
   31.00      0.3748    
   32.00      0.4201    
   33.00      0.4582    
   34.00      0.4863    
   35.00      0.5036    
   36.00      0.5110    
   37.00      0.5103    
   38.00      0.5042    
   39.00      0.4950    
   40.00      0.4847    
   41.00      0.4746    
   42.00      0.4654    
   43.00      0.4570    
   44.00      0.4489    
   45.00      0.4404    
   46.00      0.4307    
   47.00      0.4191    
   48.00      0.4053    
   49.00      0.3890    
   50.00      0.3704    
   51.00      0.3499    
   52.00      0.3281    
   53.00      0.3055    
   54.00      0.2828    
   55.00      0.2606    
   56.00      0.2393    
   57.00      0.2194    
   58.00      0.2010    
   59.00      0.1841    
   60.00      0.1688    
   61.00      0.1549    
   62.00      0.1423    
   63.00      0.1307    
   64.00      0.1201    
   65.00      0.1102    
   66.00      0.1010    
   67.00      0.9231E-01
   68.00      0.8412E-01
   69.00      0.7639E-01
   70.00      0.6913E-01
   71.00      0.6233E-01
   72.00      0.5602E-01
   73.00      0.5019E-01
   74.00      0.4487E-01
   75.00      0.4004E-01
   76.00      0.3570E-01
   77.00      0.3181E-01
   78.00      0.2836E-01
   79.00      0.2531E-01
   80.00      0.2261E-01
   81.00      0.2022E-01
   82.00      0.1811E-01
   83.00      0.1624E-01
   84.00      0.1457E-01
   85.00      0.1308E-01
   86.00      0.1173E-01
   87.00      0.1051E-01
   88.00      0.9406E-02
   89.00      0.8401E-02
   90.00      0.7486E-02
   91.00      0.6654E-02
   92.00      0.5900E-02
   93.00      0.5217E-02
   94.00      0.4603E-02
   95.00      0.4052E-02
   96.00      0.3560E-02
   97.00      0.3124E-02
   98.00      0.2739E-02
   99.00      0.2400E-02
   100.0      0.2103E-02
   101.0      0.1844E-02
   102.0      0.1617E-02
   103.0      0.1420E-02
   104.0      0.1248E-02
   105.0      0.1098E-02
   106.0      0.9675E-03
   107.0      0.8529E-03
   108.0      0.7523E-03
   109.0      0.6637E-03
   110.0      0.5856E-03
   111.0      0.5165E-03
   112.0      0.4554E-03
   113.0      0.4011E-03
   114.0      0.3531E-03
   115.0      0.3105E-03
   116.0      0.2729E-03
   117.0      0.2396E-03
   118.0      0.2102E-03
   119.0      0.1843E-03
   120.0      0.1616E-03
   121.0      0.1416E-03
   122.0      0.1241E-03
   123.0      0.1088E-03
   124.0      0.9538E-04
   125.0      0.8365E-04
   126.0      0.7339E-04
   127.0      0.6439E-04
   128.0      0.5650E-04
   129.0      0.4958E-04
   130.0      0.4349E-04
   131.0      0.3812E-04
   132.0      0.3339E-04
   133.0      0.2922E-04
   134.0      0.2554E-04
   135.0      0.2230E-04
   136.0      0.1944E-04
   137.0      0.1691E-04
   138.0      0.1470E-04
   139.0      0.1275E-04
   140.0      0.1104E-04
   141.0      0.9547E-05
   142.0      0.8246E-05
   143.0      0.7118E-05
   144.0      0.6143E-05
   145.0      0.5306E-05
   146.0      0.4592E-05
   147.0      0.3988E-05
   148.0      0.3482E-05
   149.0      0.3063E-05
   150.0      0.2718E-05
   151.0      0.2438E-05
   152.0      0.2212E-05
   153.0      0.2030E-05
   154.0      0.1884E-05
   155.0      0.1764E-05
   156.0      0.1664E-05
   157.0      0.1578E-05
   158.0      0.1502E-05
   159.0      0.1432E-05
   160.0      0.1369E-05
   161.0      0.1313E-05
   162.0      0.1266E-05
   163.0      0.1232E-05
   164.0      0.1215E-05
   165.0      0.1219E-05
   166.0      0.1248E-05
   167.0      0.1304E-05
   168.0      0.1390E-05
   169.0      0.1503E-05
   170.0      0.1644E-05
   171.0      0.1806E-05
   172.0      0.1985E-05
   173.0      0.2174E-05
   174.0      0.2363E-05
   175.0      0.2543E-05
   176.0      0.2706E-05
   177.0      0.2843E-05
   178.0      0.2946E-05
   179.0      0.3010E-05
   180.0      0.3032E-05
 END
@legend string   3 "Partition=  2 Excit=  3 near/far= 1"
#legend string   0 "Lab energy =   70.0000"
@s3 linestyle   4
#  Theta       sigma       iT11        T20         T21         T22         Kyy for projectile
   3.000       3.711    
   4.000       3.653    
   5.000       3.632    
   6.000       3.653    
   7.000       3.703    
   8.000       3.750    
   9.000       3.754    
   10.00       3.679    
   11.00       3.502    
   12.00       3.216    
   13.00       2.837    
   14.00       2.397    
   15.00       1.935    
   16.00       1.493    
   17.00       1.104    
   18.00      0.7921    
   19.00      0.5663    
   20.00      0.4237    
   21.00      0.3515    
   22.00      0.3319    
   23.00      0.3455    
   24.00      0.3752    
   25.00      0.4081    
   26.00      0.4364    
   27.00      0.4574    
   28.00      0.4723    
   29.00      0.4844    
   30.00      0.4979    
   31.00      0.5164    
   32.00      0.5422    
   33.00      0.5755    
   34.00      0.6152    
   35.00      0.6584    
   36.00      0.7017    
   37.00      0.7414    
   38.00      0.7744    
   39.00      0.7981    
   40.00      0.8112    
   41.00      0.8133    
   42.00      0.8051    
   43.00      0.7878    
   44.00      0.7633    
   45.00      0.7335    
   46.00      0.7004    
   47.00      0.6657    
   48.00      0.6307    
   49.00      0.5964    
   50.00      0.5633    
   51.00      0.5317    
   52.00      0.5015    
   53.00      0.4726    
   54.00      0.4447    
   55.00      0.4176    
   56.00      0.3911    
   57.00      0.3651    
   58.00      0.3395    
   59.00      0.3144    
   60.00      0.2900    
   61.00      0.2664    
   62.00      0.2438    
   63.00      0.2223    
   64.00      0.2022    
   65.00      0.1834    
   66.00      0.1661    
   67.00      0.1502    
   68.00      0.1358    
   69.00      0.1228    
   70.00      0.1110    
   71.00      0.1003    
   72.00      0.9075E-01
   73.00      0.8209E-01
   74.00      0.7424E-01
   75.00      0.6713E-01
   76.00      0.6065E-01
   77.00      0.5474E-01
   78.00      0.4934E-01
   79.00      0.4440E-01
   80.00      0.3989E-01
   81.00      0.3577E-01
   82.00      0.3202E-01
   83.00      0.2862E-01
   84.00      0.2554E-01
   85.00      0.2277E-01
   86.00      0.2028E-01
   87.00      0.1805E-01
   88.00      0.1607E-01
   89.00      0.1431E-01
   90.00      0.1274E-01
   91.00      0.1135E-01
   92.00      0.1012E-01
   93.00      0.9030E-02
   94.00      0.8062E-02
   95.00      0.7202E-02
   96.00      0.6435E-02
   97.00      0.5751E-02
   98.00      0.5139E-02
   99.00      0.4590E-02
   100.0      0.4098E-02
   101.0      0.3656E-02
   102.0      0.3258E-02
   103.0      0.2901E-02
   104.0      0.2581E-02
   105.0      0.2294E-02
   106.0      0.2037E-02
   107.0      0.1807E-02
   108.0      0.1603E-02
   109.0      0.1422E-02
   110.0      0.1261E-02
   111.0      0.1118E-02
   112.0      0.9923E-03
   113.0      0.8813E-03
   114.0      0.7835E-03
   115.0      0.6973E-03
   116.0      0.6214E-03
   117.0      0.5544E-03
   118.0      0.4952E-03
   119.0      0.4429E-03
   120.0      0.3965E-03
   121.0      0.3553E-03
   122.0      0.3187E-03
   123.0      0.2859E-03
   124.0      0.2566E-03
   125.0      0.2304E-03
   126.0      0.2069E-03
   127.0      0.1857E-03
   128.0      0.1668E-03
   129.0      0.1497E-03
   130.0      0.1344E-03
   131.0      0.1207E-03
   132.0      0.1084E-03
   133.0      0.9735E-04
   134.0      0.8750E-04
   135.0      0.7870E-04
   136.0      0.7086E-04
   137.0      0.6388E-04
   138.0      0.5768E-04
   139.0      0.5217E-04
   140.0      0.4728E-04
   141.0      0.4294E-04
   142.0      0.3910E-04
   143.0      0.3569E-04
   144.0      0.3268E-04
   145.0      0.3002E-04
   146.0      0.2766E-04
   147.0      0.2557E-04
   148.0      0.2372E-04
   149.0      0.2207E-04
   150.0      0.2061E-04
   151.0      0.1930E-04
   152.0      0.1812E-04
   153.0      0.1706E-04
   154.0      0.1609E-04
   155.0      0.1520E-04
   156.0      0.1438E-04
   157.0      0.1361E-04
   158.0      0.1288E-04
   159.0      0.1220E-04
   160.0      0.1155E-04
   161.0      0.1093E-04
   162.0      0.1034E-04
   163.0      0.9792E-05
   164.0      0.9276E-05
   165.0      0.8798E-05
   166.0      0.8360E-05
   167.0      0.7965E-05
   168.0      0.7614E-05
   169.0      0.7307E-05
   170.0      0.7046E-05
   171.0      0.6828E-05
   172.0      0.6650E-05
   173.0      0.6510E-05
   174.0      0.6402E-05
   175.0      0.6321E-05
   176.0      0.6264E-05
   177.0      0.6225E-05
   178.0      0.6200E-05
   179.0      0.6187E-05
   180.0      0.6183E-05
 END
@legend string   4 "Partition=  2 Excit=  4 near/far= 1"
#legend string   0 "Lab energy =   70.0000"
@s4 linestyle   5
#  Theta       sigma       iT11        T20         T21         T22         Kyy for projectile
   3.000       1.376    
   4.000       1.413    
   5.000       1.455    
   6.000       1.498    
   7.000       1.543    
   8.000       1.590    
   9.000       1.636    
   10.00       1.677    
   11.00       1.706    
   12.00       1.715    
   13.00       1.695    
   14.00       1.637    
   15.00       1.539    
   16.00       1.402    
   17.00       1.233    
   18.00       1.043    
   19.00      0.8460    
   20.00      0.6561    
   21.00      0.4866    
   22.00      0.3472    
   23.00      0.2436    
   24.00      0.1770    
   25.00      0.1444    
   26.00      0.1401    
   27.00      0.1562    
   28.00      0.1849    
   29.00      0.2185    
   30.00      0.2512    
   31.00      0.2790    
   32.00      0.3000    
   33.00      0.3138    
   34.00      0.3216    
   35.00      0.3253    
   36.00      0.3270    
   37.00      0.3286    
   38.00      0.3314    
   39.00      0.3363    
   40.00      0.3434    
   41.00      0.3520    
   42.00      0.3613    
   43.00      0.3701    
   44.00      0.3772    
   45.00      0.3817    
   46.00      0.3829    
   47.00      0.3803    
   48.00      0.3739    
   49.00      0.3640    
   50.00      0.3510    
   51.00      0.3357    
   52.00      0.3188    
   53.00      0.3009    
   54.00      0.2827    
   55.00      0.2647    
   56.00      0.2473    
   57.00      0.2307    
   58.00      0.2152    
   59.00      0.2006    
   60.00      0.1870    
   61.00      0.1743    
   62.00      0.1623    
   63.00      0.1510    
   64.00      0.1402    
   65.00      0.1299    
   66.00      0.1200    
   67.00      0.1105    
   68.00      0.1014    
   69.00      0.9279E-01
   70.00      0.8459E-01
   71.00      0.7688E-01
   72.00      0.6969E-01
   73.00      0.6303E-01
   74.00      0.5690E-01
   75.00      0.5131E-01
   76.00      0.4624E-01
   77.00      0.4166E-01
   78.00      0.3754E-01
   79.00      0.3384E-01
   80.00      0.3053E-01
   81.00      0.2756E-01
   82.00      0.2490E-01
   83.00      0.2250E-01
   84.00      0.2033E-01
   85.00      0.1837E-01
   86.00      0.1659E-01
   87.00      0.1497E-01
   88.00      0.1349E-01
   89.00      0.1214E-01
   90.00      0.1092E-01
   91.00      0.9800E-02
   92.00      0.8785E-02
   93.00      0.7866E-02
   94.00      0.7037E-02
   95.00      0.6290E-02
   96.00      0.5621E-02
   97.00      0.5023E-02
   98.00      0.4489E-02
   99.00      0.4015E-02
   100.0      0.3594E-02
   101.0      0.3221E-02
   102.0      0.2889E-02
   103.0      0.2595E-02
   104.0      0.2333E-02
   105.0      0.2100E-02
   106.0      0.1892E-02
   107.0      0.1705E-02
   108.0      0.1537E-02
   109.0      0.1386E-02
   110.0      0.1249E-02
   111.0      0.1126E-02
   112.0      0.1013E-02
   113.0      0.9117E-03
   114.0      0.8195E-03
   115.0      0.7360E-03
   116.0      0.6604E-03
   117.0      0.5922E-03
   118.0      0.5307E-03
   119.0      0.4754E-03
   120.0      0.4259E-03
   121.0      0.3816E-03
   122.0      0.3421E-03
   123.0      0.3070E-03
   124.0      0.2759E-03
   125.0      0.2483E-03
   126.0      0.2238E-03
   127.0      0.2022E-03
   128.0      0.1831E-03
   129.0      0.1662E-03
   130.0      0.1512E-03
   131.0      0.1378E-03
   132.0      0.1260E-03
   133.0      0.1153E-03
   134.0      0.1058E-03
   135.0      0.9722E-04
   136.0      0.8945E-04
   137.0      0.8238E-04
   138.0      0.7594E-04
   139.0      0.7003E-04
   140.0      0.6461E-04
   141.0      0.5962E-04
   142.0      0.5502E-04
   143.0      0.5077E-04
   144.0      0.4685E-04
   145.0      0.4323E-04
   146.0      0.3990E-04
   147.0      0.3684E-04
   148.0      0.3403E-04
   149.0      0.3145E-04
   150.0      0.2910E-04
   151.0      0.2697E-04
   152.0      0.2503E-04
   153.0      0.2328E-04
   154.0      0.2171E-04
   155.0      0.2029E-04
   156.0      0.1904E-04
   157.0      0.1792E-04
   158.0      0.1693E-04
   159.0      0.1607E-04
   160.0      0.1532E-04
   161.0      0.1467E-04
   162.0      0.1412E-04
   163.0      0.1366E-04
   164.0      0.1328E-04
   165.0      0.1298E-04
   166.0      0.1275E-04
   167.0      0.1259E-04
   168.0      0.1248E-04
   169.0      0.1242E-04
   170.0      0.1240E-04
   171.0      0.1242E-04
   172.0      0.1246E-04
   173.0      0.1252E-04
   174.0      0.1260E-04
   175.0      0.1268E-04
   176.0      0.1275E-04
   177.0      0.1281E-04
   178.0      0.1286E-04
   179.0      0.1289E-04
   180.0      0.1291E-04
 END
