# 178 angles,  1 tensor ranks for 0=projectile
@subtitle   "20O + d 2+2 inelastic;"                                                        
@legend ON
@legend x1 0.2
@legend y1 0.8
@g0 type LOGY
@yaxis ticklabel format power
@legend string   0 "Lab energy =   70.0000"
#legend string   0 "Partition=  1 Excit=  2 near/far= 1"
#  Theta       sigma       iT11        T20         T21         T22         Kyy for projectile
   3.000       17.08    
   4.000       15.65    
   5.000       14.97    
   6.000       15.70    
   7.000       18.16    
   8.000       22.26    
   9.000       27.45    
   10.00       32.93    
   11.00       37.87    
   12.00       41.61    
   13.00       43.68    
   14.00       43.84    
   15.00       42.08    
   16.00       38.61    
   17.00       33.90    
   18.00       28.52    
   19.00       23.11    
   20.00       18.21    
   21.00       14.18    
   22.00       11.24    
   23.00       9.410    
   24.00       8.585    
   25.00       8.566    
   26.00       9.095    
   27.00       9.893    
   28.00       10.71    
   29.00       11.36    
   30.00       11.71    
   31.00       11.72    
   32.00       11.39    
   33.00       10.77    
   34.00       9.941    
   35.00       8.986    
   36.00       7.999    
   37.00       7.058    
   38.00       6.216    
   39.00       5.504    
   40.00       4.931    
   41.00       4.492    
   42.00       4.167    
   43.00       3.931    
   44.00       3.751    
   45.00       3.597    
   46.00       3.445    
   47.00       3.279    
   48.00       3.091    
   49.00       2.878    
   50.00       2.644    
   51.00       2.395    
   52.00       2.139    
   53.00       1.885    
   54.00       1.644    
   55.00       1.422    
   56.00       1.224    
   57.00       1.051    
   58.00      0.9052    
   59.00      0.7848    
   60.00      0.6876    
   61.00      0.6099    
   62.00      0.5478    
   63.00      0.4972    
   64.00      0.4547    
   65.00      0.4176    
   66.00      0.3839    
   67.00      0.3519    
   68.00      0.3208    
   69.00      0.2903    
   70.00      0.2606    
   71.00      0.2320    
   72.00      0.2050    
   73.00      0.1797    
   74.00      0.1566    
   75.00      0.1358    
   76.00      0.1176    
   77.00      0.1021    
   78.00      0.8897E-01
   79.00      0.7806E-01
   80.00      0.6897E-01
   81.00      0.6144E-01
   82.00      0.5522E-01
   83.00      0.5006E-01
   84.00      0.4566E-01
   85.00      0.4172E-01
   86.00      0.3808E-01
   87.00      0.3467E-01
   88.00      0.3148E-01
   89.00      0.2851E-01
   90.00      0.2572E-01
   91.00      0.2306E-01
   92.00      0.2055E-01
   93.00      0.1824E-01
   94.00      0.1616E-01
   95.00      0.1435E-01
   96.00      0.1276E-01
   97.00      0.1138E-01
   98.00      0.1018E-01
   99.00      0.9165E-02
   100.0      0.8335E-02
   101.0      0.7658E-02
   102.0      0.7088E-02
   103.0      0.6586E-02
   104.0      0.6135E-02
   105.0      0.5730E-02
   106.0      0.5364E-02
   107.0      0.5022E-02
   108.0      0.4683E-02
   109.0      0.4342E-02
   110.0      0.4004E-02
   111.0      0.3680E-02
   112.0      0.3373E-02
   113.0      0.3077E-02
   114.0      0.2788E-02
   115.0      0.2512E-02
   116.0      0.2262E-02
   117.0      0.2044E-02
   118.0      0.1851E-02
   119.0      0.1672E-02
   120.0      0.1501E-02
   121.0      0.1345E-02
   122.0      0.1217E-02
   123.0      0.1121E-02
   124.0      0.1047E-02
   125.0      0.9803E-03
   126.0      0.9109E-03
   127.0      0.8409E-03
   128.0      0.7790E-03
   129.0      0.7300E-03
   130.0      0.6896E-03
   131.0      0.6498E-03
   132.0      0.6078E-03
   133.0      0.5675E-03
   134.0      0.5338E-03
   135.0      0.5066E-03
   136.0      0.4794E-03
   137.0      0.4451E-03
   138.0      0.4038E-03
   139.0      0.3637E-03
   140.0      0.3334E-03
   141.0      0.3142E-03
   142.0      0.3001E-03
   143.0      0.2835E-03
   144.0      0.2611E-03
   145.0      0.2360E-03
   146.0      0.2140E-03
   147.0      0.1977E-03
   148.0      0.1845E-03
   149.0      0.1716E-03
   150.0      0.1592E-03
   151.0      0.1492E-03
   152.0      0.1426E-03
   153.0      0.1382E-03
   154.0      0.1328E-03
   155.0      0.1234E-03
   156.0      0.1116E-03
   157.0      0.1019E-03
   158.0      0.9715E-04
   159.0      0.9567E-04
   160.0      0.9441E-04
   161.0      0.9120E-04
   162.0      0.8558E-04
   163.0      0.7924E-04
   164.0      0.7453E-04
   165.0      0.7132E-04
   166.0      0.6744E-04
   167.0      0.6236E-04
   168.0      0.5789E-04
   169.0      0.5510E-04
   170.0      0.5350E-04
   171.0      0.5247E-04
   172.0      0.5120E-04
   173.0      0.4901E-04
   174.0      0.4698E-04
   175.0      0.4682E-04
   176.0      0.4770E-04
   177.0      0.4754E-04
   178.0      0.4663E-04
   179.0      0.4653E-04
   180.0      0.4680E-04
 END
