# 178 angles,  1 tensor ranks for 0=projectile
@subtitle   "20O + d 3-?;"                                                                  
@legend ON
@legend x1 0.2
@legend y1 0.8
@g0 type LOGY
@yaxis ticklabel format power
@legend string   0 "Lab energy =   70.0000"
#legend string   0 "Partition=  1 Excit=  2 near/far= 1"
#  Theta       sigma       iT11        T20         T21         T22         Kyy for projectile
   3.000       2.700    
   4.000       3.241    
   5.000       3.815    
   6.000       4.358    
   7.000       4.826    
   8.000       5.208    
   9.000       5.527    
   10.00       5.824    
   11.00       6.142    
   12.00       6.510    
   13.00       6.931    
   14.00       7.385    
   15.00       7.830    
   16.00       8.207    
   17.00       8.459    
   18.00       8.533    
   19.00       8.399    
   20.00       8.052    
   21.00       7.516    
   22.00       6.833    
   23.00       6.062    
   24.00       5.264    
   25.00       4.500    
   26.00       3.819    
   27.00       3.258    
   28.00       2.836    
   29.00       2.554    
   30.00       2.400    
   31.00       2.348    
   32.00       2.369    
   33.00       2.429    
   34.00       2.498    
   35.00       2.550    
   36.00       2.568    
   37.00       2.541    
   38.00       2.468    
   39.00       2.351    
   40.00       2.199    
   41.00       2.023    
   42.00       1.836    
   43.00       1.647    
   44.00       1.467    
   45.00       1.303    
   46.00       1.160    
   47.00       1.039    
   48.00      0.9387    
   49.00      0.8575    
   50.00      0.7918    
   51.00      0.7379    
   52.00      0.6918    
   53.00      0.6500    
   54.00      0.6097    
   55.00      0.5689    
   56.00      0.5268    
   57.00      0.4830    
   58.00      0.4379    
   59.00      0.3923    
   60.00      0.3474    
   61.00      0.3041    
   62.00      0.2635    
   63.00      0.2264    
   64.00      0.1933    
   65.00      0.1646    
   66.00      0.1402    
   67.00      0.1200    
   68.00      0.1035    
   69.00      0.9037E-01
   70.00      0.7989E-01
   71.00      0.7154E-01
   72.00      0.6477E-01
   73.00      0.5913E-01
   74.00      0.5427E-01
   75.00      0.4988E-01
   76.00      0.4576E-01
   77.00      0.4178E-01
   78.00      0.3789E-01
   79.00      0.3411E-01
   80.00      0.3047E-01
   81.00      0.2700E-01
   82.00      0.2374E-01
   83.00      0.2075E-01
   84.00      0.1805E-01
   85.00      0.1567E-01
   86.00      0.1362E-01
   87.00      0.1188E-01
   88.00      0.1042E-01
   89.00      0.9207E-02
   90.00      0.8207E-02
   91.00      0.7384E-02
   92.00      0.6700E-02
   93.00      0.6121E-02
   94.00      0.5613E-02
   95.00      0.5153E-02
   96.00      0.4728E-02
   97.00      0.4329E-02
   98.00      0.3949E-02
   99.00      0.3583E-02
   100.0      0.3231E-02
   101.0      0.2894E-02
   102.0      0.2579E-02
   103.0      0.2290E-02
   104.0      0.2031E-02
   105.0      0.1802E-02
   106.0      0.1602E-02
   107.0      0.1433E-02
   108.0      0.1291E-02
   109.0      0.1176E-02
   110.0      0.1083E-02
   111.0      0.1008E-02
   112.0      0.9471E-03
   113.0      0.8965E-03
   114.0      0.8542E-03
   115.0      0.8176E-03
   116.0      0.7834E-03
   117.0      0.7489E-03
   118.0      0.7122E-03
   119.0      0.6730E-03
   120.0      0.6315E-03
   121.0      0.5883E-03
   122.0      0.5433E-03
   123.0      0.4973E-03
   124.0      0.4511E-03
   125.0      0.4062E-03
   126.0      0.3635E-03
   127.0      0.3234E-03
   128.0      0.2860E-03
   129.0      0.2512E-03
   130.0      0.2197E-03
   131.0      0.1921E-03
   132.0      0.1690E-03
   133.0      0.1500E-03
   134.0      0.1347E-03
   135.0      0.1227E-03
   136.0      0.1134E-03
   137.0      0.1067E-03
   138.0      0.1019E-03
   139.0      0.9823E-04
   140.0      0.9519E-04
   141.0      0.9258E-04
   142.0      0.9062E-04
   143.0      0.8945E-04
   144.0      0.8885E-04
   145.0      0.8817E-04
   146.0      0.8670E-04
   147.0      0.8414E-04
   148.0      0.8071E-04
   149.0      0.7696E-04
   150.0      0.7327E-04
   151.0      0.6973E-04
   152.0      0.6619E-04
   153.0      0.6249E-04
   154.0      0.5864E-04
   155.0      0.5475E-04
   156.0      0.5097E-04
   157.0      0.4732E-04
   158.0      0.4382E-04
   159.0      0.4058E-04
   160.0      0.3776E-04
   161.0      0.3548E-04
   162.0      0.3377E-04
   163.0      0.3251E-04
   164.0      0.3151E-04
   165.0      0.3068E-04
   166.0      0.3007E-04
   167.0      0.2975E-04
   168.0      0.2977E-04
   169.0      0.3008E-04
   170.0      0.3064E-04
   171.0      0.3142E-04
   172.0      0.3242E-04
   173.0      0.3365E-04
   174.0      0.3495E-04
   175.0      0.3609E-04
   176.0      0.3681E-04
   177.0      0.3704E-04
   178.0      0.3689E-04
   179.0      0.3661E-04
   180.0      0.3648E-04
 END
