# 178 angles,  1 tensor ranks for 0=projectile
@subtitle   "20O + d 2+2 inelastic;"                                                        
@legend ON
@legend x1 0.2
@legend y1 0.8
@g0 type LOGY
@yaxis ticklabel format power
@legend string   0 "Lab energy =   70.0000"
#legend string   0 "Partition=  1 Excit=  2 near/far= 1"
#  Theta       sigma       iT11        T20         T21         T22         Kyy for projectile
   3.000       15.76    
   4.000       14.49    
   5.000       13.71    
   6.000       13.90    
   7.000       15.35    
   8.000       18.02    
   9.000       21.51    
   10.00       25.26    
   11.00       28.68    
   12.00       31.28    
   13.00       32.74    
   14.00       32.86    
   15.00       31.60    
   16.00       29.10    
   17.00       25.65    
   18.00       21.68    
   19.00       17.64    
   20.00       13.93    
   21.00       10.84    
   22.00       8.521    
   23.00       7.018    
   24.00       6.268    
   25.00       6.139    
   26.00       6.448    
   27.00       6.996    
   28.00       7.596    
   29.00       8.101    
   30.00       8.411    
   31.00       8.481    
   32.00       8.304    
   33.00       7.906    
   34.00       7.337    
   35.00       6.662    
   36.00       5.948    
   37.00       5.255    
   38.00       4.625    
   39.00       4.085    
   40.00       3.647    
   41.00       3.309    
   42.00       3.061    
   43.00       2.885    
   44.00       2.756    
   45.00       2.652    
   46.00       2.553    
   47.00       2.445    
   48.00       2.320    
   49.00       2.176    
   50.00       2.014    
   51.00       1.836    
   52.00       1.649    
   53.00       1.461    
   54.00       1.278    
   55.00       1.106    
   56.00      0.9504    
   57.00      0.8136    
   58.00      0.6968    
   59.00      0.5999    
   60.00      0.5215    
   61.00      0.4594    
   62.00      0.4104    
   63.00      0.3714    
   64.00      0.3398    
   65.00      0.3132    
   66.00      0.2896    
   67.00      0.2676    
   68.00      0.2461    
   69.00      0.2248    
   70.00      0.2037    
   71.00      0.1830    
   72.00      0.1630    
   73.00      0.1438    
   74.00      0.1259    
   75.00      0.1094    
   76.00      0.9464E-01
   77.00      0.8186E-01
   78.00      0.7099E-01
   79.00      0.6185E-01
   80.00      0.5421E-01
   81.00      0.4791E-01
   82.00      0.4276E-01
   83.00      0.3857E-01
   84.00      0.3509E-01
   85.00      0.3207E-01
   86.00      0.2933E-01
   87.00      0.2680E-01
   88.00      0.2445E-01
   89.00      0.2227E-01
   90.00      0.2021E-01
   91.00      0.1823E-01
   92.00      0.1631E-01
   93.00      0.1450E-01
   94.00      0.1285E-01
   95.00      0.1139E-01
   96.00      0.1010E-01
   97.00      0.8959E-02
   98.00      0.7964E-02
   99.00      0.7121E-02
   100.0      0.6435E-02
   101.0      0.5889E-02
   102.0      0.5444E-02
   103.0      0.5067E-02
   104.0      0.4739E-02
   105.0      0.4456E-02
   106.0      0.4211E-02
   107.0      0.3990E-02
   108.0      0.3774E-02
   109.0      0.3551E-02
   110.0      0.3323E-02
   111.0      0.3097E-02
   112.0      0.2875E-02
   113.0      0.2651E-02
   114.0      0.2425E-02
   115.0      0.2200E-02
   116.0      0.1988E-02
   117.0      0.1795E-02
   118.0      0.1618E-02
   119.0      0.1447E-02
   120.0      0.1280E-02
   121.0      0.1125E-02
   122.0      0.9932E-03
   123.0      0.8910E-03
   124.0      0.8108E-03
   125.0      0.7395E-03
   126.0      0.6683E-03
   127.0      0.5993E-03
   128.0      0.5415E-03
   129.0      0.5008E-03
   130.0      0.4738E-03
   131.0      0.4522E-03
   132.0      0.4311E-03
   133.0      0.4121E-03
   134.0      0.3995E-03
   135.0      0.3943E-03
   136.0      0.3921E-03
   137.0      0.3865E-03
   138.0      0.3755E-03
   139.0      0.3644E-03
   140.0      0.3597E-03
   141.0      0.3625E-03
   142.0      0.3680E-03
   143.0      0.3699E-03
   144.0      0.3649E-03
   145.0      0.3552E-03
   146.0      0.3458E-03
   147.0      0.3394E-03
   148.0      0.3339E-03
   149.0      0.3265E-03
   150.0      0.3172E-03
   151.0      0.3081E-03
   152.0      0.3005E-03
   153.0      0.2942E-03
   154.0      0.2866E-03
   155.0      0.2750E-03
   156.0      0.2604E-03
   157.0      0.2474E-03
   158.0      0.2393E-03
   159.0      0.2356E-03
   160.0      0.2335E-03
   161.0      0.2303E-03
   162.0      0.2245E-03
   163.0      0.2176E-03
   164.0      0.2130E-03
   165.0      0.2118E-03
   166.0      0.2126E-03
   167.0      0.2139E-03
   168.0      0.2160E-03
   169.0      0.2185E-03
   170.0      0.2212E-03
   171.0      0.2244E-03
   172.0      0.2282E-03
   173.0      0.2320E-03
   174.0      0.2360E-03
   175.0      0.2410E-03
   176.0      0.2459E-03
   177.0      0.2492E-03
   178.0      0.2514E-03
   179.0      0.2536E-03
   180.0      0.2548E-03
 END
