# 178 angles,  1 tensor ranks for 0=projectile
@subtitle   "20O + d inelastic scattering;"                                                 
@legend ON
@legend x1 0.2
@legend y1 0.8
@g0 type LOGY
@yaxis ticklabel format power
@legend string   0 "Lab energy =   70.0000"
#legend string   0 "Partition=  1 Excit=  1 near/far= 1"
#  Theta       sigma       iT11        T20         T21         T22         Kyy for projectile
   3.000      0.2967E+05
   4.000      0.1223E+05
   5.000       8274.    
   6.000       6600.    
   7.000       5378.    
   8.000       4278.    
   9.000       3271.    
   10.00       2384.    
   11.00       1641.    
   12.00       1054.    
   13.00       618.2    
   14.00       319.7    
   15.00       135.8    
   16.00       40.73    
   17.00       8.828    
   18.00       16.74    
   19.00       45.22    
   20.00       79.78    
   21.00       110.7    
   22.00       132.5    
   23.00       143.2    
   24.00       143.2    
   25.00       134.5    
   26.00       119.7    
   27.00       101.8    
   28.00       83.19    
   29.00       65.77    
   30.00       50.82    
   31.00       38.97    
   32.00       30.31    
   33.00       24.56    
   34.00       21.18    
   35.00       19.55    
   36.00       19.03    
   37.00       19.06    
   38.00       19.22    
   39.00       19.19    
   40.00       18.81    
   41.00       18.00    
   42.00       16.80    
   43.00       15.28    
   44.00       13.56    
   45.00       11.74    
   46.00       9.935    
   47.00       8.237    
   48.00       6.707    
   49.00       5.385    
   50.00       4.286    
   51.00       3.405    
   52.00       2.724    
   53.00       2.217    
   54.00       1.850    
   55.00       1.593    
   56.00       1.413    
   57.00       1.286    
   58.00       1.191    
   59.00       1.112    
   60.00       1.038    
   61.00      0.9637    
   62.00      0.8851    
   63.00      0.8024    
   64.00      0.7168    
   65.00      0.6305    
   66.00      0.5460    
   67.00      0.4657    
   68.00      0.3916    
   69.00      0.3252    
   70.00      0.2672    
   71.00      0.2179    
   72.00      0.1770    
   73.00      0.1440    
   74.00      0.1179    
   75.00      0.9784E-01
   76.00      0.8263E-01
   77.00      0.7127E-01
   78.00      0.6282E-01
   79.00      0.5647E-01
   80.00      0.5153E-01
   81.00      0.4749E-01
   82.00      0.4396E-01
   83.00      0.4067E-01
   84.00      0.3747E-01
   85.00      0.3428E-01
   86.00      0.3107E-01
   87.00      0.2786E-01
   88.00      0.2471E-01
   89.00      0.2166E-01
   90.00      0.1876E-01
   91.00      0.1606E-01
   92.00      0.1359E-01
   93.00      0.1139E-01
   94.00      0.9445E-02
   95.00      0.7769E-02
   96.00      0.6347E-02
   97.00      0.5161E-02
   98.00      0.4189E-02
   99.00      0.3405E-02
   100.0      0.2782E-02
   101.0      0.2294E-02
   102.0      0.1918E-02
   103.0      0.1631E-02
   104.0      0.1414E-02
   105.0      0.1251E-02
   106.0      0.1128E-02
   107.0      0.1034E-02
   108.0      0.9615E-03
   109.0      0.9024E-03
   110.0      0.8522E-03
   111.0      0.8070E-03
   112.0      0.7642E-03
   113.0      0.7222E-03
   114.0      0.6796E-03
   115.0      0.6360E-03
   116.0      0.5911E-03
   117.0      0.5450E-03
   118.0      0.4981E-03
   119.0      0.4508E-03
   120.0      0.4038E-03
   121.0      0.3578E-03
   122.0      0.3133E-03
   123.0      0.2711E-03
   124.0      0.2319E-03
   125.0      0.1961E-03
   126.0      0.1642E-03
   127.0      0.1365E-03
   128.0      0.1130E-03
   129.0      0.9396E-04
   130.0      0.7911E-04
   131.0      0.6825E-04
   132.0      0.6104E-04
   133.0      0.5706E-04
   134.0      0.5580E-04
   135.0      0.5675E-04
   136.0      0.5937E-04
   137.0      0.6314E-04
   138.0      0.6757E-04
   139.0      0.7220E-04
   140.0      0.7667E-04
   141.0      0.8064E-04
   142.0      0.8389E-04
   143.0      0.8625E-04
   144.0      0.8761E-04
   145.0      0.8796E-04
   146.0      0.8731E-04
   147.0      0.8575E-04
   148.0      0.8337E-04
   149.0      0.8032E-04
   150.0      0.7674E-04
   151.0      0.7278E-04
   152.0      0.6859E-04
   153.0      0.6432E-04
   154.0      0.6009E-04
   155.0      0.5601E-04
   156.0      0.5216E-04
   157.0      0.4860E-04
   158.0      0.4537E-04
   159.0      0.4251E-04
   160.0      0.4002E-04
   161.0      0.3788E-04
   162.0      0.3610E-04
   163.0      0.3463E-04
   164.0      0.3345E-04
   165.0      0.3252E-04
   166.0      0.3181E-04
   167.0      0.3128E-04
   168.0      0.3091E-04
   169.0      0.3066E-04
   170.0      0.3051E-04
   171.0      0.3044E-04
   172.0      0.3041E-04
   173.0      0.3043E-04
   174.0      0.3046E-04
   175.0      0.3051E-04
   176.0      0.3057E-04
   177.0      0.3062E-04
   178.0      0.3066E-04
   179.0      0.3068E-04
   180.0      0.3069E-04
 END
